0 0.1708984375 0.7016666666666667 0.1044921875 0.20444444444444446
0 0.437744140625 0.7455555555555555 0.130859375 0.31222222222222223
0 0.775146484375 0.6711111111111111 0.11572265625 0.18888888888888888
0 0.8642578125 0.6733333333333333 0.044921875 0.18666666666666668
0 0.291015625 0.6883333333333334 0.14208984375 0.33
0 0.91552734375 0.5733333333333334 0.05126953125 0.16444444444444445
0 0.840576171875 0.5105555555555555 0.06591796875 0.15444444444444444
0 0.720458984375 0.47888888888888886 0.06884765625 0.19777777777777777
0 0.11767578125 0.4627777777777778 0.10107421875 0.2688888888888889
0 0.451171875 0.46 0.09619140625 0.2511111111111111
0 0.798828125 0.40944444444444444 0.0791015625 0.16555555555555557
0 0.34375 0.44722222222222224 0.12841796875 0.29555555555555557
0 0.21240234375 0.38333333333333336 0.11376953125 0.24555555555555555
0 0.908447265625 0.3711111111111111 0.0810546875 0.20666666666666667
0 0.697021484375 0.28444444444444444 0.076171875 0.14777777777777779
0 0.838134765625 0.2544444444444444 0.08544921875 0.14555555555555555
0 0.763916015625 0.2594444444444444 0.0556640625 0.17333333333333334
0 0.273681640625 0.19277777777777777 0.1103515625 0.18333333333333332
0 0.15478515625 0.19444444444444445 0.1015625 0.2011111111111111
0 0.40234375 0.21833333333333332 0.11669921875 0.23777777777777778