0 0.166748046875 0.6622222222222223 0.10888671875 0.21555555555555556
0 0.43212890625 0.7377777777777778 0.1376953125 0.32666666666666666
0 0.770751953125 0.7033333333333334 0.11962890625 0.20222222222222222
0 0.859619140625 0.7166666666666667 0.048828125 0.19111111111111112
0 0.286865234375 0.6633333333333333 0.1494140625 0.34555555555555556
0 0.913330078125 0.6227777777777778 0.0546875 0.17
0 0.83984375 0.5511111111111111 0.0693359375 0.1622222222222222
0 0.720703125 0.505 0.0732421875 0.20555555555555555
0 0.119140625 0.4172222222222222 0.10693359375 0.28
0 0.4521484375 0.4538888888888889 0.1015625 0.26222222222222225
0 0.800537109375 0.44555555555555554 0.08251953125 0.17444444444444446
0 0.344970703125 0.42833333333333334 0.134765625 0.31
0 0.215576171875 0.34944444444444445 0.119140625 0.2577777777777778
0 0.910888671875 0.42 0.08544921875 0.21555555555555556
0 0.70166015625 0.30833333333333335 0.07958984375 0.15555555555555556
0 0.84326171875 0.295 0.0888671875 0.15555555555555556
0 0.76904296875 0.2911111111111111 0.05908203125 0.17888888888888888
0 0.281005859375 0.1661111111111111 0.1142578125 0.19555555555555557
0 0.162353515625 0.15388888888888888 0.10595703125 0.21222222222222223
0 0.408935546875 0.20722222222222222 0.12158203125 0.2511111111111111