0 0.850909090909091 0.8375370919881305 0.14727272727272728 0.14688427299703263
0 0.13363636363636364 0.8019287833827893 0.18363636363636363 0.20771513353115728
0 0.5059090909090909 0.6164688427299704 0.1290909090909091 0.1795252225519288
0 0.6795454545454546 0.19362017804154302 0.1618181818181818 0.16765578635014836
0 0.3322727272727273 0.5586053412462908 0.18636363636363637 0.21810089020771514
0 0.6727272727272727 0.3731454005934718 0.12636363636363637 0.15281899109792285
0 0.15636363636363637 0.19065281899109793 0.11818181818181818 0.19881305637982197
0 0.15272727272727274 0.4102373887240356 0.14545454545454545 0.1884272997032641
0 0.5095454545454545 0.41839762611275966 0.13 0.19287833827893175
0 0.35045454545454546 0.18768545994065283 0.14181818181818182 0.2166172106824926
0 0.8463636363636363 0.1698813056379822 0.13727272727272727 0.13649851632047477
0 0.5036363636363637 0.8182492581602374 0.1809090909090909 0.2032640949554896
0 0.8486363636363636 0.37462908011869434 0.16454545454545455 0.19881305637982197
0 0.3281818181818182 0.8026706231454006 0.17363636363636364 0.22997032640949555
0 0.6813636363636364 0.8056379821958457 0.13272727272727272 0.22997032640949555
0 0.8568181818181818 0.6179525222551929 0.1390909090909091 0.22403560830860533
0 0.1481818181818182 0.6060830860534124 0.11363636363636363 0.18100890207715134
0 0.6754545454545454 0.594213649851632 0.16636363636363635 0.21513353115727002
0 0.34045454545454545 0.3857566765578635 0.13727272727272727 0.12314540059347182
0 0.525 0.20548961424332343 0.11636363636363636 0.24183976261127596