0 0.47363636363636363 0.9559090909090909 0.05545454545454546 0.05454545454545454
0 0.35363636363636364 0.945 0.05090909090909091 0.05818181818181818
0 0.41454545454545455 0.9463636363636364 0.06363636363636363 0.06181818181818182
0 0.5372727272727272 0.9504545454545454 0.06636363636363636 0.06363636363636363
0 0.48863636363636365 0.91 0.05909090909090909 0.034545454545454546
0 0.38681818181818184 0.9027272727272727 0.05454545454545454 0.05090909090909091
0 0.5440909090909091 0.8859090909090909 0.05545454545454546 0.05181818181818182
0 0.0890909090909091 0.8781818181818182 0.12363636363636364 0.09818181818181818
0 0.4290909090909091 0.87 0.05545454545454546 0.05545454545454546
0 0.48545454545454547 0.8663636363636363 0.05090909090909091 0.04818181818181818
0 0.36227272727272725 0.86 0.05545454545454546 0.04909090909090909
0 0.25636363636363635 0.875 0.09636363636363636 0.09545454545454546
0 0.6927272727272727 0.8863636363636364 0.11636363636363636 0.12454545454545454
0 0.15409090909090908 0.8331818181818181 0.08636363636363636 0.10545454545454545
0 0.8877272727272727 0.8727272727272727 0.12727272727272726 0.1390909090909091
0 0.7813636363636364 0.8368181818181818 0.12272727272727273 0.13
0 0.4209090909090909 0.7831818181818182 0.07181818181818182 0.08181818181818182
0 0.5559090909090909 0.7895454545454546 0.06181818181818182 0.08545454545454545
0 0.23045454545454547 0.7772727272727272 0.09090909090909091 0.09181818181818181
0 0.4918181818181818 0.7831818181818182 0.057272727272727274 0.08636363636363636
0 0.09863636363636363 0.764090909090909 0.11545454545454545 0.08636363636363636
0 0.7068181818181818 0.7454545454545455 0.11454545454545455 0.10363636363636364
0 0.8590909090909091 0.7486363636363637 0.13545454545454547 0.10181818181818182
0 0.4459090909090909 0.7081818181818181 0.09181818181818181 0.060909090909090906
0 0.5436363636363636 0.7145454545454546 0.08454545454545455 0.07
0 0.6668181818181819 0.5827272727272728 0.15636363636363637 0.1390909090909091
0 0.8709090909090909 0.57 0.1618181818181818 0.1409090909090909
0 0.13227272727272726 0.5445454545454546 0.23727272727272727 0.3236363636363636
0 0.33636363636363636 0.5386363636363637 0.2772727272727273 0.33090909090909093
0 0.7381818181818182 0.4659090909090909 0.10272727272727272 0.16818181818181818
0 0.6231818181818182 0.44 0.13545454545454547 0.14
0 0.8531818181818182 0.44181818181818183 0.13818181818181818 0.1509090909090909
0 0.8972727272727272 0.15954545454545455 0.18636363636363637 0.2109090909090909
0 0.705 0.17545454545454545 0.21 0.2963636363636364
0 0.31863636363636366 0.19272727272727272 0.5954545454545455 0.38545454545454544