0 0.19545454545454546 0.9138495092693566 0.07363636363636364 0.05016357688113413
0 0.13954545454545456 0.8773173391494002 0.060909090909090906 0.05997818974918211
0 0.27636363636363637 0.8773173391494002 0.04727272727272727 0.0697928026172301
0 0.22454545454545455 0.8658669574700109 0.05909090909090909 0.061068702290076333
0 0.0959090909090909 0.8424209378407852 0.07545454545454545 0.05779716466739367
0 0.18545454545454546 0.8326063249727372 0.07181818181818182 0.04798255179934569
0 0.27 0.806979280261723 0.046363636363636364 0.06543075245365322
0 0.2268181818181818 0.7884405670665212 0.04 0.05343511450381679
0 0.145 0.7895310796074155 0.04090909090909091 0.0697928026172301
0 0.185 0.7682660850599782 0.035454545454545454 0.064340239912759
0 0.4431818181818182 0.846782988004362 0.09545454545454546 0.23991275899672845
0 0.8436363636363636 0.7851690294438386 0.07272727272727272 0.08505997818974918
0 0.7813636363636364 0.7758996728462377 0.07909090909090909 0.08942202835332606
0 0.9204545454545454 0.7884405670665212 0.07545454545454545 0.09923664122137404
0 0.5577272727272727 0.8533260632497274 0.11454545454545455 0.2802617230098146
0 0.6818181818181818 0.8533260632497274 0.10454545454545454 0.2682660850599782
0 0.2545454545454545 0.6826608505997819 0.15272727272727274 0.09814612868047982
0 0.8440909090909091 0.6984732824427481 0.07090909090909091 0.0752453653217012
0 0.9059090909090909 0.7055616139585605 0.07090909090909091 0.08396946564885496
0 0.3790909090909091 0.7191930207197382 0.07363636363636364 0.21701199563794984
0 0.5868181818181818 0.6597600872410033 0.2 0.11014176663031625
0 0.15045454545454545 0.5774263904034896 0.07818181818181819 0.1515812431842966
0 0.33454545454545453 0.5632497273718647 0.06272727272727273 0.1668484187568157
0 0.24636363636363637 0.544711014176663 0.06818181818181818 0.173391494002181
0 0.1390909090909091 0.4618320610687023 0.13454545454545455 0.07306434023991276
0 0.7086363636363636 0.5234460196292258 0.5236363636363637 0.22791712104689205
0 0.7313636363636363 0.30916030534351147 0.4490909090909091 0.2093784078516903
0 0.2990909090909091 0.27699018538713194 0.08818181818181818 0.2639040348964013
0 0.1740909090909091 0.2840785169029444 0.1009090909090909 0.29880043620501634
0 0.05954545454545455 0.2808069792802617 0.09272727272727273 0.32061068702290074
0 0.4127272727272727 0.25463467829880043 0.11272727272727273 0.321701199563795
0 0.2190909090909091 0.07415485278080698 0.22363636363636363 0.14830970556161396
0 0.7290909090909091 0.11395856052344602 0.5354545454545454 0.20283533260632497