0 0.7531818181818182 0.960741548527808 0.07454545454545454 0.05343511450381679
0 0.8131818181818182 0.9340239912758996 0.06181818181818182 0.062159214830970554
0 0.6777272727272727 0.9111232279171211 0.04909090909090909 0.07197382769901854
0 0.7304545454545455 0.9083969465648855 0.06 0.06324972737186478
0 0.8604545454545455 0.9067611777535441 0.07727272727272727 0.061068702290076333
0 0.7727272727272727 0.8816793893129771 0.07272727272727272 0.05125408942202835
0 0.6922727272727273 0.8424209378407852 0.04818181818181818 0.06761177753544166
0 0.7368181818181818 0.8315158124318429 0.04181818181818182 0.05452562704471101
0 0.8177272727272727 0.8456924754634678 0.042727272727272725 0.07088331515812432
0 0.7804545454545454 0.8184296619411123 0.03727272727272727 0.06543075245365322
0 0.5163636363636364 0.8533260632497274 0.10181818181818182 0.2420937840785169
0 0.12681818181818183 0.7251908396946565 0.07454545454545454 0.08724100327153762
0 0.1890909090909091 0.7262813522355507 0.0809090909090909 0.09269356597600872
0 0.05045454545454545 0.7153762268266085 0.07818181818181819 0.1025081788440567
0 0.4018181818181818 0.8402399127589967 0.12181818181818181 0.2835332606324973
0 0.2790909090909091 0.8195201744820065 0.11272727272727273 0.27153762268266085
0 0.7218181818181818 0.7219193020719739 0.15545454545454546 0.10468920392584515
0 0.13636363636363635 0.6390403489640131 0.07272727272727272 0.07742639040348964
0 0.0740909090909091 0.6357688113413305 0.07272727272727272 0.0861504907306434
0 0.5945454545454546 0.737186477644493 0.08 0.21919302071973829
0 0.39545454545454545 0.6439476553980371 0.20272727272727273 0.11777535441657579
0 0.8372727272727273 0.6352235550708834 0.08181818181818182 0.15376226826608505
0 0.6563636363636364 0.5905125408942202 0.06727272727272728 0.16902944383860413
0 0.7459090909090909 0.5866957470010905 0.07272727272727272 0.17557251908396945
0 0.8618181818181818 0.5229007633587787 0.13636363636363635 0.07742639040348964
0 0.29045454545454547 0.48854961832061067 0.5281818181818182 0.24972737186477645
0 0.29318181818181815 0.27262813522355506 0.4536363636363636 0.22791712104689205
0 0.725 0.31297709923664124 0.09545454545454546 0.26717557251908397
0 0.8477272727272728 0.34078516902944384 0.10909090909090909 0.3009814612868048
0 0.9554545454545454 0.35659760087241005 0.0890909090909091 0.3227917121046892
0 0.6145454545454545 0.27153762268266085 0.12181818181818181 0.3249727371864776
0 0.8277272727272728 0.12322791712104689 0.22727272727272727 0.1613958560523446
0 0.31772727272727275 0.09596510359869138 0.5390909090909091 0.19193020719738277