0 0.18636363636363637 0.9372727272727273 0.06727272727272728 0.05181818181818182
0 0.053636363636363635 0.9195454545454546 0.05909090909090909 0.04818181818181818
0 0.5059090909090909 0.9377272727272727 0.1190909090909091 0.07363636363636364
0 0.12272727272727273 0.9072727272727272 0.06272727272727273 0.07363636363636364
0 0.3659090909090909 0.899090909090909 0.09636363636363636 0.09
0 0.19590909090909092 0.8777272727272727 0.07181818181818182 0.06
0 0.05272727272727273 0.8540909090909091 0.05545454545454546 0.053636363636363635
0 0.10863636363636364 0.8354545454545454 0.05181818181818182 0.056363636363636366
0 0.44272727272727275 0.8540909090909091 0.12545454545454546 0.08818181818181818
0 0.1640909090909091 0.8231818181818182 0.06636363636363636 0.04818181818181818
0 0.6836363636363636 0.8686363636363637 0.14363636363636365 0.12272727272727273
0 0.8381818181818181 0.8668181818181818 0.14909090909090908 0.11727272727272728
0 0.5609090909090909 0.8418181818181818 0.07363636363636364 0.11545454545454545
0 0.06636363636363636 0.7859090909090909 0.06545454545454546 0.04818181818181818
0 0.3418181818181818 0.7945454545454546 0.07272727272727272 0.057272727272727274
0 0.12863636363636363 0.7722727272727272 0.06818181818181818 0.04
0 0.19454545454545455 0.7809090909090909 0.05272727272727273 0.057272727272727274
0 0.2681818181818182 0.765 0.060909090909090906 0.05909090909090909
0 0.4759090909090909 0.7713636363636364 0.1290909090909091 0.06909090909090909
0 0.635 0.7522727272727273 0.1409090909090909 0.11545454545454545
0 0.3409090909090909 0.7209090909090909 0.06545454545454546 0.07545454545454545
0 0.8995454545454545 0.7386363636363636 0.14909090909090908 0.10636363636363637
0 0.7645454545454545 0.7477272727272727 0.11090909090909092 0.13727272727272727
0 0.2772727272727273 0.6713636363636364 0.06363636363636363 0.07272727272727272
0 0.3381818181818182 0.6472727272727272 0.06818181818181818 0.05545454545454546
0 0.3522727272727273 0.5381818181818182 0.19636363636363635 0.14
0 0.16590909090909092 0.525 0.1481818181818182 0.16272727272727272
0 0.635 0.5345454545454545 0.2863636363636364 0.28
0 0.8472727272727273 0.5145454545454545 0.2581818181818182 0.2818181818181818
0 0.42863636363636365 0.405 0.17 0.1318181818181818
0 0.26545454545454544 0.40045454545454545 0.12636363636363637 0.15636363636363637
0 0.11818181818181818 0.3936363636363636 0.17363636363636364 0.1690909090909091
0 0.25272727272727274 0.1709090909090909 0.42 0.2927272727272727
0 0.7240909090909091 0.2059090909090909 0.5027272727272727 0.36454545454545456