0 0.2018181818181818 0.9481818181818182 0.06727272727272728 0.05181818181818182
0 0.06863636363636363 0.935 0.05909090909090909 0.04818181818181818
0 0.5213636363636364 0.9372727272727273 0.1190909090909091 0.07363636363636364
0 0.13727272727272727 0.92 0.06272727272727273 0.07363636363636364
0 0.3795454545454545 0.9036363636363637 0.09636363636363636 0.09
0 0.20954545454545453 0.8881818181818182 0.07181818181818182 0.06
0 0.06545454545454546 0.8695454545454545 0.05545454545454546 0.053636363636363635
0 0.12045454545454545 0.8490909090909091 0.05181818181818182 0.056363636363636366
0 0.45545454545454545 0.855909090909091 0.12545454545454546 0.08818181818181818
0 0.1759090909090909 0.835 0.06636363636363636 0.04818181818181818
0 0.6963636363636364 0.8622727272727273 0.14363636363636365 0.12272727272727273
0 0.850909090909091 0.855 0.14909090909090908 0.11727272727272728
0 0.5727272727272728 0.8395454545454546 0.07363636363636364 0.11545454545454545
0 0.07636363636363637 0.8009090909090909 0.06545454545454546 0.04818181818181818
0 0.3518181818181818 0.8 0.07272727272727272 0.057272727272727274
0 0.13863636363636364 0.785 0.06818181818181818 0.04
0 0.20454545454545456 0.7913636363636364 0.05272727272727273 0.057272727272727274
0 0.2772727272727273 0.7731818181818182 0.060909090909090906 0.05909090909090909
0 0.485 0.7722727272727272 0.1290909090909091 0.06909090909090909
0 0.644090909090909 0.7477272727272727 0.1409090909090909 0.11545454545454545
0 0.3490909090909091 0.7263636363636363 0.06545454545454546 0.07545454545454545
0 0.9077272727272727 0.7245454545454545 0.14909090909090908 0.10636363636363637
0 0.7727272727272727 0.7386363636363636 0.11090909090909092 0.13727272727272727
0 0.28363636363636363 0.6786363636363636 0.06363636363636363 0.07272727272727272
0 0.34363636363636363 0.6527272727272727 0.06818181818181818 0.05545454545454546
0 0.35409090909090907 0.5436363636363636 0.19636363636363635 0.14
0 0.1668181818181818 0.5368181818181819 0.1481818181818182 0.16272727272727272
0 0.6359090909090909 0.53 0.2863636363636364 0.28
0 0.8477272727272728 0.5027272727272727 0.2581818181818182 0.2818181818181818
0 0.425 0.4077272727272727 0.17 0.1318181818181818
0 0.26181818181818184 0.40863636363636363 0.12636363636363637 0.15636363636363637
0 0.11454545454545455 0.4072727272727273 0.17363636363636364 0.1690909090909091
0 0.24136363636363636 0.18 0.42 0.2927272727272727
0 0.7136363636363636 0.19818181818181818 0.5027272727272727 0.36454545454545456