0 0.6442424242424243 0.9418181818181818 0.08606060606060606 0.03636363636363636
0 0.7339393939393939 0.9290909090909091 0.08363636363636363 0.03636363636363636
0 0.9442424242424242 0.8781818181818182 0.06181818181818182 0.03272727272727273
0 0.6187878787878788 0.9115151515151515 0.08363636363636363 0.03636363636363636
0 0.7048484848484848 0.8975757575757576 0.08363636363636363 0.03636363636363636
0 0.8860606060606061 0.8757575757575757 0.05333333333333334 0.02909090909090909
0 0.9563636363636364 0.8466666666666667 0.05333333333333334 0.03272727272727273
0 0.6430303030303031 0.8763636363636363 0.08363636363636363 0.03393939393939394
0 0.9 0.8496969696969697 0.05454545454545454 0.03393939393939394
0 0.7296969696969697 0.8636363636363636 0.08606060606060606 0.03636363636363636
0 0.9424242424242424 0.8212121212121212 0.06545454545454546 0.027878787878787878
0 0.8751515151515151 0.8254545454545454 0.06060606060606061 0.030303030303030304
0 0.3418181818181818 0.9151515151515152 0.3515151515151515 0.14545454545454545
0 0.6121212121212121 0.8460606060606061 0.08969696969696969 0.044848484848484846
0 0.6993939393939393 0.833939393939394 0.08727272727272728 0.04606060606060606
0 0.9563636363636364 0.7927272727272727 0.059393939393939395 0.03272727272727273
0 0.8927272727272727 0.8 0.06303030303030303 0.03393939393939394
0 0.7254545454545455 0.8 0.08484848484848485 0.044848484848484846
0 0.6303030303030303 0.8036363636363636 0.08606060606060606 0.044848484848484846
0 0.9381818181818182 0.7660606060606061 0.05818181818181818 0.03636363636363636
0 0.8793939393939394 0.7721212121212121 0.06181818181818182 0.03636363636363636
0 0.7193939393939394 0.7315151515151516 0.10181818181818182 0.052121212121212124
0 0.82 0.7163636363636363 0.10181818181818182 0.052121212121212124
0 0.24666666666666667 0.796969696969697 0.3806060606060606 0.1503030303030303
0 0.84 0.6721212121212121 0.10303030303030303 0.044848484848484846
0 0.7290909090909091 0.6878787878787879 0.10424242424242425 0.052121212121212124
0 0.713939393939394 0.649090909090909 0.09575757575757576 0.04727272727272727
0 0.8175757575757576 0.6315151515151515 0.10666666666666667 0.052121212121212124
0 0.7157575757575757 0.6066666666666667 0.10666666666666667 0.05333333333333334
0 0.8272727272727273 0.5896969696969697 0.10909090909090909 0.05090909090909091
0 0.39212121212121215 0.6466666666666666 0.3793939393939394 0.1478787878787879
0 0.6951515151515152 0.5684848484848485 0.09696969696969697 0.044848484848484846
0 0.8012121212121213 0.5557575757575758 0.10666666666666667 0.044848484848484846
0 0.883030303030303 0.48787878787878786 0.12363636363636364 0.059393939393939395
0 0.21636363636363637 0.5690909090909091 0.35878787878787877 0.12484848484848485
0 0.6690909090909091 0.49454545454545457 0.17333333333333334 0.06909090909090909
0 0.863030303030303 0.44545454545454544 0.11757575757575757 0.05333333333333334
0 0.6121212121212121 0.4484848484848485 0.18424242424242424 0.07151515151515152
0 0.8842424242424243 0.3987878787878788 0.12606060606060607 0.05454545454545454
0 0.6539393939393939 0.40545454545454546 0.1709090909090909 0.05818181818181818
0 0.8575757575757575 0.36 0.12606060606060607 0.06181818181818182
0 0.2927272727272727 0.43575757575757573 0.416969696969697 0.18181818181818182
0 0.6054545454545455 0.3593939393939394 0.1903030303030303 0.08484848484848485
0 0.8721212121212121 0.31333333333333335 0.1321212121212121 0.05090909090909091
0 0.6339393939393939 0.3054545454545455 0.17696969696969697 0.06787878787878789
0 0.8078787878787879 0.25333333333333335 0.22424242424242424 0.08242424242424243
0 0.7321212121212122 0.19393939393939394 0.21696969696969698 0.08363636363636363
0 0.22303030303030302 0.2781818181818182 0.4266666666666667 0.17212121212121212
0 0.7909090909090909 0.1321212121212121 0.24242424242424243 0.08242424242424243
0 0.7248484848484849 0.08060606060606061 0.23272727272727273 0.08363636363636363
0 0.7775757575757576 0.029696969696969697 0.2581818181818182 0.059393939393939395
0 0.2903030303030303 0.12484848484848485 0.5806060606060606 0.24