0 0.41878787878787876 0.9575757575757575 0.08484848484848485 0.030303030303030304
0 0.3278787878787879 0.9569696969696969 0.08242424242424243 0.030303030303030304
0 0.11272727272727273 0.9363636363636364 0.06060606060606061 0.02909090909090909
0 0.4393939393939394 0.9242424242424242 0.08242424242424243 0.030303030303030304
0 0.3521212121212121 0.9224242424242424 0.08242424242424243 0.030303030303030304
0 0.1696969696969697 0.9254545454545454 0.052121212121212124 0.025454545454545455
0 0.09636363636363636 0.9072727272727272 0.052121212121212124 0.02909090909090909
0 0.4109090909090909 0.8927272727272727 0.08242424242424243 0.027878787878787878
0 0.15272727272727274 0.9018181818181819 0.05333333333333334 0.030303030303030304
0 0.32303030303030306 0.8921212121212121 0.08484848484848485 0.030303030303030304
0 0.10606060606060606 0.8793939393939394 0.06424242424242424 0.024242424242424242
0 0.17393939393939395 0.8745454545454545 0.059393939393939395 0.02666666666666667
0 0.7145454545454546 0.889090909090909 0.34545454545454546 0.12242424242424242
0 0.43757575757575756 0.8581818181818182 0.08727272727272728 0.03878787878787879
0 0.3484848484848485 0.8581818181818182 0.08484848484848485 0.04
0 0.0890909090909091 0.8533333333333334 0.05818181818181818 0.02909090909090909
0 0.15272727272727274 0.8515151515151516 0.06181818181818182 0.030303030303030304
0 0.3187878787878788 0.8284848484848485 0.08242424242424243 0.03878787878787879
0 0.41333333333333333 0.8187878787878788 0.08363636363636363 0.03878787878787879
0 0.10303030303030303 0.8242424242424242 0.05696969696969697 0.03272727272727273
0 0.1618181818181818 0.8224242424242424 0.06060606060606061 0.03272727272727273
0 0.3151515151515151 0.76 0.0993939393939394 0.04606060606060606
0 0.21333333333333335 0.7587878787878788 0.0993939393939394 0.04606060606060606
0 0.7921212121212121 0.7587878787878788 0.37454545454545457 0.12606060606060607
0 0.18727272727272729 0.7175757575757575 0.10181818181818182 0.037575757575757575
0 0.29878787878787877 0.7181818181818181 0.10181818181818182 0.04606060606060606
0 0.3090909090909091 0.6775757575757576 0.09333333333333334 0.041212121212121214
0 0.20424242424242425 0.6745454545454546 0.10424242424242425 0.044848484848484846
0 0.3012121212121212 0.6357575757575757 0.10424242424242425 0.04606060606060606
0 0.18787878787878787 0.6345454545454545 0.10666666666666667 0.04363636363636364
0 0.6272727272727273 0.6303030303030303 0.37333333333333335 0.12363636363636364
0 0.31636363636363635 0.5951515151515151 0.09454545454545454 0.03878787878787879
0 0.20909090909090908 0.5969696969696969 0.10545454545454545 0.037575757575757575
0 0.11878787878787879 0.5412121212121213 0.12 0.05090909090909091
0 0.7903030303030303 0.5284848484848484 0.35393939393939394 0.1006060606060606
0 0.3321212121212121 0.5181818181818182 0.1696969696969697 0.05818181818181818
0 0.13272727272727272 0.49636363636363634 0.11515151515151516 0.044848484848484846
0 0.38181818181818183 0.46484848484848484 0.1806060606060606 0.059393939393939395
0 0.10545454545454545 0.4533333333333333 0.12363636363636364 0.04727272727272727
0 0.33454545454545453 0.42727272727272725 0.1684848484848485 0.04727272727272727
0 0.12666666666666668 0.4109090909090909 0.12242424242424242 0.05333333333333334
0 0.6963636363636364 0.4078787878787879 0.40969696969696967 0.15515151515151515
0 0.37636363636363634 0.3751515151515151 0.18666666666666668 0.07151515151515152
0 0.10545454545454545 0.36727272727272725 0.1296969696969697 0.04242424242424243
0 0.3406060606060606 0.32606060606060605 0.17333333333333334 0.055757575757575756
0 0.1606060606060606 0.29818181818181816 0.22181818181818183 0.06666666666666667
0 0.22727272727272727 0.2290909090909091 0.21454545454545454 0.06909090909090909
0 0.743030303030303 0.24181818181818182 0.4206060606060606 0.14424242424242426
0 0.1606060606060606 0.17636363636363636 0.24 0.06666666666666667
0 0.2193939393939394 0.11636363636363636 0.23030303030303031 0.06909090909090909
0 0.15696969696969698 0.05818181818181818 0.25575757575757574 0.0703030303030303
0 0.6678787878787878 0.09878787878787879 0.5963636363636363 0.19757575757575757