0 0.48533333333333334 0.8374816983894583 0.24533333333333332 0.21669106881405564
0 0.238 0.6925329428989752 0.21333333333333335 0.212298682284041
0 0.8013333333333333 0.7254758418740849 0.24533333333333332 0.2518301610541728
0 0.486 0.637628111273792 0.228 0.23133235724743778
0 0.7253333333333334 0.5461200585651538 0.18933333333333333 0.24011713030746706
0 0.31066666666666665 0.465592972181552 0.18533333333333332 0.25036603221083453
0 0.15733333333333333 0.33601756954612005 0.16266666666666665 0.21669106881405564
0 0.8833333333333333 0.4216691068814056 0.16533333333333333 0.21961932650073207
0 0.42533333333333334 0.2657393850658858 0.20933333333333334 0.17862371888726208
0 0.6613333333333333 0.3140556368960469 0.21066666666666667 0.18740849194729137
0 0.37 0.12005856515373353 0.2 0.16398243045387995
0 0.716 0.16398243045387995 0.21333333333333335 0.18301610541727673