0 0.456 0.8345534407027818 0.224 0.1815519765739385
0 0.7233333333333334 0.7437774524158126 0.19066666666666668 0.1815519765739385
0 0.16466666666666666 0.6581259150805271 0.21866666666666668 0.21815519765739386
0 0.49 0.6383601756954612 0.20266666666666666 0.2005856515373353
0 0.27066666666666667 0.4978038067349927 0.16133333333333333 0.21669106881405564
0 0.692 0.5058565153733529 0.156 0.22840409956076135
0 0.8646666666666667 0.41142020497803805 0.13733333333333334 0.19619326500732065
0 0.13733333333333334 0.34260614934114203 0.13866666666666666 0.19912152269399708
0 0.614 0.28550512445095166 0.192 0.1478770131771596
0 0.374 0.2840409956076135 0.192 0.15666178623718888
0 0.6933333333333334 0.15446559297218154 0.184 0.13469985358711567
0 0.3466666666666667 0.12518301610541727 0.196 0.15226939970717424