0 0.7121212121212122 0.9018181818181819 0.1406060606060606 0.09818181818181818
0 0.8606060606060606 0.8369696969696969 0.10303030303030303 0.06181818181818182
0 0.9521212121212121 0.8151515151515152 0.08969696969696969 0.06787878787878789
0 0.5993939393939394 0.8927272727272727 0.08484848484848485 0.11636363636363636
0 0.8551515151515151 0.7830303030303031 0.09212121212121212 0.0703030303030303
0 0.9406060606060606 0.7581818181818182 0.08363636363636363 0.059393939393939395
0 0.6763636363636364 0.8163636363636364 0.10303030303030303 0.12
0 0.8424242424242424 0.7284848484848485 0.09212121212121212 0.06303030303030303
0 0.9315151515151515 0.706060606060606 0.08606060606060606 0.06303030303030303
0 0.5896969696969697 0.7715151515151515 0.09575757575757576 0.12727272727272726
0 0.6866666666666666 0.7181818181818181 0.13696969696969696 0.09454545454545454
0 0.8296969696969697 0.673939393939394 0.0993939393939394 0.06181818181818182
0 0.9187878787878788 0.649090909090909 0.09212121212121212 0.06787878787878789
0 0.8272727272727273 0.6206060606060606 0.08969696969696969 0.06303030303030303
0 0.9121212121212121 0.6012121212121212 0.08606060606060606 0.05696969696969697
0 0.3 0.8133333333333334 0.49575757575757573 0.37333333333333335
0 0.666060606060606 0.6024242424242424 0.16484848484848486 0.15272727272727274
0 0.8557575757575757 0.4442424242424242 0.05696969696969697 0.037575757575757575
0 0.9109090909090909 0.43393939393939396 0.06060606060606061 0.04242424242424243
0 0.6581818181818182 0.49393939393939396 0.16363636363636364 0.11515151515151516
0 0.7672727272727272 0.5060606060606061 0.16727272727272727 0.1903030303030303
0 0.8515151515151516 0.4084848484848485 0.05818181818181818 0.03878787878787879
0 0.9036363636363637 0.39636363636363636 0.05454545454545454 0.037575757575757575
0 0.8478787878787879 0.37575757575757573 0.05333333333333334 0.03878787878787879
0 0.5290909090909091 0.5012121212121212 0.12484848484848485 0.18545454545454546
0 0.8993939393939394 0.3618181818181818 0.05333333333333334 0.03878787878787879
0 0.8412121212121212 0.34484848484848485 0.05696969696969697 0.03636363636363636
0 0.8975757575757576 0.3290909090909091 0.059393939393939395 0.037575757575757575
0 0.6690909090909091 0.38606060606060605 0.2 0.13696969696969696
0 0.8369696969696969 0.3115151515151515 0.052121212121212124 0.04
0 0.8903030303030303 0.29878787878787877 0.05454545454545454 0.037575757575757575
0 0.2381818181818182 0.47575757575757577 0.4763636363636364 0.3890909090909091
0 0.656969696969697 0.21696969696969698 0.2775757575757576 0.24363636363636362
0 0.8478787878787879 0.14181818181818182 0.18545454545454546 0.28363636363636363
0 0.45454545454545453 0.1715151515151515 0.16727272727272727 0.27515151515151515
0 0.1781818181818182 0.20787878787878789 0.3563636363636364 0.2993939393939394
0 0.6466666666666666 0.10121212121212121 0.26545454545454544 0.20242424242424242