0 0.31 0.7966666666666666 0.15066666666666667 0.132
0 0.49733333333333335 0.77 0.14533333333333334 0.16266666666666665
0 0.6733333333333333 0.732 0.15066666666666667 0.15866666666666668
0 0.8166666666666667 0.656 0.14266666666666666 0.164
0 0.19333333333333333 0.6806666666666666 0.15466666666666667 0.14933333333333335
0 0.8493333333333334 0.488 0.15333333333333332 0.15066666666666667
0 0.13733333333333334 0.51 0.16533333333333333 0.136
0 0.8173333333333334 0.32866666666666666 0.16 0.148
0 0.17133333333333334 0.35533333333333333 0.152 0.14533333333333334
0 0.67 0.222 0.14 0.14533333333333334
0 0.3253333333333333 0.24266666666666667 0.16 0.152
0 0.5013333333333333 0.20933333333333334 0.15733333333333333 0.152