0 0.3 0.79 0.14666666666666667 0.128
0 0.488 0.7693333333333333 0.14133333333333334 0.15866666666666668
0 0.6646666666666666 0.738 0.14533333333333334 0.15466666666666667
0 0.8113333333333334 0.6666666666666666 0.13866666666666666 0.16
0 0.18733333333333332 0.6693333333333333 0.15066666666666667 0.144
0 0.8493333333333334 0.5 0.14933333333333335 0.14666666666666667
0 0.13666666666666666 0.49733333333333335 0.16133333333333333 0.13066666666666665
0 0.8226666666666667 0.34 0.156 0.14266666666666666
0 0.17666666666666667 0.344 0.148 0.14133333333333334
0 0.6793333333333333 0.228 0.136 0.14133333333333334
0 0.33466666666666667 0.23666666666666666 0.156 0.14666666666666667
0 0.512 0.21 0.15333333333333332 0.14666666666666667