0 0.5873333333333334 0.8664233576642336 0.11733333333333333 0.10948905109489052
0 0.37666666666666665 0.8817518248175182 0.10533333333333333 0.11240875912408758
0 0.7653333333333333 0.7846715328467153 0.11733333333333333 0.10948905109489052
0 0.56 0.737956204379562 0.12 0.11240875912408758
0 0.37266666666666665 0.7423357664233576 0.14133333333333334 0.12116788321167883
0 0.8733333333333333 0.608029197080292 0.10666666666666667 0.12408759124087591
0 0.716 0.6262773722627737 0.10666666666666667 0.12846715328467154
0 0.18933333333333333 0.718978102189781 0.12533333333333332 0.1416058394160584
0 0.4693333333333333 0.637956204379562 0.12 0.11386861313868613
0 0.59 0.6021897810218978 0.112 0.11970802919708029
0 0.2806666666666667 0.6408759124087591 0.12133333333333333 0.12116788321167883
0 0.36133333333333334 0.5642335766423358 0.104 0.11240875912408758
0 0.6526666666666666 0.48759124087591244 0.104 0.13722627737226278
0 0.7553333333333333 0.445985401459854 0.09733333333333333 0.11824817518248175
0 0.8506666666666667 0.3700729927007299 0.116 0.12700729927007298
0 0.2613333333333333 0.47737226277372263 0.11733333333333333 0.1343065693430657
0 0.11733333333333333 0.481021897810219 0.10266666666666667 0.12262773722627737
0 0.4126666666666667 0.41605839416058393 0.12266666666666666 0.11970802919708029
0 0.5346666666666666 0.3788321167883212 0.11733333333333333 0.12700729927007298
0 0.65 0.3182481751824818 0.12533333333333332 0.11970802919708029
0 0.3233333333333333 0.33138686131386863 0.14533333333333334 0.13284671532846715
0 0.494 0.2613138686131387 0.108 0.11386861313868613
0 0.20266666666666666 0.28832116788321166 0.112 0.11970802919708029
0 0.6673333333333333 0.16131386861313868 0.13866666666666666 0.145985401459854
0 0.4186666666666667 0.14525547445255474 0.096 0.10364963503649635