0 0.436 0.8722627737226277 0.112 0.10218978102189781
0 0.6473333333333333 0.8715328467153285 0.10133333333333333 0.10656934306569343
0 0.25333333333333335 0.8043795620437956 0.112 0.10218978102189781
0 0.4553333333333333 0.7423357664233576 0.11466666666666667 0.10510948905109489
0 0.6426666666666667 0.7321167883211679 0.136 0.11240875912408758
0 0.134 0.6364963503649635 0.1 0.11824817518248175
0 0.2926666666666667 0.6430656934306569 0.1 0.12408759124087591
0 0.824 0.6948905109489051 0.11866666666666667 0.1343065693430657
0 0.5393333333333333 0.635036496350365 0.11466666666666667 0.10656934306569343
0 0.4166666666666667 0.6087591240875913 0.10666666666666667 0.11240875912408758
0 0.728 0.6240875912408759 0.116 0.11386861313868613
0 0.642 0.554014598540146 0.1 0.10656934306569343
0 0.3473333333333333 0.4992700729927007 0.096 0.13138686131386862
0 0.242 0.4656934306569343 0.092 0.11240875912408758
0 0.142 0.3970802919708029 0.10933333333333334 0.11970802919708029
0 0.7366666666666667 0.4591240875912409 0.11066666666666666 0.12700729927007298
0 0.8806666666666667 0.45182481751824816 0.096 0.11678832116788321
0 0.582 0.40948905109489053 0.11733333333333333 0.11240875912408758
0 0.458 0.38175182481751824 0.11066666666666666 0.12116788321167883
0 0.33866666666666667 0.32992700729927005 0.12 0.11240875912408758
0 0.6653333333333333 0.3182481751824818 0.13866666666666666 0.12408759124087591
0 0.49066666666666664 0.2613138686131387 0.10266666666666667 0.10802919708029197
0 0.7833333333333333 0.2664233576642336 0.10666666666666667 0.11240875912408758
0 0.31133333333333335 0.17518248175182483 0.13066666666666665 0.1386861313868613
0 0.5586666666666666 0.14014598540145987 0.09066666666666667 0.09781021897810219