0 0.08880859375 0.11746909564085882 0.1281201171875 0.23493819128171764
0 0.1328173828125 0.30580351333767075 0.0548095703125 0.12409238776837997
0 0.011337890625 0.3183669486011711 0.02267578125 0.09195836044242033
0 0.0599560546875 0.48755367599219257 0.023916015624999995 0.03871177618737801
0 0.0430126953125 0.5972283669486012 0.05723144531249999 0.10515940143135986
0 0.158994140625 0.66992843201041 0.013403320312500022 0.02309694209499024
0 0.1620458984375 0.7707872478854912 0.014667968749999982 0.027430058555627752
0 0.1368115234375 0.8126350032530905 0.041909179687500006 0.11179570592062454
0 0.0992333984375 0.8312361743656473 0.017329101562500004 0.0327846454131424
0 0.1868408203125 0.9372283669486011 0.019350585937499998 0.02567989590110592
0 0.072412109375 0.8538061158100195 0.033388671875 0.041236174365647436
0 0.0313232421875 0.7590696161353286 0.06264160156250001 0.10321405335068307
0 0.0302783203125 0.6839427456083279 0.060556640625 0.10682498373454785
0 0.0232958984375 0.8671112556929083 0.022880859375 0.05249186727391011
0 0.025322265625 0.9828627195836045 0.025341796875000003 0.03427456083279105
0 0.063916015625 0.9102862719583604 0.035913085937500006 0.08390370852309696
0 0.1212255859375 0.9742355237475603 0.03360839843749999 0.051528952504879516
0 0.21040527343750004 0.671320754716981 0.07983398437500003 0.1280156148340923
0 0.331611328125 0.43642160052049445 0.23662597656249998 0.3440923877683799
0 0.492607421875 0.14750813272608976 0.15262207031249997 0.2444046844502277
0 0.5410546875 0.2934417696811971 0.04440429687500003 0.05163955757970072
0 0.676513671875 0.03871177618737801 0.05908203125 0.07742355237475602
0 0.6158740234375 0.3531750162654522 0.1216992187499999 0.16169160702667534
0 0.72681640625 0.20660377358490567 0.03485351562500005 0.05107351984385166
0 0.6230078125 0.4682433311646064 0.05064941406250001 0.10461938841899802
0 0.55525390625 0.6002797657774886 0.06739257812499999 0.06422901756668838
0 0.621044921875 0.5826675341574495 0.03277832031250005 0.044450227716330476
0 0.451484375 0.7480611581001951 0.038334960937499996 0.05733897202342232
0 0.4109814453125 0.6816785946649316 0.05914550781250005 0.06791802212101496
0 0.3472705078125 0.797124268054652 0.07889648437499996 0.19473649967469092
0 0.65625 0.9356148340923878 0.025688476562500062 0.030065061808718305
0 0.726533203125 0.802042940793754 0.03210937500000011 0.02556278464541312
0 0.6443310546875 0.700344827586207 0.03621093749999993 0.050305790500976034
0 0.58900390625 0.7388158750813272 0.0369726562499999 0.03814573845152902
0 0.682470703125 0.7054001301236175 0.0386962890625 0.049557579700715726
0 0.7668017578125 0.6455042290175667 0.015371093750000009 0.07025374105400124
0 0.7701416015625 0.5727846454131424 0.011621093750000089 0.03566037735849053
0 0.7025537109375 0.45720234222511386 0.0662988281250001 0.1240143135979181
0 0.7571044921875 0.423975276512687 0.03904296875000002 0.046909564085881525
0 0.789580078125 0.4140598568640208 0.031191406250000053 0.07919973975276513
0 0.814345703125 0.33415744957709825 0.0401611328125 0.0736564736499675
0 0.8640478515625 0.34829538061158105 0.035229492187500044 0.03139232270657124
0 0.95337890625 0.14833441769681197 0.01785644531250008 0.027072218607677303
0 0.9309033203125 0.18473649967469097 0.014326171875000071 0.027495120364346124
0 0.942412109375 0.28156148340923876 0.07197265625000004 0.09472348731294732
0 0.977666015625 0.24994144437215357 0.011430664062499929 0.014216005204944713
0 0.9949169921875 0.269811320754717 0.01016601562500008 0.01949251789199742
0 0.9795263671875 0.40706571242680545 0.011645507812499956 0.017391021470396888
0 0.948349609375 0.34878334417696816 0.019003906250000036 0.027703318152244586
0 0.8044140625 0.06431359791802212 0.017260742187499956 0.03864671437865972
0 0.8852490234375 0.5083994795055302 0.013325195312499982 0.020897852960312227
0 0.9404638671875 0.4738972023422251 0.021479492187499893 0.02903708523096949
0 0.9608984375 0.43105400130123617 0.015361328125000018 0.025048796356538713
0 0.9825048828125 0.5369616135328562 0.034985351562500044 0.09765777488614177
0 0.8746728515625 0.6482108002602472 0.025429687499999964 0.04255042290175673
0 0.9096044921875 0.6951203643461289 0.03239257812500007 0.03824333116460651
0 0.8892333984375 0.7483279115159401 0.0427099609374999 0.051977878985035704
0 0.8291357421875 0.7659076122316201 0.02633300781249992 0.03581001951854259
0 0.9877783203125 0.7693298633702017 0.020815429687500053 0.016154847104749466
0 0.881962890625 0.9056473649967469 0.03392578125000001 0.04322706571242684
0 0.8949951171875 0.9834027325959662 0.05490722656249991 0.03319453480806765
0 0.01859375 0.9028171763175017 0.007036132812499998 0.01876382563435273
0 0.84865234375 0.03316851008458035 0.022133789062499964 0.009180221210149641
0 0.908193359375 0.03655823031880286 0.013413085937499902 0.006271958360442421
0 0.992236328125 0.040910865322055956 0.014501953124999911 0.004339622641509435
0 0.714326171875 0.9922381262199089 0.015595703125000027 0.015523747560182256