0 0.074462890625 0.14671437865972675 0.13720703125 0.24333116460637605
0 0.125732421875 0.3318152244632401 0.0595703125 0.12752114508783344
0 0.009033203125 0.35263500325309044 0.01806640625 0.0936890045543266
0 0.06005859375 0.5182173064411191 0.025390625 0.04033832140533507
0 0.04736328125 0.6288223812621991 0.0615234375 0.10930383864671438
0 0.166015625 0.69355888093689 0.01416015625 0.024072869225764477
0 0.173095703125 0.7940793754066363 0.015625 0.028627195836044242
0 0.149658203125 0.8376707872478855 0.04638671875 0.11450878334417697
0 0.11279296875 0.8588158750813273 0.0185546875 0.03383214053350683
0 0.204345703125 0.9583604424202993 0.0205078125 0.026675341574495772
0 0.0869140625 0.8832140533506831 0.03515625 0.043591411841249185
0 0.042236328125 0.791476903057905 0.06640625 0.10735198438516591
0 0.0380859375 0.7163305139882888 0.064453125 0.11060507482108002
0 0.038330078125 0.8998048145738452 0.02490234375 0.054001301236174366
0 0.08056640625 0.9401431359791802 0.0390625 0.08653220559531555
0 0.140380859375 0.9863370201691607 0.03564453125 0.027325959661678594
0 0.217529296875 0.6912817176317502 0.0849609375 0.13337670787247885
0 0.329345703125 0.4482758620689655 0.25 0.3604424202992843
0 0.478759765625 0.1486662329212752 0.162109375 0.25439167208848407
0 0.532958984375 0.29082628497072216 0.04638671875 0.05465191932335719
0 0.657958984375 0.03383214053350683 0.06201171875 0.06766428106701367
0 0.60986328125 0.345152895250488 0.1279296875 0.16981132075471697
0 0.715087890625 0.19128171763175017 0.03662109375 0.053350683148991544
0 0.62158203125 0.45966167859466495 0.0546875 0.10800260247234873
0 0.55908203125 0.596291476903058 0.06982421875 0.06896551724137931
0 0.6240234375 0.5741704619388419 0.03466796875 0.0468445022771633
0 0.461181640625 0.75113858165257 0.04052734375 0.05985686402081978
0 0.418212890625 0.6877033181522446 0.0615234375 0.07221860767729343
0 0.359130859375 0.8074170461938842 0.08642578125 0.19973975276512687
0 0.673095703125 0.9242029928432011 0.02685546875 0.03188028627195836
0 0.738037109375 0.785946649316851 0.033203125 0.02797657774886142
0 0.652099609375 0.6899804814573846 0.0380859375 0.052700065061808715
0 0.59814453125 0.7322706571242681 0.03857421875 0.04098893949251789
0 0.690185546875 0.6922576447625244 0.04052734375 0.05204944697462589
0 0.772216796875 0.6265452179570592 0.01806640625 0.07091737150292778
0 0.772705078125 0.5540013012361744 0.01318359375 0.03643461288223813
0 0.70068359375 0.44307091737150295 0.0712890625 0.12817176317501627
0 0.753662109375 0.4063109954456734 0.041015625 0.0494469746258946
0 0.785888671875 0.39394925178919976 0.0341796875 0.08132726089785296
0 0.807373046875 0.3126219908913468 0.04296875 0.07612231620039037
0 0.857666015625 0.32303188028627194 0.03662109375 0.03383214053350683
0 0.93896484375 0.11711125569290826 0.01904296875 0.02797657774886142
0 0.91796875 0.15517241379310345 0.015625 0.028627195836044242
0 0.93310546875 0.2511385816525699 0.07568359375 0.09954456733897202
0 0.96728515625 0.2169811320754717 0.01220703125 0.014964216005204945
0 0.985107421875 0.23552374756018218 0.0107421875 0.020169160702667534
0 0.97509765625 0.3737800910865322 0.01220703125 0.018217306441119064
0 0.94189453125 0.31782693558880937 0.02001953125 0.029277813923227064
0 0.786865234375 0.043591411841249185 0.0185546875 0.039687703318152245
0 0.885009765625 0.4814573845152895 0.01416015625 0.022121014964216004
0 0.938720703125 0.44307091737150295 0.0224609375 0.03057905009759271
0 0.95751953125 0.39915419648666234 0.01611328125 0.026024723487312947
0 0.98193359375 0.5029277813923227 0.0361328125 0.10019518542615485
0 0.8798828125 0.6219908913467794 0.02685546875 0.04424202992843201
0 0.916748046875 0.6662329212752115 0.03369140625 0.04033832140533507
0 0.8984375 0.7208848405985686 0.044921875 0.05465191932335719
0 0.839111328125 0.7426805465191932 0.02783203125 0.03773584905660377
0 0.993408203125 0.7348731294729993 0.01318359375 0.01756668835393624
0 0.8974609375 0.878334417696812 0.03564453125 0.04554326610279766
0 0.913330078125 0.9551073519843851 0.05615234375 0.03708523096942095
0 0.03515625 0.9359141184124918 0.0078125 0.01951854261548471
0 0.829833984375 0.009433962264150943 0.0224609375 0.01040988939492518
0 0.889404296875 0.00878334417696812 0.013671875 0.0071567989590110605
0 0.9736328125 0.0071567989590110605 0.0146484375 0.00520494469746259
0 0.7333984375 0.9765777488614183 0.01611328125 0.01626545217957059