0 0.857177734375 0.5117216117216117 0.03955078125 0.063003663003663
0 0.865966796875 0.3575091575091575 0.03466796875 0.04542124542124542
0 0.900634765625 0.2684981684981685 0.03759765625 0.04981684981684982
0 0.987060546875 0.2783882783882784 0.02587890625 0.11575091575091576
0 0.4072265625 0.382051282051282 0.07763671875 0.13113553113553114
0 0.935791015625 0.17765567765567766 0.0380859375 0.05201465201465202
0 0.995849609375 0.15311355311355312 0.00830078125 0.08644688644688645
0 0.933837890625 0.09743589743589744 0.068359375 0.054212454212454214
0 0.82470703125 0.25457875457875456 0.0986328125 0.1772893772893773
0 0.618408203125 0.5029304029304029 0.01953125 0.041025641025641026
0 0.59423828125 0.44835164835164837 0.052734375 0.1443223443223443
0 0.62353515625 0.37765567765567765 0.0361328125 0.04542124542124542
0 0.697998046875 0.49853479853479854 0.0576171875 0.07472527472527472
0 0.737548828125 0.44065934065934065 0.05810546875 0.07838827838827839
0 0.72119140625 0.39487179487179486 0.0302734375 0.0315018315018315
0 0.746826171875 0.3879120879120879 0.02294921875 0.04249084249084249
0 0.77685546875 0.4043956043956044 0.0224609375 0.0315018315018315
0 0.7705078125 0.3677655677655678 0.02001953125 0.035897435897435895
0 0.739990234375 0.29816849816849816 0.0400390625 0.060073260073260075
0 0.814208984375 0.6047619047619047 0.10595703125 0.16336996336996337
0 0.8203125 0.7622710622710622 0.1103515625 0.12967032967032968
0 0.7822265625 0.9421245421245421 0.08349609375 0.11062271062271062
0 0.8056640625 0.8637362637362638 0.02099609375 0.035897435897435895
0 0.85205078125 0.8989010989010989 0.04150390625 0.06593406593406594
0 0.888427734375 0.8282051282051283 0.03564453125 0.06373626373626373
0 0.954833984375 0.9186813186813186 0.03515625 0.08717948717948718
0 0.933349609375 0.6974358974358974 0.07373046875 0.12747252747252746
0 0.91943359375 0.6410256410256411 0.02099609375 0.030036630036630037
0 0.9853515625 0.5395604395604395 0.029296875 0.18827838827838828
0 0.87890625 0.43223443223443225 0.03857421875 0.06886446886446887
1 0.0439453125 0.452014652014652 0.087890625 0.10989010989010989
1 0.076171875 0.4062271062271062 0.15234375 0.15311355311355312
0 0.796630859375 0.1468864468864469 0.087890625 0.15384615384615385
0 0.7138671875 0.05567765567765568 0.060546875 0.04981684981684982
0 0.67578125 0.2743589743589744 0.04150390625 0.10036630036630037
0 0.68310546875 0.20952380952380953 0.044921875 0.10183150183150183
0 0.636474609375 0.25677655677655675 0.03662109375 0.047619047619047616
0 0.648681640625 0.13076923076923078 0.0380859375 0.05128205128205128
0 0.595458984375 0.15274725274725276 0.10107421875 0.16117216117216118
0 0.570556640625 0.04285714285714286 0.12451171875 0.08571428571428572
0 0.487548828125 0.20805860805860807 0.0927734375 0.15897435897435896
0 0.41552734375 0.2531135531135531 0.03564453125 0.046886446886446886
0 0.322509765625 0.2692307692307692 0.04150390625 0.0380952380952381
0 0.3369140625 0.23772893772893772 0.03515625 0.03736263736263736
0 0.400146484375 0.15714285714285714 0.044921875 0.09084249084249084
0 0.42236328125 0.06666666666666667 0.046875 0.09597069597069598
0 0.350341796875 0.12893772893772895 0.07666015625 0.10622710622710622
0 0.2763671875 0.1684981684981685 0.09228515625 0.14065934065934066
0 0.235595703125 0.3172161172161172 0.04736328125 0.07472527472527472
0 0.2392578125 0.3783882783882784 0.0498046875 0.060073260073260075
0 0.220458984375 0.4054945054945055 0.0224609375 0.04249084249084249
0 0.341552734375 0.7575091575091575 0.0771484375 0.1391941391941392
0 0.3076171875 0.6457875457875458 0.0810546875 0.11501831501831501
0 0.29443359375 0.7578754578754578 0.01123046875 0.01684981684981685
0 0.28173828125 0.7333333333333333 0.013671875 0.024175824175824177
0 0.265869140625 0.7087912087912088 0.009765625 0.02271062271062271
0 0.24072265625 0.6457875457875458 0.021484375 0.030036630036630037
0 0.18017578125 0.495970695970696 0.02587890625 0.03882783882783883
0 0.150146484375 0.6926739926739927 0.03857421875 0.04981684981684982
0 0.145751953125 0.734065934065934 0.025390625 0.047619047619047616
0 0.184326171875 0.8703296703296703 0.01904296875 0.020512820512820513
0 0.146240234375 0.9095238095238095 0.03955078125 0.06373626373626373
0 0.1025390625 0.8293040293040294 0.04443359375 0.0695970695970696
0 0.020263671875 0.8018315018315019 0.04052734375 0.10622710622710622
0 0.041748046875 0.717948717948718 0.08349609375 0.13626373626373625
0 0.06298828125 0.6413919413919414 0.078125 0.11721611721611722
0 0.00732421875 0.46886446886446886 0.0146484375 0.01611721611721612
0 0.006103515625 0.41611721611721614 0.0078125 0.024175824175824177
0 0.1064453125 0.4461538461538462 0.04345703125 0.063003663003663
0 0.05615234375 0.4054945054945055 0.0283203125 0.03296703296703297
0 0.05029296875 0.36813186813186816 0.03466796875 0.041758241758241756
0 0.163330078125 0.3032967032967033 0.0361328125 0.05641025641025641
0 0.15869140625 0.25384615384615383 0.0244140625 0.03956043956043956
0 0.066162109375 0.2358974358974359 0.10107421875 0.09963369963369964
0 0.10546875 0.20549450549450549 0.03515625 0.04542124542124542
0 0.105224609375 0.08058608058608059 0.0361328125 0.04908424908424908
0 0.041259765625 0.0956043956043956 0.037109375 0.17875457875457876
0 0.11376953125 0.0326007326007326 0.1044921875 0.0652014652014652
0 0.4453125 0.5021978021978022 0.08447265625 0.14505494505494507
0 0.368408203125 0.5677655677655677 0.1025390625 0.1509157509157509
0 0.314697265625 0.5457875457875457 0.0263671875 0.0336996336996337
0 0.2958984375 0.517948717948718 0.01904296875 0.02564102564102564
0 0.31982421875 0.3868131868131868 0.03369140625 0.041025641025641026
0 0.34912109375 0.389010989010989 0.01708984375 0.026373626373626374
0 0.634765625 0.9564102564102565 0.02001953125 0.029304029304029304
0 0.549560546875 0.9168498168498168 0.04736328125 0.09230769230769231
0 0.5205078125 0.8673992673992674 0.02197265625 0.0336996336996337
0 0.638916015625 0.7556776556776557 0.03466796875 0.054212454212454214
0 0.5400390625 0.6776556776556777 0.0419921875 0.07252747252747253
0 0.5693359375 0.5553113553113553 0.0634765625 0.06373626373626373
1 0.7470703125 0.3230769230769231 0.1298828125 0.22490842490842491
1 0.570556640625 0.4010989010989011 0.18017578125 0.3098901098901099
0 0.46826171875 0.35201465201465204 0.03564453125 0.04542124542124542
0 0.50244140625 0.41721611721611723 0.0283203125 0.060073260073260075
0 0.5419921875 0.44981684981684983 0.06787109375 0.1326007326007326