0 0.5466666666666666 0.13795620437956205 0.08666666666666667 0.0948905109489051
0 0.3006666666666667 0.18248175182481752 0.12666666666666668 0.13284671532846715
0 0.484 0.26277372262773724 0.09733333333333333 0.10364963503649635
0 0.334 0.3364963503649635 0.11733333333333333 0.10948905109489052
0 0.138 0.41021897810218977 0.10533333333333333 0.11532846715328467
0 0.24 0.47664233576642334 0.08933333333333333 0.11094890510948906
0 0.3473333333333333 0.5036496350364964 0.09333333333333334 0.12700729927007298
0 0.4533333333333333 0.38321167883211676 0.10666666666666667 0.11532846715328467
0 0.4206666666666667 0.6124087591240875 0.10266666666666667 0.10948905109489052
0 0.298 0.6510948905109489 0.096 0.11970802919708029
0 0.13933333333333334 0.6503649635036496 0.09733333333333333 0.11532846715328467
0 0.2633333333333333 0.8138686131386861 0.108 0.09635036496350365
0 0.46266666666666667 0.7437956204379562 0.11066666666666666 0.10072992700729927
0 0.44733333333333336 0.8744525547445255 0.11066666666666666 0.09781021897810219
0 0.6593333333333333 0.8671532846715329 0.096 0.10072992700729927
0 0.6493333333333333 0.727007299270073 0.13333333333333333 0.10510948905109489
0 0.5426666666666666 0.6335766423357664 0.112 0.10364963503649635
0 0.83 0.6824817518248175 0.11466666666666667 0.12992700729927006
0 0.7306666666666667 0.6153284671532847 0.112 0.10948905109489052
0 0.6433333333333333 0.5481751824817518 0.096 0.10510948905109489
0 0.7746666666666666 0.25474452554744526 0.10266666666666667 0.10802919708029197
0 0.6586666666666666 0.3124087591240876 0.13733333333333334 0.11824817518248175
0 0.578 0.4065693430656934 0.11333333333333333 0.10802919708029197
0 0.7353333333333333 0.4489051094890511 0.10666666666666667 0.12408759124087591
0 0.8786666666666667 0.4364963503649635 0.092 0.11240875912408758