0 0.24666666666666667 0.3328313253012048 0.10266666666666667 0.12198795180722892
0 0.16 0.22740963855421686 0.136 0.13403614457831325
0 0.302 0.1558734939759036 0.12533333333333332 0.13253012048192772
0 0.3973333333333333 0.2477409638554217 0.13466666666666666 0.14457831325301204
0 0.49 0.11219879518072289 0.132 0.1460843373493976
0 0.664 0.10993975903614457 0.12533333333333332 0.14006024096385541
0 0.5886666666666667 0.23870481927710843 0.12666666666666668 0.1355421686746988
0 0.756 0.2161144578313253 0.12266666666666666 0.12198795180722892
0 0.48733333333333334 0.35240963855421686 0.11333333333333333 0.10542168674698796
0 0.602 0.39081325301204817 0.10666666666666667 0.12349397590361445
0 0.7333333333333333 0.37198795180722893 0.11466666666666667 0.1460843373493976
0 0.8606666666666667 0.37650602409638556 0.11466666666666667 0.125
0 0.6373333333333333 0.5233433734939759 0.104 0.11144578313253012
0 0.7693333333333333 0.5256024096385542 0.11333333333333333 0.13253012048192772
0 0.8873333333333333 0.5670180722891566 0.11733333333333333 0.1430722891566265
0 0.41333333333333333 0.6355421686746988 0.12666666666666668 0.11144578313253012
0 0.5513333333333333 0.6234939759036144 0.11333333333333333 0.12198795180722892
0 0.38066666666666665 0.7635542168674698 0.13066666666666665 0.13253012048192772
0 0.5253333333333333 0.7477409638554217 0.128 0.11746987951807229
0 0.6773333333333333 0.6679216867469879 0.10266666666666667 0.1144578313253012
0 0.792 0.740210843373494 0.124 0.14909638554216867
0 0.642 0.8335843373493976 0.11866666666666667 0.14006024096385541
0 0.474 0.8885542168674698 0.14 0.13102409638554216
0 0.10666666666666667 0.3870481927710843 0.124 0.13855421686746988
0 0.36533333333333334 0.38629518072289154 0.12266666666666666 0.1355421686746988
0 0.2 0.49021084337349397 0.12666666666666668 0.12650602409638553
0 0.326 0.5225903614457831 0.116 0.1355421686746988
0 0.126 0.6257530120481928 0.09866666666666667 0.11596385542168675
0 0.25266666666666665 0.6325301204819277 0.12 0.13403614457831325
0 0.226 0.7876506024096386 0.12133333333333333 0.1430722891566265