0 0.742 0.3132530120481928 0.09733333333333333 0.11596385542168675
0 0.8226666666666667 0.20180722891566266 0.12933333333333333 0.125
0 0.676 0.1408132530120482 0.11866666666666667 0.125
0 0.5866666666666667 0.24021084337349397 0.128 0.1355421686746988
0 0.486 0.11219879518072289 0.12533333333333332 0.13855421686746988
0 0.312 0.12349397590361445 0.11866666666666667 0.13253012048192772
0 0.3953333333333333 0.24623493975903615 0.12 0.1280120481927711
0 0.22666666666666666 0.2371987951807229 0.11733333333333333 0.1144578313253012
0 0.504 0.3516566265060241 0.108 0.09789156626506024
0 0.3913333333333333 0.3990963855421687 0.10133333333333333 0.11746987951807229
0 0.25933333333333336 0.39006024096385544 0.108 0.13855421686746988
0 0.132 0.40512048192771083 0.10933333333333334 0.11746987951807229
0 0.364 0.5338855421686747 0.09866666666666667 0.10542168674698796
0 0.23333333333333334 0.5466867469879518 0.10666666666666667 0.125
0 0.118 0.5971385542168675 0.11066666666666666 0.1355421686746988
0 0.5946666666666667 0.6280120481927711 0.12133333333333333 0.10391566265060241
0 0.45666666666666667 0.6272590361445783 0.108 0.1144578313253012
0 0.6353333333333333 0.7537650602409639 0.124 0.125
0 0.49 0.7492469879518072 0.12266666666666666 0.10843373493975904
0 0.334 0.6814759036144579 0.09733333333333333 0.10843373493975904
0 0.224 0.7628012048192772 0.11733333333333333 0.14156626506024098
0 0.37933333333333336 0.8433734939759037 0.112 0.13253012048192772
0 0.5493333333333333 0.8855421686746988 0.13466666666666666 0.12198795180722892
0 0.8853333333333333 0.3561746987951807 0.11733333333333333 0.13102409638554216
0 0.6273333333333333 0.3757530120481928 0.116 0.1280120481927711
0 0.7986666666666666 0.4661144578313253 0.12133333333333333 0.11897590361445783
0 0.6753333333333333 0.5082831325301205 0.10933333333333334 0.1280120481927711
0 0.8813333333333333 0.5956325301204819 0.09333333333333334 0.10993975903614457
0 0.7546666666666667 0.6129518072289156 0.11333333333333333 0.12650602409638553
0 0.7906666666666666 0.7650602409638554 0.11466666666666667 0.1355421686746988