0 0.8093333333333333 0.2564841498559078 0.16133333333333333 0.15561959654178675
0 0.8506666666666667 0.3962536023054755 0.172 0.14985590778097982
0 0.39466666666666667 0.13256484149855907 0.15866666666666668 0.14121037463976946
0 0.7013333333333334 0.1628242074927954 0.15066666666666667 0.16714697406340057
0 0.3373333333333333 0.3703170028818444 0.14533333333333334 0.16714697406340057
0 0.6646666666666666 0.34293948126801155 0.15466666666666667 0.15273775216138327
0 0.31 0.8544668587896254 0.16666666666666666 0.16570605187319884
0 0.18866666666666668 0.7240634005763689 0.14666666666666667 0.1729106628242075
0 0.7073333333333334 0.5036023054755043 0.152 0.17146974063400577
0 0.25133333333333335 0.22262247838616714 0.15733333333333333 0.15706051873198848
0 0.394 0.6750720461095101 0.16 0.15129682997118155
0 0.6353333333333333 0.8155619596541787 0.152 0.19164265129682997
0 0.168 0.3739193083573487 0.16933333333333334 0.1685878962536023
0 0.8366666666666667 0.5605187319884726 0.16666666666666666 0.17146974063400577
0 0.13 0.5547550432276657 0.16666666666666666 0.15273775216138327
0 0.5033333333333333 0.2788184438040346 0.176 0.15706051873198848
0 0.4806666666666667 0.850864553314121 0.172 0.15994236311239193
0 0.5793333333333334 0.6462536023054755 0.17333333333333334 0.16138328530259366
0 0.7513333333333333 0.6959654178674352 0.17066666666666666 0.1844380403458213
0 0.5586666666666666 0.11095100864553314 0.15866666666666668 0.15561959654178675
0 0.29533333333333334 0.5381844380403458 0.152 0.15417867435158503