0 0.8493333333333334 0.3314121037463977 0.15066666666666667 0.14121037463976946
0 0.8626666666666667 0.4769452449567723 0.16133333333333333 0.1340057636887608
0 0.468 0.11743515850144093 0.14933333333333335 0.12680115273775217
0 0.7613333333333333 0.2154178674351585 0.13733333333333334 0.15417867435158503
0 0.366 0.33645533141210376 0.132 0.15561959654178675
0 0.6913333333333334 0.38328530259365995 0.144 0.138328530259366
0 0.246 0.8040345821325648 0.15466666666666667 0.15129682997118155
0 0.152 0.649135446685879 0.13333333333333333 0.15994236311239193
0 0.702 0.5504322766570605 0.13866666666666666 0.1585014409221902
0 0.31 0.17219020172910662 0.14666666666666667 0.14265129682997119
0 0.3626666666666667 0.6469740634005764 0.14933333333333335 0.13544668587896252
0 0.572 0.8386167146974063 0.13733333333333334 0.1786743515850144
0 0.2 0.30187319884726227 0.15733333333333333 0.15417867435158503
0 0.818 0.6347262247838616 0.15333333333333332 0.15706051873198848
0 0.12733333333333333 0.47046109510086453 0.156 0.138328530259366
0 0.546 0.2845821325648415 0.16533333333333333 0.14121037463976946
0 0.41333333333333333 0.8386167146974063 0.16133333333333333 0.1440922190201729
0 0.5493333333333333 0.6606628242074928 0.16266666666666665 0.14553314121037464
0 0.708 0.7485590778097982 0.15733333333333333 0.17002881844380405
0 0.632 0.13256484149855907 0.148 0.14121037463976946
0 0.2926666666666667 0.49135446685878964 0.14133333333333334 0.13976945244956773