0 0.842 0.40649149922720246 0.16133333333333333 0.16692426584234932
0 0.304 0.4574961360123648 0.15733333333333333 0.14837712519319937
0 0.148 0.6375579598145286 0.14533333333333334 0.1777434312210201
0 0.5233333333333333 0.6398763523956723 0.13066666666666665 0.17619783616692428
0 0.3486666666666667 0.8299845440494591 0.15733333333333333 0.1731066460587326
0 0.522 0.27279752704791344 0.144 0.15919629057187018
0 0.7533333333333333 0.7697063369397218 0.13866666666666666 0.1731066460587326
0 0.374 0.3083462132921175 0.128 0.160741885625966
0 0.6753333333333333 0.5525502318392581 0.15066666666666667 0.17001545595054096
0 0.562 0.8222565687789799 0.136 0.15765069551777433
0 0.14066666666666666 0.4667697063369397 0.15466666666666667 0.1561051004636785
0 0.6406666666666667 0.13446676970633695 0.10933333333333334 0.13137557959814528
0 0.36733333333333335 0.6205564142194745 0.128 0.18238021638330756
0 0.238 0.22488408037094282 0.116 0.13601236476043277
0 0.16666666666666666 0.3361669242658423 0.14266666666666666 0.13601236476043277
0 0.216 0.7635239567233385 0.14533333333333334 0.14837712519319937
0 0.6693333333333333 0.36321483771251933 0.132 0.1375579598145286
0 0.758 0.21483771251931993 0.11333333333333333 0.1545595054095827
0 0.5073333333333333 0.11901081916537867 0.12266666666666666 0.1375579598145286
0 0.8306666666666667 0.5865533230293664 0.14533333333333334 0.15146831530139104
0 0.3606666666666667 0.13446676970633695 0.13466666666666666 0.14219474497681608