0 0.14866666666666667 0.5046367851622875 0.16133333333333333 0.16692426584234932
0 0.6813333333333333 0.4041731066460587 0.15733333333333333 0.14837712519319937
0 0.8706666666666667 0.5347758887171561 0.14533333333333334 0.1777434312210201
0 0.5066666666666667 0.6421947449768161 0.13066666666666665 0.17619783616692428
0 0.7153333333333334 0.7774343122102009 0.15733333333333333 0.1731066460587326
0 0.43066666666666664 0.28593508500772796 0.144 0.15919629057187018
0 0.31 0.8330757341576507 0.13866666666666666 0.1731066460587326
0 0.582 0.2789799072642968 0.128 0.160741885625966
0 0.3406666666666667 0.6004636785162287 0.15066666666666667 0.17001545595054096
0 0.5066666666666667 0.8299845440494591 0.136 0.15765069551777433
0 0.842 0.3670788253477589 0.15466666666666667 0.1561051004636785
0 0.28733333333333333 0.1846986089644513 0.10933333333333334 0.13137557959814528
0 0.654 0.580370942812983 0.128 0.18238021638330756
0 0.6973333333333334 0.15996908809891808 0.116 0.13601236476043277
0 0.7886666666666666 0.24806800618238023 0.14266666666666666 0.13601236476043277
0 0.8306666666666667 0.6761978361669243 0.14533333333333334 0.14837712519319937
0 0.30666666666666664 0.4142194744976816 0.132 0.1375579598145286
0 0.19 0.29598145285935085 0.11333333333333333 0.1545595054095827
0 0.41333333333333333 0.1321483771251932 0.12266666666666666 0.1375579598145286
0 0.19733333333333333 0.6769706336939721 0.14533333333333334 0.15146831530139104
0 0.5593333333333333 0.10587326120556415 0.13466666666666666 0.14219474497681608