0 0.8693333333333333 0.509641873278237 0.17066666666666666 0.24517906336088155
0 0.9006666666666666 0.41597796143250687 0.14533333333333334 0.21763085399449036
0 0.8473333333333334 0.33608815426997246 0.15466666666666667 0.20110192837465565
0 0.7806666666666666 0.29614325068870523 0.128 0.17079889807162535
0 0.6953333333333334 0.2837465564738292 0.10133333333333333 0.162534435261708
0 0.6846666666666666 0.3953168044077135 0.156 0.2066115702479339
0 0.6606666666666666 0.509641873278237 0.13866666666666666 0.23415977961432508
0 0.7426666666666667 0.6322314049586777 0.192 0.25895316804407714
0 0.4786666666666667 0.7300275482093664 0.17333333333333334 0.2727272727272727
0 0.49466666666666664 0.5950413223140496 0.14666666666666667 0.22589531680440772
0 0.588 0.36363636363636365 0.12 0.18181818181818182
0 0.5706666666666667 0.2892561983471074 0.12 0.1652892561983471
0 0.44066666666666665 0.3319559228650138 0.10933333333333334 0.1652892561983471
0 0.44466666666666665 0.4090909090909091 0.13733333333333334 0.19834710743801653
0 0.32066666666666666 0.38980716253443526 0.1 0.15426997245179064
0 0.30866666666666664 0.4986225895316804 0.13466666666666666 0.1928374655647383
0 0.31333333333333335 0.6129476584022039 0.16666666666666666 0.23140495867768596
0 0.22466666666666665 0.7961432506887053 0.184 0.29476584022038566
0 0.132 0.7079889807162535 0.16933333333333334 0.23140495867768596
0 0.13 0.5977961432506887 0.16666666666666666 0.209366391184573
0 0.22133333333333333 0.47107438016528924 0.11333333333333333 0.1763085399449036