0 0.86 0.6680440771349863 0.16 0.20385674931129477
0 0.9006666666666666 0.5895316804407713 0.136 0.18181818181818182
0 0.8566666666666667 0.4889807162534435 0.14666666666666667 0.162534435261708
0 0.7946666666666666 0.4201101928374656 0.12133333333333333 0.13774104683195593
0 0.7126666666666667 0.371900826446281 0.09466666666666666 0.13774104683195593
0 0.6913333333333334 0.4765840220385675 0.148 0.16804407713498623
0 0.656 0.5785123966942148 0.12666666666666668 0.20110192837465565
0 0.724 0.7341597796143251 0.18133333333333335 0.21212121212121213
0 0.4553333333333333 0.7162534435261708 0.16133333333333333 0.23140495867768596
0 0.48533333333333334 0.5909090909090909 0.136 0.19008264462809918
0 0.6 0.4035812672176309 0.112 0.15426997245179064
0 0.5906666666666667 0.325068870523416 0.11333333333333333 0.1349862258953168
0 0.4593333333333333 0.30991735537190085 0.10266666666666667 0.14049586776859505
0 0.4553333333333333 0.3884297520661157 0.12933333333333333 0.162534435261708
0 0.336 0.3154269972451791 0.09333333333333334 0.12947658402203857
0 0.31333333333333335 0.41597796143250687 0.12666666666666668 0.15977961432506887
0 0.306 0.5303030303030303 0.156 0.19008264462809918
0 0.20066666666666666 0.6707988980716253 0.17066666666666666 0.25068870523415976
0 0.11866666666666667 0.5454545454545454 0.15866666666666668 0.19008264462809918
0 0.128 0.4380165289256198 0.15866666666666668 0.16804407713498623
0 0.23 0.3526170798898072 0.10533333333333333 0.1487603305785124