0 0.44333333333333336 0.8214804063860668 0.11333333333333333 0.1320754716981132
0 0.5393333333333333 0.23222060957910015 0.116 0.11756168359941944
0 0.27266666666666667 0.760522496371553 0.12133333333333333 0.13352685050798258
0 0.2633333333333333 0.42670537010159654 0.10133333333333333 0.12191582002902758
0 0.39066666666666666 0.409288824383164 0.12 0.11901306240928883
0 0.606 0.34034833091436867 0.11066666666666666 0.11756168359941944
0 0.7646666666666667 0.5500725689404935 0.10933333333333334 0.11611030478955008
0 0.37 0.6777939042089985 0.10666666666666667 0.12336719883889695
0 0.16933333333333334 0.6342525399129173 0.11333333333333333 0.1320754716981132
0 0.26466666666666666 0.5653120464441219 0.11866666666666667 0.11320754716981132
0 0.7866666666666666 0.4042089985486212 0.11733333333333333 0.11465892597968069
0 0.8473333333333334 0.29753265602322204 0.12666666666666668 0.1320754716981132
0 0.7193333333333334 0.2641509433962264 0.10666666666666667 0.11030478955007257
0 0.382 0.2757619738751814 0.12133333333333333 0.1320754716981132
0 0.49333333333333335 0.3447024673439768 0.10533333333333333 0.09143686502177069
0 0.29333333333333333 0.18650217706821481 0.112 0.11320754716981132
0 0.6313333333333333 0.14150943396226415 0.11733333333333333 0.11030478955007257
0 0.44066666666666665 0.15021770682148042 0.11466666666666667 0.1204644412191582
0 0.382 0.5391872278664731 0.09333333333333334 0.10014513788098693
0 0.6146666666666667 0.581277213352685 0.13066666666666665 0.11320754716981132
0 0.7686666666666667 0.1625544267053701 0.1 0.10449927431059507
0 0.8206666666666667 0.6727140783744557 0.116 0.13642960812772134
0 0.152 0.45718432510885343 0.112 0.11611030478955008
0 0.5286666666666666 0.7111756168359942 0.11866666666666667 0.11756168359941944
0 0.8733333333333333 0.5036284470246735 0.09333333333333334 0.10740203193033382
0 0.474 0.6001451378809869 0.10666666666666667 0.11175616835994194
0 0.218 0.29898403483309144 0.10133333333333333 0.11175616835994194
0 0.6726666666666666 0.6952104499274311 0.132 0.12481857764876633
0 0.6186666666666667 0.8222060957910015 0.104 0.11030478955007257
0 0.6706666666666666 0.45500725689404936 0.09466666666666666 0.12772133526850507