0 0.428 0.8178519593613933 0.10933333333333334 0.1262699564586357
0 0.5526666666666666 0.2351233671988389 0.112 0.11175616835994194
0 0.26066666666666666 0.7474600870827286 0.116 0.12772133526850507
0 0.2673333333333333 0.41291727140783746 0.096 0.11611030478955008
0 0.39466666666666667 0.4034833091436865 0.116 0.11465892597968069
0 0.614 0.3468795355587808 0.10666666666666667 0.11175616835994194
0 0.762 0.5653120464441219 0.10533333333333333 0.11175616835994194
0 0.362 0.6698113207547169 0.10133333333333333 0.11901306240928883
0 0.16333333333333333 0.6153846153846154 0.10933333333333334 0.1262699564586357
0 0.262 0.5515239477503628 0.11466666666666667 0.10740203193033382
0 0.7906666666666666 0.42017416545718433 0.11333333333333333 0.10885341074020319
0 0.8566666666666667 0.3178519593613933 0.12133333333333333 0.1262699564586357
0 0.73 0.2764876632801161 0.10266666666666667 0.10595065312046444
0 0.39266666666666666 0.2692307692307692 0.11733333333333333 0.12772133526850507
0 0.5006666666666667 0.3439767779390421 0.10266666666666667 0.08708272859216255
0 0.30866666666666664 0.1748911465892598 0.108 0.10740203193033382
0 0.6486666666666666 0.14949201741654572 0.112 0.10449927431059507
0 0.4573333333333333 0.14731494920174165 0.11066666666666666 0.11465892597968069
0 0.38066666666666665 0.532656023222061 0.08933333333333333 0.09579100145137881
0 0.6106666666666667 0.5878084179970973 0.12666666666666668 0.10595065312046444
0 0.7846666666666666 0.17851959361393324 0.096 0.10014513788098693
0 0.8113333333333334 0.690856313497823 0.11066666666666666 0.13062409288824384
0 0.15466666666666667 0.4375907111756168 0.108 0.11030478955007257
0 0.518 0.7126269956458636 0.11466666666666667 0.11175616835994194
0 0.8726666666666667 0.5246734397677794 0.08933333333333333 0.10304789550072568
0 0.4693333333333333 0.5986937590711175 0.10266666666666667 0.10740203193033382
0 0.228 0.28374455732946297 0.09733333333333333 0.10740203193033382
0 0.6626666666666666 0.7053701015965167 0.12666666666666668 0.11901306240928883
0 0.6033333333333334 0.8280116110304789 0.1 0.10595065312046444
0 0.6726666666666666 0.465166908563135 0.08933333333333333 0.12336719883889695