0 0.25916666666666666 0.2025440313111546 0.155 0.1506849315068493
0 0.30416666666666664 0.3512720156555773 0.15666666666666668 0.16046966731898238
0 0.7866666666666666 0.5088062622309197 0.13166666666666665 0.16046966731898238
0 0.4225 0.312133072407045 0.12333333333333334 0.15264187866927592
0 0.6183333333333333 0.7504892367906066 0.155 0.15459882583170254
0 0.39916666666666667 0.550880626223092 0.10333333333333333 0.12720156555772993
0 0.6658333333333334 0.38551859099804303 0.12166666666666667 0.14090019569471623
0 0.7308333333333333 0.2318982387475538 0.18666666666666668 0.17025440313111545
0 0.5308333333333334 0.6193737769080235 0.18166666666666667 0.16046966731898238
0 0.6841666666666667 0.5547945205479452 0.12166666666666667 0.1350293542074364
0 0.3825 0.1634050880626223 0.11833333333333333 0.12524461839530332
0 0.5491666666666667 0.33072407045009783 0.12166666666666667 0.11154598825831702
0 0.16833333333333333 0.3336594911937378 0.12 0.15851272015655576
0 0.49583333333333335 0.1761252446183953 0.11666666666666667 0.15459882583170254
0 0.4741666666666667 0.7778864970645792 0.15 0.2054794520547945
0 0.17833333333333334 0.49510763209393344 0.12666666666666668 0.1506849315068493
0 0.72 0.662426614481409 0.105 0.14090019569471623
0 0.2375 0.6565557729941291 0.13833333333333334 0.15264187866927592
0 0.31083333333333335 0.487279843444227 0.10166666666666667 0.12720156555772993
0 0.875 0.4589041095890411 0.10333333333333333 0.13307240704500978
0 0.6066666666666667 0.1917808219178082 0.11166666666666666 0.12720156555772993
0 0.7766666666666666 0.35812133072407043 0.13333333333333333 0.1350293542074364
0 0.8366666666666667 0.6467710371819961 0.10166666666666667 0.15851272015655576
0 0.37083333333333335 0.7172211350293543 0.1 0.15655577299412915
0 0.6866666666666666 0.8444227005870841 0.16666666666666666 0.1898238747553816