0 0.785 0.2622309197651663 0.14333333333333334 0.13307240704500978
0 0.7166666666666667 0.39823874755381605 0.14333333333333334 0.14285714285714285
0 0.2175 0.44422700587084146 0.11833333333333333 0.14481409001956946
0 0.6066666666666667 0.33268101761252444 0.11 0.13894324853228962
0 0.3433333333333333 0.7201565557729941 0.14333333333333334 0.136986301369863
0 0.59 0.5724070450097848 0.09333333333333334 0.11545988258317025
0 0.35583333333333333 0.350293542074364 0.11 0.12720156555772993
0 0.31666666666666665 0.18493150684931506 0.17333333333333334 0.1487279843444227
0 0.45 0.6105675146771037 0.17 0.136986301369863
0 0.31 0.512720156555773 0.11 0.12133072407045009
0 0.67 0.19569471624266144 0.10833333333333334 0.11154598825831702
0 0.4791666666666667 0.32289628180039137 0.11333333333333333 0.0958904109589041
0 0.8525 0.410958904109589 0.105 0.14481409001956946
0 0.5566666666666666 0.18297455968688844 0.10333333333333333 0.14090019569471623
0 0.48 0.7778864970645792 0.13166666666666665 0.1898238747553816
0 0.8166666666666667 0.5665362035225049 0.11333333333333333 0.136986301369863
0 0.2575 0.6105675146771037 0.09333333333333334 0.12915851272015655
0 0.7325 0.7123287671232876 0.125 0.136986301369863
0 0.6875 0.5303326810176126 0.09166666666666666 0.11545988258317025
0 0.13833333333333334 0.37573385518590996 0.09166666666666666 0.12133072407045009
0 0.44583333333333336 0.17416829745596868 0.10166666666666667 0.11350293542074363
0 0.25166666666666665 0.2984344422700587 0.12333333333333334 0.11741682974559686
0 0.145 0.5684931506849316 0.08833333333333333 0.1487279843444227
0 0.5908333333333333 0.7416829745596869 0.08666666666666667 0.14677103718199608
0 0.2608333333333333 0.7964774951076321 0.15166666666666667 0.17025440313111545