0 0.5616666666666666 0.6171171171171171 0.165 0.14774774774774774
0 0.2991666666666667 0.7801801801801802 0.15166666666666667 0.16216216216216217
0 0.29083333333333333 0.44504504504504505 0.18 0.15315315315315314
0 0.17 0.3630630630630631 0.13666666666666666 0.16216216216216217
0 0.7016666666666667 0.4927927927927928 0.12833333333333333 0.16576576576576577
0 0.7441666666666666 0.3036036036036036 0.15 0.15855855855855855
0 0.2991666666666667 0.25135135135135134 0.18333333333333332 0.17297297297297298
0 0.8391666666666666 0.44954954954954957 0.14833333333333334 0.17477477477477477
0 0.5025 0.8477477477477477 0.155 0.13333333333333333
0 0.44333333333333336 0.34954954954954953 0.17166666666666666 0.16756756756756758
0 0.5275 0.1981981981981982 0.17 0.13513513513513514
0 0.38 0.5648648648648649 0.12166666666666667 0.14774774774774774
0 0.6775 0.15315315315315314 0.14666666666666667 0.15135135135135136
0 0.2816666666666667 0.618018018018018 0.11833333333333333 0.14774774774774774
0 0.7741666666666667 0.6477477477477478 0.155 0.18018018018018017
0 0.6116666666666667 0.35135135135135137 0.13333333333333333 0.12792792792792793
0 0.6325 0.7360360360360361 0.16833333333333333 0.14234234234234233
0 0.43166666666666664 0.7171171171171171 0.14666666666666667 0.15315315315315314
0 0.3908333333333333 0.14504504504504503 0.10666666666666667 0.14774774774774774
0 0.15166666666666667 0.5468468468468468 0.125 0.1783783783783784
0 0.7175 0.8117117117117117 0.14666666666666667 0.12252252252252252