0 0.4658333333333333 0.6297297297297297 0.165 0.14774774774774774
0 0.7575 0.7189189189189189 0.15166666666666667 0.16216216216216217
0 0.6908333333333333 0.3918918918918919 0.18 0.15315315315315314
0 0.79 0.2810810810810811 0.13666666666666666 0.16216216216216217
0 0.3025 0.5459459459459459 0.12833333333333333 0.16576576576576577
0 0.21916666666666668 0.372972972972973 0.15 0.15855855855855855
0 0.64 0.2063063063063063 0.18333333333333332 0.17297297297297298
0 0.15916666666666668 0.5396396396396397 0.14833333333333334 0.17477477477477477
0 0.575 0.8387387387387387 0.155 0.13333333333333333
0 0.5208333333333334 0.3396396396396396 0.17166666666666666 0.16756756756756758
0 0.4058333333333333 0.21441441441441442 0.17 0.13513513513513514
0 0.6308333333333334 0.5315315315315315 0.12166666666666667 0.14774774774774774
0 0.25083333333333335 0.2099099099099099 0.14666666666666667 0.15135135135135136
0 0.7383333333333333 0.5576576576576576 0.11833333333333333 0.14774774774774774
0 0.26666666666666666 0.7153153153153153 0.155 0.18018018018018017
0 0.35833333333333334 0.3855855855855856 0.13333333333333333 0.12792792792792793
0 0.4241666666666667 0.763063063063063 0.16833333333333333 0.14234234234234233
0 0.615 0.6927927927927928 0.14666666666666667 0.15315315315315314
0 0.5266666666666666 0.12702702702702703 0.10666666666666667 0.14774774774774774
0 0.8483333333333334 0.45495495495495497 0.125 0.1783783783783784
0 0.35833333333333334 0.8594594594594595 0.14666666666666667 0.12252252252252252