0 0.8241666666666667 0.3241252302025783 0.18833333333333332 0.1841620626151013
0 0.16666666666666666 0.5303867403314917 0.20333333333333334 0.24125230202578268
0 0.3958333333333333 0.6169429097605893 0.225 0.2136279926335175
0 0.31666666666666665 0.2007366482504604 0.17666666666666667 0.1712707182320442
0 0.5983333333333334 0.639963167587477 0.195 0.23756906077348067
0 0.3283333333333333 0.7937384898710865 0.25333333333333335 0.23388581952117865
0 0.5258333333333334 0.30662983425414364 0.275 0.20441988950276244
0 0.2991666666666667 0.39686924493554326 0.18 0.24493554327808473
0 0.6175 0.8572744014732965 0.21 0.20994475138121546
0 0.72 0.4613259668508287 0.17166666666666666 0.22283609576427257
0 0.8183333333333334 0.6316758747697975 0.17166666666666666 0.23572744014732966
0 0.5841666666666666 0.143646408839779 0.24166666666666667 0.17863720073664824