0 0.24083333333333334 0.22191528545119704 0.185 0.17863720073664824
0 0.8083333333333333 0.6427255985267035 0.19833333333333333 0.23572744014732966
0 0.5666666666666667 0.647329650092081 0.22 0.20810313075506445
0 0.7583333333333333 0.27808471454880296 0.17333333333333334 0.16574585635359115
0 0.36666666666666664 0.5994475138121547 0.19 0.23388581952117865
0 0.5808333333333333 0.8379373848987108 0.24833333333333332 0.2265193370165746
0 0.5291666666666667 0.30755064456721914 0.27 0.19521178637200737
0 0.72 0.4705340699815838 0.175 0.23941068139963168
0 0.28833333333333333 0.8001841620626151 0.205 0.20441988950276244
0 0.3016666666666667 0.3885819521178637 0.16666666666666666 0.21915285451197053
0 0.16083333333333333 0.5156537753222836 0.165 0.23204419889502761
0 0.52 0.13167587476979742 0.23833333333333334 0.1712707182320442