0 0.7158333333333333 0.43113207547169813 0.16833333333333333 0.2339622641509434
0 0.6316666666666667 0.6915094339622642 0.17166666666666666 0.1830188679245283
0 0.415 0.6886792452830188 0.19 0.1811320754716981
0 0.525 0.8726415094339622 0.215 0.16981132075471697
0 0.14666666666666667 0.41320754716981134 0.12666666666666668 0.24528301886792453
0 0.20166666666666666 0.6632075471698113 0.15333333333333332 0.19245283018867926
0 0.8233333333333334 0.65 0.145 0.21509433962264152
0 0.5075 0.3273584905660377 0.175 0.16226415094339622
0 0.5758333333333333 0.16886792452830188 0.16 0.13773584905660377
0 0.8133333333333334 0.3018867924528302 0.15666666666666668 0.18867924528301888
0 0.3233333333333333 0.45943396226415095 0.17 0.24528301886792453
0 0.3358333333333333 0.22641509433962265 0.165 0.15660377358490565