0 0.7066666666666667 0.4018867924528302 0.19166666666666668 0.25471698113207547
0 0.6516666666666666 0.6716981132075471 0.19 0.20566037735849058
0 0.43583333333333335 0.6990566037735849 0.20833333333333334 0.20566037735849058
0 0.565 0.8660377358490566 0.23166666666666666 0.19811320754716982
0 0.14 0.46226415094339623 0.15166666666666667 0.26037735849056604
0 0.22166666666666668 0.7028301886792453 0.17333333333333334 0.21132075471698114
0 0.8366666666666667 0.6047169811320755 0.16666666666666666 0.2339622641509434
0 0.4891666666666667 0.3273584905660377 0.19166666666666668 0.18490566037735848
0 0.54 0.16132075471698112 0.17333333333333334 0.15849056603773584
0 0.79 0.26037735849056604 0.175 0.20943396226415095
0 0.32 0.4839622641509434 0.195 0.2660377358490566
0 0.3075 0.2509433962264151 0.18 0.17735849056603772