0 0.24533333333333332 0.6294298921417566 0.18666666666666668 0.22496147919876733
0 0.7493333333333333 0.2981510015408321 0.17066666666666666 0.18798151001540833
0 0.298 0.22727272727272727 0.172 0.18181818181818182
0 0.6453333333333333 0.2172573189522342 0.144 0.17873651771956856
0 0.4053333333333333 0.162557781201849 0.15866666666666668 0.1802773497688752
0 0.30333333333333334 0.7542372881355932 0.16533333333333333 0.20647149460708783
0 0.22733333333333333 0.3235747303543914 0.168 0.14637904468412943
0 0.6713333333333333 0.7688751926040062 0.12666666666666668 0.1864406779661017
0 0.79 0.6979969183359014 0.164 0.15408320493066255
0 0.418 0.8020030816640986 0.12933333333333333 0.19568567026194145
0 0.8033333333333333 0.5531587057010786 0.17733333333333334 0.12018489984591679
0 0.5393333333333333 0.8043143297380585 0.09733333333333333 0.23112480739599384
0 0.19333333333333333 0.46070878274268107 0.16933333333333334 0.15870570107858242
0 0.7986666666666666 0.41602465331278893 0.17333333333333334 0.1386748844375963
0 0.5353333333333333 0.15254237288135594 0.096 0.1864406779661017