0 0.76 0.6140215716486903 0.196 0.23420647149460708
0 0.24133333333333334 0.3135593220338983 0.17866666666666667 0.19722650231124808
0 0.6893333333333334 0.21571648690292758 0.17866666666666667 0.19106317411402157
0 0.342 0.22650231124807396 0.15066666666666667 0.1864406779661017
0 0.5793333333333334 0.15716486902927582 0.16533333333333333 0.18952234206471494
0 0.708 0.7419106317411402 0.17466666666666666 0.21571648690292758
0 0.7646666666666667 0.3066255778120185 0.17333333333333334 0.15562403697996918
0 0.3413333333333333 0.7788906009244992 0.13466666666666666 0.1926040061633282
0 0.21933333333333332 0.7157164869029276 0.17066666666666666 0.1633281972265023
0 0.5953333333333334 0.7966101694915254 0.13733333333333334 0.2033898305084746
0 0.19933333333333333 0.5716486902927581 0.18266666666666667 0.12942989214175654
0 0.4746666666666667 0.8066255778120185 0.108 0.2357473035439137
0 0.8046666666666666 0.4422187981510015 0.176 0.1679506933744222
0 0.198 0.4337442218798151 0.17866666666666667 0.14946070878274267
0 0.4493333333333333 0.15485362095531588 0.104 0.19106317411402157