0 0.256 0.5614692653673163 0.20133333333333334 0.18290854572713644
0 0.14133333333333334 0.6926536731634183 0.18533333333333332 0.20689655172413793
0 0.6746666666666666 0.6461769115442278 0.20133333333333334 0.19940029985007496
0 0.36333333333333334 0.30359820089955025 0.13733333333333334 0.1679160419790105
0 0.39066666666666666 0.13493253373313344 0.14933333333333335 0.15292353823088456
0 0.14066666666666666 0.444527736131934 0.13866666666666666 0.15292353823088456
0 0.5913333333333334 0.13043478260869565 0.152 0.1454272863568216
0 0.31133333333333335 0.44227886056971516 0.15333333333333332 0.12743628185907047
0 0.6633333333333333 0.8500749625187406 0.17066666666666666 0.17691154422788605
0 0.478 0.2691154422788606 0.14266666666666666 0.17091454272863568
0 0.7546666666666667 0.22938530734632684 0.18133333333333335 0.15892053973013492
0 0.264 0.8163418290854573 0.15066666666666667 0.16041979010494753
0 0.21866666666666668 0.27211394302848574 0.136 0.17391304347826086
0 0.46 0.8530734632683659 0.13333333333333333 0.1469265367316342
0 0.34 0.6656671664167916 0.14666666666666667 0.1724137931034483
0 0.5166666666666667 0.7001499250374813 0.21466666666666667 0.14842578710644677
0 0.614 0.3275862068965517 0.16933333333333334 0.2158920539730135
0 0.854 0.43103448275862066 0.13066666666666665 0.19640179910044978
0 0.7046666666666667 0.5217391304347826 0.16 0.15742128935532235
0 0.8426666666666667 0.6686656671664168 0.152 0.20089955022488756
0 0.7 0.38455772113943026 0.16666666666666666 0.18290854572713644