0 0.7426666666666667 0.5659670164917541 0.19866666666666666 0.17991004497751126
0 0.856 0.7001499250374813 0.18133333333333335 0.20389805097451275
0 0.32266666666666666 0.6424287856071964 0.19866666666666666 0.19640179910044978
0 0.6393333333333333 0.3065967016491754 0.136 0.16491754122938532
0 0.6146666666666667 0.13718140929535233 0.14666666666666667 0.15142428785607195
0 0.86 0.4512743628185907 0.136 0.14992503748125938
0 0.4146666666666667 0.12893553223388307 0.14933333333333335 0.1424287856071964
0 0.69 0.4460269865067466 0.152 0.12443778110944528
0 0.3313333333333333 0.8470764617691154 0.168 0.17391304347826086
0 0.5253333333333333 0.2691154422788606 0.14 0.1679160419790105
0 0.24933333333333332 0.22413793103448276 0.17866666666666667 0.15592203898050974
0 0.7306666666666667 0.820839580209895 0.148 0.15742128935532235
0 0.7846666666666666 0.2773613193403298 0.13333333333333333 0.17091454272863568
0 0.534 0.8530734632683659 0.13066666666666665 0.14392803598200898
0 0.6573333333333333 0.6686656671664168 0.144 0.17091454272863568
0 0.48 0.699400299850075 0.212 0.14392803598200898
0 0.38866666666666666 0.32533733133433285 0.16666666666666666 0.2128935532233883
0 0.14733333333333334 0.4235382308845577 0.128 0.1934032983508246
0 0.29533333333333334 0.5179910044977512 0.15733333333333333 0.15442278860569716
0 0.15466666666666667 0.6619190404797601 0.148 0.19940029985007496
0 0.30133333333333334 0.3800599700149925 0.164 0.17991004497751126