0 0.7696929238985314 0.7905718701700154 0.20160213618157544 0.22720247295208656
0 0.6061415220293725 0.8717156105100463 0.1628838451268358 0.17001545595054096
0 0.30173564753004006 0.6035548686244204 0.20427236315086783 0.2241112828438949
0 0.45994659546061417 0.8446676970633694 0.1548731642189586 0.15146831530139104
0 0.4172229639519359 0.2928902627511592 0.1802403204272363 0.23338485316846985
0 0.6562082777036048 0.3462132921174652 0.14953271028037382 0.1839258114374034
0 0.8457943925233645 0.5425038639876353 0.14953271028037382 0.17928902627511592
0 0.7142857142857143 0.6213292117465224 0.2096128170894526 0.20556414219474498
0 0.48998664886515353 0.11823802163833076 0.15220293724966621 0.160741885625966
0 0.8070761014686249 0.3446676970633694 0.15086782376502003 0.19165378670788252
0 0.5574098798397864 0.2828438948995363 0.15220293724966621 0.19165378670788252
0 0.6081441922563418 0.7024729520865534 0.14819759679572764 0.1901081916537867
0 0.17757009345794392 0.3554868624420402 0.14018691588785046 0.21020092735703247
0 0.2963951935914553 0.46445131375579596 0.16822429906542055 0.16692426584234932
0 0.44659546061415223 0.6738794435857806 0.2082777036048064 0.16537867078825347
0 0.2970627503337784 0.794435857805255 0.18157543391188252 0.1947449768160742
0 0.14485981308411214 0.5641421947449768 0.15353805073431243 0.22565687789799072
0 0.32443257676902537 0.18624420401854713 0.19225634178905207 0.18238021638330756
0 0.6722296395193591 0.18701700154559506 0.1602136181575434 0.1839258114374034
0 0.3257676902536716 0.3384853168469861 0.18157543391188252 0.2071097372488408
0 0.6809078771695594 0.4768160741885626 0.1268357810413885 0.1731066460587326