0 0.1875834445927904 0.7256568778979907 0.17757009345794392 0.19783616692426584
0 0.33444592790387184 0.8415765069551777 0.14552736982643524 0.14683153013910355
0 0.677570093457944 0.6460587326120556 0.1802403204272363 0.1947449768160742
0 0.4826435246995995 0.847758887171561 0.14018691588785046 0.12828438948995363
0 0.6154873164218959 0.31530139103554866 0.1548731642189586 0.20865533230293662
0 0.3718291054739653 0.31452859350850076 0.1295060080106809 0.16383307573415765
0 0.15353805073431243 0.4652241112828439 0.1308411214953271 0.15919629057187018
0 0.2696929238985314 0.5718701700154559 0.18958611481975968 0.1731066460587326
0 0.5727636849132176 0.1275115919629057 0.13618157543391188 0.1391035548686244
0 0.22429906542056074 0.2797527047913447 0.1308411214953271 0.17156105100463678
0 0.47930574098798395 0.2735703245749614 0.1321762349799733 0.17156105100463678
0 0.3604806408544726 0.6746522411128284 0.12817089452603472 0.17001545595054096
0 0.8404539385847797 0.42967542503863987 0.11615487316421896 0.19165378670788252
0 0.705607476635514 0.5100463678516228 0.15220293724966621 0.14219474497681608
0 0.5240320427236315 0.6831530139103554 0.19359145527369825 0.13292117465224113
0 0.650200267022697 0.8338485316846986 0.16154873164218958 0.16846986089644514
0 0.8384512683578104 0.6414219474497682 0.12817089452603472 0.2071097372488408
0 0.7236315086782377 0.23106646058732613 0.17489986648865152 0.15301391035548687
0 0.3825100133511348 0.1545595054095827 0.14152202937249667 0.16228748068006182
0 0.6975967957276369 0.3794435857805255 0.1602136181575434 0.18083462132921174
0 0.3257676902536716 0.4366306027820711 0.1081441922563418 0.1561051004636785