0 0.7273333333333334 0.610207100591716 0.16266666666666665 0.15532544378698224
0 0.5926666666666667 0.8106508875739645 0.176 0.16863905325443787
0 0.482 0.3084319526627219 0.16133333333333333 0.14940828402366865
0 0.12266666666666666 0.40902366863905326 0.15066666666666667 0.15680473372781065
0 0.624 0.26849112426035504 0.176 0.17011834319526628
0 0.33 0.26331360946745563 0.12933333333333333 0.15384615384615385
0 0.772 0.7736686390532544 0.15466666666666667 0.1390532544378698
0 0.416 0.14053254437869822 0.14266666666666666 0.1346153846153846
0 0.614 0.46449704142011833 0.13066666666666665 0.14497041420118342
0 0.2733333333333333 0.4245562130177515 0.144 0.16272189349112426
0 0.7446666666666667 0.42529585798816566 0.14133333333333334 0.17307692307692307
0 0.7813333333333333 0.26849112426035504 0.10133333333333333 0.15532544378698224
0 0.8733333333333333 0.5229289940828402 0.132 0.1819526627218935
0 0.22933333333333333 0.5754437869822485 0.11466666666666667 0.13609467455621302
0 0.57 0.6375739644970414 0.15733333333333333 0.17751479289940827
0 0.26 0.7507396449704142 0.15333333333333332 0.20266272189349113
0 0.5786666666666667 0.1264792899408284 0.12133333333333333 0.12721893491124261
0 0.418 0.8054733727810651 0.14133333333333334 0.1390532544378698
0 0.37866666666666665 0.6257396449704142 0.17466666666666666 0.17011834319526628
0 0.11266666666666666 0.6050295857988166 0.132 0.1760355029585799
0 0.21 0.22189349112426035 0.148 0.17751479289940827