0 0.2826666666666667 0.6316568047337278 0.17333333333333334 0.16863905325443787
0 0.432 0.8180473372781065 0.188 0.1849112426035503
0 0.5033333333333333 0.3076923076923077 0.17066666666666666 0.16272189349112426
0 0.8686666666666667 0.3727810650887574 0.16133333333333333 0.16863905325443787
0 0.3586666666666667 0.2818047337278107 0.18666666666666668 0.1849112426035503
0 0.6506666666666666 0.24778106508875739 0.14 0.16420118343195267
0 0.25066666666666665 0.7988165680473372 0.164 0.15236686390532544
0 0.5553333333333333 0.1338757396449704 0.152 0.14644970414201183
0 0.384 0.4755917159763314 0.14 0.15532544378698224
0 0.72 0.4031065088757396 0.156 0.17455621301775148
0 0.25066666666666665 0.4489644970414201 0.15333333333333332 0.1849112426035503
0 0.20133333333333334 0.29659763313609466 0.112 0.16272189349112426
0 0.13 0.5591715976331361 0.14533333333333334 0.19230769230769232
0 0.7753333333333333 0.5488165680473372 0.124 0.14644970414201183
0 0.44066666666666665 0.643491124260355 0.16933333333333334 0.1893491124260355
0 0.7586666666666667 0.7263313609467456 0.16666666666666666 0.21597633136094674
0 0.39266666666666666 0.13609467455621302 0.13066666666666665 0.13757396449704143
0 0.6053333333333333 0.7965976331360947 0.14933333333333335 0.15088757396449703
0 0.6306666666666667 0.6131656804733728 0.18533333333333332 0.1849112426035503
0 0.894 0.5673076923076923 0.144 0.1863905325443787
0 0.7666666666666667 0.1945266272189349 0.16 0.1893491124260355