0 0.24066666666666667 0.7083333333333334 0.14933333333333335 0.1448087431693989
0 0.698 0.7479508196721312 0.11466666666666667 0.11475409836065574
0 0.6166666666666667 0.33401639344262296 0.116 0.1557377049180328
0 0.32866666666666666 0.5806010928961749 0.124 0.12431693989071038
0 0.812 0.3790983606557377 0.12533333333333332 0.1448087431693989
0 0.49533333333333335 0.27595628415300544 0.132 0.1407103825136612
0 0.352 0.32991803278688525 0.148 0.1598360655737705
0 0.18266666666666667 0.33401639344262296 0.14133333333333334 0.14617486338797814
0 0.44666666666666666 0.6516393442622951 0.16 0.16120218579234974
0 0.294 0.4651639344262295 0.13066666666666665 0.11065573770491803
0 0.4026666666666667 0.8299180327868853 0.14666666666666667 0.15846994535519127
0 0.73 0.24180327868852458 0.12 0.12568306010928962
0 0.16133333333333333 0.5368852459016393 0.12133333333333333 0.13934426229508196
0 0.5713333333333334 0.13524590163934427 0.14133333333333334 0.12295081967213115
0 0.698 0.43510928961748635 0.11866666666666667 0.12295081967213115
0 0.35 0.16188524590163936 0.14933333333333335 0.13934426229508196
0 0.5786666666666667 0.6386612021857924 0.11466666666666667 0.15846994535519127
0 0.824 0.6475409836065574 0.10133333333333333 0.1325136612021858
0 0.702 0.5819672131147541 0.15333333333333332 0.14344262295081966
0 0.556 0.8080601092896175 0.08533333333333333 0.11612021857923498
0 0.8153333333333334 0.5102459016393442 0.08933333333333333 0.07650273224043716