0 0.7113333333333334 0.7588797814207651 0.16666666666666666 0.16256830601092895
0 0.25666666666666665 0.700136612021858 0.128 0.1284153005464481
0 0.42 0.3128415300546448 0.13466666666666666 0.16939890710382513
0 0.6513333333333333 0.6154371584699454 0.13866666666666666 0.13934426229508196
0 0.21933333333333332 0.3155737704918033 0.14266666666666666 0.1598360655737705
0 0.55 0.2814207650273224 0.14933333333333335 0.15710382513661203
0 0.6793333333333333 0.36543715846994534 0.16666666666666666 0.17759562841530055
0 0.844 0.40505464480874315 0.15866666666666668 0.16393442622950818
0 0.5213333333333333 0.6598360655737705 0.17866666666666667 0.18032786885245902
0 0.7086666666666667 0.5102459016393442 0.14266666666666666 0.12704918032786885
0 0.528 0.8435792349726776 0.16533333333333333 0.1762295081967213
0 0.3273333333333333 0.19808743169398907 0.13466666666666666 0.1407103825136612
0 0.824 0.6086065573770492 0.13866666666666666 0.15437158469945356
0 0.5046666666666667 0.1284153005464481 0.15466666666666667 0.1407103825136612
0 0.31933333333333336 0.3948087431693989 0.13333333333333333 0.13797814207650272
0 0.7153333333333334 0.20081967213114754 0.16533333333333333 0.15710382513661203
0 0.39466666666666667 0.6188524590163934 0.13333333333333333 0.1721311475409836
0 0.15333333333333332 0.575136612021858 0.11733333333333333 0.1448087431693989
0 0.286 0.5368852459016393 0.17066666666666666 0.16256830601092895
0 0.38266666666666665 0.7896174863387978 0.09866666666666667 0.12568306010928962
0 0.19 0.4426229508196721 0.09733333333333333 0.08743169398907104