0 0.7273333333333334 0.7895500725689405 0.152 0.16400580551523947
0 0.32466666666666666 0.8265602322206096 0.16533333333333333 0.15965166908563136
0 0.8173333333333334 0.604499274310595 0.152 0.18287373004354138
0 0.3873333333333333 0.6756168359941945 0.132 0.16110304789550073
0 0.638 0.6676342525399129 0.15866666666666668 0.17271407837445574
0 0.4826666666666667 0.28592162554426703 0.11333333333333333 0.13642960812772134
0 0.2 0.2844702467343977 0.136 0.16545718432510886
0 0.8353333333333334 0.39985486211901305 0.15466666666666667 0.17126269956458637
0 0.17866666666666667 0.6647314949201741 0.16133333333333333 0.17706821480406387
0 0.5206666666666667 0.8621190130624092 0.16133333333333333 0.17561683599419448
0 0.144 0.47895500725689405 0.116 0.1509433962264151
0 0.292 0.43033381712626995 0.16 0.15384615384615385
0 0.33466666666666667 0.1509433962264151 0.144 0.15239477503628446
0 0.688 0.5413642960812772 0.13066666666666665 0.13642960812772134
0 0.306 0.5689404934687954 0.148 0.14513788098693758
0 0.72 0.2365747460087083 0.15066666666666667 0.1683599419448476
0 0.5053333333333333 0.6937590711175616 0.13466666666666666 0.14804063860667635
0 0.6853333333333333 0.40493468795355586 0.144 0.15239477503628446
0 0.5386666666666666 0.14804063860667635 0.16666666666666666 0.17126269956458637
0 0.358 0.29753265602322204 0.148 0.17706821480406387
0 0.5906666666666667 0.31422351233671986 0.12666666666666668 0.15529753265602322