0 0.23 0.7423802612481858 0.13866666666666666 0.14949201741654572
0 0.6206666666666667 0.8548621190130624 0.15333333333333332 0.14368650217706821
0 0.17133333333333334 0.5428156748911466 0.13733333333333334 0.1683599419448476
0 0.5833333333333334 0.6944847605224964 0.11866666666666667 0.14949201741654572
0 0.3373333333333333 0.6393323657474601 0.14533333333333334 0.15820029027576196
0 0.5513333333333333 0.2931785195936139 0.10266666666666667 0.12772133526850507
0 0.83 0.3447024673439768 0.124 0.15384615384615385
0 0.186 0.3374455732946299 0.14133333333333334 0.1567489114658926
0 0.7906666666666666 0.7227866473149492 0.148 0.1625544267053701
0 0.422 0.8526850507982583 0.148 0.16110304789550073
0 0.854 0.5471698113207547 0.104 0.14078374455732948
0 0.716 0.4702467343976778 0.148 0.13933236574746008
0 0.7186666666666667 0.18722786647314948 0.132 0.13933236574746008
0 0.30866666666666664 0.5050798258345428 0.12 0.12481857764876633
0 0.68 0.6052249637155298 0.13733333333333334 0.13062409288824384
0 0.3253333333333333 0.1995645863570392 0.13866666666666666 0.15384615384615385
0 0.464 0.6894049346879536 0.12266666666666666 0.13497822931785197
0 0.33266666666666667 0.37155297532656023 0.132 0.13933236574746008
0 0.518 0.14658925979680695 0.15466666666666667 0.15529753265602322
0 0.672 0.32728592162554426 0.13466666666666666 0.16400580551523947
0 0.44066666666666665 0.30043541364296084 0.11333333333333333 0.14513788098693758