0 0.6626666666666666 0.17076923076923076 0.17333333333333334 0.17846153846153845
0 0.164 0.3569230769230769 0.148 0.17692307692307693
0 0.14533333333333334 0.5623076923076923 0.12 0.2
0 0.4646666666666667 0.12307692307692308 0.16133333333333333 0.16923076923076924
0 0.5246666666666666 0.2753846153846154 0.11333333333333333 0.14153846153846153
0 0.6706666666666666 0.5915384615384616 0.156 0.14615384615384616
0 0.382 0.8307692307692308 0.15066666666666667 0.16307692307692306
0 0.43666666666666665 0.6707692307692308 0.136 0.16615384615384615
0 0.4026666666666667 0.2746153846153846 0.12533333333333332 0.15692307692307692
0 0.2906666666666667 0.49230769230769234 0.15866666666666668 0.14307692307692307
0 0.78 0.3423076923076923 0.13066666666666665 0.15846153846153846
0 0.26466666666666666 0.19692307692307692 0.13866666666666666 0.15846153846153846
0 0.8233333333333334 0.5138461538461538 0.10933333333333334 0.14923076923076922
0 0.566 0.6723076923076923 0.128 0.15076923076923077
0 0.6773333333333333 0.4584615384615385 0.13333333333333333 0.12307692307692308
0 0.6146666666666667 0.34 0.14666666666666667 0.1523076923076923
0 0.5693333333333334 0.823076923076923 0.15066666666666667 0.13384615384615384
0 0.216 0.74 0.11733333333333333 0.13538461538461538
0 0.7293333333333333 0.7361538461538462 0.13066666666666665 0.1476923076923077
0 0.3233333333333333 0.62 0.13466666666666666 0.1523076923076923
0 0.30733333333333335 0.36153846153846153 0.12666666666666668 0.12153846153846154