0 0.6773333333333333 0.18076923076923077 0.16666666666666666 0.16923076923076924
0 0.17066666666666666 0.33692307692307694 0.14133333333333334 0.17076923076923076
0 0.14266666666666666 0.5407692307692308 0.112 0.19538461538461538
0 0.482 0.12153846153846154 0.15466666666666667 0.16
0 0.5346666666666666 0.2776923076923077 0.108 0.13538461538461538
0 0.6666666666666666 0.6015384615384616 0.15066666666666667 0.13692307692307693
0 0.36733333333333335 0.823076923076923 0.144 0.15538461538461537
0 0.42933333333333334 0.666923076923077 0.13066666666666665 0.16
0 0.41333333333333333 0.2684615384615385 0.11866666666666667 0.1523076923076923
0 0.29133333333333333 0.48 0.15333333333333332 0.13384615384615384
0 0.7866666666666666 0.36 0.124 0.1523076923076923
0 0.2786666666666667 0.18307692307692308 0.132 0.15076923076923077
0 0.822 0.5330769230769231 0.104 0.14461538461538462
0 0.558 0.6753846153846154 0.12266666666666666 0.14461538461538462
0 0.6793333333333333 0.46923076923076923 0.12933333333333333 0.11538461538461539
0 0.622 0.3476923076923077 0.14133333333333334 0.14461538461538462
0 0.5546666666666666 0.8269230769230769 0.14666666666666667 0.12615384615384614
0 0.20533333333333334 0.7230769230769231 0.112 0.12923076923076923
0 0.718 0.75 0.12533333333333332 0.14153846153846153
0 0.318 0.6092307692307692 0.12933333333333333 0.14615384615384616
0 0.314 0.35 0.12266666666666666 0.11538461538461539