0 0.5973333333333334 0.8529411764705882 0.16133333333333333 0.15966386554621848
0 0.6666666666666666 0.6498599439775911 0.144 0.15546218487394958
0 0.21333333333333335 0.7408963585434174 0.14 0.14985994397759103
0 0.75 0.22549019607843138 0.14933333333333335 0.15826330532212884
0 0.706 0.5126050420168067 0.17466666666666666 0.13865546218487396
0 0.3973333333333333 0.6848739495798319 0.13466666666666666 0.15826330532212884
0 0.534 0.13515406162464985 0.17733333333333334 0.16666666666666666
0 0.5346666666666666 0.6848739495798319 0.14133333333333334 0.16946778711484595
0 0.30466666666666664 0.18067226890756302 0.188 0.17787114845938376
0 0.39 0.8396358543417367 0.16533333333333333 0.13165266106442577
0 0.8513333333333334 0.38375350140056025 0.15866666666666668 0.17647058823529413
0 0.7773333333333333 0.7591036414565826 0.12933333333333333 0.13585434173669467
0 0.5926666666666667 0.2927170868347339 0.13466666666666666 0.15826330532212884
0 0.6873333333333334 0.38305322128851543 0.14 0.12044817927170869
0 0.17133333333333334 0.34173669467787116 0.14 0.15266106442577032
0 0.29133333333333333 0.47058823529411764 0.148 0.11764705882352941
0 0.3566666666666667 0.3627450980392157 0.152 0.16106442577030813
0 0.868 0.5917366946778712 0.128 0.19747899159663865
0 0.4573333333333333 0.2976190476190476 0.12266666666666666 0.14145658263305322
0 0.29733333333333334 0.5966386554621849 0.172 0.14565826330532214
0 0.12733333333333333 0.5322128851540616 0.11866666666666667 0.14565826330532214