0 0.3973333333333333 0.8508403361344538 0.16 0.1568627450980392
0 0.3313333333333333 0.6470588235294118 0.14266666666666666 0.15406162464985995
0 0.7826666666666666 0.7464985994397759 0.13866666666666666 0.14705882352941177
0 0.25466666666666665 0.22058823529411764 0.14666666666666667 0.1568627450980392
0 0.294 0.5084033613445378 0.17333333333333334 0.13585434173669467
0 0.6 0.6869747899159664 0.132 0.1568627450980392
0 0.472 0.13515406162464985 0.17466666666666666 0.1638655462184874
0 0.462 0.6841736694677871 0.13866666666666666 0.16666666666666666
0 0.7006666666666667 0.18417366946778713 0.18533333333333332 0.17507002801120447
0 0.6046666666666667 0.8417366946778712 0.164 0.13025210084033614
0 0.15066666666666667 0.37745098039215685 0.156 0.17366946778711484
0 0.21866666666666668 0.7542016806722689 0.128 0.13445378151260504
0 0.4106666666666667 0.29061624649859946 0.132 0.1568627450980392
0 0.31466666666666665 0.3795518207282913 0.13866666666666666 0.11904761904761904
0 0.8313333333333334 0.3480392156862745 0.13866666666666666 0.14985994397759103
0 0.7093333333333334 0.4740896358543417 0.14666666666666667 0.11484593837535013
0 0.6453333333333333 0.36554621848739494 0.14933333333333335 0.15826330532212884
0 0.13066666666666665 0.5854341736694678 0.12533333333333332 0.19607843137254902
0 0.546 0.29831932773109243 0.12 0.1400560224089636
0 0.7013333333333334 0.6001400560224089 0.17066666666666666 0.14285714285714285
0 0.872 0.5392156862745098 0.11733333333333333 0.14425770308123248