0 0.862109375 0.33068561872909696 0.1078125 0.14464882943143811
0 0.5765625 0.21112040133779264 0.13359375 0.11789297658862877
0 0.75859375 0.5305183946488294 0.10703125 0.11705685618729098
0 0.606640625 0.5681438127090301 0.09921875 0.12040133779264214
0 0.326171875 0.6220735785953178 0.11796875 0.12792642140468227
0 0.653515625 0.6985785953177257 0.1203125 0.1346153846153846
0 0.22421875 0.7328595317725752 0.1109375 0.12290969899665552
0 0.55078125 0.3415551839464883 0.10546875 0.12040133779264214
0 0.443359375 0.11371237458193979 0.13671875 0.11538461538461539
0 0.4515625 0.5568561872909699 0.10703125 0.11454849498327759
0 0.87890625 0.5982441471571907 0.11171875 0.1346153846153846
0 0.73125 0.33361204013377926 0.11328125 0.11956521739130435
0 0.157421875 0.5137959866220736 0.10703125 0.12709030100334448
0 0.282421875 0.4218227424749164 0.10390625 0.10785953177257525
0 0.38828125 0.27842809364548493 0.103125 0.10367892976588629
0 0.66015625 0.4335284280936455 0.0921875 0.09364548494983277
0 0.41796875 0.4105351170568562 0.096875 0.1020066889632107
0 0.234375 0.24581939799331104 0.109375 0.12374581939799331
0 0.485546875 0.8540969899665551 0.1296875 0.12792642140468227
0 0.70859375 0.1479933110367893 0.1203125 0.1028428093645485
0 0.75703125 0.8206521739130435 0.1234375 0.12792642140468227
0 0.4796875 0.7002508361204013 0.084375 0.09113712374581939