0 0.153125 0.2976588628762542 0.11484375 0.1505016722408027
0 0.447265625 0.2052675585284281 0.1390625 0.1245819397993311
0 0.23984375 0.5062709030100334 0.1125 0.12290969899665552
0 0.38828125 0.5576923076923077 0.10546875 0.1254180602006689
0 0.66328125 0.6379598662207357 0.1234375 0.13377926421404682
0 0.330859375 0.6835284280936454 0.1265625 0.14046822742474915
0 0.755859375 0.7575250836120402 0.11640625 0.12876254180602006
0 0.4625 0.33737458193979936 0.11171875 0.1262541806020067
0 0.587890625 0.12040133779264214 0.1421875 0.12290969899665552
0 0.54375 0.5610367892976589 0.1125 0.12040133779264214
0 0.114453125 0.5627090301003345 0.11796875 0.14046822742474915
0 0.283203125 0.31270903010033446 0.11875 0.1262541806020067
0 0.840234375 0.5455685618729097 0.1125 0.13294314381270902
0 0.723046875 0.4423076923076923 0.109375 0.11371237458193979
0 0.629296875 0.28971571906354515 0.1078125 0.10953177257525083
0 0.34609375 0.4188963210702341 0.09609375 0.09866220735785954
0 0.5890625 0.41847826086956524 0.1015625 0.10702341137123746
0 0.785546875 0.2717391304347826 0.11484375 0.12959866220735786
0 0.485546875 0.8540969899665551 0.13515625 0.1346153846153846
0 0.32109375 0.13001672240802675 0.125 0.10869565217391304
0 0.21796875 0.7951505016722408 0.12890625 0.13377926421404682
0 0.50390625 0.7015050167224081 0.08828125 0.09531772575250837