0 0.486328125 0.17662337662337663 0.14375 0.13506493506493505
0 0.106640625 0.567965367965368 0.12109375 0.15584415584415584
0 0.3390625 0.7497835497835498 0.1375 0.1523809523809524
0 0.6359375 0.12251082251082251 0.1484375 0.1341991341991342
0 0.299609375 0.30043290043290044 0.12265625 0.13073593073593073
0 0.155859375 0.2982683982683983 0.11640625 0.15930735930735931
0 0.501171875 0.8844155844155844 0.1421875 0.14545454545454545
0 0.698828125 0.6822510822510822 0.1296875 0.14285714285714285
0 0.81796875 0.2766233766233766 0.12421875 0.13766233766233765
0 0.48359375 0.3341991341991342 0.11640625 0.13593073593073593
0 0.4140625 0.5800865800865801 0.11171875 0.1367965367965368
0 0.573828125 0.5887445887445888 0.11875 0.1316017316017316
0 0.334375 0.11904761904761904 0.134375 0.11428571428571428
0 0.875 0.5744588744588744 0.12109375 0.1445887445887446
0 0.76640625 0.8242424242424242 0.12734375 0.13852813852813853
0 0.7625 0.47619047619047616 0.115625 0.12554112554112554
0 0.365625 0.42294372294372296 0.10234375 0.10822510822510822
0 0.5125 0.7277056277056277 0.09140625 0.10303030303030303
0 0.644921875 0.27835497835497836 0.11640625 0.12207792207792208
0 0.19296875 0.806060606060606 0.13359375 0.15670995670995672
0 0.628515625 0.42554112554112555 0.10703125 0.11688311688311688
0 0.255078125 0.5225108225108225 0.115625 0.13506493506493505