0 0.48125 0.17705627705627705 0.14140625 0.13333333333333333
0 0.107421875 0.5753246753246753 0.11875 0.15324675324675324
0 0.34296875 0.7528138528138528 0.13515625 0.1497835497835498
0 0.630078125 0.11991341991341992 0.14609375 0.1316017316017316
0 0.296484375 0.30432900432900434 0.1203125 0.129004329004329
0 0.152734375 0.3051948051948052 0.1140625 0.15757575757575756
0 0.50703125 0.883982683982684 0.13984375 0.14285714285714285
0 0.701953125 0.6783549783549784 0.12734375 0.14025974025974025
0 0.814453125 0.27056277056277056 0.12265625 0.13593073593073593
0 0.48125 0.3346320346320346 0.11484375 0.1341991341991342
0 0.415234375 0.5813852813852813 0.11015625 0.13506493506493505
0 0.575 0.5874458874458874 0.11640625 0.129004329004329
0 0.328515625 0.12207792207792208 0.1328125 0.11168831168831168
0 0.87578125 0.5675324675324676 0.11875 0.14285714285714285
0 0.771484375 0.819047619047619 0.12578125 0.13593073593073593
0 0.762109375 0.4714285714285714 0.1140625 0.12380952380952381
0 0.364453125 0.42554112554112555 0.10078125 0.10649350649350649
0 0.516015625 0.7272727272727273 0.08984375 0.1012987012987013
0 0.64140625 0.27575757575757576 0.11484375 0.11948051948051948
0 0.198046875 0.8121212121212121 0.13125 0.15497835497835497
0 0.62734375 0.42294372294372296 0.10546875 0.11515151515151516
0 0.25546875 0.5268398268398269 0.1140625 0.13333333333333333