0 0.6241666666666666 0.817531305903399 0.09833333333333333 0.1037567084078712
0 0.23583333333333334 0.8076923076923077 0.09666666666666666 0.07871198568872988
0 0.3025 0.7665474060822898 0.08833333333333333 0.07692307692307693
0 0.6733333333333333 0.2075134168157424 0.08833333333333333 0.07871198568872988
0 0.7433333333333333 0.4749552772808587 0.08 0.09838998211091235
0 0.31 0.6797853309481217 0.09666666666666666 0.09302325581395349
0 0.6141666666666666 0.24150268336314848 0.1 0.08944543828264759
0 0.725 0.38372093023255816 0.08 0.09302325581395349
0 0.7516666666666667 0.6932021466905188 0.07833333333333334 0.10196779964221825
0 0.22333333333333333 0.5411449016100179 0.08833333333333333 0.08407871198568873
0 0.5333333333333333 0.8166368515205724 0.09 0.09660107334525939
0 0.825 0.49105545617173524 0.095 0.08944543828264759
0 0.37 0.7880143112701252 0.08 0.08050089445438283
0 0.41833333333333333 0.8917710196779964 0.10666666666666667 0.08944543828264759
0 0.4766666666666667 0.32737030411449014 0.08166666666666667 0.08944543828264759
0 0.6791666666666667 0.3067978533094812 0.07666666666666666 0.07871198568872988
0 0.7475 0.8067978533094812 0.07 0.07513416815742398
0 0.13333333333333333 0.4821109123434705 0.10333333333333333 0.11627906976744186
0 0.36 0.23524150268336314 0.075 0.08228980322003578
0 0.8083333333333333 0.4087656529516995 0.1 0.08407871198568873
0 0.5991666666666666 0.7245080500894454 0.07833333333333334 0.10554561717352415
0 0.7391666666666666 0.2584973166368515 0.08333333333333333 0.07692307692307693
0 0.4975 0.667262969588551 0.08 0.08586762075134168
0 0.45 0.813953488372093 0.08666666666666667 0.07692307692307693
0 0.6825 0.7522361359570662 0.07833333333333334 0.07871198568872988
0 0.15083333333333335 0.5974955277280859 0.12166666666666667 0.1073345259391771
0 0.43416666666666665 0.20572450805008943 0.09166666666666666 0.09123434704830054
0 0.2925 0.28354203935599287 0.09 0.09660107334525939
0 0.525 0.2075134168157424 0.095 0.08944543828264759
0 0.6666666666666666 0.8792486583184258 0.08333333333333333 0.09481216457960644
0 0.5983333333333334 0.1592128801431127 0.07833333333333334 0.07155635062611806
0 0.6025 0.3881932021466905 0.07166666666666667 0.07155635062611806
0 0.54 0.2772808586762075 0.07333333333333333 0.06797853309481217
0 0.85 0.7084078711985689 0.075 0.11627906976744186
0 0.5491666666666667 0.3425760286225403 0.075 0.07871198568872988
0 0.8983333333333333 0.5652951699463328 0.07 0.08228980322003578
0 0.5208333333333334 0.7432915921288015 0.08833333333333333 0.08765652951699464
0 0.12416666666666666 0.7012522361359571 0.07333333333333333 0.08407871198568873
0 0.6558333333333334 0.11717352415026834 0.11666666666666667 0.08228980322003578
0 0.5016666666666667 0.13953488372093023 0.07333333333333333 0.07513416815742398
0 0.23333333333333334 0.23792486583184258 0.07166666666666667 0.09660107334525939
0 0.15166666666666667 0.3935599284436494 0.07166666666666667 0.09838998211091235
0 0.20166666666666666 0.167262969588551 0.08166666666666667 0.09838998211091235
0 0.37916666666666665 0.721824686940966 0.06833333333333333 0.06797853309481217
0 0.6608333333333334 0.6905187835420393 0.08666666666666667 0.08228980322003578
0 0.81 0.23255813953488372 0.07166666666666667 0.08050089445438283
0 0.44583333333333336 0.7352415026833632 0.07833333333333334 0.08586762075134168
0 0.8008333333333333 0.5894454382826476 0.08666666666666667 0.13059033989266547
0 0.7825 0.3300536672629696 0.135 0.09302325581395349
0 0.42916666666666664 0.6627906976744186 0.07 0.08586762075134168
0 0.24 0.7352415026833632 0.08833333333333333 0.07692307692307693
0 0.32083333333333336 0.18694096601073346 0.07833333333333334 0.08050089445438283
0 0.61 0.627906976744186 0.08166666666666667 0.07513416815742398
0 0.4083333333333333 0.1475849731663685 0.07833333333333334 0.07155635062611806
0 0.6658333333333334 0.3998211091234347 0.06166666666666667 0.08050089445438283
0 0.1875 0.6771019677996423 0.08666666666666667 0.08228980322003578
0 0.34833333333333333 0.3211091234347048 0.07166666666666667 0.07692307692307693
0 0.9033333333333333 0.3935599284436494 0.095 0.09660107334525939
0 0.10083333333333333 0.3416815742397138 0.09166666666666666 0.12880143112701253
0 0.25166666666666665 0.6127012522361359 0.06833333333333333 0.08228980322003578
0 0.7033333333333334 0.6180679785330948 0.08 0.10196779964221825
0 0.7316666666666667 0.5474060822898033 0.07166666666666667 0.08228980322003578
0 0.18916666666666668 0.3103756708407871 0.065 0.06797853309481217
0 0.24083333333333334 0.3676207513416816 0.07666666666666666 0.10912343470483005
0 0.30833333333333335 0.5974955277280859 0.07666666666666666 0.07513416815742398
0 0.37166666666666665 0.6323792486583184 0.07 0.07155635062611806
0 0.2891666666666667 0.4847942754919499 0.08 0.08765652951699464
0 0.2175 0.45796064400715564 0.075 0.08944543828264759
0 0.3933333333333333 0.5679785330948122 0.07833333333333334 0.07334525939177101
0 0.6383333333333333 0.5885509838998211 0.06333333333333334 0.06440071556350627
0 0.6141666666666666 0.5053667262969589 0.08166666666666667 0.09302325581395349
0 0.2866666666666667 0.4159212880143113 0.06333333333333334 0.06797853309481217
0 0.5558333333333333 0.47584973166368516 0.06666666666666667 0.06618962432915922
0 0.4091666666666667 0.3443649373881932 0.07166666666666667 0.08407871198568873
0 0.675 0.4785330948121646 0.06333333333333334 0.07871198568872988
0 0.42916666666666664 0.08497316636851521 0.1 0.06618962432915922
0 0.5525 0.648479427549195 0.06333333333333334 0.0626118067978533
0 0.6716666666666666 0.5447227191413238 0.05333333333333334 0.06440071556350627
0 0.41083333333333333 0.28354203935599287 0.06833333333333333 0.06440071556350627
0 0.6033333333333334 0.29874776386404295 0.065 0.059033989266547404
0 0.6266666666666667 0.33810375670840787 0.058333333333333334 0.057245080500894455
0 0.49916666666666665 0.592128801431127 0.06166666666666667 0.07513416815742398
0 0.4691666666666667 0.26028622540250446 0.065 0.057245080500894455
0 0.47583333333333333 0.3962432915921288 0.05333333333333334 0.06618962432915922
0 0.2925 0.5536672629695886 0.06333333333333334 0.059033989266547404
0 0.44916666666666666 0.5849731663685152 0.055 0.07692307692307693
0 0.3575 0.5277280858676208 0.06166666666666667 0.08050089445438283
0 0.5766666666666667 0.554561717352415 0.07333333333333333 0.08050089445438283
0 0.37 0.38372093023255816 0.06166666666666667 0.06618962432915922
0 0.48 0.5295169946332737 0.056666666666666664 0.07692307692307693
0 0.6125 0.44275491949910556 0.07166666666666667 0.059033989266547404
0 0.345 0.47584973166368516 0.075 0.06797853309481217
0 0.3075 0.3676207513416816 0.045 0.046511627906976744
0 0.5241666666666667 0.5259391771019678 0.06666666666666667 0.07692307692307693
0 0.5525 0.426654740608229 0.07 0.06082289803220036
0 0.4116666666666667 0.4821109123434705 0.08166666666666667 0.06440071556350627
0 0.5208333333333334 0.39892665474060823 0.051666666666666666 0.06976744186046512
0 0.5466666666666666 0.5840787119856887 0.045 0.0626118067978533
0 0.3466666666666667 0.4221824686940966 0.07333333333333333 0.06082289803220036
0 0.4325 0.518783542039356 0.06333333333333334 0.07871198568872988
0 0.42583333333333334 0.4087656529516995 0.06166666666666667 0.05008944543828265
0 0.4058333333333333 0.4338103756708408 0.07333333333333333 0.057245080500894455