0 0.6783333333333333 0.7862254025044723 0.09166666666666666 0.09660107334525939
0 0.29583333333333334 0.8559928443649374 0.09166666666666666 0.07155635062611806
0 0.35333333333333333 0.8023255813953488 0.08333333333333333 0.06976744186046512
0 0.6175 0.1771019677996422 0.08333333333333333 0.07155635062611806
0 0.7341666666666666 0.4257602862254025 0.07333333333333333 0.09302325581395349
0 0.345 0.7155635062611807 0.09 0.08586762075134168
0 0.5658333333333333 0.22271914132379247 0.095 0.08228980322003578
0 0.7 0.33989266547406083 0.07333333333333333 0.08765652951699464
0 0.7816666666666666 0.6386404293381037 0.07166666666666667 0.09660107334525939
0 0.23583333333333334 0.5974955277280859 0.08333333333333333 0.07692307692307693
0 0.5891666666666666 0.8041144901610018 0.08333333333333333 0.08944543828264759
0 0.8175 0.42486583184257604 0.09 0.08228980322003578
0 0.42333333333333334 0.8094812164579607 0.075 0.07334525939177101
0 0.4891666666666667 0.9007155635062611 0.10166666666666667 0.08050089445438283
0 0.44583333333333336 0.3354203935599284 0.075 0.08228980322003578
0 0.6416666666666667 0.2737030411449016 0.07166666666666667 0.07334525939177101
0 0.7975 0.7504472271914132 0.065 0.06976744186046512
0 0.13666666666666666 0.5572450805008945 0.095 0.10912343470483005
0 0.315 0.26833631484794274 0.07 0.07692307692307693
0 0.7866666666666666 0.3479427549194991 0.095 0.07692307692307693
0 0.6375 0.7003577817531306 0.07166666666666667 0.1001788908765653
0 0.6925 0.21377459749552774 0.07833333333333334 0.06976744186046512
0 0.5275 0.6654740608228981 0.075 0.07871198568872988
0 0.5066666666666667 0.8184257602862254 0.08166666666666667 0.06976744186046512
0 0.7241666666666666 0.7101967799642218 0.07333333333333333 0.07334525939177101
0 0.17416666666666666 0.667262969588551 0.11666666666666667 0.09660107334525939
0 0.38333333333333336 0.22450805008944544 0.085 0.08586762075134168
0 0.25833333333333336 0.3300536672629696 0.08333333333333333 0.08944543828264759
0 0.4725 0.2075134168157424 0.09 0.08228980322003578
0 0.7308333333333333 0.8381037567084079 0.07666666666666666 0.08765652951699464
0 0.5358333333333334 0.1449016100178891 0.075 0.06440071556350627
0 0.58 0.3694096601073345 0.06666666666666667 0.06618962432915922
0 0.5 0.2737030411449016 0.07 0.0626118067978533
0 0.88 0.6323792486583184 0.06666666666666667 0.11091234347048301
0 0.52 0.334525939177102 0.07 0.07334525939177101
0 0.9033333333333333 0.48300536672629696 0.065 0.07692307692307693
0 0.5641666666666667 0.7343470483005367 0.08166666666666667 0.08050089445438283
0 0.1675 0.774597495527728 0.06833333333333333 0.07871198568872988
0 0.585 0.09212880143112702 0.11166666666666666 0.07155635062611806
0 0.4375 0.14579606440071557 0.06833333333333333 0.06976744186046512
0 0.19166666666666668 0.29695885509839 0.06666666666666667 0.09123434704830054
0 0.13833333333333334 0.4669051878354204 0.065 0.09302325581395349
0 0.14833333333333334 0.23434704830053668 0.07666666666666666 0.09123434704830054
0 0.42083333333333334 0.7423971377459749 0.065 0.0626118067978533
0 0.6916666666666667 0.6538461538461539 0.08166666666666667 0.07513416815742398
0 0.7566666666666667 0.1735241502683363 0.06666666666666667 0.07513416815742398
0 0.48833333333333334 0.7423971377459749 0.07166666666666667 0.08050089445438283
0 0.8108333333333333 0.5268336314847942 0.07666666666666666 0.1252236135957066
0 0.7466666666666667 0.27549194991055453 0.13 0.08228980322003578
0 0.45916666666666667 0.6744186046511628 0.06333333333333334 0.08050089445438283
0 0.2866666666666667 0.7844364937388193 0.08333333333333333 0.06976744186046512
0 0.2683333333333333 0.22898032200357782 0.07333333333333333 0.07513416815742398
0 0.6308333333333334 0.6028622540250447 0.07666666666666666 0.06797853309481217
0 0.3475 0.17262969588550983 0.075 0.06440071556350627
0 0.6441666666666667 0.3676207513416816 0.056666666666666664 0.07692307692307693
0 0.22416666666666665 0.7379248658318426 0.08166666666666667 0.07513416815742398
0 0.31916666666666665 0.3550983899821109 0.06666666666666667 0.07155635062611806
0 0.8775 0.31305903398926654 0.08833333333333333 0.08944543828264759
0 0.08 0.4257602862254025 0.08166666666666667 0.12164579606440072
0 0.2758333333333333 0.6610017889087657 0.06333333333333334 0.07692307692307693
0 0.7208333333333333 0.5742397137745975 0.07333333333333333 0.09660107334525939
0 0.7358333333333333 0.4991055456171735 0.06666666666666667 0.07692307692307693
0 0.16083333333333333 0.3774597495527728 0.06166666666666667 0.0626118067978533
0 0.22166666666666668 0.4230769230769231 0.07 0.1037567084078712
0 0.32916666666666666 0.6350626118067979 0.07166666666666667 0.06976744186046512
0 0.3975 0.6565295169946332 0.065 0.06618962432915922
0 0.29 0.5277280858676208 0.07333333333333333 0.08228980322003578
0 0.21583333333333332 0.516994633273703 0.06833333333333333 0.08407871198568873
0 0.4075 0.5885509838998211 0.075 0.06618962432915922
0 0.6516666666666666 0.5590339892665475 0.06 0.06082289803220036
0 0.6133333333333333 0.4821109123434705 0.075 0.08586762075134168
0 0.275 0.46153846153846156 0.06 0.06440071556350627
0 0.5508333333333333 0.46511627906976744 0.06333333333333334 0.06082289803220036
0 0.38333333333333336 0.36583184257602863 0.06666666666666667 0.07871198568872988
0 0.6683333333333333 0.44275491949910556 0.058333333333333334 0.07513416815742398
0 0.3566666666666667 0.10644007155635063 0.09666666666666666 0.057245080500894455
0 0.5783333333333334 0.6350626118067979 0.06 0.059033989266547404
0 0.6766666666666666 0.5089445438282647 0.05 0.059033989266547404
0 0.37333333333333335 0.30590339892665475 0.065 0.059033989266547404
0 0.565 0.2817531305903399 0.06 0.05366726296958855
0 0.595 0.315742397137746 0.05333333333333334 0.05366726296958855
0 0.515 0.590339892665474 0.056666666666666664 0.07155635062611806
0 0.4266666666666667 0.2710196779964222 0.06166666666666667 0.0518783542039356
0 0.4575 0.4033989266547406 0.05 0.06082289803220036
0 0.30583333333333335 0.5948121645796064 0.058333333333333334 0.055456171735241505
0 0.465 0.59391771019678 0.05 0.07155635062611806
0 0.365 0.556350626118068 0.056666666666666664 0.07692307692307693
0 0.585 0.5384615384615384 0.06833333333333333 0.07513416815742398
0 0.3516666666666667 0.41234347048300535 0.058333333333333334 0.0626118067978533
0 0.48583333333333334 0.5330948121645797 0.051666666666666666 0.07155635062611806
0 0.6008333333333333 0.4212880143112701 0.06666666666666667 0.05366726296958855
0 0.3433333333333333 0.5080500894454383 0.07166666666666667 0.0626118067978533
0 0.2875 0.40966010733452596 0.041666666666666664 0.04293381037567084
0 0.5283333333333333 0.5205724508050089 0.06166666666666667 0.07155635062611806
0 0.5383333333333333 0.41681574239713776 0.065 0.055456171735241505
0 0.41 0.5008944543828264 0.07833333333333334 0.057245080500894455
0 0.5025 0.39713774597495527 0.04666666666666667 0.06618962432915922
0 0.56 0.5724508050089445 0.041666666666666664 0.059033989266547404
0 0.3358333333333333 0.4543828264758497 0.06833333333333333 0.055456171735241505
0 0.4375 0.5322003577817531 0.058333333333333334 0.07513416815742398
0 0.41083333333333333 0.42486583184257604 0.058333333333333334 0.046511627906976744
0 0.3958333333333333 0.45348837209302323 0.07 0.0518783542039356