0 0.233984375 0.8000834724540902 0.11796875 0.1302170283806344
0 0.585546875 0.763355592654424 0.12421875 0.11101836393989983
0 0.704296875 0.6857262103505843 0.10625 0.11101836393989983
0 0.51875 0.10976627712854758 0.09375 0.09766277128547579
0 0.3890625 0.4782971619365609 0.09140625 0.10934891485809682
0 0.22265625 0.41485809682804675 0.09765625 0.09265442404006678
0 0.573046875 0.5659432387312187 0.08515625 0.08263772954924875
0 0.592578125 0.4511686143572621 0.0875 0.10267111853088481
0 0.10625 0.5580133555926544 0.096875 0.12437395659432388
0 0.324609375 0.5701168614357263 0.08515625 0.11352253756260434
0 0.783984375 0.4315525876460768 0.08984375 0.1302170283806344
0 0.53046875 0.22328881469115192 0.1078125 0.10934891485809682
0 0.3984375 0.6556761268781303 0.09765625 0.08180300500834725
0 0.2890625 0.17153589315525877 0.10078125 0.10684474123539232
0 0.646875 0.1327212020033389 0.11328125 0.11101836393989983
0 0.851171875 0.3151085141903172 0.1046875 0.11936560934891485
0 0.772265625 0.5717863105175293 0.09140625 0.09682804674457429
0 0.507421875 0.3209515859766277 0.10703125 0.08013355592654424
0 0.771875 0.19782971619365608 0.1015625 0.10934891485809682
0 0.353125 0.8589315525876461 0.09296875 0.10517529215358931
0 0.67265625 0.5525876460767947 0.078125 0.11435726210350584
0 0.401953125 0.2395659432387312 0.090625 0.09015025041736227
0 0.403515625 0.12270450751252086 0.09296875 0.10684474123539232
0 0.727734375 0.8318030050083473 0.10859375 0.10851419031719532
0 0.219140625 0.5371452420701168 0.0734375 0.10934891485809682
0 0.823046875 0.7341402337228714 0.1015625 0.11352253756260434
0 0.298046875 0.3071786310517529 0.090625 0.08848080133555926
0 0.375390625 0.36185308848080133 0.08671875 0.08263772954924875
0 0.481640625 0.3998330550918197 0.08984375 0.0659432387312187
0 0.26484375 0.6439899833055092 0.07421875 0.08514190317195326
0 0.48359375 0.8789649415692822 0.10546875 0.1018363939899833
0 0.11328125 0.4023372287145242 0.1 0.15525876460767946
0 0.6796875 0.4373956594323873 0.0796875 0.0993322203672788
0 0.598046875 0.8747913188647746 0.1015625 0.1001669449081803
0 0.16328125 0.6907345575959933 0.09375 0.11769616026711185
0 0.471484375 0.7666944908180301 0.09296875 0.08013355592654424
0 0.87421875 0.6005843071786311 0.10234375 0.11435726210350584
0 0.726171875 0.3113522537562604 0.06953125 0.09098497495826377
0 0.503515625 0.6698664440734557 0.10625 0.07595993322203673
0 0.3578125 0.7312186978297162 0.1 0.10684474123539232
0 0.455859375 0.577212020033389 0.09453125 0.08263772954924875
0 0.88125 0.4611853088480801 0.08984375 0.1285475792988314
0 0.612890625 0.35517529215358934 0.07890625 0.07512520868113523
0 0.189453125 0.2570951585976628 0.1125 0.11769616026711185
0 0.6125 0.6535893155258765 0.090625 0.0676126878130217
0 0.639453125 0.256677796327212 0.078125 0.10267111853088481
0 0.31015625 0.4565943238731219 0.071875 0.07929883138564274