0 0.20625 0.7687813021702838 0.11015625 0.12186978297161936
0 0.559375 0.7717028380634391 0.11796875 0.10267111853088481
0 0.684765625 0.7074290484140233 0.1 0.10350584307178631
0 0.556640625 0.1139398998330551 0.08828125 0.09181969949916527
0 0.391796875 0.4657762938230384 0.08515625 0.10350584307178631
0 0.232421875 0.3843906510851419 0.09296875 0.08597662771285476
0 0.566015625 0.573873121869783 0.08125 0.07679465776293823
0 0.596875 0.46160267111853087 0.08125 0.09766277128547579
0 0.102734375 0.5137729549248747 0.0890625 0.11853088480801335
0 0.31875 0.5500834724540902 0.078125 0.10851419031719532
0 0.789453125 0.4636894824707846 0.08203125 0.12520868113522537
0 0.557421875 0.2278797996661102 0.1015625 0.1018363939899833
0 0.38359375 0.6435726210350584 0.09375 0.07512520868113523
0 0.32265625 0.1498330550918197 0.09453125 0.1001669449081803
0 0.68203125 0.15108514190317196 0.10703125 0.10350584307178631
0 0.8671875 0.35517529215358934 0.09765625 0.11268781302170283
0 0.763671875 0.6018363939899833 0.0859375 0.09098497495826377
0 0.524609375 0.3226210350584307 0.10234375 0.07262103505843072
0 0.799609375 0.2295492487479132 0.0953125 0.10267111853088481
0 0.31875 0.840567612687813 0.08671875 0.0993322203672788
0 0.66640625 0.5713689482470785 0.07109375 0.11018363939899833
0 0.427734375 0.22996661101836394 0.0859375 0.08430717863105175
0 0.441015625 0.1139398998330551 0.08671875 0.1010016694490818
0 0.69375 0.8555926544240401 0.10234375 0.1010016694490818
0 0.2171875 0.5054257095158597 0.0671875 0.10434056761268781
0 0.7984375 0.7687813021702838 0.09453125 0.10684474123539232
0 0.31796875 0.28589315525876463 0.0859375 0.08263772954924875
0 0.389453125 0.3484974958263773 0.0828125 0.07679465776293823
0 0.49140625 0.39858096828046746 0.0859375 0.06010016694490818
0 0.251953125 0.6168614357262103 0.06953125 0.08096828046744574
0 0.446484375 0.8752086811352254 0.1 0.09432387312186978
0 0.125 0.3597662771285476 0.090625 0.14941569282136896
0 0.684765625 0.4578464106844741 0.07421875 0.09432387312186978
0 0.5609375 0.8835559265442404 0.09609375 0.09348914858096828
0 0.146484375 0.6519198664440734 0.08671875 0.11185308848080133
0 0.445703125 0.7621035058430717 0.0890625 0.07429048414023372
0 0.862109375 0.6419031719532554 0.0953125 0.10767946577629382
0 0.743359375 0.33764607679465775 0.0640625 0.08597662771285476
0 0.487109375 0.6690317195325542 0.10234375 0.06844741235392321
0 0.3359375 0.7141068447412354 0.09375 0.1001669449081803
0 0.4484375 0.5717863105175293 0.090625 0.07595993322203673
0 0.8828125 0.5037562604340567 0.0828125 0.12353923205342238
0 0.6265625 0.3685308848080134 0.07421875 0.07011686143572621
0 0.21484375 0.22370617696160267 0.10546875 0.11018363939899833
0 0.596875 0.6652754590984975 0.08671875 0.06176961602671119
0 0.6625 0.2733722871452421 0.071875 0.09849749582637729
0 0.315625 0.4357262103505843 0.06796875 0.07429048414023372