0 0.418359375 0.7835264900662252 0.11171875 0.11506622516556292
0 0.404296875 0.527317880794702 0.10078125 0.10430463576158941
0 0.8390625 0.6788079470198676 0.10234375 0.12251655629139073
0 0.35859375 0.3667218543046358 0.08828125 0.09933774834437085
0 0.87421875 0.48923841059602646 0.08125 0.12003311258278146
0 0.6453125 0.6096854304635762 0.10625 0.11589403973509933
0 0.441796875 0.4201158940397351 0.090625 0.10099337748344371
0 0.281640625 0.6970198675496688 0.1109375 0.10347682119205298
0 0.71875 0.3125 0.09765625 0.12665562913907286
0 0.434375 0.6543874172185431 0.09140625 0.10430463576158941
0 0.656640625 0.37665562913907286 0.0828125 0.09519867549668874
0 0.216796875 0.785182119205298 0.121875 0.10347682119205298
0 0.33671875 0.6038907284768212 0.078125 0.08278145695364239
0 0.54296875 0.40024834437086093 0.10234375 0.11009933774834436
0 0.2515625 0.38038079470198677 0.0984375 0.11589403973509933
0 0.341796875 0.2574503311258278 0.125 0.10347682119205298
0 0.64375 0.11713576158940397 0.10703125 0.11341059602649006
0 0.8453125 0.3224337748344371 0.10390625 0.12334437086092716
0 0.671484375 0.7139900662251656 0.1125 0.10182119205298014
0 0.356640625 0.8663079470198676 0.1125 0.09685430463576158
0 0.780859375 0.44039735099337746 0.0890625 0.13741721854304637
0 0.11171875 0.5219370860927153 0.10390625 0.09602649006622517
0 0.487109375 0.10513245033112582 0.12734375 0.09933774834437085
0 0.54140625 0.6738410596026491 0.0890625 0.08940397350993377
0 0.46171875 0.30753311258278143 0.0984375 0.076158940397351
0 0.56640625 0.30960264900662254 0.09453125 0.08609271523178808
0 0.31953125 0.48882450331125826 0.08828125 0.08112582781456953
0 0.351953125 0.15397350993377484 0.08203125 0.07947019867549669
0 0.5421875 0.8725165562913907 0.1015625 0.10264900662251655
0 0.70703125 0.8153973509933775 0.1125 0.10182119205298014
0 0.138671875 0.396523178807947 0.084375 0.10347682119205298
0 0.510546875 0.5745033112582781 0.09296875 0.09685430463576158
0 0.614453125 0.22847682119205298 0.09296875 0.10016556291390728
0 0.55390625 0.7673841059602649 0.0921875 0.09271523178807947
0 0.21640625 0.2504139072847682 0.109375 0.11589403973509933
0 0.7515625 0.19950331125827814 0.08359375 0.09685430463576158
0 0.14765625 0.6721854304635762 0.0875 0.10347682119205298
0 0.205078125 0.5447019867549668 0.0859375 0.14735099337748345
0 0.487109375 0.2081953642384106 0.11015625 0.08443708609271523
0 0.705859375 0.4900662251655629 0.07421875 0.12417218543046357
0 0.765234375 0.5860927152317881 0.08125 0.1216887417218543
0 0.608984375 0.5045529801324503 0.0984375 0.11258278145695365