0 0.373046875 0.7640728476821192 0.11171875 0.11506622516556292
0 0.401171875 0.5091059602649006 0.10078125 0.10430463576158941
0 0.8046875 0.7384105960264901 0.10234375 0.12251655629139073
0 0.382421875 0.34271523178807944 0.08828125 0.09933774834437085
0 0.8703125 0.5583609271523179 0.08125 0.12003311258278146
0 0.625390625 0.6345198675496688 0.10625 0.11589403973509933
0 0.45546875 0.4105960264900662 0.090625 0.10099337748344371
0 0.252734375 0.6535596026490066 0.1109375 0.10347682119205298
0 0.74609375 0.35596026490066224 0.09765625 0.12665562913907286
0 0.41015625 0.6399006622516556 0.09140625 0.10430463576158941
0 0.67421875 0.40728476821192056 0.0828125 0.09519867549668874
0 0.174609375 0.7284768211920529 0.121875 0.10347682119205298
0 0.322265625 0.5724337748344371 0.078125 0.08278145695364239
0 0.558984375 0.4097682119205298 0.10234375 0.11009933774834436
0 0.275 0.3365066225165563 0.0984375 0.11589403973509933
0 0.383984375 0.2322019867549669 0.125 0.10347682119205298
0 0.704296875 0.1494205298013245 0.10703125 0.11341059602649006
0 0.869140625 0.388658940397351 0.10390625 0.12334437086092716
0 0.63359375 0.742135761589404 0.1125 0.10182119205298014
0 0.298828125 0.8344370860927153 0.1125 0.09685430463576158
0 0.786328125 0.4929635761589404 0.0890625 0.13741721854304637
0 0.1140625 0.44991721854304634 0.10390625 0.09602649006622517
0 0.551953125 0.10885761589403974 0.12734375 0.09933774834437085
0 0.512109375 0.6788079470198676 0.0890625 0.08940397350993377
0 0.49375 0.3033940397350993 0.0984375 0.076158940397351
0 0.596484375 0.32491721854304634 0.09453125 0.08609271523178808
0 0.32421875 0.4557119205298013 0.08828125 0.08112582781456953
0 0.4109375 0.1320364238410596 0.08203125 0.07947019867549669
0 0.48046875 0.8745860927152318 0.1015625 0.10264900662251655
0 0.65234375 0.8485099337748344 0.1125 0.10182119205298014
0 0.1609375 0.33153973509933776 0.084375 0.10347682119205298
0 0.498046875 0.5753311258278145 0.09296875 0.09685430463576158
0 0.65703125 0.2537251655629139 0.09296875 0.10016556291390728
0 0.509375 0.7735927152317881 0.0921875 0.09271523178807947
0 0.261328125 0.20198675496688742 0.109375 0.11589403973509933
0 0.796875 0.2504139072847682 0.08359375 0.09685430463576158
0 0.124609375 0.6047185430463576 0.0875 0.10347682119205298
0 0.201953125 0.4896523178807947 0.0859375 0.14735099337748345
0 0.53515625 0.21026490066225165 0.11015625 0.08443708609271523
0 0.704296875 0.5281456953642384 0.07421875 0.12417218543046357
0 0.746875 0.6332781456953642 0.08125 0.1216887417218543
0 0.606640625 0.5244205298013245 0.0984375 0.11258278145695365