0 0.71328125 0.851698425849213 0.1421875 0.15741507870753935
0 0.56015625 0.6975973487986744 0.16015625 0.11433305716652858
0 0.858984375 0.6164043082021541 0.128125 0.15741507870753935
0 0.8625 0.463960231980116 0.15625 0.16901408450704225
0 0.54765625 0.11267605633802817 0.13125 0.115990057995029
0 0.56328125 0.7879038939519469 0.08046875 0.09030654515327258
0 0.594140625 0.8856669428334715 0.1140625 0.14415907207953604
0 0.193359375 0.4138359569179785 0.078125 0.1035625517812759
0 0.29609375 0.16487158243579123 0.08828125 0.10687655343827672
0 0.75 0.4395194697597349 0.0828125 0.09776304888152444
0 0.471875 0.9101077050538525 0.1375 0.11350455675227837
0 0.557421875 0.22990886495443247 0.096875 0.09196354598177299
0 0.73984375 0.6735708367854184 0.1078125 0.15410107705053852
0 0.38515625 0.3123446561723281 0.090625 0.08864954432477216
0 0.40625 0.12303231151615576 0.1390625 0.12841756420878211
0 0.8234375 0.743993371996686 0.1046875 0.12924606462303231
0 0.09453125 0.48260149130074564 0.08359375 0.13670256835128416
0 0.26953125 0.7978458989229494 0.1359375 0.13338856669428334
0 0.359765625 0.8786246893123446 0.10234375 0.08947804473902236
0 0.75625 0.5447390223695112 0.0796875 0.09527754763877382
0 0.462109375 0.7899751449875725 0.109375 0.10273405136702568
0 0.681640625 0.4660314830157415 0.08359375 0.09693454846727423
0 0.351953125 0.6623860811930405 0.0796875 0.07373653686826843
0 0.82109375 0.32104391052195524 0.10703125 0.1507870753935377
0 0.2203125 0.59983429991715 0.090625 0.1035625517812759
0 0.4625 0.572079536039768 0.08671875 0.07787903893951947
0 0.3703125 0.5302402651201326 0.0734375 0.06545153272576636
0 0.471484375 0.36495443247721626 0.090625 0.07207953603976802
0 0.48828125 0.6379453189726595 0.08984375 0.07125103562551781
0 0.249609375 0.31938690969345485 0.08359375 0.1060480530240265
0 0.598046875 0.45857497928748964 0.06953125 0.06628003314001657
0 0.10703125 0.6135045567522783 0.1 0.13670256835128416
0 0.567578125 0.6097763048881525 0.0703125 0.07539353769676885
0 0.301171875 0.6147473073736537 0.06484375 0.06462303231151616
0 0.260546875 0.45898922949461474 0.0671875 0.07953603976801989
0 0.45703125 0.2307373653686827 0.08515625 0.08782104391052195
0 0.35625 0.743993371996686 0.12578125 0.11101905550952776
0 0.2671875 0.6893123446561723 0.08359375 0.09030654515327258
0 0.21015625 0.23653686826843415 0.09375 0.11847555923777962
0 0.135546875 0.3367854183927092 0.08984375 0.11681855840927921
0 0.65234375 0.2792046396023198 0.08515625 0.08699254349627175
0 0.307421875 0.3740679370339685 0.06796875 0.07870753935376967
0 0.5140625 0.4531897265948633 0.08671875 0.07870753935376967
0 0.4203125 0.44449047224523613 0.07421875 0.07042253521126761
0 0.34140625 0.46023198011599004 0.0625 0.09030654515327258
0 0.6375 0.364125932062966 0.134375 0.1060480530240265
0 0.437890625 0.7025683512841756 0.07734375 0.06379453189726594
0 0.387890625 0.38111019055509526 0.07109375 0.06710853355426678
0 0.184375 0.5099420049710025 0.07734375 0.08367854183927093
0 0.550390625 0.5443247721623861 0.0703125 0.08450704225352113
0 0.348828125 0.2531068765534383 0.1171875 0.10687655343827672
0 0.615625 0.5422535211267606 0.059375 0.08450704225352113
0 0.155859375 0.7178956089478045 0.11171875 0.17232808616404308
0 0.675390625 0.5903065451532725 0.084375 0.140016570008285
0 0.40234375 0.6147473073736537 0.08515625 0.07125103562551781
0 0.7296875 0.22493786246893124 0.121875 0.1060480530240265
0 0.329296875 0.552195526097763 0.0671875 0.0695940347970174
0 0.655859375 0.7580778790389395 0.0890625 0.09444904722452362
0 0.50390625 0.29411764705882354 0.14609375 0.0820215410107705
0 0.273046875 0.5376967688483845 0.05859375 0.07207953603976802
0 0.5609375 0.38939519469759737 0.07734375 0.06379453189726594
0 0.65078125 0.1628003314001657 0.11796875 0.09444904722452362
0 0.731640625 0.34507042253521125 0.0890625 0.0927920463960232