0 0.19921875 0.7700911350455675 0.13671875 0.1516155758077879
0 0.38828125 0.6702568351284176 0.15703125 0.10687655343827672
0 0.124609375 0.5 0.12265625 0.15244407622203812
0 0.16328125 0.35294117647058826 0.15 0.1632145816072908
0 0.5609375 0.11474730737365368 0.12734375 0.11019055509527755
0 0.36015625 0.7555923777961889 0.07734375 0.08699254349627175
0 0.303515625 0.8396851698425849 0.10859375 0.140016570008285
0 0.816796875 0.5124275062137531 0.07421875 0.10024855012427507
0 0.7875 0.2427506213753107 0.084375 0.1035625517812759
0 0.277734375 0.36454018227009116 0.07890625 0.09444904722452362
0 0.413671875 0.9005799502899752 0.13359375 0.10770505385252693
0 0.519921875 0.22369511184755592 0.09375 0.08864954432477216
0 0.223046875 0.5915492957746479 0.1015625 0.1499585749792875
0 0.661328125 0.35625517812758906 0.0875 0.08533554266777134
0 0.693359375 0.16818558409279205 0.13515625 0.12261806130903065
0 0.1234375 0.6329743164871583 0.1 0.1259320629660315
0 0.892578125 0.6089478044739023 0.078125 0.13421706710853357
0 0.63828125 0.8562551781275891 0.13125 0.1275890637945319
0 0.5296875 0.9055509527754764 0.09921875 0.08533554266777134
0 0.242578125 0.4631317315658658 0.0765625 0.0927920463960232
0 0.45625 0.7891466445733223 0.10625 0.09776304888152444
0 0.335546875 0.4109362054681027 0.0796875 0.0936205468102734
0 0.596875 0.7013256006628004 0.0765625 0.07042253521126761
0 0.2421875 0.22949461474730737 0.10078125 0.14664457332228667
0 0.73984375 0.6822700911350456 0.08671875 0.10024855012427507
0 0.516015625 0.5803645401822701 0.084375 0.07373653686826843
0 0.615625 0.5691797845898923 0.07109375 0.06213753106876554
0 0.564453125 0.37986743993371996 0.08828125 0.06793703396851698
0 0.4734375 0.6354598177299089 0.08828125 0.06710853355426678
0 0.7890625 0.40513670256835127 0.0796875 0.10273405136702568
0 0.417578125 0.4299917149958575 0.06796875 0.06296603148301574
0 0.84453125 0.7303231151615576 0.09453125 0.13338856669428334
0 0.405078125 0.584092792046396 0.0671875 0.07290803645401822
0 0.65859375 0.6714995857497928 0.0625 0.061309030654515324
0 0.740234375 0.5352112676056338 0.0640625 0.07705053852526926
0 0.615234375 0.256006628003314 0.08203125 0.08450704225352113
0 0.5703125 0.7779618889809445 0.121875 0.1060480530240265
0 0.670703125 0.7535211267605634 0.08046875 0.08699254349627175
0 0.849609375 0.3376139188069594 0.0890625 0.11516155758077878
0 0.893359375 0.45691797845898924 0.0859375 0.11350455675227837
0 0.415234375 0.24150787075393537 0.08203125 0.08367854183927093
0 0.71875 0.4391052195526098 0.065625 0.07539353769676885
0 0.49921875 0.4507042253521127 0.084375 0.07456503728251865
0 0.59140625 0.47141673570836784 0.071875 0.06710853355426678
0 0.6625 0.5111847555923777 0.059375 0.08782104391052195
0 0.405859375 0.3276719138359569 0.13125 0.09942004971002485
0 0.503515625 0.7129246064623033 0.07578125 0.06048053024026512
0 0.640234375 0.4208782104391052 0.06875 0.06379453189726594
0 0.79921875 0.6072908036454018 0.07421875 0.0811930405965203
0 0.439453125 0.5269262634631318 0.0671875 0.0820215410107705
0 0.712890625 0.3106876553438277 0.11328125 0.10190555095277548
0 0.377734375 0.5045567522783762 0.05625 0.08285004142502071
0 0.76875 0.8152444076222038 0.1046875 0.16818558409279205
0 0.307421875 0.531897265948633 0.07890625 0.1375310687655344
0 0.56171875 0.640016570008285 0.0828125 0.06710853355426678
0 0.35625 0.16570008285004142 0.11875 0.10024855012427507
0 0.648828125 0.6027340513670257 0.06484375 0.06710853355426678
0 0.2796875 0.6984258492129246 0.08515625 0.09030654515327258
0 0.552734375 0.3019884009942005 0.14453125 0.07456503728251865
0 0.706640625 0.6060480530240265 0.05625 0.0695940347970174
0 0.472265625 0.3753106876553438 0.075 0.06048053024026512
0 0.448828125 0.1304888152444076 0.11484375 0.08947804473902236
0 0.32109375 0.28003314001657 0.0859375 0.08864954432477216