0 0.715234375 0.8006445672191529 0.14921875 0.1731123388581952
0 0.2546875 0.6137200736648251 0.12421875 0.14917127071823205
0 0.120703125 0.5718232044198895 0.12578125 0.15285451197053407
0 0.5484375 0.8623388581952118 0.15078125 0.15469613259668508
0 0.11875 0.39318600368324125 0.1125 0.1445672191528545
0 0.46015625 0.6261510128913443 0.11328125 0.1141804788213628
0 0.7859375 0.43047882136279925 0.09453125 0.13075506445672191
0 0.66015625 0.3789134438305709 0.09296875 0.11233885819521179
0 0.894921875 0.5119705340699816 0.1 0.13812154696132597
0 0.7453125 0.5695211786372008 0.1046875 0.13167587476979742
0 0.18984375 0.759208103130755 0.17578125 0.20626151012891344
0 0.8515625 0.3291896869244936 0.12265625 0.13996316758747698
0 0.8328125 0.6749539594843462 0.11484375 0.16482504604051565
0 0.325 0.5317679558011049 0.09375 0.11786372007366483
0 0.219921875 0.4553406998158379 0.09765625 0.11786372007366483
0 0.381640625 0.7136279926335175 0.13203125 0.12338858195211787
0 0.53125 0.7136279926335175 0.10546875 0.1151012891344383
0 0.200390625 0.2154696132596685 0.11484375 0.13996316758747698
0 0.664453125 0.6781767955801105 0.0953125 0.11602209944751381
0 0.61328125 0.5621546961325967 0.090625 0.1151012891344383
0 0.3140625 0.3641804788213628 0.09453125 0.11141804788213629
0 0.365625 0.85451197053407 0.14375 0.15101289134438306
0 0.430859375 0.24631675874769798 0.09453125 0.10405156537753223
0 0.737890625 0.30662983425414364 0.1015625 0.1151012891344383
0 0.55546875 0.4102209944751381 0.05234375 0.06445672191528545
0 0.453515625 0.36970534069981587 0.0515625 0.061694290976058934
0 0.263671875 0.289134438305709 0.0875 0.10589318600368323
0 0.3796875 0.3789134438305709 0.0453125 0.06721915285451197
0 0.479296875 0.31261510128913444 0.05234375 0.06077348066298342
0 0.375390625 0.4488950276243094 0.04609375 0.06445672191528545
0 0.425390625 0.43324125230202576 0.05 0.05985267034990792
0 0.53984375 0.31077348066298344 0.0546875 0.05985267034990792
0 0.355859375 0.2946593001841621 0.04765625 0.0570902394106814
0 0.526953125 0.47007366482504603 0.05078125 0.05985267034990792
0 0.575390625 0.35865561694290976 0.053125 0.058931860036832415
0 0.45 0.5418968692449355 0.0546875 0.061694290976058934
0 0.6 0.2914364640883978 0.05078125 0.06077348066298342
0 0.66328125 0.49263351749539597 0.04609375 0.05985267034990792
0 0.6109375 0.42771639042357273 0.04765625 0.06261510128913444
0 0.54375 0.608195211786372 0.0515625 0.053406998158379376
0 0.517578125 0.5409760589318601 0.053125 0.058931860036832415
0 0.301171875 0.4521178637200737 0.05390625 0.06261510128913444
0 0.37890625 0.598987108655617 0.053125 0.056169429097605895
0 0.396484375 0.5101289134438306 0.05546875 0.06629834254143646
0 0.5078125 0.11694290976058933 0.45234375 0.20810313075506445
0 0.574609375 0.48987108655616945 0.053125 0.06537753222836096
0 0.5140625 0.36464088397790057 0.05859375 0.06629834254143646
0 0.51796875 0.24585635359116023 0.04609375 0.05156537753222836
0 0.421484375 0.3278084714548803 0.04765625 0.05156537753222836
0 0.466796875 0.47790055248618785 0.053125 0.058931860036832415