0 0.259375 0.7720994475138122 0.1375 0.15930018416206262
0 0.733984375 0.6431860036832413 0.1140625 0.13720073664825047
0 0.870703125 0.6178637200736649 0.115625 0.1408839779005525
0 0.41953125 0.8540515653775322 0.140625 0.13996316758747698
0 0.88828125 0.44060773480662985 0.10234375 0.13443830570902393
0 0.528515625 0.6307550644567219 0.10625 0.10313075506445672
0 0.221484375 0.39548802946593004 0.08515625 0.12338858195211787
0 0.3515625 0.36003683241252304 0.08515625 0.10405156537753223
0 0.10625 0.4631675874769797 0.090625 0.1289134438305709
0 0.249609375 0.5391344383057091 0.0953125 0.12246777163904236
0 0.785546875 0.7960405156537753 0.16171875 0.18968692449355432
0 0.165625 0.2868324125230203 0.1140625 0.1279926335174954
0 0.153515625 0.6330570902394107 0.103125 0.15469613259668508
0 0.67109375 0.5534069981583793 0.0859375 0.10957642725598526
0 0.782421875 0.48987108655616945 0.0890625 0.10865561694290976
0 0.598828125 0.7274401473296501 0.12421875 0.10957642725598526
0 0.45 0.7085635359116023 0.09765625 0.10497237569060773
0 0.8234375 0.2541436464088398 0.10546875 0.1289134438305709
0 0.320703125 0.6569981583793738 0.0875 0.10681399631675875
0 0.38203125 0.5478821362799263 0.0828125 0.10681399631675875
0 0.696875 0.3876611418047882 0.0875 0.10220994475138122
0 0.60234375 0.8692449355432781 0.13359375 0.13720073664825047
0 0.59140625 0.2559852670349908 0.0875 0.09484346224677716
0 0.28046875 0.2785451197053407 0.09375 0.10589318600368323
0 0.452734375 0.4037753222836096 0.04765625 0.05985267034990792
0 0.5578125 0.3761510128913444 0.04765625 0.0570902394106814
0 0.753515625 0.31952117863720075 0.08046875 0.09760589318600368
0 0.63046875 0.39410681399631675 0.03984375 0.06353591160220995
0 0.537109375 0.31583793738489874 0.0484375 0.056169429097605895
0 0.628125 0.464548802946593 0.04140625 0.05985267034990792
0 0.580078125 0.44244935543278086 0.04609375 0.055248618784530384
0 0.47734375 0.3070902394106814 0.05078125 0.05432780847145488
0 0.66171875 0.31353591160220995 0.04375 0.052486187845303865
0 0.47578125 0.46685082872928174 0.046875 0.055248618784530384
0 0.4375 0.34990791896869244 0.04921875 0.05432780847145488
0 0.54609375 0.5478821362799263 0.05078125 0.056169429097605895
0 0.419140625 0.27992633517495397 0.046875 0.056169429097605895
0 0.33828125 0.47283609576427255 0.0421875 0.055248618784530384
0 0.39609375 0.4143646408839779 0.04296875 0.058011049723756904
0 0.446875 0.6022099447513812 0.04765625 0.04880294659300184
0 0.47890625 0.5386740331491713 0.04921875 0.05432780847145488
0 0.701953125 0.47697974217311234 0.05 0.0570902394106814
0 0.61171875 0.6137200736648251 0.04921875 0.05064456721915286
0 0.601953125 0.5230202578268877 0.05078125 0.06077348066298342
0 0.526171875 0.11786372007366483 0.44765625 0.15561694290976058
0 0.426953125 0.48066298342541436 0.0484375 0.06077348066298342
0 0.498046875 0.36372007366482506 0.05390625 0.06077348066298342
0 0.5046875 0.24493554327808473 0.0421875 0.04696132596685083
0 0.593359375 0.3383977900552486 0.04375 0.04788213627992634
0 0.534765625 0.48204419889502764 0.04921875 0.05432780847145488