0 0.73671875 0.18459552495697074 0.10703125 0.11962134251290878
0 0.145703125 0.36187607573149744 0.0984375 0.13253012048192772
0 0.556640625 0.367039586919105 0.09375 0.07228915662650602
0 0.8984375 0.5697074010327022 0.096875 0.14199655765920827
0 0.46640625 0.8136833046471601 0.08984375 0.08175559380378658
0 0.5703125 0.903184165232358 0.09765625 0.08777969018932874
0 0.6796875 0.27581755593803786 0.10390625 0.1316695352839931
0 0.627734375 0.3253012048192771 0.07421875 0.08261617900172118
0 0.723828125 0.4892426850258176 0.08359375 0.08777969018932874
0 0.366796875 0.7994836488812392 0.08671875 0.07228915662650602
0 0.3359375 0.8816695352839932 0.084375 0.08175559380378658
0 0.830859375 0.29862306368330466 0.08359375 0.10843373493975904
0 0.837109375 0.6910499139414802 0.08203125 0.10843373493975904
0 0.686328125 0.8704819277108434 0.11484375 0.0981067125645439
0 0.28984375 0.5602409638554217 0.0734375 0.11359724612736662
0 0.28828125 0.7431153184165232 0.07421875 0.07401032702237521
0 0.6203125 0.13253012048192772 0.10390625 0.08433734939759036
0 0.509375 0.7319277108433735 0.07265625 0.07056798623063683
0 0.625 0.4444922547332186 0.0875 0.0972461273666093
0 0.1796875 0.5387263339070568 0.08359375 0.12908777969018934
0 0.42578125 0.641566265060241 0.0953125 0.0757314974182444
0 0.36015625 0.14931153184165233 0.125 0.08175559380378658
0 0.23359375 0.2310671256454389 0.11640625 0.10585197934595525
0 0.499609375 0.12650602409638553 0.1078125 0.09122203098106713
0 0.673828125 0.7723752151462995 0.0765625 0.0783132530120482
0 0.55546875 0.2112736660929432 0.11875 0.08347676419965576
0 0.30078125 0.4406196213425129 0.0796875 0.10154905335628227
0 0.346875 0.3399311531841652 0.08125 0.08089500860585198
0 0.160546875 0.7005163511187608 0.10234375 0.11962134251290878
0 0.220703125 0.6458691910499139 0.07734375 0.1153184165232358
0 0.44140625 0.29604130808950085 0.09140625 0.0783132530120482
0 0.38671875 0.4079173838209983 0.07265625 0.08777969018932874
0 0.445703125 0.4401893287435456 0.07734375 0.0774526678141136
0 0.46796875 0.3614457831325301 0.096875 0.0783132530120482
0 0.573046875 0.8050774526678142 0.09140625 0.08089500860585198
0 0.419921875 0.22633390705679862 0.09453125 0.09294320137693632
0 0.5421875 0.28012048192771083 0.08671875 0.08347676419965576
0 0.537890625 0.4444922547332186 0.06953125 0.08261617900172118
0 0.237109375 0.8145438898450946 0.096875 0.10757314974182444
0 0.3828125 0.5830464716006885 0.08984375 0.08347676419965576
0 0.7625 0.6557659208261618 0.08203125 0.08777969018932874
0 0.68203125 0.39888123924268504 0.0859375 0.08950086058519793
0 0.100390625 0.46729776247848537 0.07578125 0.10843373493975904
0 0.444921875 0.9070567986230637 0.1109375 0.08347676419965576
0 0.514453125 0.6432874354561101 0.08203125 0.0972461273666093
0 0.77109375 0.786144578313253 0.0765625 0.09294320137693632
0 0.671875 0.6514629948364888 0.075 0.058519793459552494
0 0.641796875 0.5477624784853701 0.0765625 0.10240963855421686
0 0.81015625 0.5271084337349398 0.06875 0.07487091222030981
0 0.405078125 0.7319277108433735 0.08671875 0.07401032702237521
0 0.417578125 0.5309810671256454 0.0546875 0.076592082616179
0 0.222265625 0.40146299483648884 0.07265625 0.08433734939759036
0 0.782421875 0.38683304647160066 0.06796875 0.11962134251290878
0 0.57421875 0.5335628227194492 0.059375 0.08261617900172118
0 0.29296875 0.2891566265060241 0.0859375 0.0963855421686747
0 0.5890625 0.6191910499139415 0.05703125 0.0783132530120482
0 0.603515625 0.7074010327022375 0.0859375 0.076592082616179
0 0.8921875 0.41781411359724613 0.078125 0.13855421686746988
0 0.33125 0.6648020654044751 0.08828125 0.08605851979345955
0 0.105078125 0.5843373493975904 0.07734375 0.11617900172117039
0 0.49453125 0.5778829604130808 0.0859375 0.05593803786574871
0 0.35625 0.49311531841652323 0.05625 0.09982788296041308
0 0.710546875 0.5692771084337349 0.05546875 0.08777969018932874