0 0.234375 0.2134251290877797 0.103125 0.1153184165232358
0 0.8390625 0.3218588640275387 0.09453125 0.12908777969018934
0 0.43125 0.3743545611015491 0.0921875 0.06884681583476764
0 0.110546875 0.6153184165232358 0.0921875 0.13855421686746988
0 0.56328125 0.8080895008605852 0.0875 0.07917383820998279
0 0.468359375 0.9087779690189329 0.0953125 0.08433734939759036
0 0.3 0.2977624784853701 0.1 0.12822719449225473
0 0.35625 0.3412220309810671 0.071875 0.08003442340791739
0 0.2765625 0.5150602409638554 0.08125 0.08433734939759036
0 0.6609375 0.7822719449225474 0.08515625 0.06970740103270223
0 0.699609375 0.8610154905335629 0.08203125 0.07917383820998279
0 0.1515625 0.33777969018932874 0.08046875 0.10499139414802065
0 0.1828125 0.7289156626506024 0.07890625 0.10585197934595525
0 0.349609375 0.8898450946643718 0.1125 0.09380378657487091
0 0.714453125 0.5357142857142857 0.06953125 0.11101549053356283
0 0.73359375 0.7172977624784854 0.07265625 0.07142857142857142
0 0.3453125 0.14845094664371772 0.1015625 0.08003442340791739
0 0.512890625 0.7314974182444062 0.07109375 0.06798623063683305
0 0.370703125 0.459552495697074 0.08515625 0.09466437177280551
0 0.822265625 0.5017211703958692 0.0796875 0.12650602409638553
0 0.587109375 0.6320998278829604 0.09375 0.07228915662650602
0 0.605859375 0.1351118760757315 0.1234375 0.076592082616179
0 0.739453125 0.20180722891566266 0.11328125 0.10154905335628227
0 0.46484375 0.12865748709122204 0.10546875 0.08777969018932874
0 0.352734375 0.7913080895008606 0.07421875 0.0757314974182444
0 0.417578125 0.21944922547332185 0.11640625 0.07917383820998279
0 0.692578125 0.41824440619621345 0.0765625 0.09896729776247848
0 0.637109375 0.32358003442340794 0.07890625 0.0774526678141136
0 0.856640625 0.6600688468158348 0.0984375 0.11617900172117039
0 0.791796875 0.612736660929432 0.0734375 0.11273666092943202
0 0.5390625 0.290447504302926 0.0890625 0.07487091222030981
0 0.60390625 0.39543889845094665 0.0703125 0.08519793459552495
0 0.5484375 0.43459552495697074 0.075 0.07487091222030981
0 0.51875 0.35843373493975905 0.09453125 0.07487091222030981
0 0.45625 0.8115318416523236 0.0890625 0.0774526678141136
0 0.553515625 0.21858864027538727 0.09140625 0.08950086058519793
0 0.4375 0.286144578313253 0.084375 0.08089500860585198
0 0.45703125 0.44922547332185886 0.0671875 0.08003442340791739
0 0.791015625 0.7822719449225474 0.09375 0.10413080895008606
0 0.624609375 0.5692771084337349 0.0875 0.08089500860585198
0 0.25390625 0.685025817555938 0.0796875 0.08433734939759036
0 0.309375 0.42039586919104993 0.0828125 0.08691910499139414
0 0.894140625 0.42168674698795183 0.07265625 0.10585197934595525
0 0.593359375 0.8984509466437177 0.10859375 0.08003442340791739
0 0.49921875 0.6441480206540448 0.0796875 0.09380378657487091
0 0.257421875 0.8158347676419966 0.07421875 0.09036144578313253
0 0.34375 0.6703958691910499 0.0734375 0.05593803786574871
0 0.363671875 0.5636833046471601 0.0734375 0.09982788296041308
0 0.194140625 0.5623924268502581 0.0671875 0.07228915662650602
0 0.61640625 0.7198795180722891 0.08515625 0.07142857142857142
0 0.58515625 0.5210843373493976 0.05234375 0.07487091222030981
0 0.766796875 0.37005163511187605 0.0703125 0.08175559380378658
0 0.208203125 0.4199655765920826 0.06484375 0.11790017211703958
0 0.429296875 0.5417383820998278 0.05703125 0.08003442340791739
0 0.6859375 0.2663511187607573 0.08359375 0.09380378657487091
0 0.42265625 0.628657487091222 0.0546875 0.076592082616179
0 0.416796875 0.71815834767642 0.084375 0.07401032702237521
0 0.101953125 0.46342512908777966 0.0734375 0.1359724612736661
0 0.68359375 0.6445783132530121 0.0859375 0.08347676419965576
0 0.90078125 0.5382960413080895 0.0734375 0.11359724612736662
0 0.512890625 0.5770223752151463 0.084375 0.05335628227194492
0 0.6421875 0.4763339070567986 0.053125 0.0981067125645439
0 0.297265625 0.5929432013769363 0.05234375 0.08605851979345955