0 0.36875 0.6918706293706294 0.1234375 0.14248251748251747
0 0.6 0.15821678321678323 0.11640625 0.10751748251748251
0 0.325390625 0.3133741258741259 0.1140625 0.131993006993007
0 0.734765625 0.6215034965034965 0.1078125 0.11975524475524475
0 0.805859375 0.32298951048951047 0.10390625 0.1258741258741259
0 0.620703125 0.5791083916083916 0.11875 0.1354895104895105
0 0.42421875 0.3723776223776224 0.1015625 0.12937062937062938
0 0.237890625 0.2298951048951049 0.1 0.11625874125874126
0 0.244140625 0.7596153846153846 0.1078125 0.10926573426573427
0 0.533203125 0.36145104895104896 0.10390625 0.11975524475524475
0 0.6859375 0.3347902097902098 0.12734375 0.145979020979021
0 0.439453125 0.2478146853146853 0.11015625 0.1048951048951049
0 0.508203125 0.6101398601398601 0.0890625 0.10926573426573427
0 0.77734375 0.7657342657342657 0.1125 0.12937062937062938
0 0.65 0.8430944055944056 0.11640625 0.11888111888111888
0 0.7375 0.4737762237762238 0.1015625 0.1284965034965035
0 0.283203125 0.5869755244755245 0.11328125 0.12674825174825174
0 0.844921875 0.4589160839160839 0.0828125 0.13723776223776224
0 0.382421875 0.48164335664335667 0.096875 0.11013986013986014
0 0.50859375 0.8640734265734266 0.1203125 0.10751748251748251
0 0.624609375 0.4375 0.10546875 0.1145104895104895
0 0.137109375 0.4847027972027972 0.09921875 0.125
0 0.26640625 0.44667832167832167 0.09921875 0.131993006993007
0 0.721875 0.21328671328671328 0.1171875 0.11188811188811189
0 0.372265625 0.8365384615384616 0.1296875 0.11013986013986014
0 0.633203125 0.7189685314685315 0.11953125 0.12062937062937062
0 0.346484375 0.1604020979020979 0.11328125 0.10751748251748251
0 0.475 0.13767482517482518 0.12265625 0.10664335664335664
0 0.1703125 0.6424825174825175 0.09921875 0.14160839160839161
0 0.16796875 0.3369755244755245 0.09453125 0.1381118881118881
0 0.496875 0.7307692307692307 0.11953125 0.10839160839160839
0 0.419140625 0.5817307692307693 0.084375 0.09527972027972027
0 0.84921875 0.6136363636363636 0.09140625 0.131993006993007
0 0.5703125 0.26092657342657344 0.1203125 0.10402097902097902