0 0.400390625 0.7145979020979021 0.11640625 0.1346153846153846
0 0.545703125 0.14423076923076922 0.1109375 0.09965034965034965
0 0.298828125 0.3500874125874126 0.10703125 0.125
0 0.75 0.5743006993006993 0.1015625 0.11276223776223776
0 0.773828125 0.2666083916083916 0.09765625 0.11975524475524475
0 0.63125 0.5546328671328671 0.11171875 0.12762237762237763
0 0.40546875 0.388986013986014 0.09453125 0.12325174825174826
0 0.2 0.28496503496503495 0.09375 0.11013986013986014
0 0.28828125 0.8050699300699301 0.10234375 0.10227272727272728
0 0.511328125 0.3570804195804196 0.09765625 0.11276223776223776
0 0.657421875 0.30113636363636365 0.1203125 0.13723776223776224
0 0.401171875 0.2631118881118881 0.1046875 0.0979020979020979
0 0.525390625 0.6070804195804196 0.08359375 0.10402097902097902
0 0.814453125 0.708041958041958 0.10625 0.12237762237762238
0 0.701171875 0.8085664335664335 0.11015625 0.11101398601398602
0 0.7296875 0.42788461538461536 0.0953125 0.12237762237762238
0 0.3 0.6276223776223776 0.10703125 0.11975524475524475
0 0.833203125 0.3924825174825175 0.07578125 0.131993006993007
0 0.38125 0.5048076923076923 0.09140625 0.10402097902097902
0 0.56484375 0.8566433566433567 0.11484375 0.09877622377622378
0 0.612890625 0.4143356643356643 0.1 0.10751748251748251
0 0.140234375 0.5550699300699301 0.09296875 0.11888111888111888
0 0.26171875 0.493006993006993 0.0921875 0.12674825174825174
0 0.67421875 0.17482517482517482 0.11171875 0.10402097902097902
0 0.426171875 0.8562062937062938 0.12421875 0.10139860139860139
0 0.665234375 0.6896853146853147 0.11328125 0.11276223776223776
0 0.29609375 0.19536713286713286 0.1078125 0.10052447552447552
0 0.419140625 0.14816433566433568 0.1171875 0.0979020979020979
0 0.197265625 0.7041083916083916 0.0921875 0.13636363636363635
0 0.14765625 0.40384615384615385 0.08671875 0.131993006993007
0 0.532421875 0.7277097902097902 0.1140625 0.10052447552447552
0 0.4328125 0.5961538461538461 0.0796875 0.09003496503496504
0 0.86171875 0.5441433566433567 0.084375 0.12674825174825174
0 0.53203125 0.2508741258741259 0.115625 0.09527972027972027