0 0.61640625 0.7372384937238494 0.12265625 0.13723849372384936
0 0.728125 0.3682008368200837 0.1140625 0.1397489539748954
0 0.355078125 0.300418410041841 0.1328125 0.14476987447698744
0 0.398828125 0.42343096234309624 0.10625 0.11046025104602511
0 0.6390625 0.5288702928870292 0.09609375 0.10460251046025104
0 0.4828125 0.6150627615062761 0.08828125 0.10543933054393305
0 0.22265625 0.2393305439330544 0.109375 0.13305439330543933
0 0.709375 0.6485355648535565 0.10859375 0.11882845188284519
0 0.837109375 0.31715481171548116 0.10078125 0.11548117154811716
0 0.246484375 0.5769874476987448 0.1171875 0.1205020920502092
0 0.62265625 0.2778242677824268 0.1140625 0.10711297071129706
0 0.516015625 0.3807531380753138 0.10546875 0.11631799163179916
0 0.170703125 0.6962343096234309 0.11328125 0.1297071129707113
0 0.74453125 0.21548117154811716 0.11171875 0.11213389121338913
0 0.71875 0.8380753138075314 0.11328125 0.10292887029288703
0 0.87421875 0.5853556485355649 0.0984375 0.12384937238493723
0 0.34296875 0.1686192468619247 0.12578125 0.1087866108786611
0 0.2796875 0.42343096234309624 0.103125 0.12887029288702928
0 0.47421875 0.7418410041841004 0.12265625 0.10125523012552301
0 0.491015625 0.13179916317991633 0.11640625 0.10376569037656903
0 0.57890625 0.8661087866108786 0.1328125 0.10292887029288703
0 0.49453125 0.2615062761506276 0.12578125 0.100418410041841
0 0.162890625 0.38451882845188284 0.084375 0.13556485355648534
0 0.578515625 0.6129707112970711 0.08359375 0.09288702928870293
0 0.424609375 0.8644351464435146 0.121875 0.100418410041841
0 0.342578125 0.6933054393305439 0.12265625 0.11213389121338913
0 0.37578125 0.5644351464435147 0.1203125 0.1297071129707113
0 0.621875 0.40753138075313805 0.10234375 0.12887029288702928
0 0.8828125 0.44476987447698746 0.0890625 0.13472803347280335
0 0.62265625 0.1594142259414226 0.13046875 0.11799163179916318
0 0.76171875 0.5154811715481171 0.09609375 0.1322175732217573
0 0.284375 0.802510460251046 0.1125 0.1087866108786611
0 0.134375 0.5343096234309623 0.09375 0.1297071129707113
0 0.8203125 0.7271966527196653 0.103125 0.13472803347280335