0 0.36484375 0.7255230125523012 0.1171875 0.13138075313807532
0 0.283203125 0.3472803347280335 0.1078125 0.13389121338912133
0 0.660546875 0.31464435146443515 0.1265625 0.13807531380753138
0 0.60703125 0.43347280334728033 0.1015625 0.10460251046025104
0 0.358984375 0.5158995815899582 0.09140625 0.099581589958159
0 0.5078125 0.6158995815899582 0.08359375 0.10125523012552301
0 0.79765625 0.26610878661087867 0.10390625 0.12719665271966527
0 0.2796875 0.6284518828451883 0.103125 0.11297071129707113
0 0.179296875 0.28661087866108786 0.0953125 0.11046025104602511
0 0.746484375 0.600418410041841 0.11171875 0.11380753138075314
0 0.39609375 0.2669456066945607 0.109375 0.10125523012552301
0 0.49375 0.3799163179916318 0.1 0.11129707112970712
0 0.812109375 0.7263598326359832 0.1078125 0.12384937238493723
0 0.2796875 0.19372384937238493 0.10703125 0.10627615062761506
0 0.2546875 0.8163179916317992 0.10859375 0.09707112970711297
0 0.1203125 0.5502092050209205 0.09296875 0.11882845188284519
0 0.683203125 0.18451882845188283 0.12109375 0.10292887029288703
0 0.725390625 0.44435146443514645 0.09765625 0.12384937238493723
0 0.50625 0.7430962343096235 0.11875 0.09539748953974896
0 0.538671875 0.13430962343096234 0.11171875 0.09707112970711297
0 0.39140625 0.8573221757322176 0.12890625 0.09623430962343096
0 0.525 0.26276150627615064 0.121875 0.09456066945606695
0 0.8453125 0.41631799163179917 0.078125 0.1322175732217573
0 0.412890625 0.605020920502092 0.0796875 0.0887029288702929
0 0.545703125 0.8698744769874477 0.11796875 0.09456066945606695
0 0.641015625 0.7071129707112971 0.11796875 0.10627615062761506
0 0.618359375 0.5757322175732218 0.11484375 0.12301255230125523
0 0.3859375 0.396652719665272 0.096875 0.12384937238493723
0 0.1234375 0.4092050209205021 0.08359375 0.1305439330543933
0 0.405859375 0.1493723849372385 0.125 0.11129707112970712
0 0.237890625 0.49079497907949793 0.090625 0.12719665271966527
0 0.690234375 0.8217573221757322 0.1078125 0.10292887029288703
0 0.861328125 0.5682008368200837 0.08828125 0.12552301255230125
0 0.1625 0.6962343096234309 0.09765625 0.1297071129707113