0 0.845703125 0.6522801302931596 0.12265625 0.13680781758957655
0 0.240234375 0.21376221498371337 0.1234375 0.13843648208469056
0 0.443359375 0.13355048859934854 0.1546875 0.13355048859934854
0 0.32265625 0.31962540716612375 0.1015625 0.10097719869706841
0 0.84140625 0.42915309446254074 0.13359375 0.14169381107491857
0 0.271875 0.7919381107491856 0.115625 0.11074918566775244
0 0.144140625 0.38599348534201955 0.1140625 0.10993485342019543
0 0.696484375 0.19136807817589577 0.14140625 0.1563517915309446
0 0.616796875 0.6917752442996743 0.08671875 0.08631921824104234
0 0.462109375 0.870114006514658 0.12421875 0.11644951140065146
0 0.26796875 0.41245928338762217 0.09609375 0.1001628664495114
0 0.1578125 0.5936482084690554 0.11796875 0.1245928338762215
0 0.68203125 0.8412052117263844 0.12421875 0.1254071661237785
0 0.409765625 0.2772801302931596 0.09140625 0.10667752442996743
0 0.685546875 0.621742671009772 0.103125 0.10749185667752444
0 0.531640625 0.7312703583061889 0.08203125 0.09364820846905537
0 0.266015625 0.5228013029315961 0.09453125 0.09609120521172639
0 0.357421875 0.6746742671009772 0.09296875 0.10586319218241043
0 0.5921875 0.28298045602605865 0.08671875 0.10097719869706841
0 0.291796875 0.6164495114006515 0.075 0.07736156351791532
0 0.71484375 0.5276872964169381 0.0953125 0.08876221498371335
0 0.446484375 0.7202768729641694 0.08515625 0.10912052117263844
0 0.503125 0.2711726384364821 0.08359375 0.10342019543973942
0 0.666796875 0.33672638436482083 0.0796875 0.08794788273615635
0 0.4546875 0.5838762214983714 0.06328125 0.06514657980456026
0 0.7109375 0.4230456026058632 0.08125 0.08469055374592833
0 0.60234375 0.44258957654723124 0.06484375 0.07166123778501629
0 0.480859375 0.38925081433224756 0.0609375 0.06677524429967427
0 0.544921875 0.4018729641693811 0.05859375 0.06433224755700326
0 0.419140625 0.40553745928338764 0.0609375 0.06270358306188925
0 0.5859375 0.5700325732899023 0.06484375 0.06596091205211727
0 0.524609375 0.5924267100977199 0.0625 0.0724755700325733
0 0.39453125 0.46457654723127034 0.07109375 0.06026058631921824
0 0.6234375 0.5109934853420195 0.0625 0.06921824104234528
0 0.397265625 0.5403094462540716 0.0671875 0.06433224755700326