0 0.147265625 0.63314332247557 0.1171875 0.13110749185667753
0 0.773828125 0.2280130293159609 0.1171875 0.13273615635179153
0 0.575 0.13680781758957655 0.15 0.1262214983713355
0 0.686328125 0.3298045602605863 0.096875 0.09690553745928339
0 0.162890625 0.41083061889250816 0.128125 0.13599348534201955
0 0.712890625 0.8041530944625407 0.1109375 0.10586319218241043
0 0.8609375 0.40553745928338764 0.109375 0.10504885993485343
0 0.319140625 0.18078175895765472 0.13515625 0.15065146579804561
0 0.373828125 0.6852605863192183 0.0828125 0.08306188925081433
0 0.51953125 0.871742671009772 0.11953125 0.11074918566775244
0 0.736328125 0.4250814332247557 0.09140625 0.09527687296416938
0 0.83671875 0.6123778501628665 0.1125 0.11970684039087948
0 0.30078125 0.8310260586319218 0.11875 0.12052117263843648
0 0.601171875 0.28257328990228014 0.08671875 0.10260586319218241
0 0.30859375 0.6115635179153095 0.09921875 0.10260586319218241
0 0.456640625 0.7292345276872965 0.078125 0.08957654723127036
0 0.7328125 0.5358306188925082 0.090625 0.09120521172638436
0 0.63359375 0.6820032573289903 0.08828125 0.10179153094462541
0 0.41875 0.2780944625407166 0.0828125 0.09771986970684039
0 0.701953125 0.6278501628664495 0.071875 0.0741042345276873
0 0.283984375 0.5158794788273615 0.09140625 0.08469055374592833
0 0.5421875 0.7231270358306189 0.08046875 0.10504885993485343
0 0.50859375 0.2711726384364821 0.0796875 0.0993485342019544
0 0.341796875 0.3277687296416938 0.0765625 0.08469055374592833
0 0.541015625 0.5863192182410424 0.0609375 0.06270358306188925
0 0.293359375 0.41164495114006516 0.07734375 0.08061889250814332
0 0.40078125 0.4368892508143323 0.06171875 0.06921824104234528
0 0.524609375 0.39047231270358307 0.05859375 0.06433224755700326
0 0.46015625 0.3998371335504886 0.05625 0.06188925081433225
0 0.585546875 0.41001628664495116 0.05859375 0.06026058631921824
0 0.4109375 0.5651465798045603 0.0625 0.06270358306188925
0 0.470703125 0.5912052117263844 0.059375 0.07003257328990228
0 0.607421875 0.47068403908794787 0.06875 0.057003257328990226
0 0.376171875 0.504071661237785 0.059375 0.06677524429967427
0 0.600390625 0.5456026058631922 0.06484375 0.061074918566775244