0 0.2546875 0.24051155115511552 0.1359375 0.15676567656765678
0 0.15 0.4537953795379538 0.12109375 0.14686468646864687
0 0.178125 0.6782178217821783 0.115625 0.1353135313531353
0 0.67265625 0.33910891089108913 0.09765625 0.10066006600660066
0 0.5796875 0.30115511551155116 0.09296875 0.10561056105610561
0 0.728515625 0.1967821782178218 0.1203125 0.13283828382838284
0 0.750390625 0.7615511551155115 0.1125 0.10891089108910891
0 0.845703125 0.3840759075907591 0.0984375 0.11468646864686469
0 0.49140625 0.2908415841584158 0.08046875 0.10148514851485149
0 0.84921875 0.6047854785478548 0.109375 0.12211221122112212
0 0.316796875 0.6406765676567657 0.1 0.10478547854785479
0 0.632421875 0.6897689768976898 0.0875 0.10643564356435643
0 0.718359375 0.5375412541254125 0.090625 0.0924092409240924
0 0.403515625 0.31353135313531355 0.08359375 0.09818481848184818
0 0.281640625 0.5445544554455446 0.09140625 0.08745874587458746
0 0.386328125 0.7037953795379538 0.08359375 0.08663366336633663
0 0.318359375 0.8510726072607261 0.1234375 0.13366336633663367
0 0.537109375 0.8650990099009901 0.1203125 0.11468646864686469
0 0.54765625 0.7306105610561056 0.08203125 0.10478547854785479
0 0.299609375 0.4484323432343234 0.08515625 0.08333333333333333
0 0.59921875 0.48432343234323433 0.06796875 0.0594059405940594
0 0.537109375 0.5985973597359736 0.06171875 0.06188118811881188
0 0.69453125 0.6295379537953796 0.071875 0.07590759075907591
0 0.48515625 0.14892739273927394 0.14921875 0.12871287128712872
0 0.41171875 0.5853960396039604 0.0609375 0.06023102310231023
0 0.475 0.601897689768977 0.06015625 0.06683168316831684
0 0.5140625 0.41006600660066006 0.06171875 0.07260726072607261
0 0.37421875 0.5264026402640264 0.06015625 0.06848184818481848
0 0.575 0.43316831683168316 0.06015625 0.0627062706270627
0 0.719921875 0.43316831683168316 0.09296875 0.09653465346534654
0 0.452734375 0.42698019801980197 0.0578125 0.06765676567656766
0 0.46015625 0.735973597359736 0.07890625 0.08993399339933994
0 0.337109375 0.36303630363036304 0.08046875 0.08745874587458746
0 0.594140625 0.558993399339934 0.0640625 0.06188118811881188
0 0.404296875 0.4636963696369637 0.06015625 0.07095709570957096