0 0.267578125 0.2273102310231023 0.1296875 0.15099009900990099
0 0.152734375 0.43481848184818483 0.11484375 0.1419141914191419
0 0.169921875 0.6600660066006601 0.11015625 0.13036303630363036
0 0.68046875 0.349009900990099 0.09375 0.09653465346534654
0 0.589453125 0.3056930693069307 0.0890625 0.10148514851485149
0 0.74296875 0.20998349834983498 0.11484375 0.12706270627062707
0 0.737109375 0.7747524752475248 0.10859375 0.10396039603960396
0 0.851171875 0.4034653465346535 0.09375 0.10973597359735973
0 0.501953125 0.29042904290429045 0.0765625 0.09818481848184818
0 0.843359375 0.6237623762376238 0.1046875 0.11716171617161716
0 0.31015625 0.6303630363036303 0.09609375 0.10066006600660066
0 0.62265625 0.6967821782178217 0.0828125 0.10313531353135313
0 0.71640625 0.5495049504950495 0.0875 0.08828382838283828
0 0.412890625 0.30816831683168316 0.0796875 0.09405940594059406
0 0.2796875 0.5325907590759076 0.0875 0.08333333333333333
0 0.3765625 0.6971947194719472 0.0796875 0.08250825082508251
0 0.301171875 0.8403465346534653 0.11796875 0.12788778877887788
0 0.51875 0.8667491749174917 0.115625 0.10891089108910891
0 0.536328125 0.733085808580858 0.07734375 0.10148514851485149
0 0.30234375 0.4372937293729373 0.08203125 0.08003300330033003
0 0.6 0.48968646864686466 0.065625 0.056105610561056105
0 0.53203125 0.6006600660066007 0.059375 0.0594059405940594
0 0.687890625 0.6398514851485149 0.06953125 0.07343234323432343
0 0.502734375 0.1485148514851485 0.14453125 0.12211221122112212
0 0.407421875 0.5804455445544554 0.05859375 0.057755775577557754
0 0.469921875 0.6002475247524752 0.0578125 0.06435643564356436
0 0.518359375 0.41089108910891087 0.05859375 0.07013201320132013
0 0.373046875 0.5193894389438944 0.05703125 0.066006600660066
0 0.578125 0.4377062706270627 0.0578125 0.06023102310231023
0 0.723046875 0.44554455445544555 0.0890625 0.0924092409240924
0 0.45625 0.4245049504950495 0.0546875 0.06518151815181518
0 0.4484375 0.7334983498349835 0.07578125 0.08663366336633663
0 0.344140625 0.3543729372937294 0.0765625 0.08333333333333333
0 0.591015625 0.5639438943894389 0.06171875 0.05858085808580858
0 0.40625 0.4583333333333333 0.05703125 0.06848184818481848