0 0.758984375 0.20242214532871972 0.13984375 0.15484429065743946
0 0.66171875 0.8369377162629758 0.12734375 0.16003460207612458
0 0.85234375 0.5553633217993079 0.13125 0.1453287197231834
0 0.796875 0.7348615916955017 0.12421875 0.16176470588235295
0 0.612109375 0.13105536332179932 0.09921875 0.11245674740484429
0 0.157421875 0.38494809688581316 0.09375 0.11332179930795848
0 0.216796875 0.23399653979238755 0.096875 0.12802768166089964
0 0.136328125 0.5402249134948097 0.09921875 0.10726643598615918
0 0.470703125 0.11807958477508651 0.10546875 0.12802768166089964
0 0.65078125 0.36375432525951557 0.07890625 0.08217993079584775
0 0.258984375 0.8049307958477508 0.0765625 0.0986159169550173
0 0.179296875 0.6833910034602076 0.08828125 0.09688581314878893
0 0.584765625 0.31314878892733566 0.071875 0.08910034602076125
0 0.380859375 0.8598615916955017 0.08828125 0.1046712802768166
0 0.846875 0.3711072664359862 0.16484375 0.16003460207612458
0 0.292578125 0.4939446366782007 0.0734375 0.07093425605536333
0 0.333984375 0.15051903114186851 0.08828125 0.12110726643598616
0 0.51015625 0.865916955017301 0.08203125 0.09429065743944637
0 0.362890625 0.32698961937716264 0.06015625 0.07352941176470588
0 0.671875 0.5514705882352942 0.0734375 0.07958477508650519
0 0.31484375 0.39792387543252594 0.0625 0.06833910034602077
0 0.3109375 0.5765570934256056 0.0796875 0.08650519031141868
0 0.576171875 0.671280276816609 0.06953125 0.08910034602076125
0 0.359765625 0.648356401384083 0.06640625 0.07006920415224914
0 0.68515625 0.453719723183391 0.07578125 0.08131487889273356
0 0.431640625 0.29022491349480967 0.06484375 0.0847750865051903
0 0.5078125 0.2945501730103806 0.0640625 0.08564013840830449
0 0.507421875 0.5778546712802768 0.04921875 0.05103806228373702
0 0.496875 0.6972318339100346 0.0640625 0.08996539792387544
0 0.56015625 0.5467128027681661 0.05234375 0.05190311418685121
0 0.424609375 0.6950692041522492 0.06171875 0.07698961937716263
0 0.44765625 0.573961937716263 0.0484375 0.058823529411764705
0 0.402734375 0.4312283737024221 0.0484375 0.05968858131487889
0 0.400390625 0.5454152249134948 0.05 0.05363321799307959
0 0.6375 0.629757785467128 0.05703125 0.06228373702422145
0 0.51015625 0.4018166089965398 0.04765625 0.054498269896193774
0 0.455078125 0.40441176470588236 0.04453125 0.05363321799307959
0 0.559375 0.42603806228373703 0.04921875 0.052768166089965395
0 0.37578125 0.4883217993079585 0.046875 0.05795847750865052
0 0.572265625 0.481401384083045 0.05703125 0.04757785467128028