0 0.74375 0.19525862068965516 0.146875 0.16379310344827586
0 0.85859375 0.5461206896551725 0.13984375 0.15517241379310345
0 0.198046875 0.29310344827586204 0.10546875 0.125
0 0.648046875 0.85 0.1375 0.1706896551724138
0 0.583203125 0.13836206896551725 0.10078125 0.12155172413793103
0 0.85 0.35344827586206895 0.17578125 0.16982758620689656
0 0.2703125 0.8185344827586207 0.0828125 0.10258620689655172
0 0.13671875 0.6017241379310345 0.1046875 0.11379310344827587
0 0.437890625 0.13491379310344828 0.11328125 0.13793103448275862
0 0.292578125 0.1939655172413793 0.13203125 0.1146551724137931
0 0.669921875 0.37025862068965515 0.08203125 0.08793103448275862
0 0.31875 0.4068965517241379 0.071875 0.07327586206896551
0 0.498828125 0.7150862068965518 0.06796875 0.09482758620689655
0 0.152734375 0.4400862068965517 0.09609375 0.1206896551724138
0 0.4328125 0.2982758620689655 0.06953125 0.08793103448275862
0 0.592578125 0.31810344827586207 0.07890625 0.0939655172413793
0 0.376953125 0.8586206896551725 0.09296875 0.10862068965517241
0 0.1890625 0.7275862068965517 0.096875 0.10086206896551723
0 0.491796875 0.8724137931034482 0.0859375 0.10258620689655172
0 0.357421875 0.6612068965517242 0.07109375 0.07672413793103448
0 0.28828125 0.49310344827586206 0.07734375 0.075
0 0.58046875 0.6918103448275862 0.071875 0.09655172413793103
0 0.304296875 0.5896551724137931 0.08515625 0.09310344827586207
0 0.78125 0.7366379310344827 0.1390625 0.16724137931034483
0 0.680859375 0.5646551724137931 0.078125 0.08189655172413793
0 0.51484375 0.29224137931034483 0.06796875 0.09224137931034483
0 0.58203125 0.4939655172413793 0.06015625 0.05172413793103448
0 0.644921875 0.646551724137931 0.0609375 0.06637931034482758
0 0.509375 0.5896551724137931 0.053125 0.05517241379310345
0 0.37421875 0.49310344827586206 0.05 0.0603448275862069
0 0.397265625 0.5543103448275862 0.05234375 0.05344827586206897
0 0.5171875 0.4086206896551724 0.0515625 0.06293103448275862
0 0.45234375 0.5806034482758621 0.04921875 0.059482758620689656
0 0.45859375 0.4103448275862069 0.05 0.05775862068965517
0 0.56796875 0.4413793103448276 0.05078125 0.05517241379310345
0 0.6984375 0.4668103448275862 0.08046875 0.08620689655172414
0 0.56640625 0.5629310344827586 0.05546875 0.05603448275862069
0 0.419140625 0.7038793103448275 0.065625 0.07931034482758621
0 0.3640625 0.3336206896551724 0.06953125 0.07844827586206897
0 0.41171875 0.4400862068965517 0.0515625 0.06379310344827586