0 0.296875 0.16077586206896552 0.15625 0.17413793103448275
0 0.1390625 0.49051724137931035 0.1484375 0.1646551724137931
0 0.825 0.3413793103448276 0.1125 0.13275862068965516
0 0.309375 0.8237068965517241 0.146875 0.18017241379310345
0 0.462890625 0.12887931034482758 0.1078125 0.12844827586206897
0 0.171875 0.30129310344827587 0.1859375 0.18189655172413793
0 0.6875 0.8508620689655172 0.0890625 0.10862068965517241
0 0.846875 0.6564655172413794 0.11171875 0.12155172413793103
0 0.607421875 0.1478448275862069 0.12109375 0.1456896551724138
0 0.74375 0.22887931034482759 0.13828125 0.12413793103448276
0 0.348046875 0.3452586206896552 0.0875 0.0939655172413793
0 0.691015625 0.4353448275862069 0.07578125 0.07844827586206897
0 0.47421875 0.7133620689655172 0.0734375 0.09913793103448276
0 0.851171875 0.4939655172413793 0.103125 0.12758620689655173
0 0.591796875 0.3103448275862069 0.075 0.09224137931034483
0 0.43125 0.30560344827586206 0.084375 0.1
0 0.5765625 0.8737068965517242 0.09921875 0.1146551724137931
0 0.779296875 0.7728448275862069 0.10234375 0.10775862068965517
0 0.461328125 0.8698275862068966 0.09140625 0.10775862068965517
0 0.62109375 0.6818965517241379 0.07578125 0.08189655172413793
0 0.710546875 0.5258620689655172 0.08125 0.08103448275862069
0 0.39609375 0.6775862068965517 0.07734375 0.10172413793103448
0 0.682421875 0.6185344827586207 0.08984375 0.09827586206896552
0 0.19140625 0.6913793103448276 0.14921875 0.17672413793103448
0 0.312890625 0.5362068965517242 0.0828125 0.08793103448275862
0 0.51171875 0.2918103448275862 0.07265625 0.09655172413793103
0 0.41953125 0.4814655172413793 0.06328125 0.05603448275862069
0 0.337890625 0.6228448275862069 0.0640625 0.06982758620689655
0 0.4796875 0.5875 0.05625 0.059482758620689656
0 0.625390625 0.5125 0.05390625 0.06379310344827586
0 0.59453125 0.569396551724138 0.05546875 0.056896551724137934
0 0.494140625 0.4068965517241379 0.05546875 0.06637931034482758
0 0.53671875 0.5870689655172414 0.053125 0.06293103448275862
0 0.55234375 0.41767241379310344 0.053125 0.061206896551724135
0 0.440234375 0.4314655172413793 0.05390625 0.05862068965517241
0 0.3078125 0.4366379310344828 0.0859375 0.09224137931034483
0 0.426171875 0.5521551724137931 0.05859375 0.0603448275862069
0 0.554296875 0.7142241379310345 0.0703125 0.08362068965517241
0 0.65546875 0.3560344827586207 0.07421875 0.08362068965517241
0 0.594921875 0.4543103448275862 0.05546875 0.06724137931034482