0 0.917075 0.3103098591549296 0.09625 0.07699530516431925
0 0.955 0.43986854460093894 0.09 0.07605633802816901
0 0.914275 0.6889389671361502 0.10125 0.08826291079812207
0 0.9054000000000001 0.5882441314553991 0.07340000000000003 0.061971830985915494
0 0.6836375 0.6643192488262911 0.09125 0.0835680751173709
0 0.580625 0.4727699530516432 0.07625 0.05352112676056338
0 0.43176250000000005 0.6081877934272301 0.0525 0.054460093896713614
0 0.6945999999999999 0.5948356807511737 0.0725 0.05539906103286385
0 0.535 0.4431924882629108 0.045 0.048826291079812206
0 0.6377250000000001 0.2460281690140845 0.05875000000000007 0.032338028169014106
0 0.39697499999999997 0.5521126760563381 0.05394999999999996 0.028169014084507043
0 0.5592625 0.7779342723004695 0.061799999999999924 0.03474178403755868
0 0.974025 0.1284694835680751 0.051949999999999934 0.06982159624413146
0 0.35585 0.6300469483568075 0.1042125 0.02629107981220657
0 0.739925 0.287830985915493 0.03875 0.03481690140845074
0 0.59645 0.5695774647887324 0.061200000000000046 0.038685446009389717
0 0.517425 0.9270046948356807 0.06304999999999993 0.03286384976525822
0 0.30835 0.42415023474178404 0.03930000000000003 0.03891079812206578
0 0.388975 0.8253145539906104 0.043649999999999946 0.0313990610328639
1 0.12279999999999999 0.5733896713615023 0.1924 0.06606572769953042
0 0.432575 0.7845070422535211 0.05905000000000001 0.03286384976525822
0 0.31052499999999994 0.6945915492957746 0.051849999999999986 0.027230046948356807
0 0.51525 0.8192488262910798 0.0625 0.03474178403755868
0 0.2592375 0.9652582159624413 0.04125 0.028169014084507043
0 0.49052500000000004 0.4302535211267606 0.06375 0.04037558685446009
0 0.496775 0.17909859154929578 0.03625 0.03481690140845069
0 0.4265 0.3996995305164319 0.04189999999999998 0.03320187793427231
1 0.104225 0.43241314553990606 0.1492375 0.1895868544600939
0 0.314375 0.6615023474178404 0.10375 0.027230046948356807
0 0.3093 0.27417840375586855 0.05 0.02629107981220657
0 0.596325 0.6244507042253521 0.054837500000000004 0.031849765258216034
0 0.475875 0.39973708920187795 0.04823750000000004 0.03432863849765253
0 0.157575 0.19152112676056338 0.07576250000000001 0.03409389671361503
0 0.5992999999999999 0.5955305164319249 0.08051249999999996 0.015549295774647837
0 0.373125 0.10610328638497653 0.03375 0.024413145539906103
0 0.51625 0.22300469483568075 0.0225 0.027230046948356807
0 0.49375 0.223943661971831 0.0275 0.023474178403755867
0 0.82875 0.20807511737089202 0.0275 0.023286384976525833
0 0.5175 0.3967136150234742 0.035 0.02535211267605634
0 0.9211875 0.9713615023474178 0.03362500000000011 0.0215962441314554
0 0.15835000000000002 0.17969953051643192 0.07005 0.03639436619718309
0 0.004075 0.7855211267605634 0.00815 0.08608450704225358
0 0.46055 0.37418779342723 0.03396249999999995 0.025953051643192476