0 0.050625 0.3671361502347418 0.10125 0.08826291079812207
0 0.045625 0.49953051643192486 0.09125 0.0863849765258216
0 0.135625 0.739906103286385 0.12 0.10046948356807511
0 0.12125 0.639906103286385 0.08625 0.07042253521126761
0 0.356875 0.6859154929577465 0.10875 0.09389671361502347
0 0.414375 0.4835680751173709 0.0875 0.06291079812206572
0 0.5925 0.5976525821596245 0.06375 0.06009389671361502
0 0.33 0.6187793427230047 0.08375 0.06384976525821597
0 0.4525 0.4488262910798122 0.055 0.05352112676056338
0 0.305625 0.268075117370892 0.065 0.03943661971830986
0 0.61375 0.5380281690140845 0.06 0.03474178403755868
0 0.505625 0.7812206572769953 0.06875 0.04225352112676056
0 0.671875 0.6093896713615023 0.10875 0.03943661971830986
0 0.214375 0.32253521126760565 0.04625 0.03943661971830986
0 0.42125 0.5812206572769953 0.06875 0.046009389671361506
0 0.58125 0.9230046948356807 0.07 0.04037558685446009
0 0.67125 0.4004694835680751 0.0475 0.0431924882629108
0 0.684375 0.8061032863849765 0.05 0.036619718309859155
1 0.888125 0.5230046948356808 0.205 0.09014084507042254
0 0.631875 0.7713615023474178 0.06625 0.04037558685446009
0 0.731875 0.6671361502347418 0.0575 0.03380281690140845
0 0.55875 0.8164319248826291 0.07 0.04225352112676056
0 0.844375 0.9267605633802817 0.0475 0.03286384976525822
0 0.493125 0.4300469483568075 0.0725 0.04788732394366197
0 0.42875 0.1835680751173709 0.04375 0.03943661971830986
0 0.549375 0.39154929577464787 0.04875 0.038497652582159626
1 0.874375 0.3816901408450704 0.19125 0.20657276995305165
0 0.72 0.6347417840375587 0.10875 0.04037558685446009
0 0.635625 0.25258215962441316 0.055 0.03286384976525822
0 0.43375 0.6352112676056338 0.06125 0.038497652582159626
0 0.500625 0.39812206572769954 0.055 0.04037558685446009
0 0.765625 0.1516431924882629 0.0825 0.0431924882629108
0 0.424375 0.6070422535211267 0.0825 0.02535211267605634
0 0.53375 0.09530516431924882 0.03875 0.028169014084507043
0 0.42 0.2291079812206573 0.02875 0.03004694835680751
0 0.4425 0.2272300469483568 0.0325 0.02629107981220657
0 0.10875 0.25539906103286386 0.0325 0.02629107981220657
0 0.45875 0.4004694835680751 0.04 0.02910798122065728
0 0.7625 0.13990610328638498 0.0775 0.04507042253521127
0 0.51 0.37089201877934275 0.04 0.03004694835680751