0 0.121875 0.26854460093896715 0.11 0.0863849765258216
0 0.060625 0.3929577464788732 0.10375 0.08450704225352113
0 0.05625 0.6431924882629108 0.1125 0.09765258215962441
0 0.0825 0.5450704225352113 0.08375 0.06948356807511737
0 0.2875 0.643661971830986 0.10625 0.09201877934272301
0 0.425 0.4647887323943662 0.085 0.06103286384976526
0 0.5475 0.6140845070422535 0.0625 0.059154929577464786
0 0.29 0.5737089201877934 0.0825 0.061971830985915494
0 0.475625 0.43990610328638496 0.05375 0.05352112676056338
0 0.410625 0.23427230046948358 0.06375 0.038497652582159626
0 0.5925 0.5624413145539906 0.05875 0.03380281690140845
0 0.39 0.7690140845070422 0.0675 0.04131455399061033
0 0.099375 0.08262910798122065 0.065 0.07417840375586854
0 0.61875 0.643661971830986 0.1075 0.036619718309859155
0 0.301875 0.2647887323943662 0.045 0.038497652582159626
0 0.391875 0.5586854460093896 0.0675 0.04507042253521127
0 0.40375 0.9211267605633803 0.06875 0.03943661971830986
0 0.70375 0.4450704225352113 0.04625 0.04225352112676056
0 0.549375 0.8338028169014085 0.04875 0.03568075117370892
1 0.86 0.612206572769953 0.2025 0.08544600938967137
0 0.51375 0.7887323943661971 0.065 0.038497652582159626
0 0.651875 0.7126760563380282 0.05625 0.03192488262910798
0 0.425625 0.8145539906103286 0.06875 0.04131455399061033
0 0.651875 0.9849765258215962 0.04625 0.03004694835680751
0 0.5225 0.431924882629108 0.07 0.046948356807511735
0 0.5625 0.18262910798122065 0.0425 0.038497652582159626
0 0.59125 0.4084507042253521 0.0475 0.03755868544600939
1 0.904375 0.47464788732394364 0.1825 0.20375586854460093
0 0.65375 0.6793427230046948 0.1075 0.03755868544600939
0 0.730625 0.2962441314553991 0.055 0.030985915492957747
0 0.38125 0.6131455399061033 0.06 0.03755868544600939
0 0.5425 0.4032863849765258 0.05375 0.03943661971830986
0 0.89625 0.23051643192488264 0.08125 0.04131455399061033
0 0.38375 0.584037558685446 0.0825 0.023474178403755867
0 0.69875 0.12300469483568074 0.0375 0.028169014084507043
0 0.535 0.223943661971831 0.0275 0.02910798122065728
0 0.5575 0.2272300469483568 0.03125 0.02629107981220657
0 0.22875 0.17652582159624414 0.03125 0.02629107981220657
0 0.501875 0.3957746478873239 0.03875 0.02910798122065728
0 0.006875 0.9225352112676056 0.01375 0.02535211267605634
0 0.8975 0.21830985915492956 0.07625 0.0431924882629108
0 0.938125 0.8347417840375587 0.02375 0.0863849765258216
0 0.5625 0.37934272300469485 0.03875 0.02910798122065728