0 0.258125 0.4962441314553991 0.07625 0.07511737089201878
0 0.508125 0.2934272300469484 0.07375 0.05352112676056338
0 0.819375 0.20187793427230047 0.0425 0.027230046948356807
0 0.56375 0.6985915492957746 0.03875 0.028169014084507043
0 0.460625 0.2647887323943662 0.0725 0.03943661971830986
0 0.86125 0.5028169014084507 0.04875 0.03380281690140845
0 0.670625 0.3596244131455399 0.09125 0.03943661971830986
0 0.879375 0.46572769953051646 0.04 0.02629107981220657
0 0.20125 0.5765258215962441 0.04375 0.04225352112676056
1 0.35625 0.47136150234741786 0.22875 0.12018779342723004
0 0.23625 0.5511737089201878 0.035 0.06103286384976526
0 0.209375 0.6380281690140845 0.04375 0.04131455399061033
1 0.719375 0.46619718309859154 0.23125 0.07699530516431925
0 0.88375 0.29295774647887324 0.02875 0.02535211267605634
0 0.855 0.2953051643192488 0.02125 0.01784037558685446
0 0.79375 0.2647887323943662 0.02 0.014084507042253521
0 0.851875 0.23990610328638498 0.02875 0.01596244131455399
0 0.915625 0.34225352112676055 0.02625 0.024413145539906103
0 0.36625 0.19483568075117372 0.02625 0.024413145539906103
0 0.57875 0.3107981220657277 0.0275 0.02535211267605634
0 0.365 0.3032863849765258 0.01375 0.012206572769953052
0 0.384375 0.2995305164319249 0.015 0.010328638497652582
0 0.4975 0.23333333333333334 0.02625 0.02535211267605634
0 0.2675 0.2267605633802817 0.03375 0.022535211267605635
0 0.288125 0.21971830985915494 0.0125 0.008450704225352112
0 0.925 0.6009389671361502 0.03375 0.02535211267605634
0 0.81 0.6136150234741784 0.03125 0.022535211267605635
0 0.8325 0.4262910798122066 0.0325 0.02535211267605634
0 0.82375 0.6657276995305165 0.02875 0.020657276995305163
0 0.848125 0.5516431924882629 0.03125 0.0215962441314554
0 0.860625 0.42300469483568076 0.02375 0.016901408450704224
0 0.9075 0.3741784037558685 0.0225 0.020657276995305163
0 0.805625 0.45539906103286387 0.025 0.014084507042253521
0 0.7125 0.3502347417840376 0.02 0.018779342723004695
0 0.543125 0.6300469483568075 0.02875 0.022535211267605635
0 0.59 0.46572769953051646 0.03125 0.016901408450704224
0 0.57875 0.40657276995305164 0.0225 0.014084507042253521
0 0.641875 0.5835680751173709 0.01875 0.011267605633802818
0 0.62 0.5882629107981221 0.01 0.006572769953051643
0 0.64 0.5107981220657277 0.0225 0.010328638497652582
0 0.3775 0.37981220657276993 0.0125 0.018779342723004695
0 0.6575 0.5061032863849765 0.01625 0.011267605633802818
0 0.210625 0.6098591549295774 0.03125 0.028169014084507043
0 0.794375 0.6830985915492958 0.03 0.0215962441314554
1 0.841875 0.5586854460093896 0.0825 0.06103286384976526
1 0.785625 0.5469483568075117 0.0625 0.04131455399061033
1 0.7125 0.5610328638497653 0.23875 0.08262910798122065
1 0.551875 0.532394366197183 0.235 0.08169014084507042
0 0.644375 0.4868544600938967 0.06125 0.016901408450704224
1 0.33625 0.38028169014084506 0.1025 0.056338028169014086
1 0.33875 0.3455399061032864 0.10125 0.04976525821596244
0 0.250625 0.4225352112676056 0.00875 0.010328638497652582
0 0.2625 0.43333333333333335 0.01375 0.007511737089201878
0 0.229375 0.535680751173709 0.0075 0.008450704225352112
0 0.26 0.21032863849765257 0.01 0.006572769953051643