0 0.741875 0.49295774647887325 0.0775 0.07605633802816901
0 0.4875 0.2934272300469484 0.075 0.054460093896713614
0 0.17375 0.20610328638497652 0.04375 0.027230046948356807
0 0.440625 0.6995305164319249 0.04 0.028169014084507043
0 0.53375 0.2643192488262911 0.07375 0.04037558685446009
0 0.13875 0.5075117370892018 0.05 0.03380281690140845
0 0.32625 0.3619718309859155 0.09125 0.04037558685446009
0 0.12 0.4704225352112676 0.04125 0.02629107981220657
0 0.800625 0.5727699530516432 0.045 0.04225352112676056
1 0.643125 0.4694835680751174 0.23125 0.12300469483568074
0 0.765 0.547887323943662 0.03625 0.06103286384976526
0 0.79375 0.6342723004694836 0.045 0.04225352112676056
1 0.28 0.46901408450704224 0.2325 0.07981220657276995
0 0.11125 0.2976525821596244 0.03 0.02535211267605634
0 0.140625 0.3 0.02125 0.01784037558685446
0 0.200625 0.26854460093896715 0.02 0.014084507042253521
0 0.141875 0.24460093896713614 0.02875 0.01596244131455399
0 0.080625 0.34788732394366195 0.02625 0.024413145539906103
0 0.626875 0.19295774647887323 0.02625 0.024413145539906103
0 0.416875 0.3117370892018779 0.02875 0.02535211267605634
0 0.630625 0.30140845070422534 0.01375 0.012206572769953052
0 0.610625 0.2981220657276995 0.015 0.010328638497652582
0 0.49625 0.23333333333333334 0.0275 0.02535211267605634
0 0.72625 0.223943661971831 0.03375 0.022535211267605635
0 0.705 0.21690140845070421 0.0125 0.009389671361502348
0 0.0775 0.6065727699530516 0.035 0.02629107981220657
0 0.1925 0.6178403755868545 0.0325 0.023474178403755867
0 0.165625 0.43051643192488265 0.03375 0.02629107981220657
0 0.18 0.6699530516431925 0.02875 0.020657276995305163
0 0.153125 0.5563380281690141 0.03125 0.022535211267605635
0 0.1375 0.42769953051643195 0.02375 0.016901408450704224
0 0.089375 0.37934272300469485 0.0225 0.020657276995305163
0 0.193125 0.4596244131455399 0.025 0.015023474178403756
0 0.28375 0.3530516431924883 0.02 0.018779342723004695
0 0.46 0.6305164319248826 0.03 0.022535211267605635
0 0.409375 0.4671361502347418 0.03125 0.01784037558685446
0 0.419375 0.407981220657277 0.0225 0.014084507042253521
0 0.36 0.5854460093896714 0.01875 0.011267605633802818
0 0.381875 0.5901408450704225 0.01 0.007511737089201878
0 0.36 0.5126760563380282 0.0225 0.010328638497652582
0 0.619375 0.3784037558685446 0.0125 0.01971830985915493
0 0.343125 0.5084507042253521 0.01625 0.011267605633802818
0 0.791875 0.6061032863849766 0.03125 0.028169014084507043
0 0.21 0.6873239436619718 0.03 0.0215962441314554
1 0.16 0.5629107981220657 0.08375 0.061971830985915494
1 0.215625 0.5507042253521127 0.06375 0.04225352112676056
1 0.28875 0.563849765258216 0.24125 0.08544600938967137
1 0.44875 0.5328638497652582 0.23625 0.08450704225352113
0 0.355625 0.4887323943661972 0.0625 0.01784037558685446
1 0.660625 0.3779342723004695 0.1025 0.05727699530516432
1 0.6575 0.3436619718309859 0.1025 0.051643192488262914
0 0.7475 0.4192488262910798 0.01 0.011267605633802818
0 0.735625 0.4300469483568075 0.01375 0.007511737089201878
0 0.77125 0.531924882629108 0.0075 0.008450704225352112
0 0.73375 0.20751173708920187 0.01 0.006572769953051643