1 0.57 0.8036551077788191 0.1875 0.12652296157450796
0 0.798125 0.37628865979381443 0.02875 0.01780693533270853
0 0.764375 0.5895032802249297 0.05 0.05248359887535145
0 0.50375 0.6265229615745079 0.03375 0.06373008434864105
0 0.7625 0.4915651358950328 0.05625 0.04592314901593252
0 0.840625 0.4381443298969072 0.0275 0.020618556701030927
0 0.85875 0.788191190253046 0.04 0.028116213683223992
0 0.933125 0.7577319587628866 0.03375 0.02717900656044986
0 0.414375 0.13683223992502344 0.0825 0.07966260543580131
0 0.961875 0.4465791940018744 0.07625 0.06091846298031865
0 0.78875 0.41377694470477977 0.0275 0.02155576382380506
0 0.9425 0.21649484536082475 0.02875 0.01499531396438613
0 0.8275 0.7104029990627929 0.0375 0.02530459231490159
0 0.734375 0.6415182755388941 0.02875 0.044048734770384255
0 0.41375 0.43345829428303656 0.08375 0.08341143392689784
0 0.621875 0.22024367385192128 0.06875 0.04967197750702906
0 0.798125 0.6312089971883786 0.03625 0.02155576382380506
0 0.705625 0.45313964386129335 0.0325 0.02999062792877226
0 0.891875 0.4690721649484536 0.0175 0.015932521087160263
0 0.848125 0.6326148078725399 0.02375 0.02155576382380506
0 0.38875 0.260543580131209 0.03625 0.030927835051546393
0 0.709375 0.5787253983130272 0.03125 0.019681349578256794
0 0.975 0.6808809746954076 0.03125 0.02717900656044986
0 0.82625 0.15089034676663543 0.02625 0.01780693533270853
0 0.941875 0.24461105904404873 0.025 0.020618556701030927
0 0.701875 0.30740393626991563 0.025 0.022492970946579195
0 0.381875 0.6251171508903468 0.05 0.04779756326148079
0 0.734375 0.5538894095595126 0.01625 0.013120899718837863
0 0.72875 0.19540768509840675 0.04625 0.02436738519212746
0 0.76625 0.29053420805998126 0.04375 0.031865042174320526
0 0.6875 0.24695407685098406 0.0425 0.04873477038425492
0 0.641875 0.3233364573570759 0.0125 0.01218369259606373
0 0.790625 0.14104967197750704 0.01375 0.011246485473289597
0 0.776875 0.1401124648547329 0.01375 0.010309278350515464
0 0.4025 0.3345829428303655 0.01 0.013120899718837863
0 0.400625 0.31208997188378634 0.01 0.010309278350515464
0 0.41625 0.3125585754451734 0.00875 0.008434864104967198
0 0.330625 0.4568884723523899 0.0375 0.03280224929709466
0 0.353125 0.47563261480787256 0.01375 0.014058106841611996
0 0.42375 0.47703842549203374 0.01125 0.010309278350515464
0 0.435625 0.4784442361761949 0.0125 0.01218369259606373
0 0.28 0.42830365510777885 0.0375 0.033739456419868794
0 0.305 0.4133083411433927 0.07125 0.05060918462980318
0 0.075625 0.443767572633552 0.0075 0.01780693533270853
0 0.080625 0.5543580131208997 0.0175 0.01499531396438613
0 0.076875 0.5623242736644799 0.01375 0.02155576382380506
1 0.30375 0.7914714151827554 0.06375 0.09465791940018745
0 0.04375 0.7699156513589503 0.01875 0.033739456419868794
0 0.044375 0.831302717900656 0.01 0.015932521087160263
0 0.9375 0.8612933458294283 0.035 0.02436738519212746
0 0.9775 0.8078725398313027 0.01875 0.019681349578256794
0 0.709375 0.6579194001874414 0.015 0.01218369259606373
0 0.82125 0.6087160262417994 0.0125 0.011246485473289597
0 0.7625 0.5313964386129335 0.01625 0.011246485473289597
0 0.601875 0.549671977507029 0.0125 0.01218369259606373
0 0.7875 0.4592314901593252 0.0125 0.014058106841611996
0 0.335625 0.09981255857544517 0.03875 0.031865042174320526
0 0.733125 0.4568884723523899 0.03 0.02436738519212746