1 0.584375 0.8017806935332709 0.1825 0.1218369259606373
0 0.7921875 0.368369259606373 0.028012500000000103 0.016869728209934397
0 0.768125 0.5824742268041238 0.0475 0.05154639175257732
0 0.509375 0.6265229615745079 0.03125 0.06279287722586692
0 0.7621375 0.4845923149015932 0.05476249999999993 0.044048734770384255
0 0.8375 0.42924086223055297 0.02625 0.019681349578256794
0 0.87205 0.7785098406747891 0.03938749999999999 0.026860356138706732
0 0.945 0.7464292408622306 0.0325 0.026344892221180787
0 0.3975 0.1392502343017807 0.07875 0.07794751640112467
0 0.9610500000000001 0.4348078725398313 0.07664999999999993 0.059147141518275555
0 0.784375 0.4062792877225867 0.02625 0.020618556701030927
0 0.92875 0.20524835988753515 0.0275 0.014058106841611996
0 0.8368375 0.7016119962511715 0.036324999999999934 0.024789128397375862
0 0.740625 0.6350984067478913 0.026750000000000114 0.04369259606372998
0 0.410625 0.43580131208997186 0.08 0.08153701968134958
0 0.60875 0.21743205248359887 0.06625 0.04779756326148079
0 0.8038124999999999 0.623149015932521 0.034875000000000114 0.02081537019681353
0 0.7034999999999999 0.44776944704779753 0.03116250000000008 0.028903467666354293
0 0.890025 0.4587628865979381 0.016425000000000124 0.015932521087160263
0 0.8540625 0.6232333645735708 0.0225 0.020618556701030927
0 0.3776 0.26382380506091846 0.03519999999999996 0.02999062792877226
0 0.7128749999999999 0.5732333645735708 0.03 0.01874414245548266
0 0.983125 0.6682286785379569 0.03 0.026241799437675725
0 0.8097375 0.14280224929709467 0.0255125000000001 0.01756326148078726
0 0.93 0.23336457357075913 0.02375 0.019681349578256794
0 0.6927500000000001 0.3022492970946579 0.024250000000000115 0.02155576382380506
0 0.3879875 0.6279381443298969 0.04762500000000003 0.04686972820993439
0 0.736875 0.5477975632614808 0.01625 0.013120899718837863
0 0.7145125 0.1894283036551078 0.044562500000000116 0.023645735707591396
0 0.7563625 0.28386129334582944 0.04296249999999986 0.03029990627928776
0 0.6755249999999999 0.2420149953139644 0.04069999999999993 0.04746954076850982
0 0.6338374999999999 0.31968134957825683 0.012150000000000034 0.011658856607310267
0 0.7735124999999999 0.13368322399250232 0.013587499999999864 0.011115276476101232
0 0.7600125 0.13309278350515463 0.013774999999999976 0.01018744142455483
0 0.395175 0.3374414245548266 0.01 0.01269915651358946
0 0.3921125 0.3146485473289597 0.009587499999999948 0.010253045923149066
0 0.40752499999999997 0.3148734770384255 0.008624999999999971 0.008566073102155564
0 0.32899999999999996 0.4612652296157451 0.03598749999999999 0.03207122774133086
0 0.35225 0.4793345829428304 0.012562499999999944 0.013748828491096494
0 0.4230375 0.47908153701968137 0.010187499999999971 0.009671977507029101
0 0.4347625 0.48010309278350516 0.011887499999999988 0.012221180880974661
0 0.2765375 0.4338987816307404 0.036325 0.03283973758200559
0 0.301325 0.4182474226804124 0.06959999999999997 0.04836925960637302
0 0.07351250000000001 0.4550328022492971 0.006449999999999996 0.01806935332708526
0 0.0831875 0.5651265229615745 0.01629999999999999 0.0142549203373946
0 0.07996249999999999 0.5735238987816308 0.012562500000000006 0.020871602624179926
1 0.31745 0.796269915651359 0.05975000000000001 0.09316776007497665
0 0.056525 0.7814995313964386 0.016637500000000003 0.033092783505154585
0 0.0601 0.8429803186504218 0.008825000000000003 0.015529522024367326
0 0.9540125 0.8494283036551078 0.03422500000000014 0.023776944704779653
0 0.9913124999999999 0.7952389878163074 0.017375000000000113 0.019456419868790993
0 0.7166 0.6524554826616682 0.013962500000000091 0.011715089034676664
0 0.825875 0.6000187441424555 0.012224999999999965 0.010871602624179858
0 0.7637375 0.52456419868791 0.015875000000000056 0.0109653233364574
0 0.6041125 0.5468416119962511 0.012137500000000046 0.011668228678538
0 0.7853625 0.45177132146204313 0.012450000000000046 0.013298969072165
0 0.31693750000000004 0.10423617619493908 0.03775000000000002 0.03046860356138706
0 0.7308625000000001 0.45099343955014054 0.02944999999999993 0.023626991565135928