1 0.3675 0.7919400187441424 0.20125 0.13776944704779756
0 0.23125 0.3425492033739456 0.03 0.019681349578256794
0 0.220625 0.5571696344892221 0.055 0.05529522024367385
0 0.47 0.6246485473289597 0.04125 0.06560449859418932
0 0.2425 0.4606373008434864 0.06125 0.04873477038425492
0 0.17625 0.39878163074039363 0.02875 0.02155576382380506
0 0.085625 0.7422680412371134 0.04375 0.02999062792877226
0 0.018125 0.703842549203374 0.03625 0.029053420805998126
0 0.660625 0.1513589503280225 0.09125 0.08434864104967198
0 0.053125 0.3931583880037488 0.08625 0.06560449859418932
0 0.233125 0.3809746954076851 0.03 0.022492970946579195
0 0.1225 0.1682286785379569 0.03 0.016869728209934397
0 0.133125 0.669165885660731 0.04 0.028116213683223992
0 0.239375 0.6119962511715089 0.03375 0.04592314901593252
0 0.599375 0.4442361761949391 0.0925 0.08809746954076851
0 0.438125 0.20946579194001874 0.07375 0.053420805998125584
0 0.178125 0.5946579194001874 0.0375 0.023430178069353328
0 0.30625 0.42970946579194 0.03625 0.031865042174320526
0 0.119375 0.42361761949390814 0.01875 0.016869728209934397
0 0.12875 0.5899718837863168 0.02625 0.022492970946579195
0 0.66 0.2769447047797563 0.04 0.03280224929709466
0 0.276875 0.5534208059981256 0.0325 0.02155576382380506
0 0.005 0.6227741330834115 0.01 0.029053420805998126
0 0.250625 0.11715089034676664 0.02875 0.019681349578256794
0 0.11625 0.1958762886597938 0.02625 0.02155576382380506
0 0.340625 0.28631677600749766 0.0275 0.023430178069353328
0 0.590625 0.6373008434864105 0.055 0.05060918462980318
0 0.256875 0.5257731958762887 0.01875 0.014058106841611996
0 0.3375 0.17197750702905343 0.0475 0.02717900656044986
0 0.280625 0.2619493908153702 0.0475 0.033739456419868794
0 0.3675 0.22774133083411435 0.0475 0.05060918462980318
0 0.39625 0.30880974695407687 0.01375 0.013120899718837863
0 0.288125 0.11152764761012184 0.015 0.01218369259606373
0 0.301875 0.11199625117150891 0.015 0.011246485473289597
0 0.630625 0.34817244611059045 0.0125 0.013120899718837863
0 0.6375 0.32567947516401125 0.01125 0.011246485473289597
0 0.621875 0.3247422680412371 0.01 0.00937207122774133
0 0.67625 0.47703842549203374 0.04125 0.03467666354264293
0 0.65 0.492970946579194 0.015 0.01499531396438613
0 0.58 0.48641049671977504 0.01125 0.010309278350515464
0 0.568125 0.48641049671977504 0.01375 0.013120899718837863
0 0.7325 0.4550140581068416 0.04125 0.03561387066541706
0 0.710625 0.4372071227741331 0.0775 0.05435801312089972
0 0.930625 0.4943767572633552 0.00875 0.01874414245548266
0 0.903125 0.6026241799437676 0.01875 0.015932521087160263
0 0.905 0.6115276476101218 0.01625 0.02155576382380506
1 0.633125 0.8106841611996252 0.075 0.09746954076850985
0 0.894375 0.8200562324273665 0.0225 0.03467666354264293
0 0.880625 0.880506091846298 0.01125 0.015932521087160263
0 0.005625 0.8055295220243673 0.01125 0.02717900656044986
0 0.26 0.6316776007497656 0.01625 0.013120899718837863
0 0.16 0.5693533270852859 0.01375 0.01218369259606373
0 0.234375 0.5004686035613871 0.0175 0.01218369259606373
0 0.38875 0.5370196813495782 0.01375 0.013120899718837863
0 0.224375 0.4259606373008435 0.015 0.014058106841611996
0 0.74625 0.12371134020618557 0.0425 0.033739456419868794
0 0.27875 0.4301780693533271 0.0325 0.026241799437675725