0 0.316875 0.39268978444236174 0.075 0.053420805998125584
0 0.205 0.3402061855670103 0.06125 0.05248359887535145
0 0.28125 0.43673851921274603 0.06875 0.04967197750702906
0 0.7275 0.49343955014058105 0.07625 0.04029990627928772
0 0.298125 0.32312089971883784 0.0275 0.022061855670103058
0 0.53 0.5388847235238988 0.07375 0.027197750702905324
0 0.256875 0.6508903467666354 0.0475 0.028116213683223992
0 0.048125 0.8561387066541706 0.025 0.014058106841611996
0 0.409375 0.5159325210871603 0.05625 0.04779756326148079
0 0.83875 0.3950328022492971 0.015 0.011246485473289597
0 0.605625 0.5979381443298969 0.055 0.07122774133083412
0 0.33625 0.7474226804123711 0.05875 0.04311152764761012
0 0.37125 0.788659793814433 0.04 0.029053420805998126
0 0.420625 0.5529522024367385 0.07625 0.04029990627928772
0 0.216875 0.18181818181818182 0.02625 0.01499531396438613
0 0.2175 0.5093720712277413 0.03875 0.03561387066541706
0 0.9222499999999999 0.7068416119962512 0.04375 0.02302717900656039
0 0.148125 0.4878163074039363 0.0975 0.04779756326148079
0 0.77 0.6743673851921275 0.14375 0.09290534208059992
0 0.685625 0.5880974695407685 0.1075 0.1190253045923149
0 0.9025 0.3036551077788191 0.03375 0.029053420805998126
0 0.07885 0.538078725398313 0.12794999999999998 0.06720712277413311
0 0.0751375 0.5958106841611996 0.11902499999999999 0.0738987816307403
0 0.6905125 0.585070290534208 0.014499999999999886 0.012830365510777934
0 0.7269625000000001 0.5453327085285848 0.06583750000000009 0.07501405810684157
0 0.9933875000000001 0.7636925960637301 0.013224999999999909 0.020356138706654196
0 0.99375 0.6490159325210871 0.0125 0.015932521087160263
0 0.94875 0.5487347703842549 0.1025 0.04217432052483599
0 0.98875 0.5318650421743205 0.0225 0.01780693533270853
0 0.9099625 0.4263917525773196 0.04053750000000008 0.042942830365510824
0 0.930975 0.407572633552015 0.06248750000000001 0.025379568884723563
0 0.8162375000000001 0.38107778819119026 0.020462499999999863 0.011433926897844466
0 0.6661499999999999 0.35820993439550136 0.012649999999999863 0.011986879100281128
0 0.6855 0.3170759137769447 0.012649999999999863 0.011715089034676664
0 0.974675 0.14055295220243674 0.033100000000000025 0.03179006560449861
0 0.36152500000000004 0.30898781630740396 0.03422499999999999 0.031237113402061895
0 0.3799375 0.22420805998125584 0.015987499999999953 0.011152764761012162
0 0.5350374999999999 0.7681537019681349 0.015250000000000057 0.012549203373945736