0 0.295 0.41799437675726336 0.08625 0.06279287722586692
0 0.1725 0.3809746954076851 0.0725 0.05998125585754452
0 0.27 0.4662605435801312 0.07875 0.05810684161199625
0 0.7225 0.4639175257731959 0.085 0.04967197750702906
0 0.26 0.351921274601687 0.0325 0.02530459231490159
0 0.53875 0.5342080599812559 0.07875 0.03655107778819119
0 0.295625 0.6804123711340206 0.05375 0.033739456419868794
0 0.1375 0.9095595126522962 0.0275 0.016869728209934397
0 0.414375 0.5276476101218369 0.06625 0.05435801312089972
0 0.809375 0.35238987816307404 0.0175 0.013120899718837863
0 0.626875 0.5824742268041238 0.07125 0.07685098406747891
0 0.39625 0.7647610121836926 0.0675 0.04967197750702906
0 0.44 0.8008434864104967 0.04625 0.033739456419868794
0 0.434375 0.5623242736644799 0.085 0.04967197750702906
0 0.1475 0.22352389878163073 0.02875 0.01780693533270853
0 0.22375 0.5459231490159325 0.04625 0.04029990627928772
0 0.96375 0.6485473289597001 0.04875 0.028116213683223992
0 0.150625 0.5337394564198688 0.1075 0.05998125585754452
0 0.80625 0.6363636363636364 0.1625 0.1105904404873477
0 0.703125 0.5627928772258669 0.13375 0.13120899718837864
0 0.850625 0.25445173383317715 0.04 0.03280224929709466
0 0.094375 0.5923149015932521 0.14125 0.08247422680412371
0 0.10375 0.6494845360824743 0.13375 0.08809746954076851
0 0.7075 0.5590440487347704 0.0175 0.014058106841611996
0 0.73375 0.5149953139643861 0.0825 0.08247422680412371
0 0.94875 0.4896907216494845 0.1025 0.05529522024367385
0 0.9875 0.4676663542642924 0.025 0.020618556701030927
0 0.886875 0.3739456419868791 0.05 0.04779756326148079
0 0.903125 0.3528584817244611 0.0675 0.03280224929709466
0 0.78375 0.3416119962511715 0.0225 0.014058106841611996
0 0.630625 0.3388003748828491 0.015 0.013120899718837863
0 0.640625 0.29568884723523897 0.015 0.013120899718837863
0 0.884375 0.08434864104967198 0.04 0.03561387066541706
0 0.319375 0.32989690721649484 0.04125 0.03561387066541706
0 0.318125 0.24414245548266167 0.01875 0.013120899718837863
0 0.596875 0.7596063730084348 0.0175 0.014058106841611996