0 0.683125 0.39268978444236174 0.075 0.053420805998125584
0 0.795 0.3402061855670103 0.06125 0.05248359887535145
0 0.71875 0.43673851921274603 0.06875 0.04967197750702906
0 0.2725 0.49343955014058105 0.07625 0.04029990627928772
0 0.701875 0.3233364573570759 0.0275 0.022492970946579195
0 0.47 0.5388940955951266 0.07375 0.02717900656044986
0 0.743125 0.6508903467666354 0.0475 0.028116213683223992
0 0.951875 0.8561387066541706 0.025 0.014058106841611996
0 0.590625 0.5159325210871603 0.05625 0.04779756326148079
0 0.16125 0.3950328022492971 0.015 0.011246485473289597
0 0.394375 0.5979381443298969 0.055 0.07122774133083412
0 0.66375 0.7474226804123711 0.05875 0.04311152764761012
0 0.62875 0.788659793814433 0.04 0.029053420805998126
0 0.579375 0.5529522024367385 0.07625 0.04029990627928772
0 0.783125 0.18181818181818182 0.02625 0.01499531396438613
0 0.7825 0.5093720712277413 0.03875 0.03561387066541706
0 0.0775 0.7066541705716963 0.04375 0.023430178069353328
0 0.851875 0.4878163074039363 0.0975 0.04779756326148079
0 0.23 0.6743205248359887 0.14375 0.09278350515463918
0 0.314375 0.5880974695407685 0.1075 0.1190253045923149
0 0.0975 0.3036551077788191 0.03375 0.029053420805998126
0 0.92125 0.5379568884723523 0.1275 0.06747891283973759
0 0.925 0.5955951265229615 0.11875 0.07403936269915651
0 0.309375 0.5852858481724461 0.015 0.013120899718837863
0 0.273125 0.5454545454545454 0.06625 0.07497656982193064
0 0.006875 0.7638238050609185 0.01375 0.020618556701030927
0 0.00625 0.6490159325210871 0.0125 0.015932521087160263
0 0.05125 0.5487347703842549 0.1025 0.04217432052483599
0 0.01125 0.5318650421743205 0.0225 0.01780693533270853
0 0.09 0.42642924086223055 0.04 0.04311152764761012
0 0.06875 0.4076850984067479 0.0625 0.02530459231490159
0 0.18375 0.3809746954076851 0.02 0.011246485473289597
0 0.33375 0.3580131208997188 0.0125 0.01218369259606373
0 0.314375 0.31724461105904406 0.0125 0.011246485473289597
0 0.025625 0.14058106841611998 0.0325 0.031865042174320526
0 0.63875 0.30880974695407687 0.03375 0.030927835051546393
0 0.62 0.22399250234301782 0.01625 0.011246485473289597
0 0.465 0.7680412371134021 0.015 0.01218369259606373