1 0.09422499999999999 0.5261012183692596 0.0699375 0.06560449859418932
1 0.34740000000000004 0.4691752577319588 0.10769999999999996 0.14986879100281164
1 0.5706875 0.5049390815370197 0.11292500000000004 0.14453608247422683
0 0.095625 0.3580131208997188 0.04125 0.05060918462980318
0 0.705625 0.7216494845360825 0.06875 0.033739456419868794
0 0.653125 0.6780693533270853 0.05375 0.030927835051546393
0 0.256875 0.6672914714151827 0.06875 0.01874414245548266
0 0.7996500000000001 0.7249297094657919 0.056725000000000136 0.023430178069353328
0 0.85725 0.7907872539831302 0.059799999999999895 0.019943767572633525
0 0.816875 0.7708528584817245 0.08625 0.019681349578256794
0 0.23725000000000002 0.47563261480787256 0.03125 0.03280224929709466
0 0.474375 0.6237113402061856 0.05625 0.01780693533270853
1 0.435275 0.46980318650421743 0.03413749999999993 0.056232427366447985
0 0.206175 0.6099812558575446 0.06691249999999997 0.01780693533270853
1 0.724725 0.4981443298969072 0.12023750000000007 0.017310215557638262
1 0.3307 0.37587628865979383 0.18799999999999997 0.03183692596063733
1 0.509375 0.4526710402999063 0.03125 0.05998125585754452
0 0.473125 0.3055295220243674 0.02875 0.02999062792877226
0 0.163125 0.3537956888472352 0.02875 0.02155576382380506
0 0.285625 0.4217432052483599 0.02875 0.01874414245548266
0 0.2298875 0.577647610121837 0.01977499999999999 0.014339268978444194
0 0.07375 0.6204311152764761 0.0275 0.026241799437675725
0 0.490625 0.3880037488284911 0.02625 0.026241799437675725
0 0.56125 0.34817244611059045 0.0275 0.02530459231490159
0 0.613125 0.4873477038425492 0.01875 0.01499531396438613
0 0.615625 0.49953139643861294 0.01625 0.013120899718837863
0 0.52375 0.5131208997188379 0.01 0.015932521087160263
0 0.726175 0.5788003748828492 0.03516250000000014 0.021405810684161124
0 0.683125 0.4184629803186504 0.03125 0.019681349578256794
0 0.02 0.7642924086223055 0.04 0.015932521087160263
0 0.1775 0.7300843486410497 0.0175 0.011246485473289597
1 0.4021125 0.6480412371134021 0.14209999999999995 0.035276476101218465
1 0.4568125 0.6264198687910028 0.1417375 0.027385192127460194
0 0.7481 0.7436551077788192 0.0679124999999999 0.012989690721649391
0 0.856975 0.621668228678538 0.03867500000000007 0.023673851921274594
0 0.453825 0.472389878163074 0.015462500000000006 0.02315838800374881
0 0.39280000000000004 0.4460168697282099 0.010187499999999971 0.02166822867853796
0 0.3915625 0.46433926897844424 0.009825000000000018 0.015613870665417027
0 0.3899375 0.4854451733833177 0.006149999999999949 0.015154639175257747
0 0.390925 0.49532333645735704 0.007237499999999955 0.01582005623242747
0 0.393775 0.5239550140581067 0.006800000000000068 0.010571696344892195
0 0.3958625 0.5346485473289597 0.008349999999999937 0.012230552952202394
0 0.3529375 0.5770384254920338 0.01644999999999996 0.011312089971883727
0 0.2637 0.4807403936269916 0.03116250000000001 0.03139643861293346
0 0.409675 0.3944704779756326 0.017475000000000022 0.004882849109653267
1 0.1912875 0.3173102155576382 0.251875 0.03044048734770386