1 0.104375 0.5735707591377694 0.0825 0.07310215557638237
1 0.343125 0.4873477038425492 0.1375 0.16026241799437677
1 0.570625 0.4967197750702905 0.14125 0.15557638238050608
0 0.07125 0.4072164948453608 0.05125 0.05435801312089972
0 0.749375 0.6949390815370197 0.075 0.041237113402061855
0 0.688125 0.6579194001874414 0.06 0.03655107778819119
0 0.295 0.6935332708528584 0.07125 0.026241799437675725
0 0.843125 0.6869728209934396 0.06125 0.02999062792877226
0 0.91375 0.7450796626054358 0.06375 0.02717900656044986
0 0.869375 0.7305529522024368 0.08875 0.02999062792877226
0 0.235625 0.506560449859419 0.0375 0.03561387066541706
0 0.500625 0.6251171508903468 0.05875 0.02436738519212746
1 0.43 0.47797563261480785 0.045 0.05998125585754452
0 0.2325 0.6429240862230553 0.07 0.02530459231490159
1 0.721875 0.471883786316776 0.1225 0.030927835051546393
1 0.306875 0.39737582005623245 0.1925 0.053420805998125584
1 0.499375 0.45220243673851923 0.04375 0.06279287722586692
0 0.433125 0.31115276476101217 0.035 0.03280224929709466
0 0.136875 0.3950328022492971 0.0325 0.02436738519212746
0 0.271875 0.44798500468603564 0.0325 0.02155576382380506
0 0.249375 0.6082474226804123 0.0225 0.016869728209934397
0 0.104375 0.669165885660731 0.0325 0.029053420805998126
0 0.4675 0.39034676663542645 0.03125 0.029053420805998126
0 0.52875 0.3430178069353327 0.0325 0.028116213683223992
0 0.609375 0.4742268041237113 0.02125 0.016869728209934397
0 0.614375 0.485941893158388 0.01875 0.01499531396438613
0 0.52625 0.5103092783505154 0.01375 0.016869728209934397
0 0.74 0.5510777881911902 0.03875 0.02530459231490159
0 0.66375 0.3978444236176195 0.035 0.023430178069353328
0 0.08125 0.817244611059044 0.0425 0.020618556701030927
0 0.229375 0.7652296157450796 0.02 0.013120899718837863
1 0.434375 0.6579194001874414 0.1475 0.05154639175257732
1 0.48375 0.6298031865042174 0.14625 0.044048734770384255
0 0.795625 0.711340206185567 0.07 0.020618556701030927
0 0.878125 0.5782567947516402 0.04375 0.028116213683223992
0 0.44875 0.47797563261480785 0.02 0.02436738519212746
0 0.383125 0.4592314901593252 0.015 0.022492970946579195
0 0.385625 0.4775070290534208 0.0125 0.016869728209934397
0 0.388125 0.4985941893158388 0.00875 0.015932521087160263
0 0.39125 0.5079662605435802 0.01 0.016869728209934397
0 0.4 0.5360824742268041 0.00875 0.011246485473289597
0 0.404375 0.5463917525773195 0.01125 0.013120899718837863
0 0.370625 0.5932521087160263 0.01875 0.013120899718837863
0 0.2625 0.5089034676663543 0.0375 0.03467666354264293
0 0.38875 0.4062792877225867 0.01875 0.006560449859418931
1 0.156875 0.3556701030927835 0.255 0.05998125585754452