0 0.573125 0.6447985004686035 0.07875 0.07778819119025304
0 0.954375 0.7258669165885661 0.03875 0.026241799437675725
0 0.135 0.7521087160262419 0.06 0.030927835051546393
0 0.498125 0.7947516401124649 0.0625 0.041237113402061855
0 0.104375 0.5342080599812559 0.0225 0.014058106841611996
0 0.415625 0.2000937207122774 0.035 0.023430178069353328
0 0.705625 0.7455482661668229 0.0175 0.01218369259606373
0 0.0425 0.35941893158388005 0.05125 0.03936269915651359
0 0.810625 0.5107778819119025 0.06125 0.05716963448922212
0 0.838125 0.2619493908153702 0.0475 0.038425492033739454
0 0.6975 0.5993439550140581 0.03625 0.01780693533270853
0 0.7166374999999999 0.22640112464854734 0.037975000000000134 0.020740393626991562
0 0.7219 0.4928865979381443 0.030424999999999897 0.037432052483598925
0 0.02 0.5918462980318651 0.04 0.04217432052483599
0 0.494375 0.1991565135895033 0.0975 0.09934395501405811
0 0.9025 0.6696344892221181 0.04125 0.028116213683223992
0 0.035 0.4878163074039363 0.07 0.08997188378631678
0 0.14125 0.492970946579194 0.035 0.026241799437675725
0 0.9164 0.5576382380506092 0.0646875 0.05998125585754452
0 0.799375 0.8063542642924086 0.0175 0.01288659793814433
0 0.8786499999999999 0.26174320524835987 0.0347999999999999 0.04204311152764762
0 0.77905 0.3083973758200562 0.03447499999999991 0.02071227741330836
0 0.7435375000000001 0.3266541705716964 0.031100000000000138 0.04251171508903469
0 0.6148250000000001 0.1926522961574508 0.06458750000000002 0.04029053420805999
0 0.55935 0.2782380506091846 0.029399999999999978 0.01010309278350513
0 0.55885 0.2871134020618557 0.028387500000000045 0.008575445173383297
0 0.839075 0.3803092783505155 0.031412500000000135 0.06562324273664479
0 0.8260500000000001 0.39071227741330833 0.015512500000000103 0.01947516401124646
0 0.9671 0.4675538894095595 0.03377499999999998 0.042802249297094676
0 0.9797875 0.512680412371134 0.03546249999999986 0.043280224929709524
0 0.897425 0.4684442361761949 0.023637500000000103 0.01922211808809746
0 0.8869374999999999 0.4888472352389878 0.0635499999999999 0.05800374882849114
0 0.869025 0.553261480787254 0.018237499999999896 0.01691658856607306
0 0.863275 0.5703748828491096 0.016200000000000044 0.020712277413308257
0 0.86005 0.5786129334582942 0.02466250000000002 0.03464854732895972
0 0.8242 0.4693345829428303 0.04360000000000014 0.05295220243673852
0 0.7687375 0.536522961574508 0.013174999999999954 0.010328022492970929
0 0.7628125 0.42026241799437675 0.029737499999999955 0.03241799437675729
0 0.7295 0.39603561387066544 0.032787500000000025 0.04077788191190252
0 0.7382875 0.36726335520149955 0.03007499999999993 0.03749765698219305
0 0.611275 0.4096157450796626 0.031099999999999996 0.03140581068416119
0 0.5979125 0.4146860356138707 0.029412499999999966 0.027347703842549156
0 0.6021375 0.5239831302717901 0.029737499999999955 0.009587628865979398
0 0.5859125000000001 0.535651358950328 0.019599999999999937 0.011611996251171602
0 0.48985 0.5222024367385193 0.014862499999999983 0.01870665417057173
0 0.85295 0.6310028116213683 0.0841749999999999 0.030384254920337462
0 0.7836124999999999 0.6462230552952202 0.016550000000000013 0.012118088097469601
0 0.69145 0.6122492970946579 0.044637500000000045 0.01720712277413299
0 0.6623625 0.6275820056232427 0.05952499999999993 0.017450796626054255
0 0.6743625 0.6845079662605436 0.013862499999999897 0.01058106841611993
0 0.9025 0.7902717900656046 0.016862500000000013 0.010609184629803127
0 0.6406999999999999 0.7821555763823804 0.014850000000000065 0.011105904404873392
0 0.4232 0.6684067478912841 0.013499999999999943 0.009325210871602667
0 0.380925 0.593730084348641 0.03987499999999997 0.028875351452670988
0 0.2994 0.6133833177132146 0.16300000000000003 0.009840674789128397
0 0.20251249999999998 0.6118650421743206 0.018599999999999995 0.007816307403936193
0 0.20335 0.6076757263355201 0.017575000000000004 0.006044985941893201
0 0.24207499999999998 0.6020993439550141 0.08758749999999998 0.012136832239925066
0 0.192175 0.535651358950328 0.04327500000000001 0.022277413308341126
0 0.073125 0.7006279287722588 0.020949999999999996 0.008322399250234404
0 0.005449999999999999 0.7555295220243674 0.010887500000000001 0.009081537019681401
0 0.3247875 0.4592221180880975 0.00738749999999996 0.010337394564198661
0 0.25379999999999997 0.40941893158388004 0.01603749999999998 0.02662605435801309
0 0.4484 0.32793814432989693 0.03232500000000002 0.02736644798500473
0 0.430375 0.32997188378631676 0.026899999999999976 0.04402061855670106
0 0.3165125 0.25194001874414246 0.016524999999999998 0.019784442361761963
0 0.23885 0.18453608247422681 0.04147500000000001 0.030890346766635407
0 0.12710000000000002 0.2249015932521087 0.03826250000000002 0.023851921274601676
1 0.25025 0.376194939081537 0.12147500000000001 0.2534864104967198
1 0.3204125 0.41661668228678533 0.12488749999999996 0.18547328959700096
1 0.33752499999999996 0.3779100281162137 0.14541250000000003 0.2167104029990628
1 0.3997 0.4026241799437676 0.20930000000000004 0.28410496719775075
1 0.3509375 0.28703842549203373 0.14027500000000004 0.16071227741330835