0 0.3975 0.6344892221180881 0.09375 0.08622305529522024
0 0.013125 0.6696344892221181 0.02625 0.030927835051546393
0 0.808125 0.7919400187441424 0.06625 0.03748828491096532
0 0.440625 0.7914714151827554 0.07 0.04779756326148079
0 0.88375 0.5801312089971884 0.025 0.016869728209934397
0 0.645625 0.21368322399250234 0.04 0.02717900656044986
0 0.245625 0.718369259606373 0.02 0.014058106841611996
0 0.975625 0.41424554826616683 0.04875 0.04498594189315839
0 0.19125 0.4742268041237113 0.0725 0.06373008434864105
0 0.215625 0.225398313027179 0.055 0.04311152764761012
0 0.284375 0.5749765698219307 0.04 0.02155576382380506
0 0.343125 0.204311152764761 0.04125 0.02530459231490159
0 0.2825 0.46672914714151825 0.0375 0.04029990627928772
0 0.955 0.6471415182755389 0.04875 0.04592314901593252
0 0.568125 0.20337394564198688 0.1175 0.10965323336457357
0 0.066875 0.6204311152764761 0.04625 0.03280224929709466
0 0.95875 0.542642924086223 0.0825 0.09746954076850985
0 0.855625 0.53514526710403 0.04 0.02999062792877226
0 0.076875 0.5079662605435802 0.07625 0.06654170571696345
0 0.140625 0.767572633552015 0.02 0.01499531396438613
0 0.175625 0.22024367385192128 0.04375 0.04592314901593252
0 0.264375 0.2778819119025305 0.03875 0.02436738519212746
0 0.295625 0.3003748828491096 0.04 0.04592314901593252
0 0.450625 0.18275538894095594 0.0725 0.04779756326148079
0 0.4875 0.27413308341143394 0.03125 0.013120899718837863
0 0.48625 0.2830365510777882 0.03 0.01218369259606373
0 0.19 0.34208059981255856 0.045 0.06841611996251172
0 0.200625 0.3537956888472352 0.02 0.020618556701030927
0 0.045625 0.4133083411433927 0.0425 0.04592314901593252
0 0.02375 0.4564198687910028 0.04375 0.046860356138706656
0 0.11375 0.42221180880974696 0.0275 0.02155576382380506
0 0.12 0.443767572633552 0.075 0.06466729147141519
0 0.124375 0.5093720712277413 0.02125 0.01874414245548266
0 0.12625 0.5267104029990628 0.02 0.022492970946579195
0 0.128125 0.5356138706654171 0.03125 0.03748828491096532
0 0.18625 0.43158388003748827 0.05375 0.05716963448922212
0 0.226875 0.5046860356138707 0.015 0.01218369259606373
0 0.256875 0.39034676663542645 0.03625 0.03561387066541706
0 0.295 0.3701968134957826 0.04125 0.044048734770384255
0 0.2925 0.34114339268978444 0.0375 0.04029990627928772
0 0.40875 0.3978444236176195 0.0375 0.03467666354264293
0 0.42125 0.4044048734770384 0.035 0.030927835051546393
0 0.394375 0.5117150890346767 0.03125 0.013120899718837863
0 0.4075 0.5253045923149016 0.02125 0.014058106841611996
0 0.505625 0.5229615745079662 0.01875 0.020618556701030927
0 0.12375 0.5880974695407685 0.09 0.04029990627928772
0 0.189375 0.6110590440487348 0.01875 0.014058106841611996
0 0.2875 0.5885660731021556 0.0475 0.022492970946579195
0 0.313125 0.6068416119962512 0.0625 0.02436738519212746
0 0.289375 0.6616682286785379 0.01625 0.01218369259606373
0 0.041875 0.739456419868791 0.01875 0.01218369259606373
0 0.301875 0.7619493908153702 0.0175 0.013120899718837863
0 0.540625 0.6752577319587629 0.015 0.011246485473289597
0 0.598125 0.6063730084348641 0.045 0.03280224929709466
0 0.674375 0.6354264292408622 0.1625 0.029053420805998126
0 0.770625 0.6452671040299907 0.02 0.010309278350515464
0 0.770625 0.6410496719775071 0.01875 0.008434864104967198
0 0.73375 0.6312089971883786 0.08875 0.022492970946579195
0 0.796875 0.5712277413308341 0.0475 0.02717900656044986
0 0.88 0.7483598875351453 0.0225 0.010309278350515464
0 0.935 0.810215557638238 0.0125 0.010309278350515464
0 0.681875 0.4803186504217432 0.01 0.011246485473289597
0 0.761875 0.4395501405810684 0.02125 0.028116213683223992
0 0.586875 0.33598875351452673 0.0375 0.030927835051546393
0 0.604375 0.3402061855670103 0.03625 0.046860356138706656
0 0.733125 0.27647610121836924 0.02 0.02155576382380506
0 0.82375 0.21883786316776008 0.0475 0.03561387066541706
0 0.925625 0.27225866916588565 0.0425 0.028116213683223992
1 0.7725 0.4072164948453608 0.1725 0.2642924086223055
1 0.695 0.4386129334582943 0.1625 0.19775070290534208
1 0.68625 0.3983130271790066 0.18875 0.23149015932521086
1 0.619375 0.415651358950328 0.26625 0.3055295220243674
1 0.691875 0.3069353327085286 0.1725 0.17525773195876287