0 0.559375 0.648078725398313 0.08625 0.08153701968134958
0 0.9325 0.7492970946579194 0.04125 0.028116213683223992
0 0.1125 0.732427366447985 0.0625 0.033739456419868794
0 0.470625 0.7938144329896907 0.06625 0.044048734770384255
0 0.101875 0.5135895032802249 0.02375 0.01499531396438613
0 0.44375 0.19634489222118087 0.0375 0.02530459231490159
0 0.6825 0.7558575445173383 0.01875 0.013120899718837863
0 0.056875 0.33598875351452673 0.055 0.04217432052483599
0 0.80875 0.5271790065604499 0.06625 0.05998125585754452
0 0.859375 0.2802249297094658 0.05125 0.041237113402061855
0 0.6875 0.6096532333645736 0.0375 0.019681349578256794
0 0.741875 0.23851921274601687 0.04 0.022492970946579195
0 0.721875 0.5046860356138707 0.03375 0.03936269915651359
0 0.016875 0.5665417057169635 0.03375 0.044048734770384255
0 0.5225 0.19962511715089035 0.10625 0.10402999062792877
0 0.885625 0.6902530459231491 0.04375 0.02999062792877226
0 0.038125 0.4629803186504217 0.07625 0.09372071227741331
0 0.1425 0.4742268041237113 0.0375 0.028116213683223992
0 0.91 0.5791940018744143 0.07 0.06279287722586692
0 0.77 0.8214620431115276 0.01875 0.014058106841611996
0 0.9 0.28209934395501407 0.03875 0.044048734770384255
0 0.79625 0.3233364573570759 0.03625 0.022492970946579195
0 0.759375 0.33973758200562326 0.035 0.044048734770384255
0 0.643125 0.19962511715089035 0.06875 0.04311152764761012
0 0.58 0.28209934395501407 0.03 0.011246485473289597
0 0.57875 0.29053420805998126 0.02875 0.010309278350515464
0 0.849375 0.3983130271790066 0.0375 0.06747891283973759
0 0.835625 0.40815370196813494 0.0175 0.020618556701030927
0 0.96875 0.49203373945641987 0.0375 0.044048734770384255
0 0.9775 0.5379568884723523 0.04 0.04498594189315839
0 0.899375 0.48922211808809746 0.025 0.020618556701030927
0 0.886875 0.5089034676663543 0.06875 0.06091846298031865
0 0.863125 0.5726335520149953 0.02 0.01780693533270853
0 0.855625 0.5890346766635426 0.0175 0.02155576382380506
0 0.851875 0.5974695407685099 0.0275 0.03561387066541706
0 0.82625 0.48641049671977504 0.04875 0.05529522024367385
0 0.764375 0.5506091846298032 0.01375 0.011246485473289597
0 0.769375 0.4343955014058107 0.0325 0.033739456419868794
0 0.73875 0.40815370196813494 0.03625 0.04217432052483599
0 0.75 0.38003748828491096 0.03375 0.03936269915651359
0 0.619375 0.415651358950328 0.03375 0.03280224929709466
0 0.605625 0.4198687910028116 0.0325 0.029053420805998126
0 0.599375 0.5290534208059982 0.03 0.011246485473289597
0 0.5825 0.5398313027179007 0.02125 0.01218369259606373
0 0.4875 0.5215557638238051 0.01625 0.019681349578256794
0 0.84 0.6490159325210871 0.08625 0.03467666354264293
0 0.769375 0.6607310215557638 0.0175 0.013120899718837863
0 0.680625 0.6218369259606373 0.04625 0.019681349578256794
0 0.65 0.6358950328022493 0.06125 0.020618556701030927
0 0.656875 0.6930646672914714 0.015 0.011246485473289597
0 0.874375 0.8106841611996252 0.0175 0.011246485473289597
0 0.614375 0.788659793814433 0.01625 0.01218369259606373
0 0.4075 0.6640112464854733 0.01375 0.010309278350515464
0 0.3725 0.5871602624179943 0.0425 0.030927835051546393
0 0.289375 0.6026241799437676 0.16375 0.01874414245548266
0 0.193125 0.5960637300843487 0.01875 0.008434864104967198
0 0.19375 0.5918462980318651 0.0175 0.006560449859418931
0 0.233125 0.5885660731021556 0.08875 0.016869728209934397
0 0.189375 0.5196813495782568 0.045 0.02436738519212746
0 0.055625 0.6776007497656982 0.02125 0.00937207122774133
0 0.32875 0.45032802249297094 0.00875 0.010309278350515464
0 0.263125 0.39690721649484534 0.01875 0.02717900656044986
0 0.464375 0.32567947516401125 0.035 0.029053420805998126
0 0.44625 0.32661668228678536 0.03125 0.04498594189315839
0 0.34 0.24273664479850046 0.01875 0.020618556701030927
0 0.26875 0.17150890346766634 0.04375 0.03280224929709466
0 0.15375 0.20618556701030927 0.04 0.026241799437675725
1 0.2625 0.36363636363636365 0.145 0.25960637300843487
1 0.32875 0.4072164948453608 0.14125 0.19119025304592316
1 0.349375 0.3697282099343955 0.165 0.22399250234301782
1 0.40875 0.3978444236176195 0.235 0.2942830365510778
1 0.37125 0.2797563261480787 0.155 0.16776007497656983