1 0.400625 0.8624413145539906 0.1325 0.1323943661971831
0 0.35125 0.336150234741784 0.075 0.107981220657277
0 0.815625 0.7511737089201878 0.0875 0.09201877934272301
0 0.5825 0.3220657276995305 0.0625 0.048826291079812206
0 0.845625 0.3431924882629108 0.07375 0.05258215962441314
0 0.613125 0.8389671361502348 0.1075 0.05539906103286385
0 0.2225 0.6516431924882629 0.08 0.051643192488262914
0 0.19875 0.8028169014084507 0.04375 0.038497652582159626
0 0.170625 0.5854460093896714 0.05625 0.04131455399061033
0 0.7575 0.5676056338028169 0.07625 0.04788732394366197
0 0.251875 0.2704225352112676 0.03625 0.02910798122065728
0 0.1925 0.43051643192488265 0.0925 0.03755868544600939
0 0.25375 0.5032863849765258 0.04875 0.03943661971830986
0 0.9075 0.2596244131455399 0.0525 0.044131455399061034
0 0.2125 0.5455399061032864 0.05875 0.03943661971830986
0 0.9225 0.4244131455399061 0.06625 0.04225352112676056
0 0.34 0.6938967136150235 0.04 0.03568075117370892
0 0.844375 0.447887323943662 0.05 0.03192488262910798
0 0.87 0.5558685446009389 0.0625 0.044131455399061034
0 0.98625 0.25305164319248824 0.0275 0.03474178403755868
0 0.7325 0.2131455399061033 0.04875 0.03380281690140845
0 0.87375 0.4807511737089202 0.04875 0.03004694835680751
0 0.281875 0.7591549295774648 0.055 0.03943661971830986
0 0.465625 0.4154929577464789 0.03875 0.03192488262910798
0 0.956875 0.44929577464788734 0.065 0.03943661971830986
0 0.665 0.7286384976525822 0.02875 0.044131455399061034
1 0.85625 0.7666666666666667 0.15375 0.22065727699530516
0 0.37 0.47746478873239434 0.0975 0.07793427230046948
0 0.034375 0.5107981220657277 0.05125 0.030985915492957747
0 0.47625 0.7450704225352113 0.075 0.048826291079812206
0 0.30875 0.2136150234741784 0.01875 0.014084507042253521
0 0.465 0.3220657276995305 0.02 0.018779342723004695
0 0.6775 0.21032863849765257 0.03625 0.016901408450704224
0 0.788125 0.20657276995305165 0.0325 0.0215962441314554
0 0.778125 0.16291079812206571 0.05375 0.01784037558685446
0 0.013125 0.6417840375586854 0.02625 0.02910798122065728
0 0.54 0.5610328638497653 0.01875 0.011267605633802818
0 0.245625 0.8553990610328639 0.02375 0.01971830985915493
0 0.811875 0.8985915492957747 0.02375 0.01784037558685446
0 0.75375 0.9065727699530517 0.025 0.01784037558685446
0 0.858125 0.8140845070422535 0.025 0.016901408450704224
0 0.87625 0.751643192488263 0.01375 0.012206572769953052
0 0.904375 0.7061032863849765 0.02125 0.0431924882629108
0 0.501875 0.3089201877934272 0.02 0.01596244131455399
0 0.47625 0.5342723004694836 0.02125 0.006572769953051643
0 0.556875 0.560093896713615 0.01125 0.007511737089201878
0 0.545 0.6333333333333333 0.01375 0.009389671361502348
0 0.47125 0.6258215962441315 0.01875 0.006572769953051643
0 0.523125 0.77981220657277 0.015 0.012206572769953052
0 0.878125 0.8107981220657277 0.01125 0.01784037558685446
0 0.716875 0.4211267605633803 0.01625 0.01596244131455399
0 0.705 0.4394366197183099 0.01625 0.010328638497652582
0 0.671875 0.44741784037558685 0.025 0.014084507042253521
0 0.69125 0.45774647887323944 0.0175 0.009389671361502348
0 0.666875 0.45586854460093895 0.0175 0.011267605633802818
1 0.65 0.4328638497652582 0.16125 0.07699530516431925
0 0.73125 0.16666666666666666 0.02 0.03568075117370892
1 0.508125 0.28169014084507044 0.13375 0.26384976525821596
0 0.315 0.5384976525821596 0.01 0.007511737089201878
1 0.28125 0.5859154929577465 0.2375 0.1671361502347418
0 0.045625 0.5624413145539906 0.0275 0.008450704225352112
0 0.04125 0.5591549295774648 0.05 0.028169014084507043
0 0.010625 0.584037558685446 0.02125 0.03568075117370892
0 0.013125 0.5276995305164319 0.02625 0.02629107981220657
0 0.005 0.4671361502347418 0.00875 0.01784037558685446