1 0.54 0.8690140845070422 0.14125 0.13708920187793427
0 0.674375 0.3511737089201878 0.0825 0.10985915492957747
0 0.14625 0.72018779342723 0.09375 0.09483568075117371
0 0.446875 0.315962441314554 0.065 0.05070422535211268
0 0.1825 0.3126760563380282 0.07625 0.05539906103286385
0 0.3325 0.8262910798122066 0.11 0.059154929577464786
0 0.75125 0.676056338028169 0.0825 0.054460093896713614
0 0.749375 0.828169014084507 0.04625 0.04037558685446009
0 0.813125 0.6150234741784038 0.05875 0.044131455399061034
0 0.233125 0.543661971830986 0.07875 0.05070422535211268
0 0.78375 0.2948356807511737 0.03875 0.03004694835680751
0 0.81625 0.4591549295774648 0.095 0.04037558685446009
0 0.74375 0.5258215962441315 0.05125 0.04131455399061033
0 0.134375 0.223943661971831 0.055 0.046009389671361506
0 0.778125 0.5713615023474179 0.06125 0.04131455399061033
0 0.093125 0.3863849765258216 0.07 0.044131455399061034
0 0.626875 0.7070422535211267 0.0425 0.03755868544600939
0 0.166875 0.4169014084507042 0.0525 0.03380281690140845
0 0.12375 0.5215962441314554 0.065 0.046009389671361506
0 0.05125 0.20985915492957746 0.0425 0.036619718309859155
0 0.31625 0.19389671361502347 0.05125 0.03568075117370892
0 0.131875 0.44647887323943664 0.05125 0.03192488262910798
0 0.674375 0.7769953051643192 0.0575 0.04225352112676056
0 0.5475 0.4192488262910798 0.04125 0.03286384976525822
0 0.054375 0.407981220657277 0.0675 0.04131455399061033
0 0.29875 0.711737089201878 0.03125 0.04507042253521127
1 0.103125 0.7319248826291079 0.16875 0.22535211267605634
0 0.6325 0.4892018779342723 0.1025 0.08075117370892018
0 0.96 0.5535211267605634 0.0525 0.03286384976525822
0 0.48375 0.7455399061032864 0.0775 0.051643192488262914
0 0.73625 0.23333333333333334 0.02 0.014084507042253521
0 0.563125 0.32629107981220656 0.02125 0.01971830985915493
0 0.370625 0.19624413145539907 0.0375 0.01784037558685446
0 0.261875 0.18215962441314554 0.03375 0.022535211267605635
0 0.278125 0.13990610328638498 0.05375 0.020657276995305163
0 0.96375 0.6854460093896714 0.03625 0.03004694835680751
0 0.45 0.5568075117370892 0.02 0.011267605633802818
0 0.695 0.8760563380281691 0.025 0.01971830985915493
0 0.956875 0.8253521126760563 0.0175 0.038497652582159626
0 0.96625 0.7685446009389671 0.01 0.012206572769953052
0 0.125625 0.8671361502347418 0.025 0.018779342723004695
0 0.1825 0.8807511737089202 0.025 0.018779342723004695
0 0.09375 0.7793427230046949 0.02625 0.01784037558685446
0 0.08625 0.7154929577464789 0.015 0.013145539906103286
0 0.065625 0.6676056338028169 0.025 0.0431924882629108
0 0.529375 0.3103286384976526 0.02125 0.016901408450704224
0 0.518125 0.536150234741784 0.02125 0.007511737089201878
0 0.43375 0.5544600938967136 0.01125 0.008450704225352112
0 0.43375 0.6281690140845071 0.015 0.010328638497652582
0 0.508125 0.6272300469483568 0.01875 0.007511737089201878
0 0.43125 0.7755868544600939 0.01625 0.012206572769953052
0 0.074375 0.7737089201877935 0.0125 0.018779342723004695
0 0.2975 0.40187793427230045 0.01625 0.016901408450704224
0 0.30625 0.4211267605633803 0.01625 0.011267605633802818
0 0.338125 0.431924882629108 0.025 0.015023474178403756
0 0.316875 0.44084507042253523 0.01875 0.010328638497652582
0 0.34125 0.4413145539906103 0.0175 0.012206572769953052
1 0.361875 0.4197183098591549 0.165 0.08262910798122065
0 0.325 0.14788732394366197 0.02125 0.03568075117370892
1 0.526875 0.28262910798122065 0.15125 0.2676056338028169
0 0.676875 0.5549295774647888 0.01 0.008450704225352112
1 0.703125 0.6051643192488263 0.24875 0.1755868544600939
0 0.940625 0.603755868544601 0.0275 0.009389671361502348
0 0.945625 0.6004694835680752 0.0525 0.03004694835680751
0 0.974375 0.6281690140845071 0.02875 0.036619718309859155
0 0.98 0.5727699530516432 0.03 0.027230046948356807
0 0.995625 0.5126760563380282 0.00875 0.018779342723004695