1 0.41731250000000003 0.8648732394366198 0.12652500000000003 0.1295774647887324
0 0.3436625 0.3403755868544601 0.07 0.10610328638497653
0 0.826875 0.7427230046948357 0.08375 0.09014084507042254
0 0.5741375 0.32018779342723 0.06 0.046948356807511735
0 0.838125 0.3342723004694836 0.07125 0.05070422535211268
0 0.6287125 0.8358591549295775 0.10452499999999994 0.05294835680751183
0 0.22954999999999998 0.6589953051643193 0.0775 0.04976525821596244
0 0.2133 0.8106384976525822 0.0425 0.03755868544600939
0 0.1745625 0.5938967136150235 0.05412500000000001 0.04037558685446009
0 0.7606499999999999 0.5609201877934272 0.07371250000000003 0.04623474178403757
0 0.24125 0.27699530516431925 0.035 0.028169014084507043
0 0.189475 0.4384131455399061 0.09125 0.03474178403755868
0 0.2543375 0.5095399061032864 0.047075000000000033 0.03815962441314563
0 0.895975 0.24894835680751173 0.05 0.04298591549295772
0 0.2147625 0.5528920187793428 0.05704999999999998 0.037849765258215914
0 0.9187875 0.41338967136150234 0.065 0.04037558685446009
0 0.3493625 0.6981220657276995 0.03875 0.03474178403755868
0 0.84175 0.43896713615023475 0.04908749999999998 0.030985915492957747
0 0.8722249999999999 0.5460093896713615 0.06 0.04225352112676056
0 0.980625 0.2403755868544601 0.03875 0.03380281690140845
0 0.71875 0.20704225352112676 0.0475 0.03286384976525822
0 0.8728625 0.4708920187793427 0.0475 0.02910798122065728
0 0.294325 0.7644788732394365 0.052887500000000004 0.038497652582159626
0 0.462025 0.4166478873239437 0.0375 0.030985915492957747
0 0.954375 0.4375586854460094 0.06375 0.03755868544600939
0 0.675625 0.723943661971831 0.02625 0.0431924882629108
1 0.8685875 0.7571173708920188 0.14379999999999996 0.21673239436619712
0 0.3691875 0.4807511737089202 0.09375 0.07511737089201878
0 0.0353125 0.5229577464788733 0.049375 0.030131455399060956
0 0.48774999999999996 0.7456901408450703 0.07239999999999995 0.047089201877934354
0 0.295625 0.2187793427230047 0.01875 0.013145539906103286
0 0.45697499999999996 0.3228638497652582 0.01894999999999996 0.018488262910798175
0 0.66405 0.20587793427230047 0.035587500000000036 0.01551173708920186
0 0.774375 0.19906103286384977 0.03125 0.020657276995305163
0 0.7625 0.15586854460093896 0.0525 0.016901408450704224
0 0.01625 0.6545070422535211 0.0325 0.02842253521126759
0 0.543125 0.560093896713615 0.01875 0.010328638497652582
0 0.262075 0.8616525821596244 0.0225 0.018779342723004695
0 0.006875 0.7943661971830986 0.01375 0.03755868544600939
0 0.004375 0.7370046948356808 0.00875 0.011267605633802818
0 0.8300875000000001 0.8900657276995305 0.0225 0.016901408450704224
0 0.7722625 0.8998967136150234 0.02375 0.016901408450704224
0 0.872325 0.8047136150234742 0.024050000000000012 0.016422535211267613
0 0.8874625 0.7415492957746479 0.01375 0.012206572769953052
0 0.9135 0.6953051643192488 0.019625000000000056 0.04225352112676056
0 0.49286250000000004 0.30895774647887325 0.019350000000000023 0.01580281690140849
0 0.477825 0.5347230046948357 0.020499999999999973 0.006018779342723082
0 0.5598 0.5585164319248827 0.010387499999999932 0.007549295774647853
0 0.550975 0.6321408450704226 0.013575000000000018 0.00929577464788741
0 0.4769625 0.6263943661971831 0.01819999999999993 0.006478873239436705
0 0.536375 0.7788544600938967 0.014437499999999943 0.011661971830985983
0 0.8925125 0.8005070422535211 0.010462499999999864 0.017962441314554094
0 0.7132875 0.4157183098591549 0.01491250000000008 0.016037558685446048
0 0.7020000000000001 0.43408450704225354 0.015237500000000069 0.009849765258215971
0 0.669275 0.44291079812206574 0.02416249999999991 0.013051643192488242
0 0.6894499999999999 0.45293896713615023 0.017462500000000034 0.008751173708920234
0 0.664825 0.45174647887323943 0.016512500000000045 0.01114553990610329
1 0.647025 0.4291830985915493 0.1576 0.07296713615023477
0 0.7153499999999999 0.16066666666666668 0.017787500000000022 0.03486384976525821
1 0.49816249999999995 0.2815117370892019 0.12206249999999998 0.26091079812206575
0 0.3171875 0.5432488262910797 0.00942499999999999 0.007652582159624498
1 0.28536249999999996 0.5913802816901409 0.23070000000000002 0.1613051643192488
0 0.0489625 0.5744413145539906 0.0267375 0.00741784037558694
0 0.0444125 0.5710234741784037 0.048925 0.027079812206572695
0 0.0125 0.5967136150234742 0.025 0.03474178403755868
0 0.013675 0.5409014084507042 0.02735 0.025464788732394265
0 0.004 0.480093896713615 0.008 0.01797183098591548