0 0.413125 0.428021327014218 0.08875 0.037914691943127965
1 0.611875 0.34389810426540285 0.29875 0.1457345971563981
0 0.439375 0.3957345971563981 0.065 0.03376777251184834
1 0.443125 0.2037914691943128 0.15875 0.08767772511848342
1 0.49375 0.254739336492891 0.16375 0.08590047393364929
1 0.5575 0.5879739336492891 0.165 0.08234597156398105
1 0.296875 0.6635071090047393 0.16625 0.06635071090047394
1 0.345 0.6726895734597157 0.3325 0.10781990521327015
1 0.4075 0.7508886255924171 0.3425 0.11492890995260663
1 0.0075 0.6279620853080569 0.015 0.02014218009478673
0 0.131875 0.341824644549763 0.04375 0.017772511848341232
0 0.044375 0.2565165876777251 0.0375 0.016587677725118485
0 0.29875 0.25385071090047395 0.04 0.016587677725118485
0 0.425625 0.20734597156398105 0.02125 0.004146919431279621
0 0.45125 0.20527251184834122 0.01625 0.0035545023696682463
0 0.91125 0.1712085308056872 0.04375 0.015995260663507108
0 0.994375 0.3865521327014218 0.01125 0.015995260663507108
0 0.64375 0.32760663507109006 0.065 0.03672985781990521