0 0.6075 0.43453791469194314 0.09125 0.039691943127962086
1 0.435 0.3379739336492891 0.30875 0.14988151658767773
0 0.590625 0.40077014218009477 0.0675 0.03495260663507109
1 0.643125 0.2103080568720379 0.165 0.09004739336492891
1 0.578125 0.25740521327014215 0.16875 0.08827014218009478
1 0.4175 0.5832345971563981 0.17125 0.08471563981042654
1 0.653125 0.6753554502369669 0.17125 0.06872037914691943
1 0.6025 0.6809834123222749 0.33875 0.11315165876777251
1 0.518125 0.7544431279620853 0.35 0.11966824644549763
1 0.9575 0.6596563981042654 0.0325 0.020734597156398103
0 0.910625 0.36759478672985785 0.045 0.018364928909952605
0 0.771875 0.26925355450236965 0.04125 0.017180094786729858
0 0.66 0.2153436018957346 0.02125 0.004146919431279621
0 0.635 0.21149289099526067 0.01625 0.004146919431279621
0 0.189375 0.14721563981042654 0.045 0.016587677725118485
0 0.0375 0.35485781990521326 0.025 0.015995260663507108
0 0.408125 0.31990521327014215 0.0675 0.037914691943127965