0 0.595 0.4303909952606635 0.085 0.03613744075829384
1 0.405625 0.3412322274881517 0.28375 0.1386255924170616
0 0.571875 0.3975118483412322 0.06125 0.032582938388625596
1 0.589375 0.20556872037914692 0.15 0.08412322274881516
1 0.5332125 0.2551718009478673 0.15432500000000005 0.08228080568720378
1 0.43305 0.5864099526066352 0.15679999999999994 0.07853080568720383
1 0.684825 0.6684597156398103 0.15976249999999992 0.06258886255924176
1 0.6356 0.676196682464455 0.32151250000000003 0.10010071090047382
1 0.564875 0.7528495260663507 0.3314000000000001 0.10666469194312807
1 0.9852375000000001 0.640207345971564 0.029524999999999864 0.019691943127961957
0 0.8849375 0.35123815165876776 0.04221249999999998 0.016913507109004713
0 0.981875 0.2680687203791469 0.03625 0.015995260663507108
0 0.728275 0.2590462085308057 0.03872500000000002 0.01567535545023699
0 0.6068625 0.20970379146919432 0.020662499999999966 0.003465639810426554
0 0.5811125 0.2069905213270142 0.015575000000000045 0.003465639810426554
0 0.12539999999999998 0.16143364928909953 0.04188749999999999 0.014828199052132686
0 0.0128 0.3743898104265403 0.021712500000000003 0.015438388625592384
0 0.37525 0.3243305687203792 0.061500000000000055 0.035450236966824596