0 0.21125 0.19444444444444445 0.17375 0.12236286919831224
0 0.831875 0.3948663853727145 0.15 0.08649789029535865
0 0.87125 0.4588607594936709 0.14625 0.08227848101265822
0 0.779375 0.36427566807313644 0.16875 0.1090014064697609
1 0.4475 0.5035161744022504 0.2675 0.15611814345991562
0 0.403125 0.07770745428973277 0.1775 0.13924050632911392
0 0.240625 0.5214486638537271 0.1275 0.0850914205344585
1 0.794375 0.6606891701828411 0.34875 0.11533052039381153
0 0.189375 0.5745428973277075 0.1775 0.05555555555555555
0 0.223125 0.8312236286919831 0.07 0.04289732770745429
0 0.35875 0.7042897327707455 0.0725 0.052039381153305204
0 0.525625 0.18459915611814345 0.06375 0.03656821378340366
0 0.614375 0.2777777777777778 0.06125 0.035864978902953586
0 0.870625 0.8463431786216596 0.08 0.03727144866385373
1 0.193125 0.36040787623066106 0.2875 0.18213783403656822
0 0.363125 0.0629395218002813 0.06625 0.04149085794655415
1 0.3175 0.3755274261603376 0.21 0.21308016877637131
0 0.26625 0.5784106891701828 0.035 0.01969057665260197
0 0.343125 0.45358649789029537 0.03375 0.01969057665260197
0 0.631875 0.430028129395218 0.04375 0.02250351617440225
0 0.6225 0.4110407876230661 0.04125 0.0189873417721519
0 0.509375 0.6082981715893109 0.03 0.014767932489451477
0 0.523125 0.6156821378340366 0.02125 0.01617440225035162
0 0.98625 0.49156118143459915 0.0275 0.016877637130801686
0 0.96 0.6441631504922645 0.01375 0.010548523206751054
0 0.108125 0.7457805907172996 0.03125 0.017580872011251757
0 0.185 0.8087201125175809 0.03125 0.017580872011251757
0 0.3925 0.7366385372714487 0.03 0.017580872011251757
0 0.543125 0.689873417721519 0.0325 0.01828410689170183
0 0.135 0.6765119549929677 0.02 0.009845288326300985