0 0.15625 0.21308016877637131 0.155 0.11533052039381153
0 0.810625 0.3762306610407876 0.1375 0.07946554149085795
0 0.86125 0.43741209563994377 0.13375 0.07524613220815753
0 0.7525 0.3488045007032349 0.1525 0.1019690576652602
1 0.448125 0.5066807313642757 0.245 0.1441631504922644
0 0.325 0.08579465541490858 0.155 0.13220815752461323
0 0.24625 0.5365682137834037 0.115 0.07946554149085795
1 0.8225 0.6427566807313643 0.33625 0.0970464135021097
0 0.205 0.5924753867791842 0.17125 0.046413502109704644
0 0.28625 0.8456399437412095 0.06375 0.03938115330520394
0 0.3975 0.7113220815752461 0.06375 0.04852320675105485
0 0.466875 0.1849507735583685 0.0575 0.03375527426160337
0 0.5725 0.2721518987341772 0.055 0.03305203938115331
0 0.933125 0.8227848101265823 0.075 0.03305203938115331
1 0.16875 0.37939521800281295 0.26 0.16947960618846694
0 0.2825 0.07348804500703235 0.06 0.03867791842475387
1 0.295 0.3871308016877637 0.17375 0.2060478199718706
0 0.973125 0.03691983122362869 0.05375 0.013361462728551337
0 0.9825 0.04606188466947961 0.0325 0.010548523206751054
0 0.2825 0.5917721518987342 0.03125 0.01828410689170183
0 0.335 0.4630801687763713 0.03125 0.01828410689170183
0 0.618125 0.42264416315049225 0.04 0.020393811533052038
0 0.605625 0.4040084388185654 0.03875 0.017580872011251757
0 0.529375 0.6072433192686357 0.0275 0.013361462728551337
0 0.544375 0.6135724331926864 0.01875 0.015471167369901548
0 0.985 0.4630801687763713 0.03 0.014767932489451477
0 0.984375 0.6160337552742616 0.0125 0.009845288326300985
0 0.155625 0.7672292545710268 0.02875 0.01617440225035162
0 0.244375 0.8255977496483825 0.02875 0.01617440225035162
0 0.436875 0.7419127988748242 0.0275 0.01617440225035162
0 0.578125 0.6863572433192686 0.03 0.016877637130801686
0 0.17 0.6972573839662447 0.0175 0.009142053445850914