0 0.08125 0.3687796208530806 0.04375 0.024881516587677725
0 0.539375 0.2802132701421801 0.03125 0.01481042654028436
1 0.52 0.6519549763033176 0.2975 0.13566350710900474
0 0.35375 0.4982227488151659 0.03375 0.013033175355450236
1 0.13125 0.7345971563981043 0.0925 0.04383886255924171
0 0.454375 0.42351303317535544 0.06375 0.033305687203791484
1 0.37975000000000003 0.3988151658767773 0.039487500000000036 0.02566943127962081
0 0.4911875 0.20704976303317535 0.09112499999999997 0.024881516587677725
0 0.3883625 0.2418127962085308 0.027312500000000028 0.007588862559241674
0 0.2454375 0.25 0.04583750000000002 0.03997630331753556
0 0.3016 0.27029620853080566 0.03847500000000004 0.012879146919431286
1 0.2770375 0.5743601895734597 0.06866250000000002 0.02751777251184837
0 0.055 0.26925355450236965 0.0475 0.022511848341232227
1 0.2592875 0.6619609004739337 0.07634999999999997 0.03109004739336494
1 0.12625 0.5162914691943128 0.065 0.017180094786729858
0 0.73625 0.2896919431279621 0.06875 0.03495260663507109
0 0.5230125 0.44904028436018956 0.05263750000000002 0.02308056872037917
1 0.8 0.6285545023696683 0.10375 0.04798578199052133
1 0.57 0.5788921800947867 0.053700000000000046 0.024982227488151702
1 0.72175 0.5182819905213271 0.05416249999999991 0.02103080568720379
1 0.6874625000000001 0.4909537914691943 0.05231249999999989 0.015118483412322263
1 0.9286375 0.5408945497630332 0.07791249999999991 0.023210900473933687
0 0.8234625 0.4803021327014218 0.008287500000000137 0.005242890995260609
0 0.796825 0.4684478672985782 0.011537500000000023 0.004810426540284295
0 0.8820749999999999 0.3614869668246446 0.03655000000000001 0.013566350710900527
0 0.5855250000000001 0.4120971563981043 0.014312500000000056 0.004988151658767816
0 0.6100875 0.23543838862559244 0.007837499999999976 0.006113744075829414
0 0.7785124999999999 0.24389218009478672 0.010124999999999886 0.005450236966824671
0 0.8976000000000001 0.21260071090047394 0.04256249999999994 0.014454976303317522
0 0.9666374999999999 0.2780272511848341 0.01289999999999992 0.014419431279620872
0 0.9531999999999999 0.27582938388625594 0.014762499999999932 0.011789099526066337
0 0.556575 0.18230450236966825 0.02497500000000002 0.008323459715639784
0 0.3749375 0.2061255924170616 0.037025 0.013364928909952575
1 0.6877 0.7288803317535545 0.054625000000000055 0.03727488151658772
1 0.7766625 0.6612440758293839 0.05553750000000008 0.026741706161137364
1 0.14743750000000003 0.5398815165876778 0.249 0.1343009478672986
1 0.014650000000000002 0.4084715639810427 0.029300000000000003 0.11639218009478675