0 0.91375 0.3652251184834123 0.045 0.0254739336492891
0 0.4525 0.28050947867298576 0.03125 0.01481042654028436
1 0.485625 0.6519549763033176 0.3025 0.13803317535545023
0 0.64625 0.49703791469194314 0.03375 0.013033175355450236
1 0.8775 0.7316350710900474 0.09375 0.04443127962085308
0 0.5425 0.42328199052132703 0.065 0.03376777251184834
1 0.61625 0.3978080568720379 0.04 0.026066350710900472
0 0.498125 0.20704976303317535 0.0925 0.0254739336492891
0 0.601875 0.2408175355450237 0.0275 0.007701421800947867
0 0.745625 0.2479265402843602 0.0475 0.04028436018957346
0 0.69 0.2686611374407583 0.03875 0.013033175355450236
1 0.725625 0.5725710900473934 0.07 0.027843601895734597
0 0.93625 0.2656990521327014 0.04875 0.0231042654028436
1 0.746875 0.659952606635071 0.0775 0.031990521327014215
1 0.874375 0.5133293838862559 0.065 0.017772511848341232
0 0.25625 0.2917654028436019 0.07 0.035545023696682464
0 0.475 0.4493483412322275 0.05375 0.023696682464454975
1 0.205 0.6309241706161137 0.105 0.0485781990521327
1 0.433125 0.5793838862559242 0.055 0.0254739336492891
1 0.27875 0.5201421800947867 0.055 0.02132701421800948
1 0.3125 0.49259478672985785 0.0525 0.015402843601895734
1 0.073125 0.544431279620853 0.07875 0.023696682464454975
0 0.175625 0.4831161137440758 0.00875 0.00533175355450237
0 0.201875 0.4709715639810427 0.01125 0.004739336492890996
0 0.113125 0.36463270142180093 0.0375 0.013625592417061612
0 0.41125 0.41291469194312796 0.015 0.00533175355450237
0 0.38 0.2363744075829384 0.0075 0.005924170616113744
0 0.211875 0.24614928909952608 0.01 0.00533175355450237
0 0.091875 0.21593601895734596 0.0425 0.01481042654028436
0 0.025 0.28199052132701424 0.01375 0.01481042654028436
0 0.03875 0.2796208530805687 0.015 0.011848341232227487
0 0.431875 0.182760663507109 0.025 0.008293838862559242
0 0.614375 0.20527251184834122 0.0375 0.013625592417061612
1 0.320625 0.7304502369668247 0.05625 0.037914691943127965
1 0.229375 0.6635071090047393 0.05625 0.027251184834123223
1 0.85375 0.5370260663507109 0.25375 0.1362559241706161
1 0.981875 0.404324644549763 0.03375 0.11670616113744076