0 0.928125 0.37588862559241704 0.045 0.0254739336492891
0 0.476875 0.2796208530805687 0.0325 0.015402843601895734
1 0.46875 0.6516587677725119 0.3075 0.14040284360189573
0 0.64625 0.5005924170616114 0.035 0.013625592417061612
1 0.85125 0.740521327014218 0.09625 0.04561611374407583
0 0.55125 0.42417061611374407 0.06625 0.034360189573459717
1 0.6275 0.40077014218009477 0.04125 0.026066350710900472
0 0.530625 0.20734597156398105 0.0925 0.02665876777251185
0 0.630625 0.24377962085308058 0.0275 0.008293838862559242
0 0.773125 0.2544431279620853 0.04875 0.04087677725118483
0 0.715 0.273696682464455 0.04 0.013625592417061612
1 0.7175 0.5779028436018957 0.07125 0.02843601895734597
0 0.961875 0.27665876777251186 0.04875 0.0231042654028436
1 0.72875 0.6658767772511849 0.07875 0.032582938388625596
1 0.8725 0.5225118483412322 0.06625 0.018364928909952605
0 0.279375 0.28584123222748814 0.07125 0.03613744075829384
0 0.480625 0.4487559241706161 0.05375 0.023696682464454975
1 0.190625 0.6235189573459715 0.1075 0.04976303317535545
1 0.424375 0.57760663507109 0.055 0.026066350710900472
1 0.276875 0.5145142180094787 0.05625 0.021919431279620854
1 0.313125 0.4878554502369668 0.05375 0.015995260663507108
1 0.06875 0.5337677725118484 0.08 0.02428909952606635
0 0.178125 0.47482227488151657 0.00875 0.00533175355450237
0 0.205625 0.46356635071090047 0.0125 0.004739336492890996
0 0.128125 0.35515402843601895 0.0375 0.014218009478672985
0 0.42125 0.41084123222748814 0.015 0.00533175355450237
0 0.409375 0.2337085308056872 0.00875 0.006516587677725118
0 0.240625 0.23933649289099526 0.01 0.00533175355450237
0 0.12375 0.20616113744075829 0.04375 0.015402843601895734
0 0.05 0.27043838862559244 0.01375 0.01481042654028436
0 0.06375 0.2683649289099526 0.015 0.011848341232227487
0 0.466875 0.18157582938388625 0.025 0.008886255924170616
0 0.646875 0.2082345971563981 0.0375 0.014218009478672985
1 0.295625 0.7257109004739336 0.0575 0.037914691943127965
1 0.211875 0.6566943127962085 0.0575 0.027843601895734597
1 0.849375 0.5456161137440758 0.25875 0.1386255924170616
1 0.98625 0.4161729857819905 0.0275 0.11670616113744076