0 0.90125 0.2296157450796626 0.0925 0.06560449859418932
0 0.265625 0.8191190253045924 0.12125 0.09465791940018745
0 0.95125 0.6002811621368322 0.0975 0.07029053420805999
0 0.898125 0.7825679475164011 0.09875 0.07966260543580131
0 0.166875 0.5787253983130272 0.03125 0.02155576382380506
1 0.55125 0.45173383317713217 0.1775 0.13120899718837864
0 0.818125 0.21321462043111528 0.04625 0.03561387066541706
0 0.6025 0.8298969072164949 0.035 0.02717900656044986
0 0.31125 0.4690721649484536 0.05375 0.04217432052483599
0 0.078125 0.39971883786316775 0.0425 0.02999062792877226
0 0.211875 0.2689784442361762 0.0375 0.02530459231490159
0 0.51 0.8631677600749765 0.04 0.02717900656044986
0 0.0975 0.5431115276476102 0.04875 0.03655107778819119
0 0.4375 0.6260543580131209 0.0225 0.01780693533270853
1 0.730625 0.5182755388940956 0.1775 0.13402061855670103
0 0.63 0.33786316776007497 0.045 0.02530459231490159
0 0.596875 0.7455482661668229 0.02875 0.02530459231490159
0 0.329375 0.3655107778819119 0.03625 0.02530459231490159
0 0.10375 0.2942830365510778 0.04 0.02999062792877226
0 0.435625 0.30506091846298033 0.07125 0.02999062792877226
1 0.0275 0.4690721649484536 0.055 0.08341143392689784
0 0.744375 0.8317713214620431 0.0225 0.019681349578256794
0 0.16375 0.4320524835988753 0.0275 0.08153701968134958
0 0.12875 0.49531396438612935 0.035 0.10590440487347703
0 0.534375 0.5918462980318651 0.03875 0.01780693533270853
0 0.715 0.619493908153702 0.02875 0.023430178069353328
0 0.0075 0.3139643861293346 0.015 0.031865042174320526
0 0.398125 0.35754451733833176 0.02125 0.013120899718837863
0 0.519375 0.24601686972820994 0.03125 0.02436738519212746
0 0.8075 0.3477038425492034 0.01875 0.015932521087160263
0 0.814375 0.3612933458294283 0.02125 0.013120899718837863
0 0.979375 0.5548266166822868 0.04125 0.06373008434864105
0 0.66375 0.5318650421743205 0.01875 0.01218369259606373
0 0.5275 0.5257731958762887 0.03375 0.019681349578256794
0 0.44625 0.4620431115276476 0.03875 0.020618556701030927
0 0.543125 0.39878163074039363 0.01 0.005623242736644799
0 0.40375 0.6040299906279287 0.01875 0.014058106841611996
0 0.476875 0.6916588566073102 0.01375 0.01218369259606373
0 0.618125 0.619493908153702 0.0225 0.00937207122774133
0 0.366875 0.7783505154639175 0.01625 0.011246485473289597
0 0.0025 0.4835988753514527 0.005 0.013120899718837863
1 0.025625 0.6668228678537957 0.0125 0.019681349578256794