0 0.0575 0.26804123711340205 0.08625 0.05998125585754452
0 0.784375 0.7952202436738519 0.1125 0.08809746954076851
0 0.0625 0.6410496719775071 0.10125 0.06373008434864105
0 0.150625 0.816776007497657 0.09 0.07403936269915651
0 0.84375 0.5473289597000938 0.02875 0.019681349578256794
1 0.44125 0.4568884723523899 0.16375 0.12089971883786317
0 0.1375 0.24461105904404873 0.04375 0.033739456419868794
0 0.451875 0.8364573570759137 0.03125 0.02530459231490159
0 0.681875 0.45220243673851923 0.05 0.03936269915651359
0 0.9025 0.36176194939081535 0.04 0.028116213683223992
0 0.74875 0.24461105904404873 0.035 0.022492970946579195
0 0.54875 0.8612933458294283 0.03625 0.02530459231490159
0 0.906875 0.5060918462980318 0.045 0.033739456419868794
0 0.5825 0.619493908153702 0.02 0.015932521087160263
1 0.27375 0.5388940955951266 0.16375 0.12371134020618557
0 0.344375 0.35098406747891286 0.0425 0.023430178069353328
0 0.44375 0.7525773195876289 0.02625 0.023430178069353328
0 0.646875 0.35098406747891286 0.03375 0.022492970946579195
0 0.86 0.25960637300843487 0.0375 0.028116213683223992
0 0.5325 0.30084348641049674 0.06875 0.02530459231490159
1 0.97 0.42549203373945643 0.0575 0.08059981255857544
0 0.31125 0.8514526710402999 0.02 0.01780693533270853
0 0.823125 0.4020618556701031 0.01875 0.08059981255857544
0 0.8675 0.46157450796626054 0.0225 0.1049671977507029
0 0.48125 0.5941893158388004 0.03625 0.015932521087160263
0 0.30625 0.6382380506091846 0.02625 0.02155576382380506
0 0.973125 0.2694470477975633 0.04375 0.029053420805998126
0 0.578125 0.34910965323336457 0.02 0.01218369259606373
0 0.439375 0.24976569821930647 0.02875 0.022492970946579195
0 0.17 0.3767572633552015 0.0175 0.01499531396438613
0 0.165625 0.3908153701968135 0.02 0.01218369259606373
0 0.025625 0.5993439550140581 0.04875 0.06091846298031865
0 0.343125 0.5468603561387066 0.0175 0.011246485473289597
0 0.476875 0.528116213683224 0.0325 0.01780693533270853
0 0.5475 0.45735707591377694 0.03625 0.01780693533270853
0 0.440625 0.4034676663542643 0.01 0.004686035613870665
0 0.6125 0.5946579194001874 0.0175 0.013120899718837863
0 0.55375 0.6879100281162137 0.0125 0.01218369259606373
0 0.4025 0.6293345829428304 0.02125 0.007497656982193065
0 0.030625 0.8158388003748829 0.0125 0.013120899718837863
0 0.6775 0.7642924086223055 0.015 0.010309278350515464
0 0.994375 0.43767572633552015 0.00875 0.01218369259606373
1 0.99625 0.6223055295220243 0.0075 0.01874414245548266