0 0.455 0.8158388003748829 0.085 0.046860356138706656
0 0.24125 0.5192127460168697 0.13375 0.10871602624179943
1 0.326875 0.5407685098406748 0.38625 0.20524835988753515
0 0.633125 0.42736644798500467 0.11875 0.053420805998125584
0 0.03125 0.7830365510777882 0.0625 0.05529522024367385
0 0.50125 0.5253045923149016 0.0875 0.08247422680412371
0 0.57125 0.5262417994376757 0.065 0.06466729147141519
0 0.8575 0.5173383317713215 0.08625 0.09746954076850985
0 0.35375 0.22633552014995315 0.06125 0.03936269915651359
0 0.8975 0.5515463917525774 0.07375 0.04873477038425492
0 0.65625 0.5435801312089972 0.05625 0.04498594189315839
0 0.58375 0.7244611059044048 0.08125 0.03467666354264293
0 0.859375 0.29475164011246485 0.0825 0.05248359887535145
0 0.11625 0.485941893158388 0.0475 0.023430178069353328
0 0.728125 0.8809746954076851 0.04625 0.023430178069353328
0 0.715 0.6326148078725399 0.055 0.03936269915651359
0 0.755 0.6091846298031866 0.055 0.03936269915651359
0 0.636875 0.8069353327085286 0.065 0.031865042174320526
0 0.385 0.28865979381443296 0.04375 0.02999062792877226
0 0.8 0.23711340206185566 0.08125 0.05248359887535145
0 0.595625 0.3537956888472352 0.03875 0.030927835051546393
0 0.79 0.8200562324273665 0.0625 0.038425492033739454
0 0.89625 0.4831302717900656 0.04625 0.05716963448922212
1 0.07125 0.5796626054358013 0.1425 0.1733833177132146
0 0.966875 0.6790065604498594 0.0375 0.033739456419868794
0 0.070625 0.4587628865979381 0.10125 0.03467666354264293
0 0.033125 0.42361761949390814 0.0575 0.028116213683223992
0 0.91625 0.5149953139643861 0.04625 0.07029053420805999
0 0.74375 0.3322399250234302 0.02375 0.01874414245548266
0 0.44625 0.23055295220243674 0.0375 0.023430178069353328
0 0.5775 0.27413308341143394 0.03375 0.016869728209934397
0 0.64625 0.24461105904404873 0.025 0.00937207122774133
0 0.105 0.23477038425492033 0.02375 0.010309278350515464
0 0.774375 0.3865979381443299 0.02375 0.022492970946579195
0 0.72375 0.40581068416119964 0.0225 0.014058106841611996
0 0.993125 0.3669165885660731 0.01375 0.015932521087160263
0 0.7325 0.5168697282099344 0.02625 0.013120899718837863
0 0.840625 0.6298031865042174 0.0175 0.011246485473289597
0 0.47375 0.41377694470477977 0.03625 0.026241799437675725
0 0.5575 0.6373008434864105 0.0375 0.02530459231490159
0 0.573125 0.4620431115276476 0.03375 0.02999062792877226
0 0.611875 0.5098406747891284 0.01875 0.00937207122774133
0 0.795625 0.7108716026241799 0.015 0.011246485473289597
0 0.72375 0.7371134020618557 0.01875 0.011246485473289597
0 0.3625 0.8622305529522024 0.02375 0.01874414245548266
0 0.2725 0.880037488284911 0.03375 0.02530459231490159
0 0.121875 0.7558575445173383 0.025 0.02155576382380506
0 0.06 0.6443298969072165 0.0125 0.00937207122774133
0 0.005 0.7052483598875351 0.01 0.010309278350515464
0 0.275 0.28350515463917525 0.00875 0.01218369259606373
0 0.12875 0.3177132146204311 0.005 0.013120899718837863
0 0.120625 0.32052483598875353 0.0075 0.007497656982193065
0 0.335625 0.5168697282099344 0.0125 0.007497656982193065
0 0.905 0.5215557638238051 0.00875 0.01218369259606373
0 0.91625 0.5651358950328023 0.01625 0.010309278350515464
0 0.216875 0.7736644798500468 0.015 0.00937207122774133