0 0.49375 0.817244611059044 0.08375 0.04592314901593252
0 0.75375 0.542642924086223 0.1325 0.10684161199625117
1 0.665 0.556232427366448 0.3825 0.20056232427366447
0 0.379375 0.415651358950328 0.11875 0.05248359887535145
0 0.93375 0.8252108716026242 0.09 0.05435801312089972
0 0.494375 0.5248359887535146 0.085 0.08153701968134958
0 0.425 0.5196813495782568 0.06375 0.06373008434864105
0 0.141875 0.4845360824742268 0.085 0.09653233364573571
0 0.689375 0.24179943767572634 0.06 0.038425492033739454
0 0.096875 0.514526710402999 0.0725 0.04779756326148079
0 0.338125 0.528584817244611 0.055 0.044048734770384255
0 0.380625 0.7150890346766635 0.08125 0.033739456419868794
0 0.176875 0.2633552014995314 0.0825 0.05154639175257732
0 0.883125 0.521087160262418 0.0475 0.022492970946579195
0 0.21125 0.8575445173383318 0.045 0.023430178069353328
0 0.265 0.6119962511715089 0.05375 0.038425492033739454
0 0.229375 0.5852858481724461 0.05375 0.038425492033739454
0 0.314375 0.7919400187441424 0.065 0.031865042174320526
0 0.64875 0.30084348641049674 0.04375 0.02999062792877226
0 0.245 0.21180880974695407 0.08125 0.05154639175257732
0 0.42875 0.34629803186504216 0.03875 0.02999062792877226
0 0.16 0.7910028116213683 0.06125 0.03748828491096532
0 0.109375 0.44704779756326146 0.045 0.05716963448922212
1 0.920625 0.6190253045923149 0.155 0.17150890346766634
0 0.013125 0.6349578256794751 0.02625 0.03280224929709466
0 0.933125 0.49812558575445176 0.10125 0.033739456419868794
0 0.97375 0.4662605435801312 0.0525 0.02717900656044986
0 0.084375 0.4765698219306467 0.045 0.06935332708528585
0 0.285625 0.31115276476101217 0.02375 0.01874414245548266
0 0.5975 0.23711340206185566 0.03625 0.022492970946579195
0 0.46 0.2689784442361762 0.03375 0.015932521087160263
0 0.396875 0.23336457357075913 0.02375 0.00937207122774133
0 0.935 0.2727272727272727 0.0225 0.010309278350515464
0 0.24625 0.3622305529522024 0.0225 0.02155576382380506
0 0.293125 0.38612933458294285 0.0225 0.014058106841611996
0 0.026875 0.32239925023430177 0.02375 0.015932521087160263
0 0.26625 0.49531396438612935 0.02625 0.013120899718837863
0 0.140625 0.5974695407685099 0.0175 0.011246485473289597
0 0.54 0.41658856607310213 0.035 0.02530459231490159
0 0.420625 0.6312089971883786 0.03625 0.02436738519212746
0 0.43375 0.4554826616682287 0.03375 0.029053420805998126
0 0.3875 0.49953139643861294 0.0175 0.00937207122774133
0 0.1725 0.6822867853795689 0.015 0.011246485473289597
0 0.239375 0.7150890346766635 0.01875 0.011246485473289597
0 0.578125 0.8720712277413308 0.02375 0.01874414245548266
0 0.664375 0.8978444236176195 0.0325 0.02436738519212746
0 0.83375 0.788659793814433 0.025 0.02155576382380506
0 0.913125 0.683223992502343 0.0125 0.00937207122774133
0 0.959375 0.7492970946579194 0.01375 0.010309278350515464
0 0.758125 0.3055295220243674 0.00875 0.011246485473289597
0 0.898125 0.3528584817244611 0.005 0.013120899718837863
0 0.90625 0.35660731021555764 0.0075 0.007497656982193065
0 0.660625 0.5318650421743205 0.0125 0.007497656982193065
0 0.094375 0.48406747891283974 0.00875 0.011246485473289597
0 0.07625 0.5267104029990628 0.015 0.010309278350515464
0 0.73625 0.7975632614807873 0.015 0.00937207122774133
0 0.969375 0.8570759137769447 0.01375 0.01780693533270853