0 0.52875 0.6527647610121837 0.075 0.07685098406747891
0 0.569375 0.5599812558575445 0.06125 0.06560449859418932
0 0.62375 0.4620431115276476 0.05625 0.06279287722586692
0 0.67875 0.3612933458294283 0.05 0.044048734770384255
0 0.390625 0.5581068416119962 0.08375 0.10309278350515463
0 0.193125 0.28444236176194937 0.0575 0.03748828491096532
0 0.876875 0.3078725398313027 0.03625 0.04873477038425492
0 0.791875 0.316776007497657 0.05625 0.038425492033739454
0 0.878125 0.4592314901593252 0.04875 0.04779756326148079
0 0.77 0.662605435801312 0.02375 0.016869728209934397
0 0.874375 0.6850984067478912 0.06125 0.03280224929709466
0 0.306875 0.10590440487347703 0.1 0.05060918462980318
0 0.874375 0.2296157450796626 0.0425 0.02530459231490159
0 0.74125 0.31443298969072164 0.0375 0.03467666354264293
0 0.814375 0.4568884723523899 0.02125 0.01499531396438613
0 0.963125 0.17994376757263356 0.02125 0.05248359887535145
0 0.864375 0.528584817244611 0.03875 0.05248359887535145
0 0.784375 0.28537956888472354 0.03 0.028116213683223992
0 0.05125 0.38144329896907214 0.025 0.022492970946579195
0 0.160625 0.44892221180880976 0.01625 0.01218369259606373
0 0.12375 0.5178069353327085 0.0175 0.01218369259606373
0 0.414375 0.3795688847235239 0.02125 0.02155576382380506
0 0.085 0.6227741330834115 0.01375 0.010309278350515464
0 0.22125 0.6818181818181818 0.03375 0.03467666354264293
0 0.35375 0.6508903467666354 0.0875 0.10402999062792877
0 0.408125 0.7066541705716963 0.01375 0.011246485473289597
0 0.526875 0.8074039362699157 0.0175 0.01499531396438613
0 0.41625 0.8673851921274601 0.015 0.013120899718837863
0 0.52875 0.9058106841611996 0.0175 0.015932521087160263
0 0.753125 0.5801312089971884 0.0425 0.04217432052483599
0 0.78375 0.5768509840674789 0.04625 0.04498594189315839
0 0.985 0.6354264292408622 0.03 0.05060918462980318
0 0.98 0.7952202436738519 0.04 0.03280224929709466
0 0.775625 0.09325210871602624 0.02 0.013120899718837863
0 0.60875 0.09325210871602624 0.01875 0.01218369259606373
0 0.598125 0.2980318650421743 0.01625 0.010309278350515464