0 0.468125 0.6522961574507966 0.0775 0.07685098406747891
0 0.429375 0.5590440487347704 0.0625 0.06654170571696345
0 0.3775 0.4606373008434864 0.0575 0.06279287722586692
0 0.324375 0.358950328022493 0.05125 0.04498594189315839
0 0.608125 0.5599812558575445 0.08625 0.10402999062792877
0 0.811875 0.28865979381443296 0.05875 0.038425492033739454
0 0.1275 0.302717900656045 0.0375 0.04873477038425492
0 0.2125 0.31302717900656046 0.05625 0.03936269915651359
0 0.1225 0.45407685098406747 0.05 0.04873477038425492
0 0.22625 0.6588566073102156 0.02375 0.01780693533270853
0 0.12125 0.6804123711340206 0.0625 0.033739456419868794
0 0.7025 0.10824742268041238 0.10125 0.05248359887535145
0 0.131875 0.22446110590440488 0.0425 0.026241799437675725
0 0.263125 0.31115276476101217 0.03875 0.03467666354264293
0 0.186875 0.4526710402999063 0.02125 0.01499531396438613
0 0.044375 0.1738519212746017 0.0225 0.05248359887535145
0 0.135 0.5234301780693533 0.04 0.05248359887535145
0 0.220625 0.281630740393627 0.03 0.029053420805998126
0 0.95125 0.38706654170571697 0.025 0.022492970946579195
0 0.84 0.45313964386129335 0.01625 0.01218369259606373
0 0.875625 0.5224929709465792 0.01875 0.01218369259606373
0 0.58875 0.3809746954076851 0.02125 0.02155576382380506
0 0.911875 0.6279287722586692 0.01375 0.010309278350515464
0 0.774375 0.6855670103092784 0.03375 0.03467666354264293
0 0.6425 0.6527647610121837 0.09 0.1049671977507029
0 0.586875 0.7080599812558576 0.015 0.01218369259606373
0 0.46625 0.8069353327085286 0.01875 0.015932521087160263
0 0.575625 0.8683223992502344 0.015 0.013120899718837863
0 0.461875 0.9053420805998126 0.0175 0.016869728209934397
0 0.245 0.5768509840674789 0.04375 0.04217432052483599
0 0.215 0.5731021555763823 0.0475 0.04498594189315839
0 0.013125 0.6288659793814433 0.02625 0.05060918462980318
0 0.016875 0.7891283973758201 0.03375 0.033739456419868794
0 0.23375 0.08997188378631678 0.02 0.013120899718837863
0 0.400625 0.09184629803186505 0.01875 0.01218369259606373
0 0.406875 0.29662605435801315 0.0175 0.010309278350515464