0 0.495625 0.10449859418931584 0.06625 0.06279287722586692
0 0.309375 0.4400187441424555 0.08125 0.05810684161199625
0 0.026875 0.2849109653233365 0.05375 0.05060918462980318
0 0.32625 0.492970946579194 0.07 0.05810684161199625
0 0.619375 0.6288659793814433 0.06625 0.04873477038425492
0 0.753125 0.774601686972821 0.05 0.046860356138706656
0 0.2725 0.30318650421743204 0.0375 0.03655107778819119
0 0.06875 0.17291471415182755 0.05 0.04311152764761012
0 0.69 0.22446110590440488 0.04 0.044048734770384255
0 0.04625 0.6344892221180881 0.0675 0.08059981255857544
0 0.676875 0.633552014995314 0.06375 0.04217432052483599
0 0.60875 0.34395501405810686 0.06 0.029053420805998126
0 0.6 0.5234301780693533 0.045 0.044048734770384255
0 0.608125 0.316776007497657 0.06625 0.03936269915651359
0 0.5475 0.6419868791002812 0.05375 0.03655107778819119
0 0.53125 0.1344892221180881 0.04 0.03936269915651359
0 0.371875 0.47985004686035615 0.04 0.03561387066541706
0 0.03375 0.6733833177132146 0.02625 0.053420805998125584
0 0.200625 0.1850984067478913 0.03125 0.023430178069353328
0 0.013125 0.31302717900656046 0.02625 0.022492970946579195
0 0.101875 0.24414245548266167 0.025 0.015932521087160263
0 0.56 0.13261480787253982 0.01625 0.01874414245548266
0 0.304375 0.5267104029990628 0.03 0.01874414245548266
0 0.203125 0.6265229615745079 0.01375 0.011246485473289597
0 0.59 0.3631677600749766 0.03375 0.02436738519212746
0 0.599375 0.37300843486410495 0.02125 0.015932521087160263
0 0.564375 0.4611059044048735 0.0225 0.015932521087160263
0 0.958125 0.6110590440487348 0.0225 0.04217432052483599
0 0.124375 0.8491096532333646 0.0275 0.014058106841611996
0 0.81875 0.6555763823805061 0.015 0.01499531396438613
0 0.79625 0.9208059981255857 0.02 0.013120899718837863
0 0.099375 0.25257731958762886 0.02875 0.014058106841611996
0 0.0875 0.2591377694470478 0.06375 0.022492970946579195
0 0.091875 0.27413308341143394 0.0575 0.022492970946579195
0 0.514375 0.6443298969072165 0.01875 0.013120899718837863
0 0.631875 0.7582005623242737 0.01875 0.016869728209934397
0 0.650625 0.8514526710402999 0.0125 0.014058106841611996