0 0.569375 0.1077788191190253 0.05875 0.059044048734770385
0 0.3225 0.4208059981255858 0.075 0.05248359887535145
0 0.0675 0.23758200562324275 0.05625 0.046860356138706656
0 0.329375 0.4746954076850984 0.06375 0.053420805998125584
0 0.594375 0.6401124648547329 0.06125 0.04498594189315839
0 0.7 0.7985004686035614 0.045 0.044048734770384255
0 0.31125 0.281630740393627 0.03375 0.033739456419868794
0 0.13375 0.13120899718837864 0.04375 0.04029990627928772
0 0.73875 0.24695407685098406 0.035 0.041237113402061855
0 0.026875 0.5857544517338332 0.05375 0.07685098406747891
0 0.65 0.6504217432052484 0.05875 0.038425492033739454
0 0.63625 0.3570759137769447 0.05625 0.02530459231490159
0 0.595 0.5337394564198688 0.04 0.04217432052483599
0 0.640625 0.32989690721649484 0.0625 0.03467666354264293
0 0.52125 0.6457357075913777 0.05 0.033739456419868794
0 0.59875 0.1415182755388941 0.035 0.03655107778819119
0 0.376875 0.46672914714151825 0.03625 0.03280224929709466
0 0.008125 0.6227741330834115 0.01625 0.05154639175257732
0 0.261875 0.1569821930646673 0.0275 0.020618556701030927
0 0.015625 0.19119025304592316 0.01875 0.03748828491096532
0 0.05 0.2633552014995314 0.03125 0.019681349578256794
0 0.01875 0.27928772258669166 0.0275 0.01874414245548266
0 0.015625 0.25773195876288657 0.02125 0.041237113402061855
0 0.153125 0.2047797563261481 0.0225 0.014058106841611996
0 0.6275 0.14245548266166824 0.01375 0.01780693533270853
0 0.30125 0.5056232427366448 0.0275 0.015932521087160263
0 0.1825 0.5941893158388004 0.0125 0.010309278350515464
0 0.614375 0.3739456419868791 0.03 0.02155576382380506
0 0.621875 0.38425492033739456 0.01875 0.014058106841611996
0 0.570625 0.4681349578256795 0.02 0.014058106841611996
0 0.933125 0.6579194001874414 0.01625 0.041237113402061855
0 0.063125 0.8064667291471416 0.02625 0.01218369259606373
0 0.786875 0.6874414245548266 0.0125 0.014058106841611996
0 0.715 0.9475164011246485 0.01875 0.011246485473289597
0 0.98375 0.8819119025304593 0.0125 0.011246485473289597
0 0.149375 0.21321462043111528 0.0275 0.01218369259606373
0 0.13625 0.21836925960637302 0.06125 0.01780693533270853
0 0.1375 0.23336457357075913 0.05625 0.01874414245548266
0 0.4875 0.6443298969072165 0.0175 0.01218369259606373
0 0.5825 0.7694470477975632 0.0175 0.015932521087160263
0 0.58375 0.8636363636363636 0.01125 0.013120899718837863