0 0.6766 0.32723004694835683 0.12819999999999993 0.07981220657276995
0 0.929375 0.13661971830985917 0.12125 0.08544600938967137
0 0.76955 0.5413896713615024 0.09375 0.07136150234741784
0 0.865 0.3427230046948357 0.09 0.07887323943661972
0 0.9481125 0.5129483568075117 0.09911249999999995 0.0700281690140845
0 0.5032625000000001 0.4394366197183099 0.11941249999999996 0.13708920187793427
0 0.3147625 0.7938967136150235 0.0875 0.08732394366197183
0 0.56875 0.16291079812206571 0.1625 0.1136150234741784
0 0.629275 0.6535211267605634 0.10856250000000003 0.046948356807511735
0 0.14375 0.044131455399061034 0.175 0.08826291079812207
0 0.5377125 0.5305164319248826 0.20551249999999996 0.07511737089201878
0 0.517475 0.8056338028169014 0.12996250000000004 0.03755868544600939
0 0.9162375 0.7107981220657277 0.050362499999999956 0.03755868544600939
0 0.7537375000000001 0.6826009389671361 0.043925000000000124 0.03386854460093891
0 0.5937 0.7333333333333333 0.05561250000000001 0.018779342723004695
0 0.0213375 0.16263849765258218 0.042675 0.11040375586854459
0 0.22616250000000002 0.038140845070422535 0.08548749999999998 0.07627230046948358
0 0.7574124999999999 0.6731737089201878 0.015462499999999864 0.008253521126760529
0 0.04705 0.3071830985915493 0.015024999999999995 0.01204694835680755