0 0.676875 0.32723004694835683 0.12875 0.07981220657276995
0 0.929375 0.13661971830985917 0.12125 0.08544600938967137
0 0.769375 0.5413145539906103 0.09375 0.07136150234741784
0 0.865 0.3427230046948357 0.09 0.07887323943661972
0 0.948125 0.5131455399061032 0.09875 0.07042253521126761
0 0.503125 0.4394366197183099 0.12 0.13708920187793427
0 0.315 0.7938967136150235 0.0875 0.08732394366197183
0 0.56875 0.16291079812206571 0.1625 0.1136150234741784
0 0.629375 0.6535211267605634 0.10875 0.046948356807511735
0 0.14375 0.044131455399061034 0.175 0.08826291079812207
0 0.5375 0.5305164319248826 0.205 0.07511737089201878
0 0.5175 0.8056338028169014 0.13 0.03755868544600939
0 0.91625 0.7107981220657277 0.05 0.03755868544600939
0 0.75375 0.6826291079812207 0.04375 0.03380281690140845
0 0.59375 0.7333333333333333 0.055 0.018779342723004695
0 0.02125 0.1624413145539906 0.0425 0.1107981220657277
0 0.22625 0.038028169014084505 0.085 0.07605633802816901
0 0.7575 0.6732394366197183 0.015 0.008450704225352112
0 0.046875 0.30704225352112674 0.015 0.012206572769953052