0 0.71375 0.3530516431924883 0.145 0.09577464788732394
0 0.96875 0.19812206572769953 0.0625 0.09953051643192488
0 0.755625 0.576056338028169 0.10875 0.08262910798122065
0 0.895625 0.39248826291079814 0.10625 0.0892018779342723
0 0.938125 0.5713615023474179 0.11375 0.08169014084507042
0 0.5175 0.44084507042253523 0.14875 0.15023474178403756
0 0.249375 0.7652582159624414 0.10625 0.09765258215962441
0 0.645625 0.17699530516431924 0.18625 0.13333333333333333
0 0.591875 0.668075117370892 0.1175 0.06009389671361502
0 0.25375 0.029577464788732393 0.1925 0.059154929577464786
0 0.53 0.5347417840375587 0.22 0.10046948356807511
0 0.44625 0.8032863849765258 0.13625 0.05352112676056338
0 0.86125 0.7619718309859155 0.05875 0.0431924882629108
0 0.7075 0.7131455399061033 0.05125 0.03943661971830986
0 0.538125 0.7417840375586855 0.05875 0.02535211267605634
0 0.106875 0.10516431924882629 0.0675 0.11455399061032864
0 0.336875 0.02629107981220657 0.10125 0.05258215962441314
0 0.71375 0.704225352112676 0.0175 0.010328638497652582
0 0.09875 0.2511737089201878 0.0175 0.014084507042253521