0 0.8675 0.2802249297094658 0.0975 0.06560449859418932
0 0.7175 0.15979381443298968 0.05125 0.030927835051546393
0 0.518125 0.17057169634489222 0.04875 0.03936269915651359
0 0.565625 0.28631677600749766 0.05625 0.03561387066541706
0 0.459375 0.6879100281162137 0.1125 0.038425492033739454
0 0.03875 0.18603561387066542 0.06125 0.07122774133083412
0 0.620625 0.12558575445173384 0.0475 0.03936269915651359
0 0.504375 0.8641049671977507 0.1025 0.056232427366447985
0 0.57125 0.4681349578256795 0.0475 0.028116213683223992
0 0.8275 0.5951265229615745 0.055 0.04779756326148079
0 0.526875 0.3209934395501406 0.05125 0.03748828491096532
0 0.521875 0.39550140581068416 0.04625 0.02717900656044986
0 0.434375 0.5046860356138707 0.0475 0.028116213683223992
0 0.735625 0.2539831302717901 0.1975 0.1105904404873477
0 0.594375 0.7928772258669166 0.03875 0.023430178069353328
0 0.780625 0.344892221180881 0.05 0.02999062792877226
0 0.8675 0.42783505154639173 0.04 0.02436738519212746
0 0.775625 0.1162136832239925 0.0525 0.02717900656044986
0 0.571875 0.5721649484536082 0.055 0.022492970946579195
0 0.93625 0.4114339268978444 0.03375 0.04029990627928772
0 0.390625 0.38753514526710403 0.07125 0.10871602624179943
0 0.22 0.48687910028116216 0.04 0.029053420805998126
0 0.146875 0.14761012183692596 0.035 0.05716963448922212
0 0.69 0.8701968134957826 0.0425 0.03655107778819119
0 0.714375 0.60543580131209 0.0475 0.029053420805998126
0 0.980625 0.7460168697282099 0.03875 0.05998125585754452
0 0.28375 0.011246485473289597 0.03375 0.022492970946579195
0 0.548125 0.7272727272727273 0.03125 0.023430178069353328
0 0.986875 0.02483598875351453 0.02625 0.03467666354264293
0 0.9175 0.520618556701031 0.04875 0.01874414245548266
0 0.620625 0.604967197750703 0.04875 0.022492970946579195
0 0.253125 0.8275538894095595 0.0125 0.01874414245548266
0 0.375 0.7521087160262419 0.0175 0.01218369259606373
0 0.350625 0.6382380506091846 0.04625 0.01499531396438613
0 0.353125 0.619493908153702 0.0375 0.026241799437675725
0 0.27125 0.6279287722586692 0.02 0.02155576382380506
0 0.03 0.5834114339268979 0.06 0.030927835051546393
0 0.010625 0.5595126522961574 0.02125 0.020618556701030927
0 0.27625 0.44283036551077787 0.13125 0.04967197750702906
0 0.1025 0.4001874414245548 0.02625 0.02530459231490159
0 0.106875 0.3865979381443299 0.01625 0.01874414245548266
0 0.135625 0.011246485473289597 0.0325 0.015932521087160263