0 0.17125 0.24835988753514526 0.1075 0.07403936269915651
0 0.339375 0.14245548266166824 0.05625 0.03561387066541706
0 0.535625 0.17150890346766634 0.055 0.04311152764761012
0 0.469375 0.28209934395501407 0.06125 0.04029990627928772
0 0.51 0.6902530459231491 0.1175 0.04873477038425492
0 0.98625 0.23008434864104968 0.0275 0.07591377694470477
0 0.44125 0.11715089034676664 0.05375 0.04311152764761012
0 0.43625 0.8608247422680413 0.11125 0.06560449859418932
0 0.434375 0.4620431115276476 0.05125 0.031865042174320526
0 0.159375 0.5646672914714151 0.0625 0.05248359887535145
0 0.5025 0.32005623242736647 0.0575 0.04217432052483599
0 0.495 0.394095595126523 0.05 0.030927835051546393
0 0.564375 0.5107778819119025 0.05125 0.031865042174320526
0 0.30625 0.23430178069353327 0.21375 0.1274601686972821
0 0.35875 0.782099343955014 0.0425 0.02717900656044986
0 0.246875 0.32052483598875353 0.055 0.03467666354264293
0 0.146875 0.39456419868791004 0.04375 0.028116213683223992
0 0.28875 0.09372071227741331 0.05625 0.031865042174320526
0 0.416875 0.5651358950328023 0.05875 0.02717900656044986
0 0.08125 0.37207122774133083 0.04 0.04311152764761012
0 0.626875 0.3983130271790066 0.08875 0.11433926897844424
0 0.78 0.5126522961574508 0.045 0.03280224929709466
0 0.9075 0.18228678537956888 0.04375 0.05998125585754452
0 0.25125 0.8500468603561387 0.0475 0.04029990627928772
0 0.27 0.5852858481724461 0.05125 0.03280224929709466
0 0.794375 0.03467666354264293 0.0375 0.02530459231490159
0 0.415 0.7211808809746955 0.035 0.026241799437675725
0 0.081875 0.48219306466729145 0.05125 0.023430178069353328
0 0.363125 0.5932521087160263 0.0525 0.02717900656044986
0 0.691875 0.8472352389878163 0.01625 0.020618556701030927
0 0.583125 0.7614807872539832 0.02 0.014058106841611996
0 0.625625 0.6508903467666354 0.04875 0.01874414245548266
0 0.62625 0.6321462043111528 0.04125 0.02999062792877226
0 0.70625 0.648078725398313 0.02375 0.023430178069353328
0 0.953125 0.6255857544517338 0.06375 0.03655107778819119
0 0.97625 0.6040299906279287 0.025 0.022492970946579195
0 0.73125 0.4639175257731959 0.13875 0.06091846298031865
0 0.910625 0.4372071227741331 0.03 0.02717900656044986
0 0.908125 0.4231490159325211 0.02 0.020618556701030927
0 0.94125 0.048266166822867856 0.035 0.01874414245548266