0 0.93875 0.5829428303655108 0.025 0.029053420805998126
0 0.07375 0.12230552952202436 0.05375 0.02530459231490159
0 0.950625 0.4709465791940019 0.0175 0.013120899718837863
0 0.974375 0.4775070290534208 0.0275 0.02530459231490159
0 0.889375 0.3434864104967198 0.03 0.02717900656044986
0 0.94375 0.35520149953139646 0.01875 0.019681349578256794
0 0.758125 0.2755388940955951 0.02375 0.016869728209934397
0 0.93375 0.22867853795688847 0.03125 0.028116213683223992
0 0.70375 0.1893158388003749 0.03 0.02999062792877226
0 0.67375 0.3134957825679475 0.015 0.010309278350515464
0 0.438125 0.13964386129334583 0.015 0.01218369259606373
0 0.35125 0.14339268978444236 0.0325 0.031865042174320526
0 0.155625 0.1626054358013121 0.03625 0.030927835051546393
0 0.31375 0.267572633552015 0.05625 0.05716963448922212
0 0.140625 0.3003748828491096 0.0375 0.02999062792877226
0 0.4025 0.43580131208997186 0.0775 0.06560449859418932
0 0.431875 0.5276476101218369 0.01625 0.013120899718837863
0 0.43875 0.5384254920337395 0.02 0.011246485473289597
0 0.660625 0.5824742268041238 0.05625 0.06841611996251172
0 0.686875 0.5759137769447048 0.02 0.011246485473289597
0 0.680625 0.5895032802249297 0.0175 0.014058106841611996
0 0.693125 0.5862230552952202 0.0175 0.01218369259606373
0 0.65875 0.7085285848172446 0.08 0.09653233364573571
0 0.72 0.7567947516401125 0.08125 0.10028116213683223
1 0.04375 0.5229615745079662 0.0875 0.24742268041237114