0 0.0575 0.5712089971883787 0.02375 0.028116213683223992
0 0.94375 0.13355201499531397 0.0525 0.02436738519212746
0 0.050949999999999995 0.45895970009372067 0.016524999999999998 0.012605435801312133
0 0.0269 0.465182755388941 0.026312500000000006 0.024432989690721697
0 0.11823750000000001 0.33339268978444236 0.029025 0.026597938144329893
0 0.06306250000000001 0.34370196813495785 0.017487499999999993 0.01922211808809746
0 0.2523375 0.2691190253045923 0.02291249999999998 0.015913776944704798
0 0.07885 0.2176382380506092 0.0303875 0.02723523898781631
0 0.31065 0.18422680412371134 0.029199999999999983 0.029400187441424558
0 0.33533749999999996 0.30927835051546393 0.014424999999999955 0.009671977507029101
0 0.5787375 0.14130271790065604 0.014424999999999955 0.011968134957825663
0 0.66545 0.14774133083411434 0.030699999999999932 0.030834114339268956
0 0.86005 0.17179943767572634 0.034375 0.029690721649484542
0 0.6969124999999999 0.27270852858481726 0.05371250000000003 0.05614807872539828
0 0.8686375 0.30975632614807874 0.03560000000000002 0.029456419868790957
0 0.600225 0.43851921274601685 0.07458749999999995 0.06374882849109652
0 0.5668625 0.5296063730084349 0.015925000000000012 0.012614807872539865
0 0.5596875 0.5400374882849109 0.019512500000000016 0.010590440487347662
0 0.33575000000000005 0.578041237113402 0.05292500000000004 0.06675726335520152
0 0.30995 0.5708903467666354 0.019737500000000026 0.010421743205248258
0 0.31556249999999997 0.5848453608247423 0.016599999999999965 0.013448922211808724
0 0.3028875 0.5813214620431115 0.01637500000000003 0.011433926897844466
0 0.3315125 0.7043580131208996 0.07507500000000004 0.09430178069353316
0 0.268375 0.7507778819119025 0.07653750000000002 0.09868791002811617
1 0.958125 0.53514526710403 0.08375 0.24554826616682288