0 0.195625 0.35098406747891286 0.085 0.07122774133083412
0 0.280625 0.40581068416119964 0.12 0.06841611996251172
0 0.57625 0.6307403936269915 0.1125 0.09372071227741331
0 0.486875 0.45173383317713217 0.1075 0.08997188378631678
0 0.93625 0.6499531396438613 0.05875 0.05435801312089972
0 0.284375 0.16119962511715089 0.115 0.061855670103092786
0 0.66375 0.34208059981255856 0.06875 0.04779756326148079
0 0.893125 0.8655107778819119 0.05625 0.04592314901593252
0 0.069375 0.6597938144329897 0.06875 0.04592314901593252
0 0.029375 0.6879100281162137 0.05875 0.04311152764761012
0 0.85875 0.8041237113402062 0.05375 0.03280224929709466
0 0.485 0.26804123711340205 0.04125 0.029053420805998126
0 0.494375 0.2933458294283037 0.04 0.02999062792877226
0 0.0775 0.4793814432989691 0.045 0.03561387066541706
0 0.48375 0.3219306466729147 0.04625 0.03561387066541706
0 0.4625 0.2872539831302718 0.04125 0.033739456419868794
0 0.485625 0.358950328022493 0.0375 0.04029990627928772
0 0.798125 0.41705716963448924 0.0425 0.030927835051546393
0 0.12375 0.24414245548266167 0.03625 0.02717900656044986
0 0.23125 0.24133083411433928 0.0325 0.01874414245548266
0 0.366875 0.17760074976569823 0.03 0.022492970946579195
0 0.069375 0.20290534208059982 0.0375 0.014058106841611996
0 0.41 0.2380506091846298 0.03625 0.026241799437675725
0 0.534375 0.21321462043111528 0.035 0.022492970946579195
0 0.21125 0.5613870665417057 0.03375 0.02530459231490159
0 0.213125 0.584348641049672 0.03125 0.020618556701030927
0 0.246875 0.3416119962511715 0.0175 0.015932521087160263
0 0.0475 0.2952202436738519 0.03 0.01499531396438613
0 0.051875 0.4817244611059044 0.015 0.00937207122774133
0 0.106875 0.4831302717900656 0.02375 0.015932521087160263
0 0.613125 0.5754451733833177 0.025 0.019681349578256794
0 0.5675 0.5299906279287723 0.02 0.015932521087160263
0 0.341875 0.4587628865979381 0.01625 0.014058106841611996
0 0.681875 0.3683223992502343 0.01875 0.01499531396438613
0 0.74125 0.43908153701968133 0.02875 0.02155576382380506
0 0.759375 0.41940018744142454 0.035 0.02436738519212746
0 0.9925 0.514526710402999 0.015 0.01874414245548266
0 0.709375 0.4943767572633552 0.02 0.015932521087160263
0 0.756875 0.6799437675726335 0.015 0.014058106841611996
0 0.78375 0.5379568884723523 0.0125 0.00937207122774133
0 0.178125 0.761012183692596 0.03 0.019681349578256794
0 0.50375 0.7347703842549204 0.01375 0.008434864104967198
0 0.661875 0.7188378631677601 0.03 0.022492970946579195
0 0.735 0.8509840674789129 0.0225 0.020618556701030927
0 0.745625 0.8669165885660731 0.01375 0.010309278350515464
0 0.93625 0.5740393626991566 0.04375 0.029053420805998126
0 0.969375 0.5567010309278351 0.045 0.030927835051546393
0 0.191875 0.3716026241799438 0.0425 0.023430178069353328
0 0.32 0.44798500468603564 0.0425 0.031865042174320526
0 0.45875 0.5791940018744143 0.0225 0.014058106841611996