0 0.826875 0.38003748828491096 0.075 0.06466729147141519
0 0.733125 0.42642924086223055 0.11125 0.059044048734770385
0 0.403125 0.6227741330834115 0.1 0.08622305529522024
0 0.520625 0.45313964386129335 0.095 0.08153701968134958
0 0.0425 0.6091846298031866 0.05125 0.05060918462980318
0 0.769375 0.18322399250234303 0.1075 0.053420805998125584
0 0.363125 0.32849109653233366 0.0625 0.04311152764761012
0 0.050625 0.8270852858481724 0.05 0.04217432052483599
0 0.90125 0.6982193064667291 0.0625 0.041237113402061855
0 0.940625 0.7300843486410497 0.06125 0.038425492033739454
0 0.094375 0.7689784442361762 0.05 0.029053420805998126
0 0.5525 0.27085285848172447 0.0375 0.026241799437675725
0 0.53875 0.29568884723523897 0.035 0.026241799437675725
0 0.923125 0.5182755388940956 0.04125 0.03280224929709466
0 0.545 0.3247422680412371 0.0425 0.031865042174320526
0 0.571875 0.2924086223055295 0.0375 0.030927835051546393
0 0.536875 0.3612933458294283 0.03125 0.03748828491096532
0 0.2175 0.39034676663542645 0.03875 0.028116213683223992
0 0.915 0.2802249297094658 0.0325 0.02436738519212746
0 0.80875 0.26804123711340205 0.03 0.015932521087160263
0 0.685 0.19212746016869728 0.02625 0.019681349578256794
0 0.975625 0.24461105904404873 0.03625 0.010309278350515464
0 0.631875 0.2478912839737582 0.0325 0.023430178069353328
0 0.5125 0.21227741330834116 0.03125 0.019681349578256794
0 0.77625 0.5871602624179943 0.03125 0.022492970946579195
0 0.770625 0.6096532333645736 0.02875 0.01780693533270853
0 0.776875 0.36597938144329895 0.015 0.014058106841611996
0 0.9825 0.33786316776007497 0.0275 0.013120899718837863
0 0.948125 0.5224929709465792 0.01375 0.008434864104967198
0 0.893125 0.5192127460168697 0.02125 0.014058106841611996
0 0.375 0.5646672914714151 0.0225 0.01780693533270853
0 0.428125 0.5234301780693533 0.0175 0.014058106841611996
0 0.663125 0.4732895970009372 0.01375 0.013120899718837863
0 0.340625 0.35238987816307404 0.01625 0.013120899718837863
0 0.27 0.4175257731958763 0.025 0.01874414245548266
0 0.255625 0.3964386129334583 0.03125 0.02155576382380506
0 0.006875 0.4690721649484536 0.01375 0.01780693533270853
0 0.293125 0.47563261480787256 0.0175 0.014058106841611996
0 0.21625 0.6551077788191191 0.0125 0.013120899718837863
0 0.2125 0.5117150890346767 0.01125 0.008434864104967198
0 0.776875 0.788191190253046 0.0275 0.016869728209934397
0 0.458125 0.732427366447985 0.0125 0.007497656982193065
0 0.30375 0.7024367385192127 0.02625 0.019681349578256794
0 0.209375 0.8266166822867854 0.01875 0.01874414245548266
0 0.196875 0.8420805998125586 0.0125 0.00937207122774133
0 0.055 0.5332708528584817 0.04 0.02530459231490159
0 0.025 0.5135895032802249 0.04125 0.02717900656044986
0 0.826875 0.4006560449859419 0.04 0.019681349578256794
0 0.6875 0.46485473289597 0.0375 0.029053420805998126
0 0.995 0.5993439550140581 0.01 0.010309278350515464
0 0.528125 0.5824742268041238 0.02125 0.01218369259606373
0 0.003125 0.38940955951265227 0.00625 0.015932521087160263