0 0.905 0.4451733833177132 0.06625 0.06560449859418932
0 0.955625 0.6134020618556701 0.0775 0.04029990627928772
0 0.178125 0.41940018744142454 0.04875 0.041237113402061855
0 0.454375 0.5941893158388004 0.07625 0.044048734770384255
0 0.30875 0.5829428303655108 0.0875 0.061855670103092786
0 0.134375 0.5117150890346767 0.065 0.04498594189315839
0 0.9325 0.29756326148078727 0.07375 0.029053420805998126
0 0.238125 0.6569821930646673 0.0875 0.09184629803186505
0 0.85375 0.41611996251171507 0.03 0.033739456419868794
0 0.11375 0.48828491096532334 0.0525 0.03280224929709466
0 0.06375 0.31302717900656046 0.05 0.031865042174320526
0 0.73125 0.344892221180881 0.04125 0.02530459231490159
0 0.2725 0.5520149953139644 0.035 0.026241799437675725
0 0.7725 0.30927835051546393 0.0275 0.016869728209934397
0 0.675625 0.40159325210871605 0.05375 0.023430178069353328
0 0.709375 0.7797563261480788 0.01875 0.011246485473289597
0 0.565625 0.5135895032802249 0.02875 0.016869728209934397
0 0.9325 0.6654170571696345 0.06375 0.02530459231490159
0 0.35875 0.7071227741330834 0.0175 0.01218369259606373
0 0.429375 0.43580131208997186 0.0225 0.015932521087160263
0 0.39875 0.42549203373945643 0.02125 0.015932521087160263
0 0.00375 0.3959700093720712 0.0075 0.019681349578256794
0 0.690625 0.5534208059981256 0.02875 0.019681349578256794
0 0.098125 0.7521087160262419 0.01625 0.010309278350515464
0 0.081875 0.648078725398313 0.02 0.013120899718837863
0 0.083125 0.6368322399250235 0.01625 0.00937207122774133
0 0.19375 0.5829428303655108 0.015 0.008434864104967198
0 0.206875 0.5735707591377694 0.02 0.013120899718837863
0 0.225 0.4915651358950328 0.00875 0.008434864104967198
0 0.240625 0.46954076850984067 0.02125 0.020618556701030927
0 0.010625 0.46251171508903466 0.02125 0.03280224929709466
0 0.3525 0.4456419868791003 0.01875 0.010309278350515464
0 0.33375 0.39878163074039363 0.01625 0.02530459231490159
0 0.324375 0.40112464854732893 0.01 0.015932521087160263
0 0.209375 0.36363636363636365 0.0275 0.015932521087160263
0 0.39875 0.3477038425492034 0.02 0.015932521087160263
0 0.368125 0.27928772258669166 0.0375 0.014058106841611996
0 0.486875 0.34723523898781633 0.0925 0.04498594189315839
0 0.605625 0.2666354264292409 0.0475 0.03467666354264293
0 0.729375 0.26569821930646675 0.0725 0.020618556701030927
0 0.646875 0.38425492033739456 0.0125 0.010309278350515464
0 0.775 0.41096532333645736 0.03 0.016869728209934397
0 0.90375 0.37722586691658855 0.01625 0.016869728209934397
0 0.884375 0.316776007497657 0.03 0.014058106841611996
0 0.99 0.5131208997188379 0.02 0.014058106841611996
0 0.995625 0.5253045923149016 0.00875 0.008434864104967198
0 0.869375 0.5398313027179007 0.06 0.03936269915651359
0 0.833125 0.5487347703842549 0.03625 0.01874414245548266
0 0.8525 0.5688847235238987 0.07625 0.04029990627928772
0 0.814375 0.6982193064667291 0.015 0.01218369259606373
0 0.885625 0.7155576382380506 0.0175 0.013120899718837863
0 0.546875 0.5234301780693533 0.02375 0.014058106841611996
0 0.385625 0.563261480787254 0.0475 0.011246485473289597
1 0.609375 0.6527647610121837 0.1975 0.07497656982193064
1 0.493125 0.5852858481724461 0.19125 0.07403936269915651
1 0.410625 0.5014058106841612 0.1675 0.1302717900656045
1 0.700625 0.5168697282099344 0.195 0.1246485473289597
1 0.61125 0.42549203373945643 0.20125 0.10028116213683223
1 0.5175 0.41002811621368324 0.16 0.13495782567947517