0 0.0925 0.4554826616682287 0.0625 0.06466729147141519
0 0.05 0.6251171508903468 0.075 0.038425492033739454
0 0.8175 0.41096532333645736 0.0475 0.04029990627928772
0 0.55 0.5927835051546392 0.075 0.04217432052483599
0 0.695 0.577788191190253 0.085 0.05998125585754452
0 0.865625 0.5023430178069354 0.06375 0.04311152764761012
0 0.05875 0.30927835051546393 0.07375 0.02717900656044986
0 0.769375 0.6499531396438613 0.08375 0.08997188378631678
0 0.1425 0.42549203373945643 0.02875 0.03280224929709466
0 0.885625 0.4784442361761949 0.05125 0.031865042174320526
0 0.926875 0.30178069353327086 0.04875 0.030927835051546393
0 0.26125 0.3514526710402999 0.04125 0.02436738519212746
0 0.73 0.5459231490159325 0.035 0.02530459231490159
0 0.21875 0.316776007497657 0.02625 0.015932521087160263
0 0.32 0.40581068416119964 0.0525 0.022492970946579195
0 0.30375 0.7853795688847235 0.01875 0.011246485473289597
0 0.435 0.5154639175257731 0.0275 0.015932521087160263
0 0.075625 0.676663542642924 0.0625 0.023430178069353328
0 0.650625 0.7033739456419869 0.0175 0.01218369259606373
0 0.5675 0.4339268978444236 0.0225 0.01499531396438613
0 0.5975 0.422680412371134 0.02 0.015932521087160263
0 0.993125 0.38331771321462044 0.01375 0.01874414245548266
0 0.3125 0.5581068416119962 0.0275 0.01874414245548266
0 0.913125 0.7413308341143393 0.01625 0.010309278350515464
0 0.925 0.6368322399250235 0.01875 0.013120899718837863
0 0.923125 0.6260543580131209 0.015 0.00937207122774133
0 0.81 0.5749765698219307 0.015 0.007497656982193065
0 0.79625 0.5656044985941893 0.02 0.013120899718837863
0 0.774375 0.4845360824742268 0.0075 0.007497656982193065
0 0.7575 0.4629803186504217 0.02 0.019681349578256794
0 0.98875 0.4493908153701968 0.0225 0.03280224929709466
0 0.645 0.44189315838800375 0.01875 0.00937207122774133
0 0.66125 0.39456419868791004 0.015 0.02436738519212746
0 0.67125 0.39690721649484534 0.00875 0.015932521087160263
0 0.784375 0.3561387066541706 0.02625 0.01499531396438613
0 0.59375 0.344892221180881 0.02 0.015932521087160263
0 0.621875 0.2760074976569822 0.03625 0.013120899718837863
0 0.505625 0.34723523898781633 0.09 0.04311152764761012
0 0.38375 0.2694470477975633 0.04625 0.033739456419868794
0 0.26 0.2717900656044986 0.0725 0.01874414245548266
0 0.348125 0.3880037488284911 0.0125 0.010309278350515464
0 0.22125 0.41799437675726336 0.03 0.015932521087160263
0 0.09125 0.38753514526710403 0.015 0.016869728209934397
0 0.106875 0.3270852858481724 0.03 0.013120899718837863
0 0.01 0.5262417994376757 0.02 0.014058106841611996
0 0.004375 0.5384254920337395 0.00875 0.008434864104967198
0 0.1325 0.549203373945642 0.05875 0.038425492033739454
0 0.169375 0.5576382380506092 0.03625 0.01780693533270853
0 0.150625 0.5782567947516402 0.075 0.038425492033739454
0 0.195 0.7061855670103093 0.015 0.01218369259606373
0 0.124375 0.725398313027179 0.01625 0.013120899718837863
0 0.454375 0.5248359887535146 0.02375 0.013120899718837863
0 0.6175 0.5604498594189316 0.0475 0.010309278350515464
1 0.3975 0.6555763823805061 0.19625 0.07029053420805999
1 0.510625 0.5852858481724461 0.19 0.06935332708528585
1 0.589375 0.4990627928772259 0.1625 0.12652296157450796
1 0.3 0.5220243673851921 0.19 0.12089971883786317
1 0.385625 0.42830365510777885 0.19875 0.09559512652296158
1 0.47875 0.4104967197750703 0.15375 0.13214620431115276