0 0.44875 0.11387066541705718 0.07875 0.06560449859418932
0 0.144375 0.3139643861293346 0.06625 0.06841611996251172
0 0.725 0.837394564198688 0.0825 0.05154639175257732
0 0.22625 0.5538894095595126 0.06125 0.04029990627928772
0 0.370625 0.4967197750702905 0.0475 0.04029990627928772
0 0.211875 0.5895032802249297 0.0525 0.03655107778819119
0 0.908125 0.3331771321462043 0.02125 0.016869728209934397
0 0.038125 0.42221180880974696 0.07375 0.06935332708528585
0 0.119375 0.5712277413308341 0.04875 0.03655107778819119
0 0.153125 0.1794751640112465 0.04 0.03748828491096532
0 0.0875 0.34114339268978444 0.05625 0.06654170571696345
0 0.195625 0.190253045923149 0.06 0.06466729147141519
0 0.590625 0.7708528584817245 0.18 0.09090909090909091
0 0.846875 0.7507029053420806 0.02 0.014058106841611996
0 0.94875 0.22586691658856609 0.0275 0.01218369259606373
0 0.12125 0.6790065604498594 0.01875 0.014058106841611996
0 0.890625 0.7788191190253045 0.0175 0.013120899718837863
0 0.075 0.563261480787254 0.0425 0.03561387066541706
0 0.70125 0.4090909090909091 0.045 0.029053420805998126
0 0.095 0.5974695407685099 0.02875 0.01499531396438613
0 0.125625 0.07075913776944705 0.035 0.022492970946579195
0 0.10125 0.549671977507029 0.02625 0.046860356138706656
0 0.23375 0.12417994376757263 0.0375 0.01874414245548266
0 0.026875 0.012652296157450796 0.03 0.020618556701030927
0 0.315 0.0032802249297094657 0.055 0.006560449859418931
0 0.16875 0.16494845360824742 0.03125 0.01499531396438613
0 0.1025 0.316776007497657 0.03875 0.04592314901593252
0 0.27375 0.3823805060918463 0.01375 0.007497656982193065
0 0.13375 0.43908153701968133 0.0175 0.01218369259606373
0 0.01875 0.4793814432989691 0.02125 0.015932521087160263
0 0.5175 0.5510777881911902 0.00875 0.006560449859418931
0 0.605625 0.5412371134020618 0.01875 0.011246485473289597
0 0.70625 0.6349578256794751 0.01875 0.01499531396438613
0 0.240625 0.8481724461105904 0.02125 0.01780693533270853
0 0.1925 0.8673851921274601 0.10125 0.05716963448922212
0 0.075 0.7783505154639175 0.02 0.014058106841611996
0 0.094375 0.13120899718837864 0.02 0.010309278350515464
0 0.74375 0.06982193064667291 0.01625 0.010309278350515464
0 0.993125 0.15182755388940955 0.01375 0.011246485473289597
0 0.996875 0.1738519212746017 0.00625 0.014058106841611996
0 0.976875 0.5679475164011246 0.0225 0.00937207122774133
1 0.523125 0.6771321462043112 0.2725 0.21087160262417995
1 0.610625 0.5337394564198688 0.12125 0.09840674789128398
1 0.453125 0.5337394564198688 0.23625 0.17057169634489222
1 0.98125 0.5604498594189316 0.03625 0.03655107778819119