0 0.52125 0.11246485473289597 0.09 0.07310215557638237
0 0.1825 0.2788191190253046 0.07875 0.07403936269915651
0 0.660625 0.8580131208997188 0.09125 0.05998125585754452
0 0.21875 0.5248359887535146 0.0675 0.04592314901593252
0 0.3725 0.4831302717900656 0.05375 0.04498594189315839
0 0.198125 0.5585754451733833 0.0575 0.041237113402061855
0 0.935 0.3776944704779756 0.025 0.01874414245548266
0 0.056875 0.37488284910965325 0.08625 0.07591377694470477
0 0.11 0.5309278350515464 0.05375 0.04029990627928772
0 0.215625 0.14620431115276475 0.04625 0.041237113402061855
0 0.12125 0.29990627928772257 0.06875 0.07122774133083412
0 0.25625 0.16166822867853795 0.07125 0.07029053420805999
0 0.539375 0.7774133083411434 0.19375 0.10871602624179943
0 0.796875 0.7844423617619494 0.0225 0.015932521087160263
0 0.99 0.274601686972821 0.02 0.01499531396438613
0 0.091875 0.6377694470477976 0.02125 0.015932521087160263
0 0.835 0.816776007497657 0.02 0.01499531396438613
0 0.066875 0.5182755388940956 0.0475 0.03936269915651359
0 0.71625 0.43064667291471415 0.04875 0.03280224929709466
0 0.08125 0.5543580131208997 0.03125 0.01780693533270853
0 0.20875 0.03608247422680412 0.03875 0.026241799437675725
0 0.09625 0.5074976569821931 0.035 0.04967197750702906
0 0.30625 0.09981255857544517 0.04 0.022492970946579195
0 0.234375 0.13355201499531397 0.03375 0.01780693533270853
0 0.14 0.2769447047797563 0.0475 0.04873477038425492
0 0.298125 0.3598875351452671 0.015 0.00937207122774133
0 0.14875 0.40159325210871605 0.01875 0.013120899718837863
0 0.026875 0.42970946579194 0.02375 0.01780693533270853
0 0.508125 0.5524835988753515 0.01 0.007497656982193065
0 0.596875 0.5520149953139644 0.02125 0.013120899718837863
0 0.679375 0.6551077788191191 0.02125 0.016869728209934397
0 0.178125 0.8177132146204311 0.025 0.019681349578256794
0 0.1275 0.8317713214620431 0.11125 0.06654170571696345
0 0.0275 0.7314901593252109 0.02125 0.015932521087160263
0 0.166875 0.0923149015932521 0.02125 0.01218369259606373
0 0.82125 0.09934395501405811 0.0175 0.011246485473289597
0 0.96 0.6171508903467666 0.02375 0.01218369259606373
1 0.49 0.6780693533270853 0.3075 0.23617619493908154
1 0.603125 0.5449859418931584 0.1375 0.10965323336457357
1 0.446875 0.528584817244611 0.265 0.19306466729147143
1 0.965 0.6101218369259607 0.0425 0.04029990627928772