0 0.401875 0.3191190253045923 0.1075 0.09746954076850985
0 0.303125 0.31443298969072164 0.12375 0.1190253045923149
0 0.61875 0.17057169634489222 0.11375 0.08059981255857544
0 0.130625 0.3922211808809747 0.1375 0.09559512652296158
0 0.42875 0.42127460168697284 0.045 0.03936269915651359
0 0.69375 0.23149015932521086 0.0375 0.02717900656044986
0 0.508125 0.5585754451733833 0.03625 0.020618556701030927
0 0.511875 0.4208059981255858 0.0375 0.019681349578256794
0 0.38625 0.471883786316776 0.02875 0.016869728209934397
0 0.608125 0.4564198687910028 0.04125 0.019681349578256794
0 0.70375 0.514526710402999 0.12375 0.09653233364573571
0 0.393125 0.6030927835051546 0.02875 0.023430178069353328
0 0.61375 0.6836925960637301 0.02875 0.023430178069353328
0 0.7075 0.39878163074039363 0.055 0.022492970946579195
0 0.47625 0.35520149953139646 0.02375 0.020618556701030927
0 0.32625 0.7029053420805998 0.02375 0.01874414245548266
0 0.719375 0.33786316776007497 0.035 0.02155576382380506
0 0.435625 0.8055295220243673 0.0225 0.015932521087160263
0 0.80625 0.18181818181818182 0.07375 0.1077788191190253
0 0.678125 0.8491096532333646 0.02 0.01499531396438613
0 0.765625 0.07872539831302718 0.03 0.013120899718837863
0 0.658125 0.5370196813495782 0.03375 0.030927835051546393
0 0.89 0.6063730084348641 0.02 0.026241799437675725
0 0.6975 0.48641049671977504 0.01375 0.01218369259606373
0 0.37 0.5257731958762887 0.0825 0.02530459231490159
0 0.308125 0.5463917525773195 0.01875 0.015932521087160263
0 0.351875 0.5965323336457357 0.01875 0.01499531396438613
0 0.2975 0.7769447047797563 0.02625 0.016869728209934397
0 0.14125 0.7202436738519212 0.09125 0.02155576382380506
0 0.019375 0.5923149015932521 0.03875 0.05716963448922212
0 0.121875 0.5970009372071228 0.16875 0.03936269915651359
0 0.293125 0.5660731021555764 0.175 0.041237113402061855
0 0.204375 0.47797563261480785 0.0775 0.09090909090909091
0 0.260625 0.5435801312089972 0.04 0.04592314901593252
0 0.21375 0.38706654170571697 0.03625 0.010309278350515464
0 0.109375 0.29662605435801315 0.04625 0.09372071227741331
0 0.0525 0.24179943767572634 0.105 0.01499531396438613
0 0.10375 0.19259606373008434 0.02625 0.08997188378631678
0 0.108125 0.14245548266166824 0.015 0.008434864104967198
0 0.16375 0.14058106841611998 0.095 0.016869728209934397
0 0.565 0.190253045923149 0.04625 0.02717900656044986
0 0.59375 0.20524835988753515 0.0425 0.023430178069353328
0 0.9425 0.5435801312089972 0.0125 0.007497656982193065
0 0.948125 0.5604498594189316 0.01625 0.011246485473289597
0 0.965625 0.7357075913776945 0.015 0.010309278350515464
0 0.67625 0.8364573570759137 0.0175 0.011246485473289597
1 0.63125 0.6316776007497656 0.095 0.11152764761012184
1 0.781875 0.6223055295220243 0.20875 0.1387066541705717
1 0.906875 0.5590440487347704 0.18625 0.09184629803186505
1 0.92625 0.5009372071227741 0.1475 0.10121836925960637
1 0.980625 0.37910028116213684 0.03875 0.06466729147141519
0 0.385625 0.09559512652296158 0.03 0.007497656982193065
0 0.5525 0.08341143392689784 0.03 0.00937207122774133
0 0.656875 0.07122774133083412 0.05875 0.022492970946579195
0 0.708125 0.07731958762886598 0.02375 0.011246485473289597
0 0.8625 0.07966260543580131 0.0175 0.00937207122774133