0 0.365625 0.33270852858481725 0.12625 0.10871602624179943
0 0.266875 0.33973758200562326 0.1475 0.13214620431115276
0 0.548125 0.16073102155576383 0.13 0.09278350515463918
0 0.1125 0.43673851921274603 0.15625 0.1105904404873477
0 0.413125 0.43064667291471415 0.0525 0.044048734770384255
0 0.635625 0.21227741330834116 0.0425 0.030927835051546393
0 0.52 0.5567010309278351 0.04 0.02436738519212746
0 0.495 0.42033739456419866 0.04125 0.023430178069353328
0 0.381875 0.4854732895970009 0.0325 0.019681349578256794
0 0.5975 0.4442361761949391 0.045 0.02436738519212746
0 0.704375 0.4906279287722587 0.1425 0.10965323336457357
0 0.41625 0.6143392689784443 0.03375 0.026241799437675725
0 0.650625 0.6682286785379569 0.03375 0.026241799437675725
0 0.68375 0.37582005623242737 0.05875 0.029053420805998126
0 0.44625 0.3598875351452671 0.0275 0.023430178069353328
0 0.370625 0.7207122774133083 0.0275 0.02155576382380506
0 0.683125 0.3139643861293346 0.03875 0.02530459231490159
0 0.5 0.8092783505154639 0.025 0.01874414245548266
0 0.73625 0.14995313964386128 0.095 0.11527647610121837
0 0.74875 0.823805060918463 0.0225 0.01780693533270853
0 0.674375 0.05295220243673852 0.0325 0.016869728209934397
0 0.66375 0.5178069353327085 0.04 0.03467666354264293
0 0.9075 0.5595126522961574 0.025 0.028116213683223992
0 0.6925 0.46344892221180883 0.015 0.013120899718837863
0 0.376875 0.5402999062792877 0.0875 0.03467666354264293
0 0.32 0.5684161199625117 0.0225 0.01780693533270853
0 0.374375 0.612464854732896 0.02125 0.016869728209934397
0 0.358125 0.7970946579194002 0.02875 0.019681349578256794
0 0.19125 0.7596063730084348 0.09375 0.031865042174320526
0 0.044375 0.647610121836926 0.05 0.06091846298031865
0 0.146875 0.6401124648547329 0.175 0.05810684161199625
0 0.309375 0.5895032802249297 0.18125 0.06091846298031865
0 0.203125 0.5131208997188379 0.095 0.09840674789128398
0 0.2725 0.5712277413308341 0.05 0.04967197750702906
0 0.19375 0.42221180880974696 0.03875 0.01499531396438613
0 0.071875 0.344892221180881 0.065 0.09840674789128398
0 0.02875 0.29756326148078727 0.0575 0.02717900656044986
0 0.044375 0.24273664479850046 0.045 0.09184629803186505
0 0.038125 0.19306466729147143 0.01625 0.00937207122774133
0 0.093125 0.1846298031865042 0.0975 0.02717900656044986
0 0.5 0.18650421743205248 0.05125 0.031865042174320526
0 0.530625 0.19775070290534208 0.04625 0.028116213683223992
0 0.94625 0.4915651358950328 0.01375 0.00937207122774133
0 0.955625 0.5074976569821931 0.01875 0.013120899718837863
0 0.744375 0.8116213683223993 0.01875 0.013120899718837863
1 0.6575 0.6148078725398313 0.1175 0.1218369259606373
1 0.804375 0.5876288659793815 0.235 0.16213683223992503
1 0.90625 0.5103092783505154 0.1875 0.1134020618556701
1 0.91875 0.45032802249297094 0.1625 0.11715089034676664
1 0.949375 0.32427366447985007 0.05125 0.06841611996251172
0 0.3025 0.11387066541705718 0.03125 0.011246485473289597
0 0.465 0.08247422680412371 0.03125 0.01218369259606373
0 0.565625 0.05810684161199625 0.06375 0.029053420805998126
0 0.6175 0.05810684161199625 0.025 0.014058106841611996
0 0.770625 0.042642924086223055 0.01875 0.011246485473289597