0 0.27 0.662136832239925 0.0925 0.06841611996251172
0 0.033125 0.4320524835988753 0.05875 0.04498594189315839
0 0.16875 0.3467666354264292 0.0225 0.02717900656044986
0 0.5 0.38940955951265227 0.04 0.029053420805998126
0 0.380625 0.2633552014995314 0.03875 0.020618556701030927
0 0.616875 0.6579194001874414 0.0375 0.020618556701030927
0 0.496875 0.5824742268041238 0.025 0.015932521087160263
0 0.734375 0.528116213683224 0.03375 0.02436738519212746
0 0.04875 0.5257731958762887 0.0975 0.04873477038425492
0 0.478125 0.21930646672914714 0.01875 0.016869728209934397
0 0.338125 0.40253045923149017 0.035 0.02717900656044986
0 0.0675 0.5866916588566073 0.04125 0.016869728209934397
0 0.35125 0.7474226804123711 0.02625 0.011246485473289597
0 0.980625 0.18744142455482662 0.035 0.02999062792877226
0 0.403125 0.8402061855670103 0.02625 0.010309278350515464
0 0.47375 0.7806935332708529 0.01375 0.013120899718837863
0 0.489375 0.7694470477975632 0.0125 0.010309278350515464
0 0.6475 0.7689784442361762 0.0675 0.05154639175257732
0 0.829375 0.9657919400187441 0.07375 0.022492970946579195
0 0.57625 0.6302717900656045 0.02125 0.007497656982193065
0 0.413125 0.563261480787254 0.01125 0.007497656982193065
0 0.415 0.5431115276476102 0.025 0.015932521087160263
0 0.415 0.528584817244611 0.03125 0.014058106841611996
0 0.43875 0.5309278350515464 0.0175 0.016869728209934397
0 0.45125 0.5299906279287723 0.01125 0.014058106841611996
0 0.485625 0.5599812558575445 0.01375 0.015932521087160263
0 0.48875 0.5267104029990628 0.02 0.01780693533270853
0 0.468125 0.5253045923149016 0.02125 0.019681349578256794
0 0.29375 0.4119025304592315 0.01125 0.00937207122774133
0 0.36 0.39128397375820057 0.01375 0.011246485473289597
0 0.7575 0.5323336457357076 0.035 0.02436738519212746
0 0.740625 0.415651358950328 0.03875 0.03280224929709466
0 0.708125 0.4147141518275539 0.03375 0.028116213683223992
0 0.68125 0.4104967197750703 0.01625 0.013120899718837863
0 0.653125 0.21227741330834116 0.0125 0.013120899718837863
0 0.98625 0.4611059044048735 0.0275 0.05248359887535145
1 0.91625 0.5646672914714151 0.1675 0.1696344892221181
1 0.75875 0.6696344892221181 0.30625 0.21930646672914714
0 0.105625 0.08997188378631678 0.00875 0.005623242736644799
0 0.410625 0.05576382380506092 0.01 0.006560449859418931
0 0.3 0.04170571696344892 0.00875 0.007497656982193065
0 0.703125 0.08200562324273665 0.00875 0.008434864104967198
0 0.871875 0.11433926897844424 0.0075 0.006560449859418931