0 0.736875 0.6560449859418932 0.095 0.07029053420805999
0 0.96375 0.4198687910028116 0.06 0.04592314901593252
0 0.824375 0.33786316776007497 0.02375 0.028116213683223992
0 0.495 0.38940955951265227 0.04125 0.029053420805998126
0 0.608125 0.260543580131209 0.03875 0.02155576382380506
0 0.39 0.6607310215557638 0.0375 0.02155576382380506
0 0.5075 0.5824742268041238 0.02625 0.015932521087160263
0 0.266875 0.5342080599812559 0.03375 0.02530459231490159
0 0.95125 0.5135895032802249 0.0975 0.05060918462980318
0 0.50875 0.21883786316776008 0.02 0.01780693533270853
0 0.656875 0.3983130271790066 0.03625 0.028116213683223992
0 0.93625 0.5754451733833177 0.0425 0.01780693533270853
0 0.66 0.7436738519212746 0.02625 0.011246485473289597
0 0.01125 0.2000937207122774 0.0225 0.030927835051546393
0 0.6125 0.837394564198688 0.02625 0.011246485473289597
0 0.539375 0.7797563261480788 0.01375 0.014058106841611996
0 0.523125 0.7689784442361762 0.01375 0.010309278350515464
0 0.365 0.7727272727272727 0.07 0.053420805998125584
0 0.193125 0.9742268041237113 0.07375 0.023430178069353328
0 0.43 0.6321462043111528 0.02125 0.008434864104967198
0 0.59 0.5609184629803187 0.01125 0.008434864104967198
0 0.5875 0.5407685098406748 0.02625 0.015932521087160263
0 0.58625 0.5262417994376757 0.03125 0.01499531396438613
0 0.5625 0.5290534208059982 0.0175 0.016869728209934397
0 0.55 0.528584817244611 0.01125 0.014058106841611996
0 0.516875 0.5595126522961574 0.01375 0.015932521087160263
0 0.5125 0.5262417994376757 0.02125 0.01780693533270853
0 0.533125 0.5243673851921274 0.0225 0.020618556701030927
0 0.701875 0.40674789128397376 0.01125 0.00937207122774133
0 0.635 0.38753514526710403 0.01375 0.011246485473289597
0 0.244375 0.5393626991565136 0.035 0.02530459231490159
0 0.255625 0.42221180880974696 0.04 0.03280224929709466
0 0.288125 0.42033739456419866 0.035 0.028116213683223992
0 0.315 0.41518275538894095 0.0175 0.014058106841611996
0 0.33375 0.21649484536082475 0.0125 0.013120899718837863
0 0.013125 0.47375820056232426 0.02625 0.053420805998125584
1 0.086875 0.5759137769447048 0.17375 0.1733833177132146
1 0.249375 0.676663542642924 0.315 0.22586691658856609
0 0.875 0.08013120899718838 0.00875 0.005623242736644799
0 0.56875 0.05388940955951265 0.01 0.007497656982193065
0 0.67875 0.037019681349578254 0.01 0.007497656982193065
0 0.2775 0.08716026241799438 0.00875 0.008434864104967198
0 0.110625 0.1246485473289597 0.0075 0.006560449859418931