0 0.71 0.676663542642924 0.085 0.06279287722586692
0 0.973125 0.4629803186504217 0.05375 0.041237113402061855
0 0.848125 0.36879100281162136 0.02 0.026241799437675725
0 0.513125 0.3898781630740394 0.0375 0.026241799437675725
0 0.64625 0.27225866916588565 0.03625 0.01874414245548266
0 0.365 0.6494845360824743 0.035 0.01874414245548266
0 0.49375 0.5824742268041238 0.02375 0.014058106841611996
0 0.2632875 0.5126522961574508 0.030912500000000023 0.022492970946579195
0 0.948125 0.5552952202436738 0.09625 0.04217432052483599
0 0.554375 0.22164948453608246 0.0175 0.015932521087160263
0 0.6725 0.4133083411433927 0.0325 0.02530459231490159
0 0.920625 0.6148078725398313 0.04 0.014058106841611996
0 0.619375 0.7563261480787254 0.025 0.00937207122774133
0 0.0575 0.15745079662605435 0.03125 0.028116213683223992
0 0.557025 0.8451921274601687 0.02538749999999993 0.008584817244611135
0 0.493725 0.7812464854732897 0.011800000000000067 0.012605435801312133
0 0.47941249999999996 0.7689034676663542 0.011800000000000067 0.009381443298969063
0 0.3215125 0.7584536082474227 0.06222499999999997 0.04799437675726339
0 0.118025 0.9426616682286786 0.071525 0.01743205248359879
0 0.4091375 0.6249109653233365 0.02073750000000004 0.006166822867853728
0 0.5791375 0.5687722586691659 0.010775000000000005 0.007150890346766738
0 0.5799375 0.5485192127460169 0.024012500000000044 0.014029990627928798
0 0.5814374999999999 0.5340862230552952 0.029837500000000006 0.011911902530459265
0 0.55725 0.5346860356138706 0.015362499999999954 0.015482661668228662
0 0.5448 0.5329615745079662 0.009175000000000039 0.013102155576382397
0 0.5072875 0.5606279287722588 0.011825000000000046 0.014957825679475198
0 0.508 0.5272258669165886 0.01875 0.01640112464854733
0 0.528875 0.5271790065604499 0.019749999999999945 0.018556701030927793
0 0.7155750000000001 0.42571696344892224 0.01022500000000008 0.008406747891283999
0 0.65215 0.4007216494845361 0.012787500000000023 0.010318650421743196
0 0.2397625 0.515613870665417 0.03222499999999997 0.02222118088097473
0 0.2699375 0.4002343017806935 0.035900000000000036 0.030159325210871557
0 0.3028125 0.40152764761012183 0.03071249999999999 0.025951265229615796
0 0.32985 0.3989409559512652 0.015137500000000017 0.012324273664479829
0 0.381 0.20328022492970946 0.010600000000000023 0.012483598875351446
0 0.015175000000000001 0.42944704779756326 0.030350000000000002 0.050721649484536085
1 0.07617499999999999 0.5377507029053421 0.15234999999999999 0.16068416119962517
1 0.22255 0.652249297094658 0.28433749999999997 0.20119025304592322
0 0.9402625 0.11740393626991565 0.008050000000000068 0.005004686035613874
0 0.6405375 0.06334582942830366 0.009050000000000011 0.006298031865042173
0 0.7524375000000001 0.05670103092783505 0.008375000000000056 0.006551077788191186
0 0.346525 0.07014995313964385 0.008087500000000034 0.007703842549203373
0 0.174375 0.09165885660731021 0.006225000000000023 0.006091846298031865