0 0.690625 0.7952202436738519 0.07625 0.05998125585754452
0 0.481875 0.2689784442361762 0.06875 0.05248359887535145
0 0.368125 0.4746954076850984 0.0725 0.05248359887535145
0 0.738125 0.42783505154639173 0.07 0.05060918462980318
0 0.435625 0.2928772258669166 0.045 0.03467666354264293
1 0.47 0.6424554826616682 0.2075 0.15745079662605435
0 0.76875 0.7085285848172446 0.05125 0.03748828491096532
0 0.95875 0.5895032802249297 0.06625 0.08528584817244611
0 0.866875 0.485941893158388 0.04875 0.05716963448922212
0 0.836875 0.3261480787253983 0.04875 0.028116213683223992
0 0.3525 0.267572633552015 0.03625 0.02530459231490159
0 0.693125 0.23008434864104968 0.02875 0.023430178069353328
0 0.21625 0.6677600749765699 0.0375 0.02717900656044986
0 0.32625 0.8383317713214621 0.0225 0.016869728209934397
0 0.216875 0.8041237113402062 0.04 0.029053420805998126
0 0.263125 0.7521087160262419 0.03875 0.028116213683223992
0 0.915625 0.8214620431115276 0.02375 0.015932521087160263
0 0.18625 0.5534208059981256 0.10875 0.10590440487347703
0 0.583125 0.20665417057169636 0.03625 0.02717900656044986
0 0.766875 0.8880037488284911 0.025 0.015932521087160263
0 0.296875 0.39737582005623245 0.0275 0.01499531396438613
0 0.7725 0.22211808809746955 0.0225 0.01499531396438613
0 0.01875 0.4484536082474227 0.03125 0.023430178069353328
0 0.840625 0.619962511715089 0.0375 0.02155576382380506
0 0.913125 0.7671040299906279 0.02125 0.013120899718837863
0 0.91625 0.7150890346766635 0.02 0.01499531396438613
0 0.006875 0.6138706654170571 0.01375 0.041237113402061855
0 0.45875 0.20805998125585753 0.03375 0.023430178069353328
0 0.94375 0.38191190253045926 0.03625 0.022492970946579195
0 0.305 0.43252108716026244 0.025 0.014058106841611996
1 0.6625 0.5342080599812559 0.20125 0.14339268978444236
1 0.5 0.5154639175257731 0.20125 0.1415182755388941
0 0.995 0.49765698219306465 0.01 0.016869728209934397
0 0.89875 0.49812558575445176 0.045 0.03655107778819119
0 0.90375 0.5173383317713215 0.04125 0.041237113402061855
0 0.973125 0.6349578256794751 0.0125 0.01218369259606373
0 0.860625 0.6321462043111528 0.03 0.019681349578256794
0 0.31125 0.6541705716963448 0.02 0.01874414245548266
0 0.248125 0.542642924086223 0.02625 0.014058106841611996
0 0.128125 0.48078725398313027 0.03125 0.01874414245548266
0 0.118125 0.6916588566073102 0.0325 0.02155576382380506
0 0.063125 0.774601686972821 0.035 0.023430178069353328
0 0.45875 0.4451733833177132 0.0225 0.01874414245548266
0 0.1825 0.39128397375820057 0.03875 0.04029990627928772
0 0.54 0.8655107778819119 0.02 0.014058106841611996
0 0.171875 0.36457357075913777 0.03625 0.05529522024367385
0 0.09875 0.1836925960637301 0.0375 0.023430178069353328
0 0.1775 0.14245548266166824 0.06 0.04592314901593252