0 0.225625 0.7558575445173383 0.07125 0.056232427366447985
0 0.586875 0.27835051546391754 0.06375 0.04873477038425492
0 0.63625 0.49765698219306465 0.0675 0.04873477038425492
0 0.29 0.38940955951265227 0.065 0.046860356138706656
0 0.625 0.30927835051546393 0.04125 0.03280224929709466
1 0.48625 0.6438612933458294 0.19375 0.14620431115276475
0 0.175625 0.6579194001874414 0.0475 0.03467666354264293
0 0.0275 0.5093720712277413 0.055 0.08341143392689784
0 0.146875 0.4245548266166823 0.0425 0.05529522024367385
0 0.224375 0.2736644798500469 0.0475 0.02530459231490159
0 0.71375 0.2985004686035614 0.035 0.023430178069353328
0 0.393125 0.2047797563261481 0.02625 0.02155576382380506
0 0.725625 0.711340206185567 0.035 0.02530459231490159
0 0.568125 0.8589503280224929 0.02125 0.01499531396438613
0 0.684375 0.8439550140581068 0.0375 0.02717900656044986
0 0.655 0.7858481724461106 0.03625 0.026241799437675725
0 0.005 0.7432052483598875 0.01 0.01499531396438613
0 0.79 0.604967197750703 0.09875 0.10121836925960637
0 0.5075 0.2000937207122774 0.03375 0.02530459231490159
0 0.123125 0.8331771321462043 0.02375 0.014058106841611996
0 0.72875 0.4339268978444236 0.02625 0.013120899718837863
0 0.3175 0.18322399250234303 0.02125 0.014058106841611996
0 0.984375 0.5309278350515464 0.02875 0.022492970946579195
0 0.1325 0.5595126522961574 0.035 0.019681349578256794
0 0.0175 0.6907216494845361 0.02 0.01218369259606373
0 0.029375 0.6391752577319587 0.01875 0.014058106841611996
0 0.9525 0.6954076850984068 0.0225 0.04029990627928772
0 0.628125 0.22211808809746955 0.0325 0.02155576382380506
0 0.103125 0.31021555763823805 0.035 0.020618556701030927
0 0.71 0.46719775070290537 0.02375 0.01218369259606373
1 0.33125 0.5056232427366448 0.18875 0.1330834114339269
1 0.495625 0.5149953139643861 0.18875 0.13120899718837864
0 0.014375 0.41377694470477977 0.01625 0.015932521087160263
0 0.111875 0.43064667291471415 0.0425 0.03467666354264293
0 0.101875 0.44892221180880976 0.0375 0.03936269915651359
0 0.001875 0.5515463917525774 0.00375 0.01218369259606373
0 0.10875 0.5679475164011246 0.02875 0.01874414245548266
0 0.6375 0.6822867853795689 0.01875 0.01780693533270853
0 0.7325 0.584348641049672 0.025 0.01218369259606373
0 0.868125 0.5435801312089972 0.03 0.01780693533270853
0 0.814375 0.7511715089034676 0.03125 0.020618556701030927
0 0.843125 0.8411433926897844 0.0325 0.02155576382380506
0 0.556875 0.4536082474226804 0.02125 0.01780693533270853
0 0.841875 0.4475164011246485 0.035 0.038425492033739454
0 0.98625 0.627460168697282 0.0075 0.01780693533270853
0 0.35125 0.8491096532333646 0.01875 0.013120899718837863
0 0.86 0.42361761949390814 0.03125 0.05435801312089972
0 0.98375 0.2591377694470478 0.0325 0.02155576382380506
0 0.921875 0.2057169634489222 0.05625 0.04311152764761012