0 0.243125 0.6087160262417994 0.1075 0.07029053420805999
0 0.7675 0.4793814432989691 0.07625 0.07403936269915651
0 0.135 0.48406747891283974 0.07 0.07122774133083412
0 0.371875 0.47141518275538896 0.05875 0.06841611996251172
0 0.444375 0.6522961574507966 0.0875 0.03655107778819119
0 0.34875 0.6537019681349578 0.03625 0.02717900656044986
0 0.635625 0.7947516401124649 0.07375 0.05154639175257732
0 0.46875 0.4957825679475164 0.05125 0.05060918462980318
0 0.29625 0.45173383317713217 0.04875 0.04592314901593252
0 0.1025 0.7441424554826617 0.0575 0.03936269915651359
0 0.765625 0.4114339268978444 0.03375 0.02717900656044986
0 0.609375 0.6668228678537957 0.03875 0.028116213683223992
0 0.315625 0.3261480787253983 0.05875 0.04592314901593252
0 0.843125 0.25164011246485474 0.04625 0.02999062792877226
0 0.899375 0.39550140581068416 0.035 0.029053420805998126
0 0.575 0.5304592314901593 0.12125 0.07310215557638237
0 0.79 0.53514526710403 0.04125 0.023430178069353328
0 0.55625 0.2727272727272727 0.035 0.026241799437675725
0 0.256875 0.8537956888472352 0.0575 0.020618556701030927
0 0.52875 0.7343017806935332 0.06 0.04967197750702906
0 0.060625 0.584817244611059 0.035 0.11433926897844424
0 0.716875 0.32146204311152765 0.03 0.023430178069353328
0 0.754375 0.17619493908153702 0.01375 0.008434864104967198
0 0.42625 0.2891283973758201 0.0325 0.02530459231490159
0 0.873125 0.6494845360824743 0.04375 0.02155576382380506
0 0.559375 0.3889409559512652 0.025 0.033739456419868794
0 0.515625 0.34957825679475163 0.02625 0.020618556701030927
0 0.438125 0.4104967197750703 0.04 0.01218369259606373
0 0.623125 0.5445173383317713 0.02875 0.02530459231490159
0 0.265625 0.6527647610121837 0.03375 0.02436738519212746
0 0.38625 0.8336457357075914 0.0275 0.02436738519212746
0 0.4425 0.7525773195876289 0.02625 0.02436738519212746
0 0.670625 0.4606373008434864 0.15 0.08059981255857544
0 0.308125 0.3055295220243674 0.06125 0.022492970946579195
0 0.036875 0.6602624179943768 0.00625 0.01218369259606373
0 0.074375 0.8336457357075914 0.00625 0.005623242736644799
0 0.034375 0.7300843486410497 0.00625 0.005623242736644799
0 0.381875 0.5590440487347704 0.03375 0.028116213683223992