0 0.22375 0.5773195876288659 0.1175 0.07966260543580131
0 0.768125 0.5107778819119025 0.0875 0.07966260543580131
0 0.143125 0.4414245548266167 0.08125 0.07685098406747891
0 0.379375 0.4564198687910028 0.07 0.07310215557638237
0 0.413125 0.6438612933458294 0.0925 0.044048734770384255
0 0.318125 0.634020618556701 0.04 0.030927835051546393
0 0.5725 0.8074039362699157 0.08125 0.05810684161199625
0 0.47 0.49203373945641987 0.05875 0.05435801312089972
0 0.30875 0.42830365510777885 0.055 0.04967197750702906
0 0.05625 0.6944704779756327 0.0625 0.044048734770384255
0 0.780625 0.44329896907216493 0.0375 0.02999062792877226
0 0.573125 0.6776007497656982 0.0425 0.031865042174320526
0 0.354375 0.3069353327085286 0.065 0.05060918462980318
0 0.890625 0.2952202436738519 0.05 0.033739456419868794
0 0.91625 0.443767572633552 0.03875 0.031865042174320526
0 0.568125 0.5388940955951266 0.13125 0.08341143392689784
0 0.779375 0.5688847235238987 0.045 0.026241799437675725
0 0.6025 0.28209934395501407 0.04 0.029053420805998126
0 0.18625 0.8209934395501406 0.06 0.02530459231490159
0 0.479375 0.7347703842549204 0.0675 0.05435801312089972
0 0.048125 0.5323336457357076 0.05375 0.1162136832239925
0 0.751875 0.34910965323336457 0.03375 0.02530459231490159
0 0.81875 0.2099343955014058 0.015 0.00937207122774133
0 0.47125 0.2830365510777882 0.0375 0.028116213683223992
0 0.836875 0.6911902530459232 0.0475 0.02530459231490159
0 0.581875 0.39737582005623245 0.03 0.03561387066541706
0 0.546875 0.3528584817244611 0.03 0.023430178069353328
0 0.4575 0.4044048734770384 0.04125 0.01499531396438613
0 0.611875 0.5581068416119962 0.03375 0.028116213683223992
0 0.23625 0.6232427366447985 0.0375 0.028116213683223992
0 0.318125 0.8163074039362699 0.03125 0.02717900656044986
0 0.390625 0.7427366447985004 0.03 0.02717900656044986
0 0.676875 0.48078725398313027 0.16125 0.09278350515463918
0 0.350625 0.28537956888472354 0.065 0.028116213683223992
0 0.009375 0.6040299906279287 0.00875 0.01218369259606373
0 0.01 0.7792877225866917 0.0075 0.006560449859418931
0 0.37125 0.5445173383317713 0.0375 0.030927835051546393