0 0.381875 0.07497656982193064 0.1175 0.09184629803186505
0 0.468125 0.22399250234301782 0.1575 0.08997188378631678
0 0.621875 0.30880974695407687 0.16875 0.13776944704779756
0 0.41875 0.41237113402061853 0.10125 0.06747891283973759
1 0.67 0.7071227741330834 0.125 0.1415182755388941
0 0.54625 0.39737582005623245 0.09875 0.12652296157450796
0 0.47625 0.4020618556701031 0.0975 0.07122774133083412
0 0.371875 0.3697282099343955 0.06875 0.05435801312089972
1 0.2225 0.6701030927835051 0.16625 0.11715089034676664
1 0.40875 0.7553889409559512 0.3675 0.17057169634489222
1 0.315 0.8383317713214621 0.38875 0.14901593252108716
0 0.294375 0.2933458294283037 0.02875 0.019681349578256794
0 0.335 0.3753514526710403 0.035 0.03280224929709466
0 0.32125 0.3233364573570759 0.035 0.019681349578256794
0 0.94 0.8341143392689785 0.0075 0.01218369259606373
0 0.301875 0.31021555763823805 0.06 0.03655107778819119