0 0.391875 0.07357075913776945 0.12 0.09278350515463918
0 0.475 0.22352389878163073 0.15875 0.09184629803186505
0 0.62625 0.3106841611996251 0.17125 0.13964386129334583
0 0.420625 0.4114339268978444 0.1025 0.06841611996251172
1 0.665 0.7094657919400188 0.1275 0.14245548266166824
0 0.54875 0.3983130271790066 0.10125 0.1274601686972821
0 0.478125 0.40159325210871605 0.09875 0.07216494845360824
0 0.375 0.36785379568884724 0.07 0.05529522024367385
1 0.21875 0.6663542642924086 0.1675 0.1190253045923149
1 0.4025 0.7539831302717901 0.37 0.17525773195876287
1 0.3075 0.8359887535145267 0.39 0.15370196813495782
0 0.299375 0.29053420805998126 0.03 0.019681349578256794
0 0.338125 0.37300843486410495 0.03625 0.03280224929709466
0 0.325 0.3209934395501406 0.03625 0.020618556701030927
0 0.931875 0.8397375820056232 0.0075 0.01218369259606373
0 0.30625 0.30740393626991563 0.06 0.03655107778819119