0 0.73625 0.3936269915651359 0.06125 0.041237113402061855
0 0.62 0.6241799437675727 0.08625 0.05998125585754452
0 0.936875 0.42127460168697284 0.07875 0.04311152764761012
0 0.7875 0.4198687910028116 0.05875 0.041237113402061855
0 0.855625 0.5965323336457357 0.05375 0.03467666354264293
0 0.776875 0.6162136832239925 0.0275 0.01499531396438613
0 0.151875 0.40112464854732893 0.0225 0.015932521087160263
0 0.319375 0.619962511715089 0.035 0.02155576382380506
0 0.286875 0.4723523898781631 0.035 0.04498594189315839
0 0.7875 0.6433926897844423 0.025 0.016869728209934397
0 0.251875 0.5360824742268041 0.0375 0.03280224929709466
0 0.213125 0.48078725398313027 0.03375 0.020618556701030927
0 0.7275 0.5435801312089972 0.03625 0.02530459231490159
0 0.3375 0.3823805060918463 0.01625 0.01218369259606373
0 0.27625 0.6471415182755389 0.0275 0.016869728209934397
0 0.22375 0.4076850984067479 0.02875 0.015932521087160263
0 0.33875 0.5759137769447048 0.02875 0.01874414245548266
0 0.02 0.6152764761012184 0.04 0.030927835051546393
0 0.203125 0.5866916588566073 0.02875 0.016869728209934397
0 0.73875 0.7024367385192127 0.02375 0.01218369259606373
0 0.91875 0.48406747891283974 0.025 0.01499531396438613
0 0.871875 0.46438612933458295 0.02375 0.016869728209934397
0 0.0675 0.3922211808809747 0.03125 0.02155576382380506
0 0.840625 0.6705716963448922 0.02375 0.015932521087160263
0 0.821875 0.5660731021555764 0.0675 0.05998125585754452
0 0.12375 0.3584817244611059 0.01875 0.013120899718837863
0 0.885 0.668697282099344 0.02625 0.015932521087160263
0 0.914375 0.5398313027179007 0.02125 0.011246485473289597
0 0.153125 0.36082474226804123 0.02 0.014058106841611996
0 0.674375 0.47282099343955014 0.01625 0.008434864104967198
0 0.165625 0.5173383317713215 0.015 0.010309278350515464
0 0.743125 0.4564198687910028 0.025 0.008434864104967198
0 0.73125 0.4606373008434864 0.025 0.006560449859418931
0 0.724375 0.4676663542642924 0.03875 0.014058106841611996
0 0.67375 0.4803186504217432 0.0225 0.00937207122774133
0 0.8025 0.5220243673851921 0.02375 0.007497656982193065
0 0.785625 0.5271790065604499 0.03875 0.01218369259606373
0 0.793125 0.5379568884723523 0.0425 0.010309278350515464
0 0.75375 0.5510777881911902 0.0175 0.007497656982193065
0 0.71 0.5754451733833177 0.04375 0.019681349578256794
0 0.730625 0.5393626991565136 0.0125 0.007497656982193065
0 0.72375 0.5876288659793815 0.06875 0.01499531396438613
0 0.69125 0.5941893158388004 0.0675 0.015932521087160263
0 0.66875 0.6021555763823805 0.025 0.011246485473289597
0 0.86125 0.6302717900656045 0.01625 0.008434864104967198
0 0.8575 0.6818181818181818 0.03375 0.014058106841611996
0 0.966875 0.5749765698219307 0.05375 0.033739456419868794
0 0.98875 0.5506091846298032 0.0175 0.028116213683223992
0 0.92375 0.5229615745079662 0.02375 0.01218369259606373
0 0.980625 0.506560449859419 0.0375 0.014058106841611996
0 0.975 0.4971883786316776 0.02875 0.015932521087160263
0 0.985625 0.48922211808809746 0.02125 0.011246485473289597
0 0.809375 0.3477038425492034 0.0325 0.008434864104967198
0 0.77125 0.3425492033739456 0.03625 0.01218369259606373
0 0.33125 0.31162136832239923 0.05125 0.014058106841611996
0 0.23375 0.30740393626991563 0.02375 0.00937207122774133
0 0.205 0.3055295220243674 0.01375 0.006560449859418931
0 0.116875 0.29756326148078727 0.03 0.015932521087160263
0 0.089375 0.3191190253045923 0.0325 0.020618556701030927
0 0.058125 0.3753514526710403 0.01125 0.010309278350515464
0 0.041875 0.38847235238987815 0.0175 0.01218369259606373
0 0.030625 0.3865979381443299 0.00875 0.010309278350515464
0 0.21875 0.4690721649484536 0.02375 0.013120899718837863
0 0.2675 0.4723523898781631 0.0225 0.022492970946579195
0 0.130625 0.5182755388940956 0.03125 0.013120899718837863
0 0.144375 0.5271790065604499 0.04125 0.01218369259606373
0 0.11125 0.5290534208059982 0.035 0.010309278350515464
0 0.225 0.5431115276476102 0.0275 0.026241799437675725
0 0.15625 0.5576382380506092 0.015 0.008434864104967198
0 0.136875 0.6007497656982193 0.01375 0.007497656982193065
0 0.074375 0.6138706654170571 0.01375 0.006560449859418931
0 0.620625 0.6874414245548266 0.01 0.006560449859418931
0 0.570625 0.5726335520149953 0.00875 0.007497656982193065
1 0.5525 0.5571696344892221 0.13 0.08997188378631678
1 0.363125 0.5107778819119025 0.05125 0.026241799437675725
1 0.45625 0.4765698219306467 0.06125 0.06747891283973759
1 0.371875 0.49531396438612935 0.13375 0.10590440487347703
1 0.509375 0.4873477038425492 0.18 0.1415182755388941
1 0.605625 0.3786316776007498 0.155 0.09653233364573571