0 0.28875 0.3673851921274602 0.05875 0.03936269915651359
0 0.355625 0.6082474226804123 0.0825 0.05716963448922212
0 0.084375 0.3711340206185567 0.07625 0.04029990627928772
0 0.2325 0.38706654170571697 0.05625 0.03936269915651359
0 0.12875 0.5534208059981256 0.05125 0.03280224929709466
0 0.2025 0.5820056232427366 0.02625 0.014058106841611996
0 0.864375 0.44283036551077787 0.0225 0.01499531396438613
0 0.65375 0.6396438612933458 0.03375 0.019681349578256794
0 0.71625 0.49765698219306465 0.03125 0.044048734770384255
0 0.18625 0.6082474226804123 0.02375 0.015932521087160263
0 0.7375 0.5646672914714151 0.03625 0.030927835051546393
0 0.7875 0.5149953139643861 0.0325 0.019681349578256794
0 0.26625 0.5159325210871603 0.035 0.023430178069353328
0 0.685 0.4029990627928772 0.01625 0.01218369259606373
0 0.69 0.6715089034676663 0.02625 0.015932521087160263
0 0.791875 0.44095595126522963 0.02875 0.01499531396438613
0 0.64375 0.5937207122774133 0.0275 0.01780693533270853
0 0.9525 0.6705716963448922 0.045 0.02999062792877226
0 0.775 0.6204311152764761 0.0275 0.015932521087160263
0 0.221875 0.6719775070290535 0.02375 0.011246485473289597
0 0.089375 0.43486410496719774 0.025 0.014058106841611996
0 0.14 0.42127460168697284 0.0225 0.015932521087160263
0 0.949375 0.4442361761949391 0.03 0.020618556701030927
0 0.128125 0.6283973758200563 0.0225 0.01499531396438613
0 0.168125 0.5276476101218369 0.06375 0.05810684161199625
0 0.90125 0.4044048734770384 0.01875 0.013120899718837863
0 0.085 0.6218369259606373 0.02625 0.01499531396438613
0 0.0825 0.49109653233364575 0.02125 0.010309278350515464
0 0.871875 0.4034676663542643 0.02 0.014058106841611996
0 0.33375 0.4526710402999063 0.01625 0.007497656982193065
0 0.826875 0.556232427366448 0.01375 0.010309278350515464
0 0.26875 0.42830365510777885 0.025 0.007497656982193065
0 0.28 0.4339268978444236 0.025 0.005623242736644799
0 0.285 0.44189315838800375 0.03875 0.01218369259606373
0 0.3325 0.46016869728209936 0.02125 0.008434864104967198
0 0.19625 0.485941893158388 0.02375 0.006560449859418931
0 0.211875 0.49343955014058105 0.0375 0.010309278350515464
0 0.2025 0.5032802249297095 0.0425 0.00937207122774133
0 0.23875 0.520618556701031 0.0175 0.006560449859418931
0 0.276875 0.5501405810684161 0.0425 0.01780693533270853
0 0.26375 0.5117150890346767 0.0125 0.006560449859418931
0 0.26125 0.5599812558575445 0.0675 0.01218369259606373
0 0.291875 0.57029053420806 0.06625 0.013120899718837863
0 0.3125 0.5810684161199625 0.025 0.010309278350515464
0 0.11625 0.5862230552952202 0.015 0.008434864104967198
0 0.109375 0.6377694470477976 0.03375 0.013120899718837863
0 0.024375 0.5192127460168697 0.04875 0.031865042174320526
0 0.0075 0.49203373945641987 0.015 0.028116213683223992
0 0.076875 0.47282099343955014 0.02375 0.011246485473289597
0 0.024375 0.45032802249297094 0.03625 0.013120899718837863
0 0.03125 0.4414245548266167 0.0275 0.01499531396438613
0 0.0225 0.4320524835988753 0.02125 0.010309278350515464
0 0.013125 0.3425492033739456 0.00625 0.013120899718837863
0 0.22625 0.31302717900656046 0.03125 0.007497656982193065
0 0.265 0.3125585754451734 0.03625 0.011246485473289597
0 0.705625 0.33411433926897843 0.05125 0.01218369259606373
0 0.803125 0.3406747891283974 0.02375 0.008434864104967198
0 0.831875 0.34208059981255856 0.01375 0.006560449859418931
0 0.920625 0.344892221180881 0.02875 0.01499531396438613
0 0.943125 0.3692596063730084 0.03125 0.019681349578256794
0 0.9625 0.42830365510777885 0.01125 0.010309278350515464
0 0.975625 0.44329896907216493 0.0175 0.011246485473289597
0 0.9875 0.44283036551077787 0.0075 0.010309278350515464
0 0.784375 0.5023430178069354 0.0225 0.01218369259606373
0 0.735625 0.5 0.02125 0.022492970946579195
0 0.86125 0.5613870665417057 0.03125 0.011246485473289597
0 0.845625 0.5684161199625117 0.04125 0.010309278350515464
0 0.8775 0.5745079662605436 0.035 0.00937207122774133
0 0.7625 0.5745079662605436 0.025 0.02530459231490159
0 0.8275 0.5974695407685099 0.01375 0.008434864104967198
0 0.8375 0.6419868791002812 0.01375 0.007497656982193065
0 0.896875 0.662605435801312 0.01375 0.006560449859418931
0 0.341875 0.6710402999062793 0.01 0.006560449859418931
0 0.415 0.563730084348641 0.00875 0.007497656982193065
1 0.43625 0.5501405810684161 0.12375 0.08528584817244611
1 0.633125 0.5267104029990628 0.05 0.02436738519212746
1 0.548125 0.48219306466729145 0.05625 0.06560449859418932
1 0.6275 0.5107778819119025 0.1275 0.1021555763823805
1 0.493125 0.48641049671977504 0.17125 0.1358950328022493
1 0.42125 0.36785379568884724 0.14875 0.09090909090909091