0 0.28 0.37582005623242737 0.05625 0.03748828491096532
0 0.363125 0.6138706654170571 0.07875 0.05435801312089972
0 0.07625 0.38753514526710403 0.07375 0.03748828491096532
0 0.225 0.3978444236176195 0.05375 0.03748828491096532
0 0.1327875 0.5679194001874415 0.04942499999999999 0.03099343955014052
0 0.20861249999999998 0.5937207122774133 0.025662499999999967 0.013120899718837863
0 0.86 0.4287722586691659 0.02125 0.014058106841611996
0 0.663125 0.633552014995314 0.0325 0.01874414245548266
0 0.7155125 0.48922211808809746 0.028524999999999922 0.04311152764761012
0 0.194075 0.6201874414245548 0.0225 0.01499531396438613
0 0.741875 0.5552952202436738 0.03375 0.02999062792877226
0 0.7881874999999999 0.5036176194939082 0.03158749999999998 0.01806935332708526
0 0.2675 0.5253045923149016 0.03375 0.022492970946579195
0 0.678125 0.3959700093720712 0.015 0.011246485473289597
0 0.701875 0.6640112464854733 0.025 0.01499531396438613
0 0.7875 0.42970946579194 0.0275 0.014058106841611996
0 0.65 0.5880974695407685 0.02625 0.016869728209934397
0 0.96375 0.6527647610121837 0.0425 0.028116213683223992
0 0.783125 0.6096532333645736 0.02625 0.01499531396438613
0 0.234375 0.682755388940956 0.0225 0.010309278350515464
0 0.085625 0.45126522961574506 0.02375 0.013120899718837863
0 0.135 0.4353327085285848 0.02125 0.01499531396438613
0 0.945 0.4268978444236176 0.02875 0.019681349578256794
0 0.1375375 0.642858481724461 0.02134999999999998 0.014498594189315865
0 0.1707 0.540543580131209 0.06015000000000001 0.055623242736644714
0 0.89375 0.3889409559512652 0.0175 0.01218369259606373
0 0.09375 0.6377694470477976 0.025 0.014058106841611996
0 0.0825 0.5072914714151827 0.02 0.00937207122774133
0 0.864375 0.3889409559512652 0.01875 0.013120899718837863
0 0.33066249999999997 0.45910965323336456 0.015300000000000012 0.007253983130271799
0 0.8300624999999999 0.543411433926898 0.013412500000000023 0.009540768509840734
0 0.2639875 0.4376569821930647 0.024249999999999973 0.006869728209934434
0 0.275725 0.44273664479850044 0.0240625 0.005014058106841634
0 0.2813625 0.45017806935332705 0.037612499999999965 0.011021555763823796
0 0.3298625 0.46664479850046864 0.02120000000000001 0.007591377694470499
0 0.1959125 0.49806935332708535 0.023299999999999984 0.00572633552014986
0 0.21205 0.5047328959700094 0.03723750000000003 0.009015932521087058
0 0.203075 0.5147516401124649 0.04181249999999999 0.007300843486410463
0 0.2404 0.5307122774133083 0.0171875 0.006016869728210003
0 0.2805 0.558697282099344 0.041625000000000016 0.01617619493908153
0 0.2649375 0.5210496719775071 0.011649999999999992 0.006157450796625994
0 0.2655125 0.5694376757263355 0.06740000000000002 0.009587628865979398
0 0.296825 0.5786035613870666 0.06587499999999999 0.010740393626991598
0 0.3182125 0.5885473289597001 0.023862500000000005 0.009165885660730996
0 0.12258749999999999 0.6012933458294284 0.014899999999999984 0.0074414245548266676
0 0.11925000000000001 0.6527647610121837 0.032650000000000005 0.011883786316776068
0 0.0251125 0.5379475164011247 0.050225 0.029634489222117987
0 0.0070625 0.5119587628865979 0.014125 0.027197750702905324
0 0.075425 0.48940955951265236 0.02291249999999999 0.010168697282099258
0 0.0213875 0.46886597938144325 0.0359 0.011743205248359862
0 0.027687499999999997 0.45999062792877227 0.02635 0.014320524835988727
0 0.018424999999999997 0.45104029990627925 0.0204375 0.009306466729147094
0 0.0025 0.36176194939081535 0.005 0.013120899718837863
0 0.21335 0.32415182755388944 0.031412499999999996 0.006438612933458298
0 0.2522875 0.3222399250234302 0.035712499999999994 0.009465791940018765
0 0.694025 0.3260637300843487 0.05021250000000009 0.010271790065604533
0 0.7919125 0.3291846298031865 0.023100000000000023 0.007244611059044065
0 0.820375 0.32949390815370194 0.012887499999999932 0.005838800374882866
0 0.9089875000000001 0.3286879100281162 0.028462499999999977 0.013486410496719762
0 0.9332875 0.35223992502343016 0.030349999999999967 0.01832239925023426
0 0.9566 0.4104592314901593 0.010424999999999898 0.009681349578256834
0 0.9708875 0.42488284910965324 0.01663749999999993 0.010609184629803233
0 0.98285 0.4239362699156513 0.0070375000000001365 0.010215557638238029
0 0.7841875 0.49138706654170566 0.02226249999999993 0.011237113402061865
0 0.73535 0.49087160262417995 0.019987500000000012 0.02146204311152773
0 0.8650625 0.5473383317713214 0.030437499999999885 0.010393626991565059
0 0.8501875 0.5548359887535145 0.04021250000000009 0.008687910028116197
0 0.882325 0.5595126522961574 0.03407499999999999 0.007835051546391658
0 0.7675 0.5642830365510778 0.02384999999999991 0.02452671040299913
0 0.8339375 0.5843861293345829 0.013625000000000114 0.007497656982193065
0 0.847 0.6286691658856607 0.013400000000000033 0.006813495782567931
0 0.9076625 0.6468041237113402 0.012949999999999875 0.005960637300843392
0 0.3540625 0.6769728209934396 0.009762499999999931 0.006091846298031865
0 0.41945 0.5668041237113401 0.007662499999999994 0.007319587628865928
1 0.44003749999999997 0.5525960637300844 0.11888750000000002 0.08094657919400199
1 0.634825 0.5213495782567947 0.04856249999999996 0.022867853795688932
1 0.5467875 0.48024367385192124 0.05223749999999996 0.06397375820056232
1 0.6281875 0.5055951265229616 0.12102500000000006 0.09726335520149951
1 0.49219999999999997 0.4868697282099344 0.1621875 0.1297656982193065
1 0.41195 0.3712371134020619 0.14332499999999995 0.08578256794751637