0 0.65625 0.4831302717900656 0.11375 0.08809746954076851
0 0.95125 0.9104967197750703 0.095 0.05435801312089972
0 0.86125 0.12839737582005623 0.12875 0.09746954076850985
0 0.8975 0.6288659793814433 0.095 0.09465791940018745
0 0.944375 0.5178069353327085 0.03 0.02155576382380506
0 0.819375 0.5379568884723523 0.0425 0.03561387066541706
0 0.61375 0.7572633552014996 0.0575 0.06935332708528585
0 0.82125 0.9020618556701031 0.0875 0.07310215557638237
0 0.6775 0.23711340206185566 0.0575 0.03936269915651359
0 0.78125 0.3828491096532334 0.05 0.03280224929709466
0 0.349375 0.5477975632614808 0.055 0.03280224929709466
0 0.614375 0.9643861293345829 0.135 0.07122774133083412
0 0.4825 0.3406747891283974 0.04875 0.04498594189315839
0 0.485 0.9639175257731959 0.12 0.07216494845360824
0 0.990625 0.5740393626991566 0.01875 0.04873477038425492
0 0.406875 0.44329896907216493 0.0725 0.04311152764761012
0 0.67375 0.7638238050609185 0.07875 0.08809746954076851
0 0.861875 0.872539831302718 0.05125 0.031865042174320526
0 0.985625 0.2933458294283037 0.02875 0.07685098406747891
0 0.4875 0.17525773195876287 0.08875 0.07778819119025304
0 0.38125 0.16073102155576383 0.1 0.06747891283973759
0 0.181875 0.23289597000937207 0.0525 0.04217432052483599
0 0.33875 0.2900656044985942 0.01875 0.01499531396438613
0 0.98875 0.38706654170571697 0.0225 0.06373008434864105
0 0.925 0.6063730084348641 0.0275 0.023430178069353328
0 0.5275 0.7333645735707591 0.015 0.01218369259606373
0 0.521875 0.760543580131209 0.0125 0.010309278350515464
0 0.475 0.7910028116213683 0.01125 0.011246485473289597
0 0.383125 0.6091846298031866 0.0225 0.01218369259606373
0 0.31625 0.6874414245548266 0.0625 0.08997188378631678
0 0.20875 0.7521087160262419 0.04 0.03561387066541706
0 0.17875 0.7596063730084348 0.03125 0.03936269915651359
0 0.253125 0.5309278350515464 0.135 0.08059981255857544
0 0.2625 0.4700093720712277 0.0175 0.01499531396438613
1 0.061875 0.837863167760075 0.12375 0.1077788191190253
1 0.150625 0.7338331771321462 0.13 0.17713214620431114
1 0.219375 0.767572633552015 0.1425 0.16869728209934395