1 0.425625 0.386875 0.12375 0.065
1 0.155625 0.52 0.13 0.06625
1 0.1275 0.26125 0.1575 0.151875
1 0.294375 0.4934375 0.135 0.059375
1 0.14375 0.36 0.1575 0.151875
0 0.74375 0.4528125 0.1075 0.044375
1 0.9175 0.526875 0.165 0.13625
1 0.323125 0.4140625 0.1075 0.055625
0 0.54 0.201875 0.0525 0.0275
0 0.551875 0.3478125 0.0425 0.050625
0 0.916875 0.1728125 0.04 0.023125
0 0.435625 0.1209375 0.05375 0.0275
0 0.3425 0.12875 0.0425 0.02375
0 0.6275 0.25625 0.0275 0.010625
0 0.4225 0.276875 0.015 0.01
0 0.439375 0.2634375 0.02 0.011875
0 0.5875 0.1959375 0.0175 0.01125
0 0.75125 0.1296875 0.0325 0.01375
0 0.695625 0.2721875 0.025 0.010625
0 0.685625 0.2628125 0.0225 0.01125
0 0.7075 0.2578125 0.015 0.00875
0 0.706875 0.298125 0.02 0.00875
0 0.01875 0.456875 0.035 0.014375
0 0.298125 0.4871875 0.02 0.008125
0 0.595 0.4490625 0.0325 0.01875
0 0.5775 0.4609375 0.025 0.010625
0 0.5375 0.439375 0.01875 0.009375
0 0.65625 0.4815625 0.025 0.010625
0 0.3575 0.3615625 0.02 0.00875
0 0.524375 0.464375 0.01875 0.008125
0 0.68875 0.6178125 0.03 0.015
0 0.733125 0.5590625 0.03 0.01625
0 0.7825 0.3603125 0.0425 0.0125
0 0.818125 0.4784375 0.03 0.01625
0 0.700625 0.40125 0.01625 0.01125
0 0.948125 0.4009375 0.02125 0.008125
0 0.86 0.6203125 0.01875 0.009375
0 0.6725 0.4684375 0.04 0.021875
0 0.6075 0.6996875 0.035 0.011875
1 0.944375 0.66125 0.1025 0.038125
1 0.891875 0.54125 0.10625 0.0675
0 0.506875 0.44875 0.01625 0.01
1 0.48875 0.449375 0.05875 0.031875
0 0.17 0.5253125 0.0175 0.00875
0 0.400625 0.126875 0.02125 0.006875
0 0.400625 0.1321875 0.01875 0.004375
0 0.526875 0.1240625 0.0175 0.0075
0 0.549375 0.11625 0.03625 0.024375
0 0.628125 0.1721875 0.0375 0.023125
0 0.62625 0.2153125 0.0425 0.019375
0 0.955 0.238125 0.01625 0.009375
0 0.4425 0.3796875 0.01 0.00375
0 0.3375 0.5746875 0.0175 0.0075
0 0.27 0.6640625 0.0175 0.009375