1 0.421875 0.3875 0.12125 0.06375
1 0.15625 0.523125 0.1275 0.065
1 0.1189375 0.26464375 0.15178750000000002 0.15071874999999998
1 0.29395 0.49529375000000003 0.1329 0.058087500000000035
1 0.13875 0.36299375 0.1525 0.1508
0 0.741875 0.450625 0.10625 0.04375
1 0.9183374999999999 0.523125 0.1608250000000001 0.135
1 0.32 0.415625 0.105 0.055
0 0.529375 0.2015625 0.05125 0.026875
0 0.54655 0.3475 0.04069999999999993 0.05038124999999994
0 0.905625 0.169225 0.03875 0.02280000000000001
0 0.4225 0.1215625 0.0525 0.026875
0 0.329375 0.1303125 0.04125 0.023125
0 0.61875 0.2553125 0.0275 0.010625
0 0.415 0.2775 0.015 0.01
0 0.43125 0.2640625 0.02 0.011875
0 0.5770125 0.195125 0.01706249999999997 0.01094999999999999
0 0.738425 0.1274875 0.031850000000000024 0.013775000000000013
0 0.6875 0.27045 0.025 0.010356250000000032
0 0.6775 0.26134375 0.0225 0.011062500000000029
0 0.69875 0.2561 0.015 0.008449999999999989
0 0.6998624999999999 0.29629375 0.019724999999999965 0.008831249999999997
0 0.0175 0.4609375 0.035 0.014375
0 0.2975375 0.48891249999999997 0.020075000000000003 0.007831249999999982
0 0.593125 0.448125 0.03125 0.01875
0 0.57625 0.4603125 0.025 0.010625
0 0.5353625000000001 0.43893125 0.01875 0.009375
0 0.6558375 0.4803125 0.024174999999999898 0.010625
0 0.352875 0.3627625 0.020287500000000024 0.00875
0 0.523125 0.4640625 0.01875 0.008125
0 0.693 0.6160875 0.029099999999999966 0.014724999999999966
0 0.735 0.556875 0.03 0.01625
0 0.7775 0.3578125 0.0425 0.011875
0 0.8175 0.475625 0.03 0.01625
0 0.696875 0.399375 0.01625 0.01125
0 0.944375 0.3971875 0.02125 0.008125
0 0.864375 0.6171875 0.01875 0.009375
0 0.6716625 0.466875 0.03918749999999989 0.02125
0 0.6141749999999999 0.6987375 0.03413749999999993 0.011274999999999978
1 0.9496375 0.657275 0.10072499999999991 0.03741874999999993
1 0.8933374999999999 0.5379125 0.10427500000000009 0.06646874999999994
0 0.5052125000000001 0.448625 0.015812499999999972 0.009925000000000067
1 0.48691249999999997 0.449525 0.057062499999999974 0.031112499999999984
0 0.17083749999999998 0.5281687500000001 0.017787500000000022 0.008687500000000056
0 0.3878875 0.12786250000000002 0.020925000000000013 0.006418749999999989
0 0.3878875 0.133025 0.01875 0.00390625
0 0.5136375000000001 0.12385 0.01737499999999997 0.007581249999999997
0 0.5362125 0.11596875000000001 0.03586250000000007 0.02416875000000001
0 0.6166875 0.17101875 0.036962500000000065 0.02253124999999999
0 0.61655 0.2141875 0.04212500000000006 0.018924999999999984
0 0.9458249999999999 0.23430625 0.01602499999999992 0.00907499999999999
0 0.4384375 0.38018749999999996 0.010100000000000052 0.0036437499999999543
0 0.3403 0.5761875 0.016912499999999966 0.007650000000000006
0 0.275575 0.6659375 0.016912499999999966 0.00913125000000008