1 0.59375 0.390625 0.13 0.068125
1 0.839375 0.535 0.13625 0.069375
1 0.913125 0.2784375 0.1725 0.155625
1 0.70625 0.5025 0.14125 0.0625
1 0.879375 0.3759375 0.17375 0.155625
0 0.265625 0.4421875 0.1125 0.0475
1 0.084375 0.508125 0.16875 0.14
1 0.69125 0.4221875 0.1125 0.05875
0 0.5125 0.20125 0.055 0.02875
0 0.475 0.34625 0.0475 0.051875
0 0.14125 0.1559375 0.04125 0.024375
0 0.63 0.1253125 0.05625 0.02875
0 0.721875 0.1371875 0.045 0.024375
0 0.415625 0.251875 0.02875 0.01125
0 0.615625 0.2809375 0.01625 0.010625
0 0.60125 0.2671875 0.02125 0.0125
0 0.465625 0.193125 0.01875 0.01125
0 0.314375 0.12 0.03375 0.015
0 0.345 0.264375 0.02625 0.01125
0 0.35625 0.255625 0.02375 0.011875
0 0.335625 0.2496875 0.01625 0.00875
0 0.32875 0.2896875 0.02125 0.009375
0 0.98375 0.4778125 0.0325 0.015625
0 0.70375 0.4959375 0.02125 0.00875
0 0.414375 0.445 0.03375 0.02
0 0.429375 0.4578125 0.02625 0.01125
0 0.473125 0.4378125 0.02 0.01
0 0.3475 0.475 0.025 0.01125
0 0.665625 0.368125 0.02125 0.009375
0 0.481875 0.4634375 0.02 0.00875
0 0.29125 0.6090625 0.03125 0.015625
0 0.2575 0.5484375 0.0325 0.0175
0 0.243125 0.3484375 0.04375 0.013125
0 0.186875 0.4646875 0.0325 0.0175
0 0.3175 0.3928125 0.0175 0.011875
0 0.07125 0.381875 0.0225 0.00875
0 0.12 0.6040625 0.02 0.01
0 0.333125 0.4609375 0.0425 0.0225
0 0.358125 0.694375 0.03625 0.0125
1 0.04125 0.6409375 0.0825 0.040625
1 0.1025 0.5240625 0.11375 0.07
0 0.501875 0.4484375 0.0175 0.010625
1 0.52 0.45 0.06125 0.033125
0 0.824375 0.5396875 0.01875 0.009375
0 0.66375 0.1328125 0.02125 0.006875
0 0.663125 0.1378125 0.01875 0.004375
0 0.53875 0.124375 0.01875 0.008125
0 0.5175 0.115625 0.03875 0.025625
0 0.429375 0.1678125 0.04 0.02375
0 0.42375 0.2109375 0.045 0.020625
0 0.0925 0.219375 0.0175 0.009375
0 0.578125 0.3825 0.01 0.00375
0 0.64875 0.5815625 0.0175 0.008125
0 0.700625 0.6734375 0.01875 0.01