0 0.72625 0.26569821930646675 0.14625 0.09278350515463918
0 0.655625 0.42783505154639173 0.075 0.06560449859418932
0 0.593125 0.7722586691658857 0.08375 0.05998125585754452
0 0.795625 0.34208059981255856 0.17 0.08341143392689784
0 0.558125 0.3064667291471415 0.085 0.05716963448922212
0 0.635 0.4906279287722587 0.06625 0.056232427366447985
0 0.466875 0.4175257731958763 0.07125 0.06373008434864105
0 0.309375 0.33083411433926896 0.0575 0.061855670103092786
0 0.548125 0.4915651358950328 0.03 0.023430178069353328
0 0.5275 0.6968134957825679 0.08625 0.038425492033739454
0 0.50875 0.7403936269915652 0.08625 0.038425492033739454
0 0.231875 0.39878163074039363 0.04 0.04873477038425492
1 0.7525 0.5581068416119962 0.155 0.12933458294283037
0 0.27 0.4287722586691659 0.055 0.04967197750702906
0 0.718125 0.4147141518275539 0.04125 0.03655107778819119
0 0.87875 0.598875351452671 0.035 0.026241799437675725
0 0.0825 0.26991565135895035 0.045 0.030927835051546393
0 0.175625 0.24320524835988752 0.045 0.03280224929709466
0 0.440625 0.37488284910965325 0.055 0.06841611996251172
0 0.44875 0.619493908153702 0.02875 0.019681349578256794
0 0.37375 0.7244611059044048 0.07875 0.04498594189315839
0 0.110625 0.5374882849109653 0.07375 0.041237113402061855
0 0.68125 0.3580131208997188 0.03375 0.02530459231490159
0 0.193125 0.4896907216494845 0.12625 0.06935332708528585
0 0.531875 0.4104967197750703 0.0375 0.029053420805998126
0 0.5075 0.5248359887535146 0.03 0.023430178069353328
0 0.076875 0.796157450796626 0.04875 0.03561387066541706
0 0.06 0.36457357075913777 0.03625 0.04029990627928772
0 0.78125 0.6358950328022493 0.03125 0.02530459231490159
0 0.450625 0.7952202436738519 0.05375 0.026241799437675725
0 0.52625 0.5459231490159325 0.03 0.022492970946579195
0 0.778125 0.7338331771321462 0.01375 0.01218369259606373
0 0.20375 0.7202436738519212 0.04 0.029053420805998126
1 0.871875 0.4746954076850984 0.175 0.13214620431115276
0 0.350625 0.5477975632614808 0.01375 0.00937207122774133
0 0.14125 0.5571696344892221 0.03625 0.02155576382380506
0 0.75625 0.563261480787254 0.01125 0.007497656982193065
0 0.96875 0.6358950328022493 0.00625 0.013120899718837863
0 0.979375 0.6916588566073102 0.00625 0.010309278350515464
0 0.903125 0.7066541705716963 0.015 0.011246485473289597
0 0.878125 0.8003748828491096 0.01375 0.011246485473289597
0 0.98125 0.7642924086223055 0.01375 0.011246485473289597
0 0.10625 0.8195876288659794 0.04375 0.03280224929709466
0 0.733125 0.4381443298969072 0.02375 0.01874414245548266
0 0.65875 0.31208997188378634 0.03 0.02530459231490159
0 0.005 0.38847235238987815 0.01 0.023430178069353328