0 0.7425 0.274601686972821 0.14125 0.08716026241799438
0 0.660625 0.4343955014058107 0.07125 0.06279287722586692
0 0.57375 0.7755388940955952 0.08 0.05716963448922212
0 0.80625 0.3537956888472352 0.165 0.07685098406747891
0 0.571875 0.30927835051546393 0.08125 0.05435801312089972
0 0.635625 0.4957825679475164 0.0625 0.05435801312089972
0 0.4725 0.41658856607310213 0.0675 0.06091846298031865
0 0.32125 0.323805060918463 0.05375 0.05998125585754452
0 0.54875 0.49343955014058105 0.0275 0.022492970946579195
0 0.51375 0.6977507029053421 0.085 0.03467666354264293
0 0.491875 0.7403936269915652 0.085 0.03467666354264293
0 0.239375 0.38847235238987815 0.0375 0.046860356138706656
1 0.748125 0.5679475164011246 0.14625 0.12371134020618557
0 0.275 0.4198687910028116 0.0525 0.04779756326148079
0 0.72375 0.42361761949390814 0.03875 0.03561387066541706
0 0.87125 0.6138706654170571 0.0325 0.02436738519212746
0 0.099375 0.2539831302717901 0.04375 0.02999062792877226
0 0.194375 0.23055295220243674 0.04375 0.031865042174320526
0 0.449375 0.3725398313027179 0.05 0.06654170571696345
0 0.44 0.6176194939081537 0.0275 0.01874414245548266
0 0.358125 0.7193064667291471 0.07625 0.04217432052483599
0 0.10875 0.5220243673851921 0.07125 0.038425492033739454
0 0.690625 0.3655107778819119 0.03125 0.023430178069353328
0 0.194375 0.47797563261480785 0.1225 0.06466729147141519
0 0.538125 0.4119025304592315 0.03625 0.02717900656044986
0 0.505625 0.5253045923149016 0.0275 0.022492970946579195
0 0.056875 0.7788191190253045 0.0475 0.03467666354264293
0 0.07 0.3477038425492034 0.03375 0.038425492033739454
0 0.771875 0.6466729147141518 0.02875 0.023430178069353328
0 0.43 0.7928772258669166 0.05125 0.02436738519212746
0 0.523125 0.5468603561387066 0.0275 0.02155576382380506
0 0.76125 0.7446110590440488 0.0125 0.011246485473289597
0 0.18875 0.7085285848172446 0.03875 0.028116213683223992
1 0.873125 0.4896907216494845 0.16625 0.12558575445173384
0 0.3475 0.5417057169634489 0.0125 0.008434864104967198
0 0.1375 0.5431115276476102 0.035 0.019681349578256794
0 0.75125 0.5735707591377694 0.01125 0.006560449859418931
0 0.95875 0.6541705716963448 0.005 0.013120899718837863
0 0.965 0.7099343955014058 0.005 0.010309278350515464
0 0.888125 0.7221180880974696 0.015 0.010309278350515464
0 0.856875 0.8149015932521088 0.01375 0.011246485473289597
0 0.961875 0.7830365510777882 0.01375 0.010309278350515464
0 0.97875 0.8772258669165885 0.005 0.010309278350515464
0 0.084375 0.8036551077788191 0.04125 0.030927835051546393
0 0.736875 0.4475164011246485 0.0225 0.01780693533270853
0 0.671875 0.3181818181818182 0.02875 0.02436738519212746
0 0.00875 0.3692596063730084 0.0175 0.022492970946579195