0 0.32125 0.4329896907216495 0.13125 0.12371134020618557
0 0.3 0.6134020618556701 0.10125 0.12933458294283037
0 0.28875 0.5032802249297095 0.1525 0.09372071227741331
0 0.476875 0.6373008434864105 0.07125 0.08059981255857544
0 0.69125 0.19259606373008434 0.05875 0.03936269915651359
0 0.124375 0.37722586691658855 0.045 0.03280224929709466
0 0.02 0.5126522961574508 0.04 0.05060918462980318
0 0.8025 0.32239925023430177 0.0325 0.019681349578256794
0 0.84625 0.24039362699156513 0.0325 0.01874414245548266
0 0.9075 0.30740393626991563 0.015 0.01499531396438613
0 0.92875 0.28959700093720714 0.015 0.015932521087160263
0 0.575625 0.31443298969072164 0.0375 0.028116213683223992
0 0.5475 0.19962511715089035 0.0225 0.01874414245548266
0 0.59375 0.2970946579194002 0.01375 0.00937207122774133
0 0.108125 0.22305529522024367 0.0325 0.028116213683223992
0 0.773125 0.6738519212746017 0.025 0.016869728209934397
0 0.814375 0.4943767572633552 0.025 0.01780693533270853
0 0.71375 0.6438612933458294 0.01625 0.013120899718837863
0 0.840625 0.4690721649484536 0.01875 0.01874414245548266
0 0.831875 0.6096532333645736 0.0225 0.015932521087160263
0 0.666875 0.5932521087160263 0.02 0.014058106841611996
0 0.93125 0.4690721649484536 0.02 0.013120899718837863
0 0.975 0.41237113402061853 0.01875 0.015932521087160263
0 0.896875 0.4971883786316776 0.01625 0.01218369259606373
0 0.831875 0.48406747891283974 0.02125 0.015932521087160263
0 0.74125 0.36363636363636365 0.015 0.010309278350515464
0 0.708125 0.4948453608247423 0.0475 0.013120899718837863
0 0.928125 0.683223992502343 0.02125 0.014058106841611996
0 0.885 0.5023430178069354 0.01625 0.01218369259606373
0 0.694375 0.48687910028116216 0.03875 0.01499531396438613
0 0.826875 0.5243673851921274 0.01 0.008434864104967198
0 0.42625 0.33270852858481725 0.03 0.02155576382380506
0 0.6525 0.4943767572633552 0.01375 0.011246485473289597
0 0.66625 0.4896907216494845 0.01875 0.016869728209934397
0 0.649375 0.5768509840674789 0.04125 0.01499531396438613
0 0.649375 0.5670103092783505 0.04 0.014058106841611996
0 0.09375 0.3528584817244611 0.0275 0.02436738519212746
0 0.0025 0.5923149015932521 0.005 0.011246485473289597
0 0.048125 0.507029053420806 0.03875 0.026241799437675725
0 0.765 0.7511715089034676 0.02125 0.01780693533270853
0 0.679375 0.7792877225866917 0.02375 0.014058106841611996
0 0.661875 0.7399250234301781 0.015 0.01218369259606373
0 0.68875 0.7427366447985004 0.015 0.010309278350515464
0 0.71375 0.7647610121836926 0.0175 0.01218369259606373
0 0.70125 0.6907216494845361 0.0175 0.013120899718837863
0 0.5 0.7783505154639175 0.01375 0.011246485473289597
0 0.010625 0.42924086223055297 0.00625 0.01218369259606373
0 0.440625 0.5707591377694471 0.0225 0.01218369259606373
0 0.95625 0.725398313027179 0.015 0.01499531396438613
0 0.95125 0.6958762886597938 0.0375 0.026241799437675725
0 0.69625 0.3373945641986879 0.01625 0.010309278350515464
0 0.701875 0.34208059981255856 0.0175 0.013120899718837863
0 0.700625 0.351921274601687 0.01875 0.011246485473289597
0 0.693125 0.35520149953139646 0.02 0.01499531396438613