0 0.30875 0.45735707591377694 0.11625 0.1162136832239925
0 0.329375 0.6377694470477976 0.085 0.1246485473289597
0 0.293125 0.5304592314901593 0.1425 0.08341143392689784
0 0.50875 0.6382380506091846 0.06125 0.07685098406747891
0 0.6175 0.1724461105904405 0.05375 0.03561387066541706
0 0.10125 0.42783505154639173 0.04125 0.02999062792877226
0 0.025 0.5759137769447048 0.04375 0.04779756326148079
0 0.75625 0.28537956888472354 0.03125 0.01780693533270853
0 0.78125 0.1991565135895033 0.03125 0.016869728209934397
0 0.85625 0.2572633552014995 0.01375 0.014058106841611996
0 0.936875 0.14667291471415184 0.01375 0.011246485473289597
0 0.87375 0.23711340206185566 0.0125 0.01499531396438613
0 0.531875 0.30740393626991563 0.035 0.02530459231490159
0 0.476875 0.19821930646672914 0.02125 0.01780693533270853
0 0.545 0.28772258669165884 0.0125 0.008434864104967198
0 0.05 0.27835051546391754 0.03 0.026241799437675725
0 0.80875 0.6358950328022493 0.02375 0.015932521087160263
0 0.808125 0.4536082474226804 0.02375 0.016869728209934397
0 0.74375 0.6138706654170571 0.01375 0.01218369259606373
0 0.828125 0.4250234301780694 0.01625 0.016869728209934397
0 0.851875 0.5646672914714151 0.02125 0.01499531396438613
0 0.685625 0.57029053420806 0.0175 0.01218369259606373
0 0.9175 0.41377694470477977 0.0175 0.011246485473289597
0 0.9475 0.351921274601687 0.0175 0.01499531396438613
0 0.89 0.4456419868791003 0.015 0.010309278350515464
0 0.823125 0.44095595126522963 0.02 0.01499531396438613
0 0.975 0.3270852858481724 0.02 0.013120899718837863
0 0.705625 0.3345829428303655 0.01375 0.00937207122774133
0 0.70375 0.4676663542642924 0.04625 0.00937207122774133
0 0.964375 0.6246485473289597 0.02 0.013120899718837863
0 0.88 0.45220243673851923 0.01375 0.011246485473289597
0 0.688125 0.46157450796626054 0.0375 0.01218369259606373
0 0.8275 0.4817244611059044 0.00875 0.007497656982193065
0 0.388125 0.344892221180881 0.0275 0.019681349578256794
0 0.64875 0.4746954076850984 0.0125 0.010309278350515464
0 0.66125 0.4681349578256795 0.01625 0.015932521087160263
0 0.665 0.556232427366448 0.04125 0.01218369259606373
0 0.663125 0.5468603561387066 0.03875 0.010309278350515464
0 0.06625 0.4076850984067479 0.025 0.023430178069353328
0 0.024375 0.6565135895032802 0.0175 0.00937207122774133
0 0.05625 0.5656044985941893 0.03625 0.023430178069353328
0 0.819375 0.7127460168697282 0.02 0.016869728209934397
0 0.74125 0.7516401124648547 0.02125 0.013120899718837863
0 0.715 0.7150890346766635 0.01375 0.011246485473289597
0 0.741875 0.7146204311152765 0.01375 0.00937207122774133
0 0.771875 0.7328959700093721 0.01625 0.010309278350515464
0 0.7425 0.6616682286785379 0.015 0.01218369259606373
0 0.564375 0.7741330834114339 0.0125 0.010309278350515464
0 0.001875 0.49343955014058105 0.00375 0.01218369259606373
0 0.458125 0.5773195876288659 0.02125 0.010309278350515464
0 0.996875 0.662136832239925 0.00625 0.014058106841611996
0 0.985625 0.6344892221180881 0.02875 0.02436738519212746
0 0.655625 0.31443298969072164 0.015 0.00937207122774133
0 0.6625 0.3181818181818182 0.01625 0.01218369259606373
0 0.663125 0.3280224929709466 0.0175 0.010309278350515464
0 0.656875 0.3322399250234302 0.01875 0.014058106841611996