0 0.406875 0.20053317535545023 0.0975 0.05568720379146919
0 0.469375 0.42979857819905215 0.1075 0.09004739336492891
0 0.138125 0.21682464454976302 0.0425 0.023702606635071084
0 0.485 0.5888507109004739 0.15875 0.0918009478672986
0 0.14022500000000002 0.43363744075829386 0.0454625 0.01957345971563979
0 0.965 0.2079383886255924 0.06375 0.059834123222748815
0 0.726875 0.6842417061611374 0.1425 0.034360189573459717
0 0.52 0.3637440758293839 0.14875 0.06516587677725119
0 0.255 0.1762440758293839 0.05751249999999999 0.029028436018957347
0 0.801875 0.6309241706161137 0.14625 0.037322274881516584
0 0.7175125 0.2486552132701422 0.04715000000000003 0.015509478672985752
0 0.325925 0.6264988151658768 0.02063749999999999 0.007736966824644517
0 0.665625 0.28613744075829384 0.02875 0.012440758293838863
0 0.25375 0.2757582938388626 0.0325 0.015390995260663518
0 0.8609375 0.403281990521327 0.0763624999999999 0.020657582938388562
0 0.074475 0.10455568720379148 0.06133749999999999 0.023430094786729864
0 0.3101125 0.2362559241706161 0.0507 0.019875592417061584
0 0.2522125 0.2923637440758294 0.0359375 0.018436018957345975
0 0.07780000000000001 0.27813388625592417 0.03043750000000001 0.010420616113744095
0 0.2596125 0.4034774881516588 0.025375000000000016 0.01382701421800943
0 0.238675 0.41319312796208535 0.03002499999999998 0.01643364928909953
0 0.21414999999999998 0.4139988151658768 0.023250000000000028 0.014028436018957384
0 0.09006249999999999 0.4687026066350711 0.021137499999999997 0.011220379146919464
0 0.08435000000000001 0.48723933649289103 0.0215625 0.011421800947867282
0 0.04693749999999999 0.5398400473933649 0.03467499999999999 0.014028436018957384
0 0.0052875000000000005 0.5903376777251185 0.010575000000000001 0.00520734597156396
0 0.1985125 0.6617772511848341 0.015649999999999976 0.006611374407582853
0 0.2809625 0.5889336492890995 0.017337500000000006 0.009620853080568726
0 0.19915 0.5350296208530806 0.016912499999999966 0.009218009478672953
0 0.309925 0.5128850710900474 0.021137499999999997 0.010622037914691981
0 0.3691125 0.48803909952606633 0.019449999999999933 0.010622037914691981
0 0.6285125 0.49765995260663504 0.016487500000000068 0.009419431279620907
0 0.7031375 0.4824289099526067 0.08371250000000004 0.01863744075829386
0 0.48877499999999996 0.668489336492891 0.020300000000000012 0.008815165876777315
0 0.34755 0.7212914691943128 0.017762500000000046 0.007417061611374396
0 0.24353750000000002 0.7163803317535545 0.017762499999999973 0.008815165876777315
0 0.086675 0.7101658767772512 0.016062499999999993 0.007215639810426443
1 0.7961624999999999 0.5648874407582938 0.06596249999999998 0.06933649289099524
1 0.9099124999999999 0.5640876777251185 0.18016249999999986 0.07254146919431283
1 0.935475 0.4810248815165877 0.07737500000000011 0.0731398104265403
1 0.9779875 0.47972156398104265 0.044012500000000045 0.07735189573459712
0 0.9211 0.3995675355450237 0.04947499999999991 0.019638625592417115
0 0.84055 0.3568898104265403 0.17673749999999985 0.08175947867298577
0 0.8503624999999999 0.22822867298578198 0.016374999999999886 0.008133886255924181
0 0.8376874999999999 0.2261670616113744 0.016899999999999978 0.008258293838862592
0 0.6594249999999999 0.19944312796208533 0.04436250000000001 0.015142180094786697
0 0.788425 0.1379798578199052 0.012762500000000045 0.01122037914691943
0 0.773925 0.13621445497630333 0.019412499999999965 0.009709715639810419
0 0.5301375 0.12701421800947868 0.02978750000000005 0.013992890995260666
0 0.9905875000000001 0.7052428909952607 0.018824999999999932 0.03812203791469189