0 0.418125 0.19994075829383887 0.1 0.05627962085308057
0 0.471875 0.42950236966824645 0.11125 0.09063981042654029
0 0.14875 0.21386255924170616 0.04375 0.02428909952606635
0 0.481875 0.5885663507109005 0.1625 0.09300947867298578
0 0.1425 0.4306872037914692 0.04625 0.02014218009478673
0 0.97125 0.21149289099526067 0.0575 0.06042654028436019
0 0.72 0.6860189573459715 0.14375 0.035545023696682464
0 0.525 0.3640402843601896 0.15125 0.06635071090047394
0 0.266875 0.17417061611374407 0.05875 0.02962085308056872
0 0.796875 0.6332938388625592 0.1475 0.03850710900473934
0 0.726875 0.2505924170616114 0.0475 0.015995260663507108
0 0.32125 0.625 0.02125 0.007701421800947867
0 0.67375 0.28761848341232227 0.02875 0.012440758293838863
0 0.261875 0.273696682464455 0.0325 0.015402843601895734
0 0.864375 0.40639810426540285 0.0775 0.02132701421800948
0 0.089375 0.10100710900473933 0.0625 0.023696682464454975
0 0.32 0.23459715639810427 0.05125 0.02014218009478673
0 0.26 0.2902843601895735 0.03625 0.018957345971563982
0 0.08625 0.27458530805687204 0.03125 0.01066350710900474
0 0.263125 0.40136255924170616 0.02625 0.014218009478672985
0 0.241875 0.41113744075829384 0.03125 0.016587677725118485
0 0.2175 0.41172985781990523 0.02375 0.014218009478672985
0 0.09125 0.4653436018957346 0.02125 0.011255924170616114
0 0.085 0.4837085308056872 0.0225 0.011848341232227487
0 0.045625 0.5361374407582938 0.035 0.014218009478672985
0 0.00375 0.586196682464455 0.0075 0.00533175355450237
0 0.1925 0.6593601895734598 0.01625 0.006516587677725118
0 0.2775 0.5870853080568721 0.0175 0.009478672985781991
0 0.198125 0.5325829383886256 0.0175 0.009478672985781991
0 0.309375 0.5112559241706162 0.02125 0.01066350710900474
0 0.369375 0.48696682464454977 0.02 0.01066350710900474
0 0.62875 0.49881516587677727 0.01625 0.009478672985781991
0 0.70375 0.4840047393364929 0.085 0.019549763033175356
0 0.4825 0.6682464454976303 0.02 0.008886255924170616
0 0.339375 0.7200829383886256 0.0175 0.007701421800947867
0 0.235625 0.7141587677725119 0.0175 0.008886255924170616
0 0.07875 0.7067535545023697 0.01625 0.0071090047393364926
1 0.79375 0.567239336492891 0.06875 0.06990521327014218
1 0.9075 0.5675355450236966 0.1825 0.0740521327014218
1 0.93625 0.48459715639810425 0.08 0.0740521327014218
1 0.9775 0.4837085308056872 0.045 0.07760663507109004
0 0.925 0.4031398104265403 0.05 0.02014218009478673
0 0.845625 0.35959715639810425 0.18 0.08293838862559241
0 0.860625 0.23104265402843602 0.01625 0.008293838862559242
0 0.8475 0.22896919431279622 0.0175 0.008293838862559242
0 0.670625 0.20082938388625593 0.045 0.015402843601895734
0 0.801875 0.14040284360189573 0.01375 0.011255924170616114
0 0.7875 0.1386255924170616 0.02 0.010071090047393365
0 0.54375 0.1273696682464455 0.03 0.014218009478672985
0 0.983125 0.7091232227488151 0.02 0.03850710900473934