0 0.636875 0.20438388625592416 0.105 0.05864928909952607
0 0.540625 0.4309834123222749 0.12 0.09360189573459715
0 0.9025 0.2295616113744076 0.04625 0.024881516587677725
0 0.501875 0.5891587677725119 0.1725 0.09656398104265403
0 0.86875 0.44579383886255924 0.04875 0.020734597156398103
0 0.079375 0.19342417061611375 0.0725 0.061611374407582936
0 0.24625 0.6762440758293838 0.1475 0.03909952606635071
0 0.5 0.3634478672985782 0.1575 0.06990521327014218
0 0.791875 0.1851303317535545 0.06125 0.030805687203791468
0 0.179375 0.6205568720379147 0.15125 0.04206161137440758
0 0.32 0.24200236966824645 0.04875 0.017180094786729858
0 0.655 0.6318127962085308 0.02125 0.008293838862559242
0 0.36625 0.28110189573459715 0.03 0.013625592417061612
0 0.77875 0.2843601895734597 0.035 0.016587677725118485
0 0.154375 0.3915876777251185 0.07875 0.0231042654028436
0 0.975 0.11937203791469195 0.05 0.0254739336492891
0 0.728125 0.2431872037914692 0.05375 0.02132701421800948
0 0.7775 0.3009478672985782 0.03875 0.019549763033175356
0 0.95375 0.29265402843601895 0.0325 0.011255924170616114
0 0.75375 0.41172985781990523 0.0275 0.01481042654028436
0 0.77375 0.42209715639810425 0.0325 0.017180094786729858
0 0.7975 0.4235781990521327 0.025 0.01481042654028436
0 0.91375 0.4822274881516588 0.0225 0.011848341232227487
0 0.91625 0.5008886255924171 0.02375 0.011848341232227487
0 0.94625 0.5547985781990521 0.03625 0.015402843601895734
0 0.98 0.6063388625592417 0.01125 0.00533175355450237
0 0.776875 0.6712085308056872 0.01625 0.0071090047393364926
0 0.705625 0.5959715639810427 0.01875 0.010071090047393365
0 0.795 0.5450236966824644 0.01875 0.009478672985781991
0 0.6875 0.5192535545023697 0.0225 0.011255924170616114
0 0.6325 0.49229857819905215 0.02125 0.011255924170616114
0 0.371875 0.4934834123222749 0.0175 0.010071090047393365
0 0.3 0.47571090047393366 0.08625 0.02132701421800948
0 0.48625 0.668542654028436 0.02125 0.009478672985781991
0 0.619375 0.7257109004739336 0.01875 0.007701421800947867
0 0.72375 0.7242298578199052 0.01875 0.009478672985781991
0 0.88125 0.7233412322274881 0.0175 0.007701421800947867
1 0.195 0.5547985781990521 0.07625 0.07109004739336493
1 0.088125 0.5503554502369669 0.17625 0.07819905213270142
1 0.068125 0.4665284360189573 0.0875 0.07523696682464455
1 0.026875 0.46356635071090047 0.05375 0.07879146919431279
0 0.095 0.3859597156398104 0.0525 0.02132701421800948
0 0.18125 0.3459715639810427 0.18875 0.08767772511848342
0 0.190625 0.21741706161137442 0.0175 0.008886255924170616
0 0.20375 0.2156398104265403 0.0175 0.008886255924170616
0 0.385 0.19490521327014218 0.04625 0.016587677725118485
0 0.265625 0.12944312796208532 0.015 0.011848341232227487
0 0.28 0.12796208530805686 0.02125 0.010071090047393365
0 0.525 0.1270734597156398 0.03125 0.01481042654028436