1 0.849375 0.7446110590440488 0.07375 0.06373008434864105
1 0.649375 0.6640112464854733 0.1125 0.19775070290534208
1 0.888125 0.5871602624179943 0.0725 0.05998125585754452
1 0.855 0.6850984067478912 0.0725 0.05998125585754452
1 0.12375 0.4765698219306467 0.23625 0.18556701030927836
1 0.66875 0.3776944704779756 0.14625 0.06560449859418932
1 0.701875 0.5201499531396439 0.0725 0.061855670103092786
1 0.00875 0.782099343955014 0.0175 0.03655107778819119
0 0.095 0.225398313027179 0.035 0.02530459231490159
0 0.194375 0.19728209934395502 0.025 0.019681349578256794
0 0.541875 0.2572633552014995 0.02375 0.01874414245548266
0 0.59125 0.29896907216494845 0.02375 0.01780693533270853
0 0.064375 0.3992502343017807 0.03875 0.026241799437675725
0 0.473125 0.3322399250234302 0.0325 0.022492970946579195
1 0.2975 0.331302717900656 0.24875 0.17432052483598875
1 0.371875 0.47563261480787256 0.07125 0.14058106841611998
1 0.325 0.5693533270852859 0.13125 0.11527647610121837
1 0.230625 0.5103092783505154 0.26 0.1696344892221181
1 0.5475 0.5913776944704779 0.10625 0.1958762886597938
1 0.256875 0.6935332708528584 0.1875 0.09090909090909091
1 0.85875 0.6260543580131209 0.0725 0.05998125585754452
1 0.93375 0.5107778819119025 0.0725 0.06091846298031865
1 0.970625 0.4381443298969072 0.05875 0.05716963448922212
1 0.663125 0.35520149953139646 0.045 0.020618556701030927
0 0.941875 0.3570759137769447 0.02125 0.016869728209934397