1 0.838125 0.753514526710403 0.07625 0.06466729147141519
1 0.64125 0.6677600749765699 0.12 0.19868791002811623
1 0.88375 0.5974695407685099 0.075 0.061855670103092786
1 0.84625 0.6940018744142455 0.075 0.061855670103092786
1 0.125 0.46672914714151825 0.2425 0.190253045923149
1 0.674375 0.38191190253045926 0.1475 0.06935332708528585
1 0.700625 0.5257731958762887 0.075 0.06279287722586692
0 0.1075 0.21462043111527648 0.035 0.026241799437675725
0 0.20875 0.1893158388003749 0.02625 0.020618556701030927
0 0.553125 0.25866916588566075 0.025 0.01874414245548266
0 0.600625 0.3013120899718838 0.02375 0.01780693533270853
0 0.069375 0.3880037488284911 0.04 0.02717900656044986
0 0.48125 0.33177132146204313 0.03375 0.022492970946579195
1 0.305 0.3261480787253983 0.255 0.1790065604498594
1 0.373125 0.4723523898781631 0.0775 0.14058106841611998
1 0.321875 0.5646672914714151 0.135 0.11808809746954077
1 0.23 0.5032802249297095 0.26625 0.17432052483598875
1 0.543125 0.5927835051546392 0.11375 0.19681349578256796
1 0.248125 0.6869728209934396 0.19 0.09465791940018745
1 0.8525 0.6349578256794751 0.075 0.061855670103092786
1 0.933125 0.5220243673851921 0.075 0.061855670103092786
1 0.97125 0.45126522961574506 0.0575 0.059044048734770385
1 0.67 0.3598875351452671 0.045 0.02155576382380506
0 0.948125 0.36879100281162136 0.0225 0.016869728209934397