1 0.8866375 0.7108153701968135 0.06516250000000014 0.057769447047797656
1 0.674725 0.6489784442361762 0.08137499999999996 0.1918744142455483
1 0.8994875 0.5510777881911902 0.06430000000000007 0.05493908153701958
1 0.882375 0.6511808809746954 0.06430000000000007 0.054957825679475256
1 0.1225 0.5112464854732895 0.21 0.16776007497656983
1 0.6475749999999999 0.3631396438612934 0.1381375 0.05360824742268046
1 0.703625 0.5016963448922211 0.06430000000000007 0.056232427366447985
1 0.0400875 0.8264386129334582 0.048949999999999994 0.03194001874414239
0 0.053125 0.2642924086223055 0.03125 0.022492970946579195
0 0.1475 0.22727272727272727 0.0225 0.01780693533270853
0 0.5021875 0.2552108716026242 0.02125 0.016869728209934397
0 0.558125 0.29194001874414244 0.02125 0.015932521087160263
0 0.05125 0.4400187441424555 0.035 0.023430178069353328
0 0.44625 0.3360918462980319 0.03 0.019606373008434826
1 0.271325 0.3511059044048735 0.2249875 0.15447047797563254
1 0.3689875 0.4876850984067479 0.049962500000000035 0.1367666354264293
1 0.3377375 0.5846672914714152 0.11431250000000003 0.10593252108716024
1 0.23427499999999998 0.5348734770384255 0.23791249999999997 0.14858481724461103
1 0.5617875 0.5865417057169635 0.07542500000000003 0.1900562324273664
1 0.2902875 0.714311152764761 0.17681249999999998 0.07502343017806931
1 0.87625 0.5921555763823806 0.06461250000000007 0.05492033739456411
1 0.9323250000000001 0.47097469540768505 0.06383749999999992 0.055520149953139655
1 0.9638625000000001 0.3954920337394564 0.06461250000000007 0.05173383317713219
1 0.6385000000000001 0.3414807872539831 0.04242499999999993 0.016588566073102197
0 0.9151874999999999 0.3179756326148078 0.019449999999999933 0.015126522961574495