0 0.54875 0.7614807872539832 0.07 0.06091846298031865
0 0.80605 0.663880037488285 0.07460000000000008 0.05929709465791938
0 0.49095 0.3436738519212746 0.06368750000000006 0.06803186504217434
0 0.5534749999999999 0.31810684161199626 0.07393749999999998 0.054386129334582915
0 0.89375 0.6176194939081537 0.04 0.041237113402061855
0 0.1788625 0.7157357075913777 0.0752375 0.02119962511715079
0 0.3258625 0.6447891283973758 0.09077500000000001 0.028528584817244663
0 0.58185 0.2823617619493908 0.05178749999999994 0.03635426429240859
0 0.260125 0.6305342080599813 0.06276249999999997 0.017282099343955065
0 0.4335 0.28824742268041237 0.0596875 0.04272727272727276
0 0.560625 0.6371883786316775 0.06375 0.020834114339268996
0 0.44532499999999997 0.34616682286785383 0.03453749999999999 0.03816307403936273
0 0.56775 0.6193158388003749 0.05801249999999996 0.01915651358950333
0 0.37534999999999996 0.3000937207122774 0.056387500000000014 0.04407685098406745
1 0.94265 0.6103936269915651 0.08808750000000004 0.06700093720712279
0 0.061524999999999996 0.47908153701968137 0.053625000000000006 0.05656044985941895
0 0.07905000000000001 0.43552014995313965 0.029575000000000004 0.033692596063730124
0 0.09956250000000001 0.5103936269915652 0.08869999999999997 0.07245548266166818
0 0.4759875 0.6488284910965323 0.05502499999999998 0.01784442361761946
0 0.265625 0.37582005623242737 0.04375 0.03936269915651359
0 0.8862000000000001 0.4926710402999062 0.05717500000000001 0.01933458294283047
0 0.191875 0.6251171508903468 0.06625 0.01874414245548266
0 0.4999 0.2983880037488285 0.02448750000000004 0.02147141518275536
0 0.823125 0.24133083411433928 0.03125 0.023430178069353328
0 0.016875 0.3584817244611059 0.02375 0.019681349578256794
0 0.1513 0.4930271790065604 0.025999999999999995 0.01825679475164013
0 0.215 0.6143298969072165 0.0325 0.008453608247422664
0 0.24395 0.38796626054358013 0.0175 0.016869728209934397
0 0.0380625 0.6668041237113402 0.038625 0.03463917525773199
0 0.6425 0.5440487347703843 0.035 0.015932521087160263
0 0.625 0.5346766635426429 0.0325 0.014058106841611996
0 0.366875 0.6265229615745079 0.03875 0.01218369259606373
0 0.4962375 0.5828491096532333 0.03747500000000002 0.015182755388940998
0 0.41373750000000004 0.5247422680412371 0.014987500000000011 0.016672914714151794
0 0.6382 0.3477038425492034 0.026099999999999995 0.022492970946579195
0 0.43375 0.44470477975632616 0.015 0.014058106841611996
0 0.39149999999999996 0.539165885660731 0.015524999999999949 0.04217432052483599
0 0.373125 0.40674789128397376 0.01375 0.033739456419868794
0 0.51 0.5937207122774133 0.0125 0.006560449859418931
0 0.411875 0.47703842549203374 0.01125 0.00937207122774133
0 0.4700125 0.6613683223992501 0.064525 0.008097469540768603
0 0.870625 0.6485473289597001 0.03375 0.020618556701030927
0 0.727725 0.3828303655107779 0.027050000000000126 0.02159325210871599
0 0.70875 0.514058106841612 0.035 0.014058106841611996
0 0.7925249999999999 0.4625679475164011 0.03754999999999995 0.013945641986879096
0 0.78 0.4484536082474227 0.03 0.014058106841611996
0 0.858125 0.5121836925960638 0.02375 0.014058106841611996
0 0.8140000000000001 0.3908153701968135 0.024512499999999875 0.01499531396438613
0 0.7033750000000001 0.4607685098406748 0.01375 0.011246485473289597
0 0.919775 0.35424554826616683 0.00883749999999992 0.012249297094657966
0 0.094375 0.781630740393627 0.02625 0.01874414245548266
0 0.05125 0.7244611059044048 0.025 0.01874414245548266
0 0.12 0.7638238050609185 0.0075 0.007497656982193065
0 0.4425 0.7107872539831303 0.065 0.013120899718837863
0 0.39875 0.696157450796626 0.0625 0.013120899718837863
0 0.600625 0.816776007497657 0.02125 0.014058106841611996
0 0.9521250000000001 0.7981443298969072 0.026737500000000126 0.014273664479850064
0 0.7648 0.6927460168697281 0.04 0.017544517338331796
0 0.766875 0.7104967197750703 0.02125 0.013308341143392733
0 0.8780249999999999 0.7339081537019682 0.023637500000000103 0.011462043111527665
0 0.4185875 0.42345829428303655 0.02841250000000002 0.08523898781630744
0 0.393375 0.4604967197750703 0.01061250000000001 0.010421743205248364
0 0.386575 0.5170196813495782 0.006412499999999995 0.0055951265229616
0 0.1899625 0.6235707591377695 0.02643749999999997 0.00811621368322407
0 0.12446249999999999 0.6216213683223992 0.09415 0.022746016869728193
0 0.16449999999999998 0.609025304592315 0.00666249999999998 0.003851921274601593
0 0.12335000000000002 0.6061480787253983 0.07265 0.019606373008434933
0 0.061325000000000005 0.6814714151827553 0.0088875 0.005679475164011195
0 0.011012500000000001 0.6393158388003749 0.022025000000000003 0.025988753514526727
0 0.0036 0.6352389878163074 0.0071875 0.010328022492970929
0 0.9653875 0.627029053420806 0.018249999999999888 0.012746016869728125
1 0.991875 0.619962511715089 0.01625 0.015932521087160263
1 0.98245 0.5467478912839737 0.03509999999999991 0.03397375820056232
0 0.98095 0.5369634489222118 0.022062500000000113 0.011471415182755398
0 0.892625 0.43132146204311156 0.009650000000000034 0.015014058106841595
0 0.8976500000000001 0.41603561387066545 0.010449999999999874 0.016354264292408664
0 0.9008625000000001 0.40505154639175256 0.009237500000000126 0.012455482661668195
0 0.98245 0.26765698219306466 0.03189999999999998 0.05014058106841612
0 0.98385 0.24275538894095594 0.014637500000000046 0.005698219306466741
1 0.9193250000000001 0.3654545454545455 0.09353749999999991 0.24597000937207117
0 0.3188625 0.2958762886597938 0.0503875 0.012005623242736593
0 0.31806249999999997 0.2872258669165886 0.05599999999999998 0.011265229615745062
0 0.005 0.3964386129334583 0.01 0.00937207122774133
0 0.0964625 0.46254920337394567 0.0323 0.02810684161199626