0 0.45125 0.7614807872539832 0.07 0.06091846298031865
0 0.19375 0.6640112464854733 0.075 0.059044048734770385
0 0.50875 0.3434864104967198 0.06375 0.06841611996251172
0 0.44625 0.3181818181818182 0.07375 0.05435801312089972
0 0.10625 0.6176194939081537 0.04 0.041237113402061855
0 0.82125 0.7155576382380506 0.075 0.02155576382380506
0 0.674375 0.6447985004686035 0.09125 0.028116213683223992
0 0.418125 0.28256794751640113 0.05125 0.03655107778819119
0 0.74 0.6307403936269915 0.0625 0.016869728209934397
0 0.56625 0.2881911902530459 0.06 0.04311152764761012
0 0.439375 0.6373008434864105 0.06375 0.020618556701030927
0 0.554375 0.34629803186504216 0.035 0.038425492033739454
0 0.4325 0.619493908153702 0.0575 0.01874414245548266
0 0.624375 0.29990627928772257 0.05625 0.044048734770384255
1 0.0575 0.6105904404873477 0.0875 0.06654170571696345
0 0.93875 0.47891283973758203 0.05375 0.056232427366447985
0 0.92125 0.4353327085285848 0.03 0.033739456419868794
0 0.900625 0.5103092783505154 0.08875 0.07216494845360824
0 0.52375 0.6490159325210871 0.055 0.01780693533270853
0 0.734375 0.37582005623242737 0.04375 0.03936269915651359
0 0.11375 0.49250234301780693 0.0575 0.019681349578256794
0 0.808125 0.6251171508903468 0.06625 0.01874414245548266
0 0.5 0.2985004686035614 0.025 0.02155576382380506
0 0.176875 0.24133083411433928 0.03125 0.023430178069353328
0 0.983125 0.3584817244611059 0.02375 0.019681349578256794
0 0.84875 0.492970946579194 0.02625 0.01780693533270853
0 0.785 0.6143392689784443 0.0325 0.008434864104967198
0 0.75625 0.3880037488284911 0.0175 0.016869728209934397
0 0.961875 0.6668228678537957 0.03875 0.03467666354264293
0 0.3575 0.5440487347703843 0.035 0.015932521087160263
0 0.375 0.5346766635426429 0.0325 0.014058106841611996
0 0.633125 0.6265229615745079 0.03875 0.01218369259606373
0 0.50375 0.5829428303655108 0.0375 0.01499531396438613
0 0.58625 0.5248359887535146 0.015 0.016869728209934397
0 0.361875 0.3477038425492034 0.02625 0.022492970946579195
0 0.56625 0.44470477975632616 0.015 0.014058106841611996
0 0.60875 0.5393626991565136 0.015 0.04217432052483599
0 0.626875 0.40674789128397376 0.01375 0.033739456419868794
0 0.49 0.5937207122774133 0.0125 0.006560449859418931
0 0.588125 0.47703842549203374 0.01125 0.00937207122774133
0 0.53 0.6611996251171509 0.065 0.008434864104967198
0 0.129375 0.6485473289597001 0.03375 0.020618556701030927
0 0.2725 0.3828491096532334 0.0275 0.02155576382380506
0 0.29125 0.514058106841612 0.035 0.014058106841611996
0 0.2075 0.46251171508903466 0.0375 0.014058106841611996
0 0.22 0.4484536082474227 0.03 0.014058106841611996
0 0.141875 0.5121836925960638 0.02375 0.014058106841611996
0 0.18625 0.3908153701968135 0.025 0.01499531396438613
0 0.296875 0.4606373008434864 0.01375 0.011246485473289597
0 0.08 0.3542642924086223 0.00875 0.01218369259606373
0 0.905625 0.781630740393627 0.02625 0.01874414245548266
0 0.94875 0.7244611059044048 0.025 0.01874414245548266
0 0.88 0.7638238050609185 0.0075 0.007497656982193065
0 0.5575 0.7108716026241799 0.065 0.013120899718837863
0 0.60125 0.6963448922211809 0.0625 0.013120899718837863
0 0.399375 0.816776007497657 0.02125 0.014058106841611996
0 0.048125 0.7980318650421743 0.02625 0.014058106841611996
0 0.235 0.6925960637300843 0.04 0.01780693533270853
0 0.233125 0.7104029990627929 0.02125 0.013120899718837863
0 0.121875 0.7338331771321462 0.02375 0.011246485473289597
0 0.58125 0.42361761949390814 0.02875 0.08528584817244611
0 0.606875 0.4606373008434864 0.01 0.010309278350515464
0 0.613125 0.5168697282099344 0.00625 0.005623242736644799
0 0.81 0.6237113402061856 0.02625 0.008434864104967198
0 0.875625 0.6218369259606373 0.09375 0.022492970946579195
0 0.835625 0.6091846298031866 0.00625 0.0037488284910965324
0 0.876875 0.6063730084348641 0.0725 0.019681349578256794
0 0.93875 0.6813495782567948 0.00875 0.005623242736644799
0 0.98875 0.6391752577319587 0.0225 0.026241799437675725
0 0.99625 0.6354264292408622 0.0075 0.010309278350515464
0 0.034375 0.626991565135895 0.01875 0.013120899718837863
1 0.008125 0.619962511715089 0.01625 0.015932521087160263
1 0.0175 0.5468603561387066 0.035 0.033739456419868794
0 0.01875 0.5370196813495782 0.0225 0.011246485473289597
0 0.1075 0.4311152764761012 0.01 0.01499531396438613
0 0.1025 0.41611996251171507 0.01 0.015932521087160263
0 0.099375 0.40487347703842547 0.00875 0.01218369259606373
0 0.0175 0.267572633552015 0.0325 0.05060918462980318
0 0.01625 0.24273664479850046 0.015 0.005623242736644799
1 0.080625 0.3655107778819119 0.09375 0.24554826616682288
0 0.68125 0.29568884723523897 0.05 0.01218369259606373
0 0.681875 0.2872539831302718 0.05625 0.011246485473289597
0 0.995 0.3964386129334583 0.01 0.00937207122774133
0 0.90375 0.46251171508903466 0.0325 0.028116213683223992