0 0.439375 0.7600749765698219 0.0725 0.06279287722586692
0 0.18625 0.6555763823805061 0.0775 0.06091846298031865
0 0.51625 0.34395501405810686 0.06625 0.06935332708528585
0 0.455 0.316776007497657 0.07625 0.056232427366447985
0 0.10125 0.6073102155576382 0.0425 0.04217432052483599
0 0.810625 0.7239925023430178 0.07625 0.023430178069353328
0 0.6675 0.6494845360824743 0.0925 0.030927835051546393
0 0.428125 0.2802249297094658 0.05375 0.03748828491096532
0 0.73375 0.6368322399250235 0.06375 0.01874414245548266
0 0.57625 0.2900656044985942 0.06125 0.044048734770384255
0 0.433125 0.6354264292408622 0.065 0.022492970946579195
0 0.561875 0.3477038425492034 0.03625 0.03936269915651359
0 0.426875 0.6176194939081537 0.05875 0.020618556701030927
0 0.63375 0.3036551077788191 0.05875 0.04592314901593252
1 0.0525 0.598875351452671 0.09125 0.06935332708528585
0 0.939375 0.4906279287722587 0.05625 0.05810684161199625
0 0.92375 0.4465791940018744 0.03125 0.03467666354264293
0 0.9 0.521087160262418 0.0925 0.07497656982193064
0 0.516875 0.6494845360824743 0.05625 0.019681349578256794
0 0.74 0.38191190253045926 0.045 0.04029990627928772
0 0.114375 0.48266166822867856 0.0575 0.020618556701030927
0 0.801875 0.6330834114339269 0.0675 0.020618556701030927
0 0.509375 0.2985004686035614 0.025 0.022492970946579195
0 0.189375 0.23289597000937207 0.0325 0.02436738519212746
0 0.988125 0.3711340206185567 0.02375 0.020618556701030927
0 0.84875 0.5023430178069354 0.02625 0.01874414245548266
0 0.779375 0.6218369259606373 0.0325 0.00937207122774133
0 0.76125 0.39456419868791004 0.01875 0.016869728209934397
0 0.95375 0.6790065604498594 0.04 0.03561387066541706
0 0.355625 0.5402999062792877 0.03625 0.016869728209934397
0 0.37375 0.5313964386129335 0.03375 0.01499531396438613
0 0.626875 0.6298031865042174 0.03875 0.013120899718837863
0 0.5 0.5829428303655108 0.03875 0.015932521087160263
0 0.585 0.5271790065604499 0.01625 0.016869728209934397
0 0.36875 0.34395501405810686 0.0275 0.023430178069353328
0 0.56875 0.4465791940018744 0.01625 0.014058106841611996
0 0.606875 0.5421743205248359 0.0175 0.04217432052483599
0 0.63125 0.41002811621368324 0.015 0.033739456419868794
0 0.485625 0.5932521087160263 0.0125 0.006560449859418931
0 0.589375 0.4793814432989691 0.01125 0.00937207122774133
0 0.5225 0.662136832239925 0.065 0.00937207122774133
0 0.1225 0.6387066541705717 0.035 0.02155576382380506
0 0.278125 0.3767572633552015 0.0275 0.022492970946579195
0 0.290625 0.5084348641049672 0.03625 0.01499531396438613
0 0.209375 0.4550140581068416 0.03875 0.01499531396438613
0 0.2225 0.44095595126522963 0.03125 0.01499531396438613
0 0.14125 0.5028116213683224 0.025 0.01499531396438613
0 0.19125 0.3828491096532334 0.025 0.015932521087160263
0 0.29875 0.4554826616682287 0.01375 0.011246485473289597
0 0.0875 0.3434864104967198 0.01 0.01218369259606373
0 0.8925 0.7919400187441424 0.0275 0.019681349578256794
0 0.938125 0.7361761949390815 0.02625 0.019681349578256794
0 0.8675 0.7736644798500468 0.0075 0.007497656982193065
0 0.5475 0.7122774133083412 0.065 0.01499531396438613
0 0.591875 0.6986879100281163 0.0625 0.01499531396438613
0 0.385 0.8139643861293346 0.0225 0.01499531396438613
0 0.034375 0.7863167760074976 0.0275 0.01499531396438613
0 0.22625 0.6855670103092784 0.04125 0.01874414245548266
0 0.22375 0.7033739456419869 0.02125 0.014058106841611996
0 0.11125 0.7239925023430178 0.02375 0.01218369259606373
0 0.585 0.42549203373945643 0.0325 0.08622305529522024
0 0.608125 0.46344892221180883 0.01125 0.010309278350515464
0 0.6125 0.5201499531396439 0.00625 0.005623242736644799
0 0.804375 0.6316776007497656 0.02625 0.008434864104967198
0 0.869375 0.6312089971883786 0.095 0.02530459231490159
0 0.83 0.6176194939081537 0.00625 0.0037488284910965324
0 0.87125 0.6157450796626054 0.07375 0.02155576382380506
0 0.93 0.6930646672914714 0.00875 0.005623242736644799
0 0.9825 0.6518275538894096 0.02375 0.026241799437675725
0 0.99 0.648078725398313 0.0075 0.010309278350515464
0 0.02875 0.6148078725398313 0.01875 0.013120899718837863
1 0.005625 0.6068416119962512 0.01125 0.015932521087160263
1 0.016875 0.5337394564198688 0.03375 0.03467666354264293
0 0.0175 0.5243673851921274 0.0225 0.01218369259606373
0 0.110625 0.42127460168697284 0.01 0.01499531396438613
0 0.10625 0.40581068416119964 0.01125 0.016869728209934397
0 0.10375 0.39456419868791004 0.01 0.013120899718837863
0 0.02875 0.25538894095595127 0.03375 0.05060918462980318
0 0.028125 0.23008434864104968 0.015 0.005623242736644799
1 0.0875 0.3547328959700094 0.105 0.24835988753514526
0 0.690625 0.30084348641049674 0.05125 0.013120899718837863
0 0.691875 0.29194001874414244 0.05625 0.013120899718837863
0 0.996875 0.4095595126522962 0.00625 0.00937207122774133
0 0.905 0.4732895970009372 0.03375 0.029053420805998126