0 0.666875 0.380506091846298 0.09625 0.07122774133083412
0 0.89 0.5117150890346767 0.08875 0.05716963448922212
0 0.771875 0.45126522961574506 0.11 0.07310215557638237
0 0.939375 0.5815370196813496 0.07625 0.05060918462980318
0 0.549375 0.38191190253045926 0.10625 0.10309278350515463
0 0.7625 0.6654170571696345 0.035 0.02436738519212746
0 0.596875 0.35098406747891286 0.05125 0.038425492033739454
0 0.563125 0.4493908153701968 0.08875 0.06373008434864105
0 0.670625 0.7132146204311153 0.01625 0.01218369259606373
0 0.676875 0.4681349578256795 0.00875 0.005623242736644799
0 0.68125 0.4662605435801312 0.00625 0.005623242736644799
0 0.69375 0.46485473289597 0.01375 0.008434864104967198
0 0.668125 0.4676663542642924 0.03375 0.031865042174320526
0 0.686875 0.47563261480787256 0.0575 0.03655107778819119
0 0.584375 0.514526710402999 0.01375 0.011246485473289597
0 0.504375 0.5520149953139644 0.015 0.010309278350515464
0 0.628125 0.5187441424554826 0.06125 0.09184629803186505
0 0.64625 0.6227741330834115 0.06 0.09465791940018745
0 0.7275 0.5932521087160263 0.0925 0.1021555763823805
0 0.69875 0.6644798500468604 0.0125 0.010309278350515464
0 0.671875 0.7371134020618557 0.01625 0.01218369259606373
0 0.705 0.782099343955014 0.0125 0.011246485473289597
0 0.858125 0.711808809746954 0.01375 0.010309278350515464
0 0.935 0.7722586691658857 0.01375 0.010309278350515464
0 0.61875 0.3425492033739456 0.03 0.028116213683223992
0 0.6025 0.33177132146204313 0.04 0.020618556701030927
0 0.586875 0.316776007497657 0.01875 0.00937207122774133
0 0.53 0.2910028116213683 0.02875 0.01499531396438613
0 0.584375 0.22867853795688847 0.01375 0.01218369259606373
0 0.24125 0.2380506091846298 0.02 0.006560449859418931
0 0.22 0.33692596063730085 0.01125 0.014058106841611996
0 0.210625 0.3444236176194939 0.01625 0.023430178069353328
0 0.09625 0.43064667291471415 0.025 0.01499531396438613
0 0.2 0.4817244611059044 0.01875 0.006560449859418931
0 0.325625 0.46579194001874413 0.01875 0.006560449859418931
0 0.241875 0.6007497656982193 0.0175 0.01499531396438613
0 0.49125 0.619493908153702 0.0125 0.013120899718837863
0 0.5075 0.6232427366447985 0.0125 0.010309278350515464
0 0.4875 0.6321462043111528 0.0075 0.010309278350515464
0 0.550625 0.7338331771321462 0.0125 0.011246485473289597
0 0.541875 0.7483598875351453 0.01875 0.01780693533270853
0 0.00625 0.5599812558575445 0.00875 0.04029990627928772