0 0.6875 0.39878163074039363 0.09875 0.07310215557638237
0 0.884375 0.5524835988753515 0.09125 0.05998125585754452
0 0.778125 0.4803186504217432 0.1125 0.07591377694470477
0 0.92 0.626991565135895 0.0775 0.05248359887535145
0 0.570625 0.3880037488284911 0.11125 0.10590440487347703
0 0.729375 0.6911902530459232 0.03625 0.02530459231490159
0 0.62375 0.3626991565135895 0.05375 0.03936269915651359
0 0.5725 0.4564198687910028 0.09125 0.06654170571696345
0 0.629375 0.7286785379568884 0.01625 0.01218369259606373
0 0.68125 0.48687910028116216 0.00875 0.005623242736644799
0 0.685625 0.4854732895970009 0.00625 0.005623242736644799
0 0.69875 0.4854732895970009 0.01375 0.00937207122774133
0 0.6725 0.4854732895970009 0.035 0.03280224929709466
0 0.689375 0.4957825679475164 0.06 0.038425492033739454
0 0.58125 0.5234301780693533 0.015 0.01218369259606373
0 0.495 0.5520149953139644 0.015 0.010309278350515464
0 0.62375 0.5318650421743205 0.065 0.09372071227741331
0 0.6225 0.6368322399250235 0.065 0.09559512652296158
0 0.7075 0.6162136832239925 0.0975 0.10402999062792877
0 0.66625 0.6836925960637301 0.01375 0.010309278350515464
0 0.62625 0.7525773195876289 0.01625 0.01218369259606373
0 0.650625 0.8003748828491096 0.01375 0.011246485473289597
0 0.815625 0.7474226804123711 0.01375 0.010309278350515464
0 0.88 0.8153701968134958 0.015 0.010309278350515464
0 0.646875 0.35660731021555764 0.03125 0.029053420805998126
0 0.633125 0.34395501405810686 0.04125 0.02155576382380506
0 0.62 0.32755388940955954 0.02 0.010309278350515464
0 0.56875 0.29662605435801315 0.03 0.015932521087160263
0 0.63375 0.24039362699156513 0.01375 0.01218369259606373
0 0.291875 0.21368322399250234 0.02 0.007497656982193065
0 0.253125 0.30927835051546393 0.01125 0.014058106841611996
0 0.2425 0.3158388003748828 0.0175 0.02436738519212746
0 0.113125 0.3889409559512652 0.025 0.015932521087160263
0 0.20625 0.450796626054358 0.01875 0.007497656982193065
0 0.33375 0.44798500468603564 0.01875 0.007497656982193065
0 0.225625 0.5731021555763823 0.0175 0.01499531396438613
0 0.469375 0.6171508903467666 0.01375 0.013120899718837863
0 0.485 0.6227741330834115 0.0125 0.011246485473289597
0 0.463125 0.6293345829428304 0.00875 0.010309278350515464
0 0.506875 0.7371134020618557 0.0125 0.011246485473289597
0 0.495625 0.7502343017806935 0.01875 0.01780693533270853
0 0.0025 0.5079662605435802 0.005 0.041237113402061855