0 0.325 0.38706654170571697 0.09125 0.06747891283973759
0 0.11125 0.5271790065604499 0.085 0.05435801312089972
0 0.225 0.4620431115276476 0.105 0.06935332708528585
0 0.066875 0.598875351452671 0.0725 0.04779756326148079
0 0.4425 0.3837863167760075 0.1 0.09934395501405811
0 0.249375 0.6752577319587629 0.03375 0.023430178069353328
0 0.3928125 0.3549203373945642 0.04938749999999999 0.036166822867853825
0 0.433125 0.45173383317713217 0.085 0.06091846298031865
0 0.344675 0.7195126522961575 0.015250000000000057 0.011668228678538
0 0.32104999999999995 0.47496719775070295 0.007887499999999967 0.005248359887535166
0 0.31665 0.47357075913776947 0.00572499999999998 0.005089034676663496
0 0.3038 0.4726616682286785 0.013387499999999974 0.00821930646672913
0 0.33006250000000004 0.4743861293345829 0.032099999999999976 0.030449859418931538
0 0.3117125 0.48319587628865984 0.05557500000000001 0.03456419868791008
0 0.41651249999999995 0.5180506091846298 0.013375000000000057 0.011021555763823796
0 0.49912500000000004 0.5519775070290535 0.014237499999999983 0.009353327085285865
0 0.37323749999999994 0.5235426429240863 0.05472499999999997 0.09021555763823805
0 0.36235 0.6282380506091847 0.05402500000000003 0.09268978444236185
0 0.279625 0.6021274601686973 0.0858875 0.09878163074039371
0 0.3131375 0.6719868791002811 0.01228749999999998 0.009840674789128397
0 0.3449875 0.743477038425492 0.014912499999999938 0.01115276476101227
0 0.3151125 0.7895313964386129 0.01227499999999999 0.010346766635426396
0 0.1569125 0.7256982193064668 0.012725000000000009 0.009868791002811596
0 0.084525 0.7891190253045923 0.01338750000000001 0.009522024367385269
0 0.37060000000000004 0.3474789128397376 0.028062500000000056 0.027394564198687927
0 0.3857875 0.3360074976569822 0.03909999999999997 0.018950328022492996
0 0.4002875 0.3204029990627929 0.018387500000000046 0.009128397375820064
0 0.45530000000000004 0.2926991565135895 0.028050000000000068 0.014123711340206232
0 0.3966625 0.23255857544517336 0.012900000000000062 0.011387066541705695
0 0.7404125 0.22847235238987817 0.019512499999999874 0.006223055295220231
0 0.7679874999999999 0.32603561387066543 0.0103125 0.013523898781630694
0 0.77805 0.3334676663542643 0.014337500000000034 0.02321462043111526
0 0.8985625 0.41467666354264293 0.023874999999999886 0.014170571696344897
0 0.7985875 0.47014995313964386 0.01865000000000009 0.006204311152764765
0 0.6718999999999999 0.45895032802249297 0.018075000000000046 0.006204311152764765
0 0.76505 0.5907029053420806 0.016137500000000103 0.0142549203373946
0 0.5170875 0.6187628865979382 0.011924999999999955 0.0125679475164012
0 0.5008 0.6232427366447985 0.011424999999999984 0.010084348641049663
0 0.5216625 0.6313495782567947 0.0073499999999999946 0.010271790065604533
0 0.46557499999999996 0.7356794751640112 0.011175000000000069 0.010646672914714057
0 0.4752375 0.7497844423617619 0.01727500000000006 0.016738519212745922
0 0.9969499999999999 0.5404779756326149 0.0061000000000001366 0.04057169634489219