0 0.145 0.43427230046948356 0.07 0.0647887323943662
0 0.063125 0.6370892018779343 0.05625 0.03943661971830986
0 0.109375 0.33098591549295775 0.075 0.09765258215962441
0 0.115 0.5427230046948357 0.06125 0.04037558685446009
0 0.4875 0.1323943661971831 0.03875 0.03380281690140845
0 0.080625 0.5018779342723004 0.06125 0.03943661971830986
0 0.375 0.5633802816901409 0.04375 0.03755868544600939
0 0.441875 0.19859154929577466 0.0375 0.03286384976525822
0 0.134375 0.12488262910798122 0.03875 0.03192488262910798
0 0.33 0.2596244131455399 0.03625 0.03192488262910798
0 0.195625 0.2699530516431925 0.0375 0.03192488262910798
0 0.179375 0.19765258215962442 0.0375 0.03192488262910798
0 0.596875 0.10328638497652583 0.02125 0.014084507042253521
0 0.378125 0.2934272300469484 0.01625 0.01596244131455399
0 0.639375 0.2192488262910798 0.0175 0.01596244131455399
0 0.5425 0.28779342723004697 0.0175 0.013145539906103286
0 0.571875 0.3342723004694836 0.01875 0.014084507042253521
0 0.483125 0.22535211267605634 0.02 0.012206572769953052
0 0.551875 0.14413145539906103 0.02375 0.018779342723004695
0 0.071875 0.3835680751173709 0.02875 0.016901408450704224
0 0.19625 0.6056338028169014 0.02875 0.016901408450704224
0 0.104375 0.6150234741784038 0.01875 0.013145539906103286
0 0.328125 0.3511737089201878 0.01875 0.01596244131455399
0 0.25375 0.42347417840375584 0.0225 0.018779342723004695
0 0.424375 0.5103286384976525 0.0275 0.01596244131455399
0 0.3675 0.5342723004694836 0.025 0.01784037558685446
0 0.5675 0.41502347417840374 0.025 0.016901408450704224
0 0.611875 0.5835680751173709 0.01625 0.01596244131455399
0 0.539375 0.3769953051643192 0.01625 0.015023474178403756
0 0.55875 0.5389671361502347 0.0175 0.015023474178403756
0 0.52625 0.4215962441314554 0.01625 0.013145539906103286
0 0.3725 0.5028169014084507 0.01875 0.014084507042253521
0 0.569375 0.5112676056338028 0.01125 0.007511737089201878
0 0.79125 0.6525821596244131 0.02125 0.014084507042253521
0 0.97875 0.5666666666666667 0.03 0.028169014084507043
0 0.91875 0.5666666666666667 0.015 0.012206572769953052
0 0.829375 0.5615023474178403 0.01625 0.013145539906103286
0 0.841875 0.44835680751173707 0.01375 0.013145539906103286
0 0.7725 0.4262910798122066 0.015 0.012206572769953052
0 0.835625 0.4352112676056338 0.0075 0.007511737089201878
0 0.268125 0.7014084507042253 0.025 0.014084507042253521
0 0.1475 0.6826291079812207 0.02125 0.014084507042253521
0 0.375625 0.7530516431924883 0.02375 0.014084507042253521
0 0.36875 0.7784037558685446 0.02 0.010328638497652582
0 0.78875 0.7417840375586855 0.0125 0.009389671361502348
0 0.84875 0.268075117370892 0.00875 0.006572769953051643
0 0.889375 0.16854460093896714 0.00625 0.006572769953051643
0 0.54875 0.1323943661971831 0.0175 0.009389671361502348
0 0.150625 0.21455399061032865 0.0175 0.008450704225352112
0 0.59875 0.24788732394366197 0.0075 0.004694835680751174
0 0.955 0.5699530516431925 0.03 0.02535211267605634
0 0.969375 0.5657276995305164 0.0075 0.012206572769953052