0 0.1358 0.47699530516431926 0.05892500000000002 0.05821596244131456
0 0.096875 0.6865821596244132 0.05 0.03380281690140845
0 0.07901250000000001 0.37910798122065725 0.05625000000000001 0.09194366197183095
0 0.1288375 0.5873239436619718 0.05446249999999999 0.03474178403755868
0 0.41123750000000003 0.13859154929577464 0.0325 0.030122065727699515
0 0.0862875 0.5513145539906104 0.054375 0.033530516431924916
0 0.39 0.5774647887323944 0.037487500000000014 0.03380281690140845
0 0.3795875 0.20901408450704226 0.03170000000000002 0.029446009389671374
0 0.061012500000000004 0.17230046948356809 0.03295 0.028845070422535236
0 0.2820875 0.2823568075117371 0.03009999999999998 0.028572769953051597
0 0.1515625 0.3083098591549296 0.03170000000000002 0.028704225352112724
0 0.12043749999999999 0.23907042253521127 0.0325 0.02891079812206572
0 0.5130375 0.09691079812206572 0.01857500000000002 0.011671361502347424
0 0.3367875 0.3103286384976526 0.013924999999999983 0.014084507042253521
0 0.5792875 0.20650704225352112 0.015 0.014084507042253521
0 0.4975 0.28544600938967135 0.015 0.011267605633802818
0 0.5364375 0.3277183098591549 0.01680000000000007 0.01235680751173706
0 0.42625 0.23051643192488264 0.0175 0.010328638497652582
0 0.47736249999999997 0.14258215962441315 0.020087500000000064 0.016920187793427213
0 0.053125 0.4352112676056338 0.02625 0.014084507042253521
0 0.221875 0.639906103286385 0.02625 0.014084507042253521
0 0.133125 0.6600938967136151 0.01625 0.011267605633802818
0 0.299375 0.3732394366197183 0.01625 0.014084507042253521
0 0.2411625 0.4534553990610329 0.019825000000000016 0.01676056338028171
0 0.4277625 0.5191079812206573 0.025 0.013145539906103286
0 0.37625 0.5492957746478874 0.0225 0.015023474178403756
0 0.54875 0.407981220657277 0.0225 0.014084507042253521
0 0.628125 0.5694835680751174 0.01375 0.014084507042253521
0 0.513125 0.37370892018779345 0.01375 0.013145539906103286
0 0.56625 0.5314553990610329 0.015 0.013145539906103286
0 0.509375 0.4197183098591549 0.01375 0.011267605633802818
0 0.374375 0.5178403755868545 0.01625 0.012206572769953052
0 0.5708 0.5032206572769953 0.01 0.006572769953051643
0 0.819375 0.6164319248826291 0.01875 0.012206572769953052
0 0.9869875 0.5095023474178404 0.025 0.02535211267605634
0 0.9275 0.5164319248826291 0.0125 0.011267605633802818
0 0.838125 0.5220657276995305 0.01375 0.011267605633802818
0 0.826875 0.4089201877934272 0.01125 0.012206572769953052
0 0.75375 0.39530516431924884 0.0125 0.011267605633802818
0 0.818125 0.3967136150234742 0.00625 0.006572769953051643
0 0.3129 0.7260187793427231 0.023299999999999984 0.011671361502347478
0 0.1899125 0.722 0.01875 0.012206572769953052
0 0.43 0.7643192488262911 0.02125 0.011267605633802818
0 0.42847499999999994 0.7905446009389671 0.01875 0.008450704225352112
0 0.835625 0.7046948356807512 0.01125 0.008450704225352112
0 0.79585 0.2299154929577465 0.007462500000000034 0.005953051643192465
0 0.8157625000000001 0.12701408450704227 0.005625 0.005784037558685469
0 0.4715875 0.13123943661971832 0.015487499999999982 0.007868544600938963
0 0.09519999999999999 0.25903286384976526 0.016587500000000012 0.006366197183098566
0 0.54485 0.23939906103286387 0.006700000000000017 0.0037652582159624593
0 0.9637375 0.5154178403755868 0.02596249999999998 0.02238497652582152
0 0.9772375 0.5095586854460094 0.005487500000000125 0.012018779342722961