0 0.86 0.45305164319248825 0.065 0.061971830985915494
0 0.923125 0.6596244131455399 0.05375 0.036619718309859155
0 0.905625 0.352112676056338 0.06625 0.09483568075117371
0 0.88 0.5629107981220657 0.05875 0.038497652582159626
0 0.54625 0.13427230046948357 0.03625 0.03192488262910798
0 0.918125 0.523943661971831 0.0575 0.036619718309859155
0 0.61875 0.5699530516431925 0.04125 0.03568075117370892
0 0.58625 0.20234741784037558 0.035 0.030985915492957747
0 0.899375 0.14460093896713616 0.03625 0.030985915492957747
0 0.691875 0.26901408450704223 0.03375 0.03004694835680751
0 0.825 0.2863849765258216 0.035 0.030985915492957747
0 0.848125 0.21502347417840376 0.03625 0.030985915492957747
0 0.44 0.09953051643192488 0.02 0.013145539906103286
0 0.640625 0.3004694835680751 0.015 0.015023474178403756
0 0.386875 0.21267605633802816 0.01625 0.015023474178403756
0 0.4775 0.2859154929577465 0.01625 0.012206572769953052
0 0.44375 0.33098591549295775 0.01875 0.013145539906103286
0 0.5425 0.2267605633802817 0.01875 0.011267605633802818
0 0.48125 0.14225352112676057 0.0225 0.01784037558685446
0 0.9375 0.4061032863849765 0.0275 0.01596244131455399
0 0.793125 0.6211267605633802 0.0275 0.01596244131455399
0 0.88375 0.6356807511737089 0.0175 0.012206572769953052
0 0.685 0.36056338028169016 0.0175 0.015023474178403756
0 0.7525 0.43661971830985913 0.02125 0.01784037558685446
0 0.574375 0.5140845070422535 0.02625 0.015023474178403756
0 0.62875 0.5408450704225352 0.02375 0.016901408450704224
0 0.440625 0.41173708920187796 0.02375 0.01596244131455399
0 0.380625 0.5774647887323944 0.015 0.015023474178403756
0 0.4725 0.3751173708920188 0.015 0.014084507042253521
0 0.4375 0.535680751173709 0.01625 0.014084507042253521
0 0.48125 0.42065727699530514 0.015 0.012206572769953052
0 0.6275 0.5093896713615024 0.0175 0.013145539906103286
0 0.43 0.507981220657277 0.01125 0.007511737089201878
0 0.195625 0.6370892018779343 0.02 0.013145539906103286
0 0.01625 0.5413145539906103 0.0275 0.027230046948356807
0 0.07625 0.544131455399061 0.01375 0.012206572769953052
0 0.165625 0.544131455399061 0.015 0.012206572769953052
0 0.16375 0.43051643192488265 0.0125 0.013145539906103286
0 0.235 0.41220657276995304 0.01375 0.012206572769953052
0 0.17125 0.41784037558685444 0.0075 0.006572769953051643
0 0.7125 0.7126760563380282 0.025 0.013145539906103286
0 0.834375 0.7009389671361502 0.02 0.013145539906103286
0 0.600625 0.7586854460093897 0.0225 0.012206572769953052
0 0.605 0.7849765258215963 0.02 0.009389671361502348
0 0.189375 0.7258215962441315 0.0125 0.009389671361502348
0 0.17375 0.25023474178403754 0.0075 0.006572769953051643
0 0.141875 0.14929577464788732 0.00625 0.006572769953051643
0 0.485625 0.13098591549295774 0.01625 0.008450704225352112
0 0.875 0.23333333333333334 0.0175 0.007511737089201878
0 0.425 0.2431924882629108 0.0075 0.003755868544600939
0 0.04 0.5455399061032864 0.02875 0.024413145539906103
0 0.025625 0.5408450704225352 0.00625 0.012206572769953052