0 0.3025 0.6907216494845361 0.0925 0.06747891283973759
0 0.5325 0.2591377694470478 0.0675 0.05810684161199625
1 0.28125 0.41658856607310213 0.255 0.1246485473289597
0 0.66375 0.23055295220243674 0.04875 0.03655107778819119
0 0.17625 0.8125585754451734 0.03125 0.022492970946579195
0 0.368125 0.6682286785379569 0.0725 0.05529522024367385
0 0.793125 0.26991565135895035 0.0475 0.03655107778819119
0 0.69625 0.2891283973758201 0.04 0.03561387066541706
0 0.388125 0.27507029053420806 0.23375 0.18181818181818182
0 0.8075 0.3983130271790066 0.0375 0.030927835051546393
0 0.4775 0.380506091846298 0.045 0.02436738519212746
0 0.48375 0.2104029990627929 0.04 0.041237113402061855
0 0.551875 0.6846298031865042 0.01875 0.01218369259606373
0 0.219375 0.169165885660731 0.05375 0.04592314901593252
0 0.290625 0.059044048734770385 0.0475 0.05154639175257732
0 0.154375 0.4268978444236176 0.0575 0.033739456419868794
0 0.901875 0.38847235238987815 0.05875 0.04967197750702906
0 0.55875 0.3430178069353327 0.05375 0.031865042174320526
0 0.01625 0.6630740393626992 0.0325 0.06279287722586692
0 0.854375 0.5745079662605436 0.02125 0.014058106841611996
0 0.981875 0.5192127460168697 0.03625 0.08622305529522024
0 0.7325 0.2380506091846298 0.04 0.030927835051546393
0 0.865 0.3626991565135895 0.0775 0.06560449859418932
0 0.965 0.35098406747891286 0.0375 0.031865042174320526
0 0.74 0.34395501405810686 0.09125 0.04029990627928772
0 0.651875 0.33505154639175255 0.19 0.11433926897844424
0 0.72625 0.4208059981255858 0.01375 0.008434864104967198
0 0.554375 0.40393626991565135 0.02125 0.011246485473289597
0 0.720625 0.47563261480787256 0.16125 0.07685098406747891
0 0.764375 0.4990627928772259 0.105 0.046860356138706656
0 0.729375 0.5440487347703843 0.1375 0.06091846298031865
0 0.625625 0.5913776944704779 0.155 0.06560449859418932
0 0.626875 0.5164011246485474 0.12375 0.05248359887535145
0 0.400625 0.569821930646673 0.06 0.020618556701030927
0 0.379375 0.5028116213683224 0.02125 0.023430178069353328
0 0.3275 0.4906279287722587 0.05625 0.02999062792877226
0 0.36125 0.6316776007497656 0.0175 0.01499531396438613
0 0.538125 0.6438612933458294 0.01625 0.010309278350515464
0 0.435625 0.6893158388003748 0.01625 0.014058106841611996
0 0.6475 0.7075913776944704 0.05125 0.04592314901593252
0 0.799375 0.6780693533270853 0.11125 0.04217432052483599
0 0.76375 0.7858481724461106 0.0175 0.014058106841611996
0 0.58625 0.8528584817244611 0.01625 0.014058106841611996
0 0.536875 0.8003748828491096 0.01625 0.01499531396438613
0 0.379375 0.8003748828491096 0.0175 0.014058106841611996
0 0.04125 0.4971883786316776 0.0675 0.02436738519212746
0 0.080625 0.3580131208997188 0.04125 0.038425492033739454
0 0.23375 0.45595126522961577 0.03625 0.030927835051546393
1 0.4275 0.4948453608247423 0.23 0.1668228678537957
1 0.135 0.6091846298031866 0.23875 0.20337394564198688