0 0.325 0.7029053420805998 0.08625 0.061855670103092786
0 0.504375 0.25773195876288657 0.06125 0.05435801312089972
1 0.271875 0.43158388003748827 0.24375 0.10871602624179943
0 0.63125 0.2211808809746954 0.045 0.03467666354264293
0 0.214375 0.8322399250234301 0.02875 0.020618556701030927
0 0.388125 0.676194939081537 0.0675 0.05154639175257732
0 0.765 0.25164011246485474 0.04375 0.03467666354264293
0 0.670625 0.2774133083411434 0.03625 0.03280224929709466
0 0.3625 0.2830365510777882 0.215 0.16869728209934395
0 0.795 0.3786316776007498 0.035 0.028116213683223992
0 0.46375 0.3823805060918463 0.0425 0.022492970946579195
0 0.450625 0.21274601686972822 0.03625 0.038425492033739454
0 0.573125 0.6804123711340206 0.0175 0.011246485473289597
0 0.1825 0.1888472352389878 0.05 0.04311152764761012
0 0.24 0.07450796626054358 0.0425 0.04967197750702906
0 0.1475 0.4498594189315839 0.055 0.030927835051546393
0 0.8875 0.3626991565135895 0.05375 0.046860356138706656
0 0.54 0.33973758200562326 0.05125 0.029053420805998126
0 0.03 0.6944704779756327 0.04125 0.06091846298031865
0 0.861875 0.5510777881911902 0.02 0.01218369259606373
0 0.984375 0.4873477038425492 0.03125 0.08434864104967198
0 0.70125 0.22399250234301782 0.0375 0.029053420805998126
0 0.8475 0.33973758200562326 0.07125 0.061855670103092786
0 0.993125 0.2797563261480787 0.01375 0.02717900656044986
0 0.945625 0.32146204311152765 0.03375 0.02999062792877226
0 0.72125 0.32849109653233366 0.0875 0.03561387066541706
0 0.631875 0.32567947516401125 0.17875 0.10402999062792877
0 0.71625 0.4062792877225867 0.0125 0.007497656982193065
0 0.543125 0.4006560449859419 0.02 0.010309278350515464
0 0.716875 0.4611059044048735 0.155 0.06747891283973759
0 0.763125 0.4817244611059044 0.10125 0.04029990627928772
0 0.73375 0.528584817244611 0.13125 0.05248359887535145
0 0.635625 0.5829428303655108 0.15 0.056232427366447985
0 0.628125 0.5079662605435802 0.12 0.04498594189315839
0 0.409375 0.5759137769447048 0.05875 0.01780693533270853
0 0.38 0.5107778819119025 0.01875 0.022492970946579195
0 0.326875 0.5018744142455482 0.05375 0.02717900656044986
0 0.3775 0.64058106841612 0.01625 0.014058106841611996
0 0.554375 0.6410496719775071 0.015 0.00937207122774133
0 0.458125 0.6925960637300843 0.015 0.013120899718837863
0 0.67125 0.697282099343955 0.04625 0.044048734770384255
0 0.81875 0.6579194001874414 0.10875 0.03467666354264293
0 0.795625 0.767572633552015 0.01625 0.013120899718837863
0 0.626875 0.8458294283036552 0.015 0.013120899718837863
0 0.571875 0.7970946579194002 0.015 0.014058106841611996
0 0.414375 0.8069353327085286 0.01625 0.013120899718837863
0 0.008125 0.9484536082474226 0.01625 0.04311152764761012
0 0.0425 0.5271790065604499 0.065 0.019681349578256794
0 0.065625 0.3856607310215558 0.0375 0.03655107778819119
0 0.229375 0.4732895970009372 0.03375 0.029053420805998126
1 0.426875 0.49953139643861294 0.21375 0.15463917525773196
1 0.14875 0.6326148078725399 0.21875 0.190253045923149