0 0.211875 0.725398313027179 0.0725 0.07216494845360824
0 0.069375 0.7207122774133083 0.08 0.08247422680412371
0 0.168125 0.4301780693533271 0.07625 0.05810684161199625
0 0.168125 0.5567010309278351 0.115 0.08903467666354264
0 0.625625 0.6996251171508904 0.0275 0.02155576382380506
0 0.656875 0.7966260543580131 0.02625 0.020618556701030927
0 0.121875 0.5913776944704779 0.06125 0.06841611996251172
0 0.178125 0.2736644798500469 0.01625 0.013120899718837863
0 0.800625 0.8125585754451734 0.02625 0.02155576382380506
0 0.23875 0.7853795688847235 0.02625 0.04873477038425492
1 0.468125 0.5431115276476102 0.11375 0.07310215557638237
0 0.82875 0.8350515463917526 0.02 0.01499531396438613
1 0.77125 0.6747891283973758 0.10625 0.07403936269915651
0 0.17875 0.683223992502343 0.02625 0.04967197750702906
0 0.98625 0.8317713214620431 0.01875 0.013120899718837863
1 0.445625 0.6560449859418932 0.10125 0.07122774133083412
0 0.30375 0.619493908153702 0.065 0.09840674789128398
0 0.314375 0.49531396438612935 0.0375 0.038425492033739454
0 0.07875 0.5660731021555764 0.06875 0.07029053420805999
0 0.76875 0.598406747891284 0.03625 0.02530459231490159
0 0.404375 0.2047797563261481 0.05625 0.02155576382380506
0 0.88375 0.3767572633552015 0.03375 0.02717900656044986
0 0.350625 0.4765698219306467 0.02875 0.023430178069353328
0 0.356875 0.5974695407685099 0.03125 0.026241799437675725
1 0.40875 0.5796626054358013 0.0975 0.06747891283973759
0 0.909375 0.5135895032802249 0.02625 0.010309278350515464
0 0.16 0.6316776007497656 0.01625 0.013120899718837863
0 0.50125 0.36035613870665417 0.0375 0.04029990627928772
0 0.5325 0.32146204311152765 0.03125 0.028116213683223992
1 0.718125 0.6490159325210871 0.10375 0.07029053420805999
0 0.96875 0.18088097469540768 0.03375 0.029053420805998126
0 0.835 0.1579194001874414 0.02875 0.00937207122774133
0 0.904375 0.25538894095595127 0.0325 0.029053420805998126
0 0.70375 0.24320524835988752 0.02 0.014058106841611996
0 0.736875 0.32005623242736647 0.0275 0.008434864104967198
0 0.7525 0.323805060918463 0.015 0.006560449859418931
0 0.7525 0.33177132146204313 0.01375 0.008434864104967198
0 0.811875 0.4062792877225867 0.0375 0.01874414245548266
0 0.84875 0.4372071227741331 0.0225 0.01874414245548266
0 0.93875 0.5290534208059982 0.0175 0.013120899718837863
0 0.911875 0.521087160262418 0.0175 0.011246485473289597
1 0.66625 0.626991565135895 0.01875 0.016869728209934397
1 0.77 0.6836925960637301 0.01375 0.011246485473289597
0 0.848125 0.7994376757263355 0.01875 0.013120899718837863
0 0.45 0.6522961574507966 0.015 0.015932521087160263
0 0.39625 0.7422680412371134 0.11375 0.09559512652296158
0 0.445625 0.717900656044986 0.09625 0.14995313964386128
0 0.6075 0.49812558575445176 0.02625 0.010309278350515464
0 0.629375 0.507029053420806 0.02875 0.016869728209934397
0 0.64625 0.4765698219306467 0.01 0.00937207122774133
0 0.044375 0.5538894095595126 0.04625 0.01499531396438613
1 0.2975 0.4957825679475164 0.0975 0.06654170571696345
0 0.4925 0.3865979381443299 0.025 0.011246485473289597
0 0.505625 0.3950328022492971 0.01375 0.008434864104967198
0 0.446875 0.22867853795688847 0.055 0.016869728209934397
0 0.220625 0.19353327085285849 0.01625 0.00937207122774133
0 0.0775 0.3584817244611059 0.0125 0.019681349578256794
0 0.160625 0.4339268978444236 0.0125 0.011246485473289597
0 0.425625 0.2685098406747891 0.01 0.005623242736644799
0 0.4225 0.26522961574507964 0.0075 0.004686035613870665
1 0.973125 0.40393626991565135 0.0475 0.04029990627928772