0 0.81375 0.7057169634489222 0.07375 0.07310215557638237
0 0.954375 0.6916588566073102 0.08125 0.08341143392689784
0 0.8225 0.4090909090909091 0.0775 0.059044048734770385
0 0.8375 0.5346766635426429 0.1175 0.09090909090909091
0 0.398125 0.7071227741330834 0.0275 0.02155576382380506
0 0.378125 0.8055295220243673 0.02625 0.020618556701030927
0 0.886875 0.5665417057169635 0.06375 0.06841611996251172
0 0.794375 0.253514526710403 0.0175 0.014058106841611996
0 0.236875 0.830834114339269 0.02625 0.02155576382380506
0 0.793125 0.7671040299906279 0.0275 0.04873477038425492
1 0.53625 0.5412371134020618 0.115 0.07497656982193064
0 0.21125 0.8552014995313965 0.02 0.01499531396438613
1 0.25 0.6921274601686973 0.10875 0.07497656982193064
0 0.84125 0.6616682286785379 0.0275 0.04967197750702906
0 0.05375 0.8622305529522024 0.02 0.013120899718837863
1 0.5725 0.6518275538894096 0.1025 0.07216494845360824
0 0.709375 0.6063730084348641 0.06625 0.09840674789128398
0 0.684375 0.4835988753514527 0.03875 0.03936269915651359
0 0.926875 0.5379568884723523 0.07 0.07122774133083412
0 0.24375 0.6157450796626054 0.03625 0.02530459231490159
0 0.56125 0.19962511715089035 0.05625 0.02155576382380506
0 0.103125 0.40253045923149017 0.03375 0.02717900656044986
0 0.64625 0.46672914714151825 0.02875 0.023430178069353328
0 0.65375 0.5876288659793815 0.03125 0.026241799437675725
1 0.6 0.5735707591377694 0.09875 0.06841611996251172
0 0.09375 0.5402999062792877 0.0275 0.011246485473289597
0 0.85375 0.6087160262417994 0.01625 0.013120899718837863
0 0.4825 0.36082474226804123 0.03875 0.04029990627928772
0 0.446875 0.32427366447985007 0.03125 0.028116213683223992
1 0.3 0.6630740393626992 0.105 0.07216494845360824
0 0.00625 0.21274601686972822 0.0125 0.02999062792877226
0 0.12625 0.18134957825679476 0.02875 0.010309278350515464
0 0.06875 0.28256794751640113 0.03375 0.02999062792877226
0 0.2675 0.2572633552014995 0.02 0.014058106841611996
0 0.243125 0.33598875351452673 0.0275 0.008434864104967198
0 0.228125 0.34114339268978444 0.015 0.006560449859418931
0 0.22875 0.34910965323336457 0.01375 0.008434864104967198
0 0.178125 0.42736644798500467 0.0375 0.01874414245548266
0 0.145 0.46016869728209936 0.0225 0.019681349578256794
0 0.06625 0.5576382380506092 0.0175 0.013120899718837863
0 0.0925 0.5482661668228679 0.01875 0.011246485473289597
1 0.349375 0.6373008434864105 0.01875 0.016869728209934397
1 0.2525 0.7005623242736645 0.01375 0.01218369259606373
0 0.188125 0.8209934395501406 0.01875 0.013120899718837863
0 0.5675 0.648078725398313 0.015 0.015932521087160263
0 0.631875 0.7347703842549204 0.11625 0.09653233364573571
0 0.579375 0.7132146204311153 0.09875 0.15089034676663543
0 0.3925 0.5051546391752577 0.02625 0.010309278350515464
0 0.371875 0.5154639175257731 0.02875 0.016869728209934397
0 0.35125 0.48641049671977504 0.01 0.00937207122774133
0 0.96 0.5238987816307404 0.04625 0.01499531396438613
1 0.70125 0.48266166822867856 0.09875 0.06747891283973759
0 0.494375 0.3865979381443299 0.025 0.011246485473289597
0 0.481875 0.3959700093720712 0.015 0.00937207122774133
0 0.52125 0.22586691658856609 0.055 0.01780693533270853
0 0.7425 0.17666354264292408 0.01625 0.00937207122774133
0 0.904375 0.331302717900656 0.01375 0.019681349578256794
0 0.830625 0.4119025304592315 0.0125 0.01218369259606373
0 0.546875 0.2642924086223055 0.01 0.005623242736644799
0 0.55 0.2614807872539831 0.0075 0.004686035613870665
1 0.020625 0.43486410496719774 0.04125 0.041237113402061855