0 0.20125 0.717900656044986 0.06875 0.07029053420805999
0 0.059375 0.7094657919400188 0.07625 0.08059981255857544
0 0.171875 0.4217432052483599 0.07375 0.056232427366447985
0 0.165625 0.5477975632614808 0.11125 0.08622305529522024
0 0.61625 0.7029053420805998 0.02625 0.020618556701030927
0 0.643125 0.8003748828491096 0.025 0.019681349578256794
0 0.118125 0.5815370196813496 0.05875 0.06654170571696345
0 0.18875 0.26522961574507964 0.01625 0.013120899718837863
0 0.785625 0.8200562324273665 0.025 0.020618556701030927
0 0.225625 0.7783505154639175 0.02375 0.04779756326148079
1 0.466425 0.5424835988753515 0.11015000000000001 0.07061855670103084
0 0.813125 0.8434864104967198 0.01875 0.014058106841611996
1 0.7628625 0.6818650421743205 0.10358749999999986 0.07125585754451731
0 0.170625 0.6747891283973758 0.02375 0.04873477038425492
0 0.970625 0.8444236176194939 0.01875 0.01218369259606373
1 0.438425 0.6545641986879099 0.09793750000000002 0.06837863167760079
0 0.298125 0.6143392689784443 0.06 0.09653233364573571
0 0.315 0.4906654170571696 0.03625 0.037553889409559504
0 0.07625 0.5548266166822868 0.065 0.06841611996251172
0 0.76375 0.60543580131209 0.035 0.02436738519212746
0 0.418125 0.20243673851921273 0.055 0.019681349578256794
0 0.889375 0.38706654170571697 0.0325 0.026241799437675725
0 0.351875 0.47248359887535146 0.027737500000000068 0.02276476101218366
0 0.3525 0.5937207122774133 0.03 0.02530459231490159
1 0.40497500000000003 0.5774039362699157 0.09407499999999999 0.06483598875351458
0 0.90875 0.5242361761949391 0.02625 0.010056232427366465
0 0.15423750000000003 0.6226522961574508 0.01540000000000001 0.012877225866916597
0 0.5075 0.36035613870665417 0.03625 0.03936269915651359
0 0.540625 0.32239925023430177 0.03 0.02717900656044986
1 0.7107875 0.6547891283973758 0.1009375 0.06809746954076859
0 0.9836125 0.19327085285848172 0.03277500000000003 0.028397375820056244
0 0.8509125000000001 0.16709465791940017 0.027987500000000123 0.009109653233364599
0 0.9156375 0.26606373008434864 0.03137499999999989 0.028612933458294257
0 0.715525 0.24858481724461107 0.018937500000000114 0.013561387066541732
0 0.7449125 0.32635426429240866 0.026850000000000023 0.00762886597938143
0 0.7606 0.33070290534208063 0.014137499999999931 0.0057263355201499656
0 0.7601749999999999 0.3385379568884724 0.013287500000000136 0.0082661668228679
0 0.8162874999999999 0.41472352389878164 0.03617500000000007 0.017375820056232394
0 0.8516125 0.44641049671977506 0.02147500000000008 0.01843486410496716
0 0.936975 0.5406091846298032 0.016387499999999874 0.012717900656044926
0 0.9104125000000001 0.5320243673851921 0.017524999999999978 0.010384254920337326
1 0.6602625000000001 0.631415182755389 0.018087500000000034 0.016316776007497733
1 0.76145 0.6907497656982193 0.013562499999999887 0.011227741330834132
0 0.8340875 0.80825679475164 0.018087500000000034 0.012286785379568791
0 0.4431875 0.6507029053420805 0.014137499999999931 0.015473289597000929
0 0.38496250000000004 0.7395970009372071 0.10966250000000002 0.0923992502343017
0 0.4354125 0.7161855670103092 0.08903750000000002 0.1472820993439551
0 0.6074125 0.5007685098406749 0.025999999999999943 0.009325210871602667
0 0.62875 0.5105154639175258 0.027987500000000054 0.016101218369259665
0 0.6474 0.48063730084348644 0.009325000000000045 0.008903467666354265
0 0.0421125 0.5417713214620432 0.04522500000000001 0.013355201499531396
1 0.29805 0.49048734770384256 0.0946875 0.06378631677600745
0 0.4976 0.3866447985004686 0.02458749999999995 0.010384254920337434
0 0.5106 0.3954451733833177 0.013850000000000052 0.008472352389878129
0 0.45971249999999997 0.22724461105904406 0.05451250000000002 0.01555763823805063
0 0.23515 0.1865979381443299 0.016274999999999977 0.00869728209934393
0 0.0844125 0.347572633552015 0.012199999999999997 0.018912839737581958
0 0.1638 0.42494845360824746 0.012250000000000014 0.011283973758200528
0 0.4365625 0.26654170571696345 0.010125000000000028 0.0050609184629802975
0 0.43325 0.2635426429240862 0.007750000000000057 0.004686035613870665
1 0.9770625 0.41640112464854734 0.04586250000000007 0.03922211808809749