0 0.964375 0.47141518275538896 0.07125 0.06747891283973759
1 0.231875 0.42221180880974696 0.15875 0.16869728209934395
0 0.41125 0.14667291471415184 0.06 0.05716963448922212
0 0.839375 0.7136832239925024 0.02625 0.03280224929709466
0 0.618125 0.5487347703842549 0.02125 0.01499531396438613
0 0.5075 0.15042174320524837 0.075 0.06091846298031865
0 0.459375 0.4751640112464855 0.08 0.06279287722586692
0 0.41875 0.35941893158388005 0.01375 0.010309278350515464
0 0.705625 0.5445173383317713 0.04 0.03280224929709466
0 0.4475 0.40487347703842547 0.015 0.008434864104967198
0 0.68625 0.49203373945641987 0.04375 0.04217432052483599
0 0.7225 0.3209934395501406 0.0175 0.01874414245548266
0 0.505 0.44329896907216493 0.015 0.00937207122774133
0 0.60875 0.17994376757263356 0.0125 0.008434864104967198
0 0.75625 0.394095595126523 0.0175 0.01874414245548266
0 0.264375 0.7652296157450796 0.01875 0.014058106841611996
0 0.048125 0.7924086223055296 0.02125 0.016869728209934397
0 0.6025 0.5773195876288659 0.01625 0.013120899718837863
0 0.67875 0.2211808809746954 0.03125 0.020618556701030927
0 0.37375 0.8406747891283973 0.0225 0.013120899718837863
0 0.7275 0.6030927835051546 0.015 0.013120899718837863
0 0.01875 0.4620431115276476 0.0375 0.05998125585754452
0 0.17 0.11387066541705718 0.035 0.01780693533270853
0 0.168125 0.09746954076850985 0.0425 0.02155576382380506
0 0.286875 0.1049671977507029 0.015 0.01218369259606373
0 0.425 0.3561387066541706 0.01375 0.011246485473289597
0 0.465625 0.3767572633552015 0.0125 0.01218369259606373
0 0.47125 0.37722586691658855 0.01 0.011246485473289597
0 0.4575 0.4090909090909091 0.015 0.00937207122774133
0 0.521875 0.41518275538894095 0.01375 0.007497656982193065
0 0.5725 0.43064667291471415 0.0225 0.022492970946579195
0 0.570625 0.44892221180880976 0.0275 0.02155576382380506
0 0.569375 0.4639175257731959 0.025 0.022492970946579195
0 0.56125 0.4784442361761949 0.02625 0.026241799437675725
0 0.546875 0.4887535145267104 0.02 0.02155576382380506
0 0.53 0.492970946579194 0.02 0.016869728209934397
0 0.610625 0.47985004686035615 0.015 0.00937207122774133
0 0.408125 0.4887535145267104 0.0125 0.007497656982193065
0 0.404375 0.49953139643861294 0.0125 0.008434864104967198
0 0.20375 0.44611059044048734 0.01375 0.013120899718837863
0 0.321875 0.5768509840674789 0.0225 0.01218369259606373
0 0.33 0.6583880037488284 0.01625 0.00937207122774133
0 0.476875 0.7089971883786317 0.0125 0.010309278350515464
0 0.470625 0.7155576382380506 0.01 0.008434864104967198
0 0.524375 0.7628865979381443 0.0175 0.010309278350515464
0 0.635625 0.7427366447985004 0.015 0.007497656982193065
0 0.836875 0.2633552014995314 0.03125 0.01780693533270853
0 0.85375 0.20805998125585753 0.03125 0.016869728209934397
0 0.5675 0.13683223992502344 0.015 0.011246485473289597
0 0.9725 0.5014058106841612 0.055 0.04592314901593252
0 0.786875 0.5037488284910965 0.01 0.006560449859418931
0 0.79875 0.5374882849109653 0.0125 0.011246485473289597
0 0.991875 0.676663542642924 0.01625 0.013120899718837863
0 0.7525 0.7319587628865979 0.015 0.010309278350515464
0 0.65625 0.6438612933458294 0.01625 0.00937207122774133
0 0.69375 0.6635426429240863 0.015 0.010309278350515464
0 0.275 0.8448922211808809 0.02125 0.013120899718837863
0 0.028125 0.689784442361762 0.01125 0.016869728209934397
1 0.381875 0.5379568884723523 0.1525 0.1780693533270853
1 0.749375 0.5224929709465792 0.11 0.1049671977507029
1 0.7825 0.6255857544517338 0.13 0.11527647610121837
0 0.863125 0.13120899718837864 0.01625 0.013120899718837863