0 0.9675 0.5079381443298969 0.065 0.06272727272727278
1 0.244375 0.40159325210871605 0.1375 0.1583880037488285
0 0.46125 0.1415182755388941 0.0525 0.053420805998125584
0 0.8075 0.738987816307404 0.0225 0.030927835051546393
0 0.610625 0.5576382380506092 0.02 0.013120899718837863
0 0.55625 0.1527647610121837 0.0675 0.056232427366447985
0 0.463125 0.4723523898781631 0.0725 0.05716963448922212
0 0.43901249999999997 0.3537863167760075 0.013024999999999948 0.009390815370196797
0 0.698125 0.5604498594189316 0.03625 0.02999062792877226
0 0.4609375 0.40132146204311153 0.01436250000000001 0.006954076850984029
0 0.68625 0.506560449859419 0.03875 0.03936269915651359
0 0.74625 0.3392689784442362 0.015 0.01780693533270853
0 0.513125 0.4442361761949391 0.01375 0.008434864104967198
0 0.6530374999999999 0.19042174320524838 0.010875000000000056 0.007966260543580132
0 0.769375 0.4147141518275539 0.015 0.01780693533270853
0 0.22875 0.7455482661668229 0.0175 0.013120899718837863
0 0.01 0.7553889409559512 0.01875 0.015932521087160263
0 0.59125 0.584817244611059 0.015 0.01218369259606373
0 0.7167375 0.23691658856607306 0.02875 0.018744142455482636
0 0.3268 0.8290721649484536 0.020787499999999993 0.01195876288659793
0 0.711875 0.6204311152764761 0.01375 0.01218369259606373
0 0.02125 0.4240862230552952 0.0425 0.05716963448922212
0 0.225675 0.09003748828491095 0.033362499999999996 0.015098406747891297
0 0.2262875 0.07391752577319588 0.039537499999999996 0.018650421743205255
0 0.343175 0.0906560449859419 0.013212500000000063 0.011087160262418006
0 0.4456125 0.35124648547328957 0.01248750000000001 0.010299906279287731
0 0.483275 0.3745641986879101 0.010637499999999989 0.011640112464854694
0 0.4886125 0.3755295220243674 0.008199999999999931 0.011068416119962461
0 0.4703625 0.4060262417994377 0.014375 0.008650421743205265
0 0.5334625 0.4173945641986879 0.012874999999999944 0.006729147141518229
0 0.58205 0.4366635426429241 0.019562499999999972 0.020796626054358065
0 0.57755 0.4547797563261481 0.024962500000000033 0.019821930646672894
0 0.5740124999999999 0.46956888472352387 0.02226249999999993 0.021274601686972865
0 0.5641125 0.4834020618556701 0.023037499999999937 0.02425492033739461
0 0.5481125 0.49250234301780693 0.0175 0.02011246485473293
0 0.5305 0.4954451733833177 0.017762500000000046 0.015388940955951334
0 0.6127 0.4887535145267104 0.013525000000000063 0.008556701030927937
0 0.4098875 0.48166822867853804 0.011962500000000063 0.0069165885660731515
0 0.4048125 0.49217432052483595 0.012099999999999937 0.007113402061855593
0 0.2127 0.42316776007497653 0.012424999999999997 0.01263355201499533
0 0.31198750000000003 0.5625117150890347 0.020587499999999963 0.011040299906279262
0 0.30898749999999997 0.644058106841612 0.015200000000000031 0.008359887535145336
0 0.4480875 0.7058762886597938 0.010962499999999977 0.00962511715089033
0 0.44055 0.7121649484536082 0.008562500000000028 0.007403936269915736
0 0.4879 0.7633083411433927 0.015912500000000024 0.008884723523898798
0 0.6008625 0.7520524835988754 0.013774999999999976 0.006457357075913871
0 0.867825 0.29096532333645736 0.02916249999999991 0.0156607310215558
0 0.8924375000000001 0.23751640112464856 0.02938749999999999 0.015004686035613862
0 0.6178750000000001 0.14415182755388942 0.014025000000000034 0.010009372071227748
0 0.969775 0.538444236176195 0.049499999999999884 0.04223992502343012
0 0.784475 0.5263636363636364 0.008612500000000125 0.00588566073102153
0 0.7917375 0.5607122774133083 0.010825000000000102 0.010665417057169736
1 0.99 0.718369259606373 0.02 0.09090909090909091
0 0.9671875 0.7149859418931583 0.019737499999999953 0.011405810684161268
0 0.7186875 0.7505529522024368 0.013562499999999887 0.009756326148078802
0 0.6351749999999999 0.6554826616682287 0.015437499999999958 0.008106841611996336
0 0.6696500000000001 0.6777319587628866 0.013412500000000023 0.009606373008434864
0 0.22785 0.8253795688847235 0.020062500000000014 0.011227741330834132
0 0.00425 0.6517900656044986 0.0085 0.01650421743205239
1 0.3775125 0.5286035613870665 0.12913749999999996 0.16917525773195877
1 0.7447374999999999 0.5418181818181819 0.09733749999999987 0.09741330834114344
1 0.763725 0.6471602624179944 0.11610000000000013 0.10655107778819124
0 0.9124 0.16186504217432054 0.01416249999999991 0.012174320524835996