0 0.033125 0.5196813495782568 0.06625 0.06466729147141519
1 0.750625 0.3950328022492971 0.145 0.16213683223992503
0 0.521875 0.14058106841611998 0.055 0.05435801312089972
0 0.20375 0.746954076850984 0.02375 0.031865042174320526
0 0.391875 0.5604498594189316 0.02 0.014058106841611996
0 0.4275 0.15463917525773196 0.07 0.05810684161199625
0 0.535625 0.47141518275538896 0.075 0.059044048734770385
0 0.554375 0.35238987816307404 0.01375 0.00937207122774133
0 0.305 0.5656044985941893 0.0375 0.030927835051546393
0 0.534375 0.4001874414245548 0.015 0.007497656982193065
0 0.314375 0.5112464854732895 0.04 0.04029990627928772
0 0.24625 0.3458294283036551 0.01625 0.01780693533270853
0 0.484375 0.44470477975632616 0.01375 0.008434864104967198
0 0.3325 0.1944704779756326 0.01125 0.008434864104967198
0 0.226875 0.4217432052483599 0.01625 0.01780693533270853
0 0.7825 0.7385192127460168 0.0175 0.013120899718837863
0 0.995625 0.7422680412371134 0.00875 0.016869728209934397
0 0.4125 0.5871602624179943 0.015 0.01218369259606373
0 0.27125 0.24273664479850046 0.03 0.019681349578256794
0 0.688125 0.8242736644798501 0.02125 0.01218369259606373
0 0.29375 0.6260543580131209 0.01375 0.01218369259606373
0 0.975 0.4114339268978444 0.045 0.05810684161199625
0 0.755 0.08294283036551078 0.03375 0.015932521087160263
0 0.75375 0.06701030927835051 0.04 0.019681349578256794
0 0.6375 0.0866916588566073 0.01375 0.011246485473289597
0 0.5475 0.3500468603561387 0.0125 0.010309278350515464
0 0.510625 0.3744142455482662 0.01125 0.01218369259606373
0 0.505625 0.3753514526710403 0.00875 0.011246485473289597
0 0.525 0.4053420805998126 0.015 0.00937207122774133
0 0.4625 0.4184629803186504 0.01375 0.007497656982193065
0 0.415 0.43908153701968133 0.02 0.02155576382380506
0 0.420625 0.4568884723523899 0.02625 0.020618556701030927
0 0.424375 0.47141518275538896 0.02375 0.02155576382380506
0 0.435 0.48500468603561386 0.02375 0.02530459231490159
0 0.451875 0.4939081537019681 0.01875 0.020618556701030927
0 0.469375 0.49625117150890347 0.01875 0.015932521087160263
0 0.386875 0.4915651358950328 0.01375 0.00937207122774133
0 0.589375 0.4793814432989691 0.0125 0.007497656982193065
0 0.595 0.4896907216494845 0.0125 0.007497656982193065
0 0.78375 0.415651358950328 0.0125 0.013120899718837863
0 0.690625 0.5576382380506092 0.02125 0.011246485473289597
0 0.6975 0.6391752577319587 0.015 0.008434864104967198
0 0.56125 0.704311152764761 0.01125 0.010309278350515464
0 0.569375 0.7104029990627929 0.00875 0.007497656982193065
0 0.524375 0.7628865979381443 0.01625 0.00937207122774133
0 0.410625 0.7544517338331771 0.01375 0.006560449859418931
0 0.1225 0.30084348641049674 0.03 0.016869728209934397
0 0.095625 0.2478912839737582 0.03 0.015932521087160263
0 0.365625 0.14761012183692596 0.015 0.010309278350515464
0 0.0325 0.5506091846298032 0.05125 0.04311152764761012
0 0.216875 0.5337394564198688 0.00875 0.006560449859418931
0 0.21125 0.5684161199625117 0.01125 0.011246485473289597
1 0.020625 0.7310215557638238 0.02375 0.09090909090909091
0 0.043125 0.7272727272727273 0.02 0.01218369259606373
0 0.293125 0.7563261480787254 0.01375 0.010309278350515464
0 0.371875 0.6588566073102156 0.01625 0.008434864104967198
0 0.33875 0.6822867853795689 0.01375 0.010309278350515464
0 0.786875 0.8181818181818182 0.02 0.01218369259606373
0 0.99875 0.6382380506091846 0.0025 0.016869728209934397
1 0.62375 0.5253045923149016 0.1375 0.1724461105904405
1 0.2575 0.5482661668228679 0.10125 0.10028116213683223
1 0.243125 0.6541705716963448 0.12125 0.10965323336457357
0 0.071875 0.17291471415182755 0.015 0.01218369259606373