0 0.12775 0.40253045923149017 0.06199999999999999 0.053420805998125584
0 0.1867 0.22895032802249296 0.025337499999999978 0.018341143392689777
0 0.875625 0.7778819119025304 0.02 0.01499531396438613
0 0.49357500000000004 0.41732895970009376 0.023387500000000047 0.020084348641049625
0 0.221875 0.8645735707591378 0.02375 0.01499531396438613
0 0.5399875000000001 0.35754451733833176 0.02126249999999999 0.03655107778819119
0 0.6905625000000001 0.3382380506091846 0.022375000000000114 0.041433926897844454
0 0.5425 0.48835051546391756 0.028387500000000045 0.019147141518275547
0 0.109375 0.5487347703842549 0.02875 0.020618556701030927
0 0.4681125 0.33451733833177133 0.012512499999999989 0.02168697282099343
0 0.199375 0.584817244611059 0.0775 0.04311152764761012
0 0.75625 0.3531302717900656 0.0325 0.0164761012183693
0 0.606875 0.5062886597938144 0.01875 0.009775070290534267
0 0.5885374999999999 0.28350515463917525 0.01332499999999996 0.011246485473289597
0 0.89375 0.711808809746954 0.01875 0.013120899718837863
0 0.33715000000000006 0.2291190253045923 0.015687499999999945 0.03244611059044047
0 0.098125 0.7455482661668229 0.02375 0.014058106841611996
0 0.213125 0.7333645735707591 0.01875 0.01499531396438613
0 0.678125 0.7436738519212746 0.02375 0.013120899718837863
0 0.409375 0.20337394564198688 0.045 0.01780693533270853
0 0.5175 0.6677600749765699 0.02 0.011246485473289597
0 0.2313125 0.25168697282099345 0.032387500000000034 0.01507966260543583
0 0.046675 0.5603186504217432 0.019912500000000003 0.016616682286785398
0 0.765625 0.6635426429240863 0.01875 0.014058106841611996
0 0.35875 0.20103092783505155 0.03 0.015932521087160263
0 0.151875 0.46485473289597 0.02125 0.01218369259606373
0 0.11125 0.6462043111527648 0.03125 0.020618556701030927
0 0.11625 0.8547328959700093 0.02 0.01499531396438613
0 0.7592874999999999 0.5613214620431115 0.032324999999999875 0.021958762886597996
0 0.745475 0.4638894095595127 0.0646875 0.057104029990627934
0 0.414375 0.8865979381443299 0.02 0.013120899718837863
0 0.5757375 0.6883880037488285 0.02476249999999993 0.022492970946579195
0 0.418125 0.48125585754451733 0.02 0.00937207122774133
0 0.30125 0.37300843486410495 0.03875 0.02717900656044986
0 0.15825 0.6277132146204311 0.061499999999999985 0.03424554826616679
0 0.1183625 0.3017244611059044 0.006350000000000015 0.006101218369259598
0 0.11081250000000001 0.3044611059044049 0.008337499999999984 0.010684161199625095
0 0.1423875 0.1841049671977507 0.016675000000000006 0.008491096532333648
0 0.1111125 0.17293345829428305 0.016087500000000005 0.005510777881911898
0 0.11199999999999999 0.16668228678537955 0.015487499999999982 0.005210871602624182
0 0.023137500000000002 0.14970946579194003 0.018075 0.010571696344892195
0 0.5623875 0.2987535145267104 0.015887500000000044 0.030824742268041223
0 0.5467 0.29911902530459233 0.018275000000000007 0.03245548266166822
0 0.5979375 0.2827460168697282 0.005962499999999977 0.009831302717900664
0 0.6994875 0.33799437675726335 0.01678750000000008 0.04291471415182752
0 0.8914375 0.2742455482661668 0.01694999999999993 0.011827553889409564
0 0.9313875 0.2749390815370197 0.01728749999999991 0.009690721649484566
0 0.9130750000000001 0.4176288659793815 0.013574999999999875 0.01199625117150886
0 0.9449 0.5306654170571696 0.11018750000000012 0.045801312089971784
0 0.9493874999999999 0.5405716963448922 0.10122500000000002 0.04343017806935325
0 0.9548375 0.5519306466729147 0.0903125 0.042164948453608256
0 0.909075 0.5919119025304593 0.0579249999999999 0.012717900656044926
0 0.9440999999999999 0.6049953139643861 0.05866250000000008 0.013083411433926932
0 0.7377125 0.5820056232427366 0.0177000000000001 0.00926897844423627
0 0.5618625 0.8371602624179943 0.018912499999999995 0.010721649484536133
0 0.5138625 0.8905904404873477 0.04120000000000004 0.04925023430178065
0 0.37933750000000005 0.8006279287722586 0.03878749999999997 0.04816307403936279
0 0.3171625 0.7971790065604499 0.01914999999999999 0.011452671040299931
0 0.44744999999999996 0.6834114339268978 0.02375 0.017994376757263397
0 0.5780125 0.6833458294283037 0.030174999999999983 0.02421743205248352
0 0.5886375 0.6710590440487347 0.018174999999999955 0.010000000000000068
0 0.269175 0.6752389878163074 0.015275000000000033 0.024901593252108657
0 0.278625 0.6732333645735707 0.025450000000000018 0.037985004686035585
0 0.1801 0.6498781630740393 0.05575000000000001 0.03343955014058113
0 0.2337875 0.6103561387066542 0.026424999999999983 0.010356138706654128
0 0.300075 0.5997282099343955 0.03200000000000003 0.009090909090909134
0 0.29826250000000004 0.583008434864105 0.016724999999999993 0.023261480787253923
0 0.26905 0.5844611059044049 0.04168750000000003 0.03235238987816306
0 0.26408750000000003 0.555473289597001 0.01914999999999999 0.012174320524835996
0 0.25111249999999996 0.5277600749765698 0.07707499999999996 0.06179006560449865
0 0.400425 0.4944048734770384 0.018912499999999995 0.00926897844423627
0 0.22917500000000002 0.48350515463917526 0.026424999999999983 0.01835051546391751
0 0.4956875 0.5787347703842549 0.016487500000000068 0.009634489222118063
0 0.51205 0.5690065604498594 0.022537499999999967 0.018903467666354333
0 0.51035 0.5582849109653234 0.03853750000000005 0.028350515463917526
0 0.528525 0.5372071227741331 0.01769999999999996 0.008725398313027127
0 0.496175 0.5377507029053421 0.047025000000000004 0.01780693533270853
0 0.636875 0.4544236176194939 0.012362500000000054 0.009634489222118063
0 0.29233750000000003 0.35835051546391755 0.04491250000000001 0.016251171508903497
0 0.2713375 0.34809746954076853 0.04588749999999998 0.014498594189315865
0 0.3521375 0.2334395501405811 0.014500000000000028 0.04054358013120902
0 0.6029375 0.18208059981255859 0.02605000000000004 0.007947516401124666
0 0.030987499999999998 0.5560356138706654 0.011124999999999998 0.007806935332708461
0 0.0687625 0.5649671977507029 0.019250000000000007 0.00741330834114347
0 0.055787500000000004 0.5738331771321462 0.018012499999999997 0.00873477038425486
0 0.5264375 0.35860356138706656 0.019975000000000024 0.030487347703842524
0 0.4570625 0.3349390815370197 0.010337499999999977 0.020056232427366427
0 0.4902375 0.4154264292408622 0.017475000000000022 0.013636363636363594
0 0.5390999999999999 0.4837488284910965 0.023900000000000005 0.018716026241799463
0 0.7645125 0.5580974695407686 0.028887499999999875 0.020862230552952193
0 0.0888125 0.40460168697282095 0.03495000000000001 0.04973758200562329
0 0.7810875 0.4975257731958763 0.02853749999999991 0.12381443298969068
0 0.790725 0.4968509840674789 0.031387499999999874 0.12354264292408616
0 0.8037375 0.4979287722586691 0.022475000000000023 0.10268978444236171