0 0.12125 0.41705716963448924 0.06625 0.056232427366447985
0 0.168125 0.24179943767572634 0.02625 0.019681349578256794
0 0.894375 0.7628865979381443 0.02125 0.015932521087160263
0 0.488125 0.4175257731958763 0.025 0.020618556701030927
0 0.2475 0.8748828491096532 0.025 0.015932521087160263
0 0.53 0.3561387066541706 0.02375 0.03748828491096532
0 0.67875 0.33083411433926896 0.025 0.04217432052483599
0 0.541875 0.48687910028116216 0.03 0.020618556701030927
0 0.113125 0.5641986879100281 0.03 0.02155576382380506
0 0.456875 0.33598875351452673 0.01375 0.022492970946579195
0 0.205625 0.5965323336457357 0.08 0.04592314901593252
0 0.745625 0.3434864104967198 0.03375 0.01780693533270853
0 0.606875 0.5018744142455482 0.02 0.010309278350515464
0 0.573125 0.2802249297094658 0.01375 0.01218369259606373
0 0.908125 0.6958762886597938 0.02 0.014058106841611996
0 0.31875 0.23570759137769448 0.0175 0.03280224929709466
0 0.115625 0.761012183692596 0.025 0.01499531396438613
0 0.23 0.7441424554826617 0.02 0.015932521087160263
0 0.695 0.7361761949390815 0.025 0.014058106841611996
0 0.38875 0.20712277413308341 0.04625 0.019681349578256794
0 0.529375 0.6668228678537957 0.02125 0.01218369259606373
0 0.214375 0.2624179943767573 0.03375 0.015932521087160263
0 0.05125 0.5782567947516402 0.02125 0.01780693533270853
0 0.776875 0.6527647610121837 0.02 0.01499531396438613
0 0.338125 0.20712277413308341 0.03125 0.016869728209934397
0 0.15 0.4784442361761949 0.0225 0.013120899718837863
0 0.121875 0.6611996251171509 0.0325 0.02155576382380506
0 0.14125 0.8692596063730085 0.02125 0.015932521087160263
0 0.763125 0.5510777881911902 0.03375 0.023430178069353328
0 0.7425 0.45407685098406747 0.06875 0.05998125585754452
0 0.44125 0.8894095595126523 0.02125 0.014058106841611996
0 0.58875 0.6850984067478912 0.02625 0.023430178069353328
0 0.416875 0.4845360824742268 0.02125 0.010309278350515464
0 0.2925 0.3809746954076851 0.04 0.029053420805998126
0 0.1675 0.6410496719775071 0.06375 0.03655107778819119
0 0.105 0.316776007497657 0.00625 0.006560449859418931
0 0.0975 0.32005623242736647 0.00875 0.011246485473289597
0 0.120625 0.19868791002811623 0.0175 0.00937207122774133
0 0.08875 0.1888472352389878 0.01625 0.006560449859418931
0 0.089375 0.18228678537956888 0.01625 0.005623242736644799
0 0.004375 0.16869728209934395 0.00875 0.011246485473289597
0 0.548125 0.29662605435801315 0.0175 0.031865042174320526
0 0.5325 0.29756326148078727 0.02 0.03280224929709466
0 0.5825 0.27928772258669166 0.00625 0.010309278350515464
0 0.688125 0.3303655107778819 0.02 0.04311152764761012
0 0.875 0.2591377694470478 0.0175 0.01218369259606373
0 0.915 0.2582005623242737 0.0175 0.010309278350515464
0 0.906875 0.40159325210871605 0.015 0.01218369259606373
0 0.944375 0.5131208997188379 0.11125 0.04967197750702906
0 0.95 0.5224929709465792 0.1 0.04779756326148079
0 0.955625 0.5337394564198688 0.08875 0.04592314901593252
0 0.915 0.5759137769447048 0.05875 0.01499531396438613
0 0.950625 0.5876288659793815 0.06 0.01499531396438613
0 0.743125 0.5726335520149953 0.01875 0.010309278350515464
0 0.585625 0.8341143392689785 0.02 0.011246485473289597
0 0.54125 0.8894095595126523 0.045 0.05060918462980318
0 0.400625 0.8050609184629803 0.0425 0.04967197750702906
0 0.338125 0.8041237113402062 0.02 0.01218369259606373
0 0.460625 0.6850984067478912 0.025 0.01874414245548266
0 0.590625 0.6799437675726335 0.03125 0.02530459231490159
0 0.600625 0.6672914714151827 0.01875 0.010309278350515464
0 0.281875 0.6841611996251171 0.0175 0.02530459231490159
0 0.29125 0.6818181818181818 0.0275 0.03936269915651359
0 0.19125 0.662136832239925 0.0575 0.03561387066541706
0 0.241875 0.6204311152764761 0.0275 0.011246485473289597
0 0.3075 0.6073102155576382 0.0325 0.010309278350515464
0 0.304375 0.5909090909090909 0.01875 0.023430178069353328
0 0.275 0.5932521087160263 0.04375 0.033739456419868794
0 0.268125 0.5646672914714151 0.02 0.013120899718837863
0 0.253125 0.5374882849109653 0.08125 0.06466729147141519
0 0.4 0.49812558575445176 0.02 0.010309278350515464
0 0.228125 0.4943767572633552 0.0275 0.019681349578256794
0 0.50125 0.5787253983130272 0.0175 0.010309278350515464
0 0.516875 0.5684161199625117 0.02375 0.019681349578256794
0 0.514375 0.5576382380506092 0.04 0.02999062792877226
0 0.53125 0.5360824742268041 0.01875 0.00937207122774133
0 0.49875 0.5379568884723523 0.04875 0.019681349578256794
0 0.63375 0.44892221180880976 0.0125 0.010309278350515464
0 0.2825 0.3669165885660731 0.04625 0.01780693533270853
0 0.26125 0.3570759137769447 0.04625 0.015932521087160263
0 0.33375 0.23945641986879102 0.0175 0.041237113402061855
0 0.580625 0.17853795688847235 0.02625 0.00937207122774133
0 0.035625 0.5745079662605436 0.01125 0.008434864104967198
0 0.07375 0.5820056232427366 0.02 0.008434864104967198
0 0.06125 0.5913776944704779 0.01875 0.00937207122774133
0 0.51625 0.35754451733833176 0.0225 0.030927835051546393
0 0.445625 0.33692596063730085 0.01125 0.020618556701030927
0 0.484375 0.41611996251171507 0.01875 0.014058106841611996
0 0.538125 0.48219306466729145 0.025 0.019681349578256794
0 0.768125 0.5477975632614808 0.03 0.02155576382380506
0 0.0825 0.4208059981255858 0.03875 0.05060918462980318
0 0.780625 0.48641049671977504 0.0375 0.1246485473289597
0 0.79 0.4854732895970009 0.04 0.1246485473289597
0 0.803125 0.485941893158388 0.03 0.10309278350515463