0 0.1275 0.40253045923149017 0.0625 0.053420805998125584
0 0.186875 0.22914714151827553 0.025 0.01874414245548266
0 0.875625 0.7778819119025304 0.02 0.01499531396438613
0 0.49375 0.4175257731958763 0.02375 0.019681349578256794
0 0.221875 0.8645735707591378 0.02375 0.01499531396438613
0 0.54 0.35754451733833176 0.02125 0.03655107778819119
0 0.690625 0.338331771321462 0.0225 0.041237113402061855
0 0.5425 0.48828491096532334 0.02875 0.01874414245548266
0 0.109375 0.5487347703842549 0.02875 0.020618556701030927
0 0.468125 0.3345829428303655 0.0125 0.02155576382380506
0 0.199375 0.584817244611059 0.0775 0.04311152764761012
0 0.75625 0.35332708528584816 0.0325 0.016869728209934397
0 0.606875 0.5060918462980318 0.01875 0.00937207122774133
0 0.58875 0.28350515463917525 0.01375 0.011246485473289597
0 0.89375 0.711808809746954 0.01875 0.013120899718837863
0 0.336875 0.22914714151827553 0.01625 0.03280224929709466
0 0.098125 0.7455482661668229 0.02375 0.014058106841611996
0 0.213125 0.7333645735707591 0.01875 0.01499531396438613
0 0.678125 0.7436738519212746 0.02375 0.013120899718837863
0 0.409375 0.20337394564198688 0.045 0.01780693533270853
0 0.5175 0.6677600749765699 0.02 0.011246485473289597
0 0.23125 0.25164011246485474 0.0325 0.01499531396438613
0 0.046875 0.5604498594189316 0.02 0.016869728209934397
0 0.765625 0.6635426429240863 0.01875 0.014058106841611996
0 0.35875 0.20103092783505155 0.03 0.015932521087160263
0 0.151875 0.46485473289597 0.02125 0.01218369259606373
0 0.11125 0.6462043111527648 0.03125 0.020618556701030927
0 0.11625 0.8547328959700093 0.02 0.01499531396438613
0 0.759375 0.5613870665417057 0.0325 0.02155576382380506
0 0.745625 0.4639175257731959 0.065 0.05716963448922212
0 0.414375 0.8865979381443299 0.02 0.013120899718837863
0 0.575625 0.6883786316776007 0.025 0.022492970946579195
0 0.418125 0.48125585754451733 0.02 0.00937207122774133
0 0.30125 0.37300843486410495 0.03875 0.02717900656044986
0 0.158125 0.6279287722586692 0.06125 0.03467666354264293
0 0.118125 0.30178069353327086 0.00625 0.006560449859418931
0 0.110625 0.3045923149015933 0.00875 0.010309278350515464
0 0.1425 0.18416119962511715 0.01625 0.008434864104967198
0 0.11125 0.17291471415182755 0.01625 0.005623242736644799
0 0.111875 0.1668228678537957 0.015 0.005623242736644799
0 0.023125 0.14948453608247422 0.0175 0.010309278350515464
0 0.5625 0.29896907216494845 0.01625 0.030927835051546393
0 0.546875 0.29896907216494845 0.01875 0.03280224929709466
0 0.598125 0.28256794751640113 0.00625 0.00937207122774133
0 0.699375 0.33786316776007497 0.01625 0.04311152764761012
0 0.89125 0.27413308341143394 0.0175 0.01218369259606373
0 0.93125 0.27507029053420806 0.0175 0.00937207122774133
0 0.913125 0.4175257731958763 0.01375 0.01218369259606373
0 0.945 0.5304592314901593 0.11 0.04592314901593252
0 0.949375 0.5407685098406748 0.10125 0.04311152764761012
0 0.955 0.5520149953139644 0.09 0.04217432052483599
0 0.909375 0.5918462980318651 0.0575 0.013120899718837863
0 0.944375 0.604967197750703 0.05875 0.013120899718837863
0 0.7375 0.5820056232427366 0.0175 0.00937207122774133
0 0.561875 0.8369259606373008 0.01875 0.010309278350515464
0 0.51375 0.8908153701968134 0.04125 0.04967197750702906
0 0.379375 0.8008434864104967 0.03875 0.04779756326148079
0 0.316875 0.7970946579194002 0.01875 0.011246485473289597
0 0.4475 0.683223992502343 0.02375 0.01780693533270853
0 0.578125 0.683223992502343 0.03 0.02436738519212746
0 0.58875 0.6710402999062793 0.01875 0.010309278350515464
0 0.269375 0.6752577319587629 0.015 0.02530459231490159
0 0.27875 0.6733833177132146 0.025 0.038425492033739454
0 0.18 0.6499531396438613 0.05625 0.033739456419868794
0 0.23375 0.6101218369259607 0.02625 0.010309278350515464
0 0.3 0.5998125585754451 0.0325 0.00937207122774133
0 0.298125 0.5829428303655108 0.01625 0.023430178069353328
0 0.26875 0.584348641049672 0.04125 0.03280224929709466
0 0.264375 0.5552952202436738 0.01875 0.01218369259606373
0 0.25125 0.5276476101218369 0.0775 0.061855670103092786
0 0.400625 0.4943767572633552 0.01875 0.00937207122774133
0 0.229375 0.4835988753514527 0.02625 0.01874414245548266
0 0.495625 0.5787253983130272 0.01625 0.00937207122774133
0 0.511875 0.5688847235238987 0.0225 0.01874414245548266
0 0.510625 0.5581068416119962 0.03875 0.028116213683223992
0 0.52875 0.5370196813495782 0.0175 0.008434864104967198
0 0.49625 0.5379568884723523 0.0475 0.01780693533270853
0 0.636875 0.45454545454545453 0.0125 0.00937207122774133
0 0.2925 0.3584817244611059 0.045 0.015932521087160263
0 0.27125 0.34817244611059045 0.04625 0.014058106841611996
0 0.351875 0.23336457357075913 0.015 0.04029990627928772
0 0.603125 0.18228678537956888 0.02625 0.007497656982193065
0 0.03125 0.556232427366448 0.01125 0.007497656982193065
0 0.06875 0.5651358950328023 0.01875 0.007497656982193065
0 0.055625 0.5740393626991566 0.0175 0.008434864104967198
0 0.52625 0.3584817244611059 0.02 0.030927835051546393
0 0.456875 0.33505154639175255 0.01 0.019681349578256794
0 0.49 0.415651358950328 0.0175 0.014058106841611996
0 0.539375 0.4835988753514527 0.02375 0.01874414245548266
0 0.764375 0.5581068416119962 0.02875 0.020618556701030927
0 0.08875 0.4044048734770384 0.035 0.04967197750702906
0 0.78125 0.49765698219306465 0.02875 0.12371134020618557
0 0.790625 0.4967197750702905 0.03125 0.12371134020618557
0 0.80375 0.49812558575445176 0.0225 0.10309278350515463