0 0.89625 0.5609184629803187 0.06625 0.05716963448922212
0 0.113125 0.3598875351452671 0.06375 0.05060918462980318
0 0.58375 0.19728209934395502 0.065 0.04311152764761012
0 0.1375 0.41705716963448924 0.055 0.04217432052483599
0 0.42 0.7141518275538894 0.0725 0.08341143392689784
0 0.87625 0.662605435801312 0.04375 0.04311152764761012
0 0.833125 0.6911902530459232 0.04875 0.03561387066541706
0 0.774375 0.8697282099343955 0.045 0.03280224929709466
0 0.375625 0.3959700093720712 0.0475 0.03936269915651359
0 0.25625 0.33598875351452673 0.04375 0.03280224929709466
0 0.96875 0.6091846298031866 0.04875 0.056232427366447985
0 0.920625 0.6986879100281163 0.05125 0.03561387066541706
0 0.176875 0.28116213683223995 0.04375 0.05435801312089972
0 0.928125 0.9034676663542643 0.04125 0.03467666354264293
0 0.87875 0.2647610121836926 0.0675 0.03561387066541706
0 0.413125 0.6682286785379569 0.0575 0.061855670103092786
0 0.285625 0.31537019681349576 0.03625 0.044048734770384255
0 0.8075 0.49203373945641987 0.05375 0.03748828491096532
0 0.979375 0.668697282099344 0.035 0.04873477038425492
0 0.101875 0.1640112464854733 0.02375 0.010309278350515464
0 0.01 0.1949390815370197 0.00625 0.011246485473289597
0 0.345625 0.24835988753514526 0.015 0.013120899718837863
0 0.663125 0.225398313027179 0.03625 0.019681349578256794
0 0.2975 0.492970946579194 0.0175 0.016869728209934397
0 0.101875 0.528116213683224 0.0275 0.01499531396438613
0 0.77375 0.36035613870665417 0.0375 0.01874414245548266
0 0.01 0.8069353327085286 0.02 0.01499531396438613
0 0.86125 0.7863167760074976 0.03375 0.02436738519212746
0 0.85125 0.8716026241799437 0.0175 0.013120899718837863
0 0.935625 0.817244611059044 0.01875 0.01499531396438613
0 0.7725 0.25679475164011245 0.03375 0.01874414245548266
0 0.960625 0.24461105904404873 0.035 0.011246485473289597
0 0.920625 0.3430178069353327 0.02875 0.01874414245548266
0 0.804375 0.4498594189315839 0.0675 0.041237113402061855
0 0.725 0.5037488284910965 0.085 0.028116213683223992
0 0.368125 0.5079662605435802 0.02625 0.007497656982193065
0 0.393125 0.4793814432989691 0.0325 0.059044048734770385
1 0.57 0.49203373945641987 0.325 0.041237113402061855
1 0.339375 0.5229615745079662 0.33625 0.04311152764761012
1 0.08625 0.5346766635426429 0.1725 0.03467666354264293
0 0.279375 0.46344892221180883 0.04125 0.05060918462980318
0 0.28125 0.44048734770384257 0.035 0.04873477038425492
0 0.30875 0.48828491096532334 0.03625 0.05060918462980318
0 0.31125 0.7450796626054358 0.0575 0.07872539831302718
0 0.509375 0.8462980318650422 0.05375 0.056232427366447985
0 0.185 0.2769447047797563 0.03375 0.03467666354264293
0 0.751875 0.6635426429240863 0.02 0.01780693533270853