0 0.10875 0.5763823805060918 0.07 0.059044048734770385
0 0.87625 0.344892221180881 0.0675 0.05248359887535145
0 0.395 0.20103092783505155 0.0675 0.04498594189315839
0 0.85625 0.4029990627928772 0.0575 0.044048734770384255
0 0.595 0.7108716026241799 0.07875 0.08622305529522024
0 0.135625 0.6771321462043112 0.04625 0.044048734770384255
0 0.180625 0.703842549203374 0.05 0.03748828491096532
0 0.251875 0.880037488284911 0.04625 0.033739456419868794
0 0.616875 0.39128397375820057 0.05 0.04029990627928772
0 0.731875 0.32661668228678536 0.045 0.033739456419868794
0 0.039375 0.627460168697282 0.0525 0.05810684161199625
0 0.09375 0.7146204311152765 0.0525 0.03748828491096532
0 0.8075 0.2689784442361762 0.0475 0.056232427366447985
0 0.100625 0.9194001874414246 0.04375 0.03655107778819119
0 0.105625 0.2802249297094658 0.06875 0.038425492033739454
0 0.59875 0.6644798500468604 0.06125 0.06466729147141519
0 0.70125 0.30740393626991563 0.03875 0.04592314901593252
0 0.191875 0.5037488284910965 0.05625 0.03936269915651359
0 0.033125 0.6874414245548266 0.03875 0.05060918462980318
0 0.87375 0.1485473289597001 0.025 0.011246485473289597
0 0.968125 0.17619493908153702 0.0075 0.011246485473289597
0 0.63625 0.2422680412371134 0.01625 0.014058106841611996
0 0.318125 0.23195876288659795 0.0375 0.020618556701030927
0 0.701875 0.48500468603561386 0.01875 0.01780693533270853
0 0.899375 0.5121836925960638 0.02875 0.015932521087160263
0 0.216875 0.3716026241799438 0.03875 0.019681349578256794
0 0.159375 0.8003748828491096 0.035 0.026241799437675725
0 0.175 0.8847235238987816 0.01875 0.014058106841611996
0 0.086875 0.8341143392689785 0.02 0.015932521087160263
0 0.210625 0.26804123711340205 0.035 0.019681349578256794
0 0.021875 0.26288659793814434 0.035 0.013120899718837863
0 0.069375 0.3598875351452671 0.03 0.019681349578256794
0 0.1925 0.4620431115276476 0.07 0.044048734770384255
0 0.275625 0.5126522961574508 0.0875 0.030927835051546393
0 0.6325 0.5028116213683224 0.02625 0.00937207122774133
0 0.605 0.4751640112464855 0.03625 0.05998125585754452
1 0.429375 0.4948453608247423 0.32625 0.053420805998125584
1 0.661875 0.5164011246485474 0.3375 0.056232427366447985
1 0.914375 0.5182755388940956 0.17125 0.041237113402061855
0 0.718125 0.4550140581068416 0.045 0.05154639175257732
0 0.71375 0.4320524835988753 0.03875 0.05060918462980318
0 0.690625 0.48078725398313027 0.03875 0.05154639175257732
0 0.705625 0.7375820056232427 0.0625 0.08059981255857544
0 0.515 0.8462980318650422 0.0575 0.05810684161199625
0 0.799375 0.26522961574507964 0.03625 0.03655107778819119
0 0.259375 0.6729147141518276 0.02125 0.01874414245548266