0 0.6275 0.514526710402999 0.0975 0.09184629803186505
0 0.783125 0.9329896907216495 0.06 0.053420805998125584
0 0.378125 0.3336457357075914 0.08 0.06373008434864105
0 0.695625 0.7193064667291471 0.0525 0.044048734770384255
0 0.51625 0.11715089034676664 0.075 0.06279287722586692
0 0.69 0.48219306466729145 0.02375 0.020618556701030927
0 0.736875 0.5880974695407685 0.02125 0.028116213683223992
0 0.72875 0.8589503280224929 0.0225 0.016869728209934397
0 0.06625 0.7830365510777882 0.04875 0.04029990627928772
0 0.444375 0.23992502343017807 0.04875 0.05060918462980318
0 0.543125 0.29053420805998126 0.01375 0.01780693533270853
0 0.049375 0.4784442361761949 0.09875 0.08153701968134958
0 0.1625 0.06232427366447985 0.075 0.06560449859418932
0 0.714375 0.676194939081537 0.02125 0.014058106841611996
0 0.0275 0.45829428303655106 0.045 0.02999062792877226
0 0.046875 0.4311152764761012 0.09375 0.11246485473289597
0 0.02875 0.3959700093720712 0.04 0.06466729147141519
0 0.009375 0.37488284910965325 0.01875 0.05248359887535145
0 0.303125 0.24414245548266167 0.04625 0.044048734770384255
0 0.279375 0.07122774133083412 0.04375 0.04311152764761012
0 0.36875 0.11996251171508904 0.01875 0.014058106841611996
0 0.48 0.2736644798500469 0.0175 0.015932521087160263
0 0.65 0.2450796626054358 0.01625 0.01874414245548266
0 0.578125 0.15042174320524837 0.04625 0.041237113402061855
0 0.455625 0.28631677600749766 0.01875 0.013120899718837863
0 0.4875 0.2980318650421743 0.0475 0.029053420805998126
0 0.515625 0.323805060918463 0.02625 0.031865042174320526
0 0.485625 0.34910965323336457 0.025 0.015932521087160263
0 0.454375 0.3514526710402999 0.045 0.02530459231490159
0 0.455 0.31021555763823805 0.115 0.07122774133083412
0 0.355 0.43064667291471415 0.0225 0.013120899718837863
0 0.531875 0.5159325210871603 0.02625 0.03936269915651359
0 0.739375 0.5791940018744143 0.0175 0.022492970946579195
0 0.759375 0.6804123711340206 0.0125 0.02155576382380506
0 0.413125 0.9522024367385192 0.02375 0.01874414245548266
0 0.39375 0.9840674789128397 0.04 0.031865042174320526
0 0.30375 0.5731021555763823 0.0375 0.02999062792877226
0 0.330625 0.6030927835051546 0.04125 0.07403936269915651
0 0.35125 0.6110590440487348 0.02875 0.031865042174320526
0 0.2925 0.633552014995314 0.035 0.059044048734770385
0 0.310625 0.634020618556701 0.0325 0.05435801312089972
0 0.3525 0.6396438612933458 0.03375 0.016869728209934397
1 0.50625 0.6101218369259607 0.11375 0.17150890346766634
1 0.410625 0.5445173383317713 0.24375 0.19775070290534208
1 0.44375 0.49109653233364575 0.225 0.14245548266166824
1 0.573125 0.43673851921274603 0.1725 0.24554826616682288
1 0.43875 0.40581068416119964 0.215 0.14058106841611998
0 0.553125 0.2867853795688847 0.01375 0.015932521087160263
0 0.0675 0.8163074039362699 0.05125 0.08528584817244611
0 0.08625 0.9100281162136832 0.06 0.09090909090909091
0 0.086875 0.8776944704779757 0.04375 0.038425492033739454