0 0.3725 0.5164011246485474 0.09625 0.09090909090909091
0 0.226875 0.936269915651359 0.05875 0.05248359887535145
0 0.6175 0.3322399250234302 0.07875 0.06373008434864105
0 0.309375 0.7221180880974696 0.05125 0.044048734770384255
0 0.475 0.11715089034676664 0.07375 0.061855670103092786
0 0.31 0.4845360824742268 0.02375 0.020618556701030927
0 0.265 0.5913776944704779 0.02 0.02717900656044986
0 0.279375 0.8617619493908154 0.0225 0.016869728209934397
0 0.94 0.7774133083411434 0.04875 0.03936269915651359
0 0.55 0.23898781630740393 0.0475 0.04967197750702906
0 0.4525 0.2914714151827554 0.0125 0.01780693533270853
0 0.950625 0.4723523898781631 0.09875 0.08059981255857544
0 0.8275 0.05810684161199625 0.07375 0.06466729147141519
0 0.289375 0.6790065604498594 0.02125 0.014058106841611996
0 0.97125 0.45220243673851923 0.04375 0.029053420805998126
0 0.9525 0.4250234301780694 0.095 0.11152764761012184
0 0.96875 0.3898781630740394 0.03875 0.06466729147141519
0 0.98875 0.3683223992502343 0.0225 0.05248359887535145
0 0.69125 0.24133083411433928 0.04625 0.04311152764761012
0 0.710625 0.06841611996251172 0.0425 0.04217432052483599
0 0.621875 0.11855670103092783 0.01875 0.014058106841611996
0 0.514375 0.2736644798500469 0.01625 0.015932521087160263
0 0.344375 0.24695407685098406 0.01625 0.01874414245548266
0 0.41375 0.15182755388940955 0.04625 0.041237113402061855
0 0.539375 0.2858481724461106 0.01875 0.013120899718837863
0 0.5075 0.29756326148078727 0.0475 0.028116213683223992
0 0.48 0.323805060918463 0.025 0.031865042174320526
0 0.51125 0.34910965323336457 0.02375 0.01499531396438613
0 0.541875 0.35098406747891286 0.045 0.02530459231490159
0 0.540625 0.309746954076851 0.11375 0.07029053420805999
0 0.643125 0.4287722586691659 0.02125 0.013120899718837863
0 0.46875 0.5164011246485474 0.025 0.03936269915651359
0 0.2625 0.5820056232427366 0.0175 0.022492970946579195
0 0.244375 0.6836925960637301 0.0125 0.02155576382380506
0 0.5975 0.950796626054358 0.02375 0.01874414245548266
0 0.6175 0.9831302717900656 0.04 0.030927835051546393
0 0.698125 0.57029053420806 0.03625 0.029053420805998126
0 0.671875 0.6007497656982193 0.03875 0.07403936269915651
0 0.65125 0.6091846298031866 0.0275 0.030927835051546393
0 0.710625 0.6307403936269915 0.03375 0.059044048734770385
0 0.6925 0.6316776007497656 0.03125 0.05435801312089972
0 0.650625 0.6377694470477976 0.03375 0.015932521087160263
1 0.49625 0.6101218369259607 0.11125 0.17057169634489222
1 0.590625 0.5431115276476102 0.24 0.1949390815370197
1 0.55625 0.4906279287722587 0.2225 0.13964386129334583
1 0.425 0.43767572633552015 0.16625 0.24461105904404873
1 0.55875 0.40487347703842547 0.2125 0.13776944704779756
0 0.441875 0.28772258669165884 0.01375 0.015932521087160263
0 0.94 0.8106841611996252 0.04875 0.08528584817244611
0 0.923125 0.9044048734770385 0.0575 0.09090909090909091
0 0.921875 0.8720712277413308 0.04375 0.038425492033739454