0 0.624375 0.5262417994376757 0.085 0.08434864104967198
0 0.710625 0.9554826616682287 0.0525 0.04873477038425492
0 0.40625 0.323805060918463 0.07125 0.05810684161199625
0 0.65875 0.7357075913776945 0.04625 0.04029990627928772
0 0.578125 0.12136832239925023 0.06625 0.05716963448922212
0 0.69125 0.49953139643861294 0.02125 0.01874414245548266
0 0.720925 0.6092877225866917 0.01685000000000002 0.026326148078725322
0 0.66875 0.8772258669165885 0.02 0.01499531396438613
0 0.02375 0.7413308341143393 0.04375 0.03655107778819119
0 0.486875 0.2366447985004686 0.04125 0.046860356138706656
0 0.5765250000000001 0.2962417994376757 0.010550000000000068 0.01704779756326153
0 0.05 0.43668228678537957 0.1 0.07321462043111528
0 0.236225 0.03467666354264293 0.06630000000000003 0.05998125585754452
0 0.684375 0.6944704779756327 0.02 0.01218369259606373
0 0.0380375 0.4154920337394564 0.0407 0.02644798500468606
0 0.050275 0.3896251171508904 0.10055 0.1043767572633552
0 0.04915 0.3537113402061856 0.029599999999999994 0.06240862230552955
0 0.019950000000000002 0.32978444236176196 0.039900000000000005 0.04930646672914715
0 0.3461 0.22790065604498597 0.040224999999999934 0.04054358013120902
0 0.35072499999999995 0.05436738519212746 0.037437500000000054 0.03987816307403936
0 0.4317375 0.11093720712277413 0.017074999999999962 0.012783505154639163
0 0.5171625 0.2737113402061856 0.014775000000000062 0.014864104967197764
0 0.6900499999999999 0.2605154639175258 0.013362500000000069 0.01761949390815366
0 0.634275 0.16039362699156512 0.0407875 0.03811621368322401
0 0.4908875 0.2838894095595127 0.01677499999999995 0.012014995313964433
0 0.5205625 0.29829428303655103 0.04416250000000005 0.024854732895969994
0 0.54415 0.32653233364573575 0.02133750000000006 0.029999999999999992
0 0.5101 0.348912839737582 0.022412499999999936 0.013617619493908129
0 0.4790875 0.34848172446110587 0.04182500000000004 0.02189315838800376
0 0.48613750000000006 0.3077132146204311 0.10617499999999992 0.06193064667291475
0 0.367425 0.41781630740393627 0.020150000000000005 0.011640112464854694
0 0.5289375 0.518659793814433 0.019825000000000016 0.037591377694470386
0 0.7246875 0.6003936269915652 0.014025000000000034 0.021340206185566993
0 0.7283 0.7028022492970947 0.00907499999999999 0.021321462043111528
0 0.3404 0.9407216494845361 0.020887500000000045 0.017338331771321464
0 0.315475 0.9713776944704781 0.035725000000000014 0.028444236176194855
0 0.293225 0.5544704779756326 0.03307499999999997 0.027066541705717064
0 0.3153 0.5868322399250234 0.02932500000000001 0.07182755388940966
0 0.3345125 0.5968228678537957 0.023612499999999984 0.029606373008434786
0 0.2725 0.6136457357075914 0.025887499999999973 0.05698219306466725
0 0.290375 0.6159325210871603 0.023612499999999984 0.052980318650421715
0 0.3310875 0.6250609184629804 0.0319875 0.013617619493908129
1 0.4885875 0.6099718837863168 0.08821249999999992 0.16490159325210876
1 0.40399999999999997 0.5359325210871603 0.216725 0.17881911902530456
1 0.4455625 0.486194939081537 0.20652500000000004 0.12452671040299901
1 0.5831375 0.44397375820056234 0.1347 0.23544517338331775
1 0.454575 0.4009559512652296 0.19640000000000002 0.12319587628865973
0 0.5875374999999999 0.2933645735707591 0.01198750000000004 0.015229615745079663
0 0.0189875 0.77456419868791 0.037975 0.08261480787253991
0 0.022949999999999998 0.8691846298031864 0.045899999999999996 0.08760074976569825
0 0.0287125 0.8369728209934395 0.0387875 0.035585754451733856