0 0.858125 0.4732895970009372 0.11125 0.08434864104967198
0 0.915 0.40487347703842547 0.11375 0.07591377694470477
0 0.964375 0.5173383317713215 0.06625 0.05810684161199625
0 0.47625 0.4906279287722587 0.07 0.1021555763823805
0 0.965625 0.309746954076851 0.06875 0.04779756326148079
0 0.915 0.5023430178069354 0.0375 0.03936269915651359
0 0.795625 0.5552952202436738 0.0625 0.038425492033739454
0 0.628125 0.6447985004686035 0.0575 0.033739456419868794
0 0.580625 0.6921274601686973 0.06 0.022492970946579195
1 0.14875 0.6265229615745079 0.155 0.2211808809746954
0 0.095 0.41611996251171507 0.04375 0.038425492033739454
0 0.379375 0.5571696344892221 0.08 0.1077788191190253
1 0.400625 0.5815370196813496 0.115 0.15651358950328023
0 0.078125 0.5459231490159325 0.03875 0.041237113402061855
0 0.111875 0.43580131208997186 0.04 0.041237113402061855
0 0.826875 0.5726335520149953 0.0475 0.02999062792877226
0 0.5875 0.5787253983130272 0.045 0.07122774133083412
0 0.68875 0.5932521087160263 0.05375 0.029053420805998126
0 0.10375 0.33083411433926896 0.05 0.031865042174320526
0 0.705 0.5435801312089972 0.04375 0.06279287722586692
0 0.6525 0.394095595126523 0.04 0.09090909090909091
0 0.67625 0.6157450796626054 0.05625 0.030927835051546393
0 0.573125 0.42221180880974696 0.035 0.03936269915651359
1 0.200625 0.4006560449859419 0.06375 0.1696344892221181
0 0.33375 0.23195876288659795 0.1075 0.056232427366447985
0 0.09625 0.627460168697282 0.02875 0.031865042174320526
0 0.239375 0.2600749765698219 0.03 0.02155576382380506
0 0.17 0.4971883786316776 0.02125 0.02155576382380506
0 0.0625 0.3500468603561387 0.02 0.02155576382380506
0 0.046875 0.6213683223992502 0.03 0.030927835051546393
0 0.54625 0.6302717900656045 0.0375 0.02530459231490159
0 0.573125 0.6630740393626992 0.0325 0.023430178069353328
0 0.61125 0.5440487347703843 0.01875 0.01218369259606373
0 0.738125 0.520618556701031 0.02875 0.016869728209934397
0 0.83875 0.5374882849109653 0.03875 0.01780693533270853
0 0.731875 0.6063730084348641 0.03125 0.028116213683223992
0 0.915625 0.6283973758200563 0.0325 0.01780693533270853
0 0.003125 0.7272727272727273 0.00625 0.013120899718837863
0 0.814375 0.6996251171508904 0.01 0.006560449859418931
0 0.979375 0.5716963448922212 0.02875 0.023430178069353328
0 0.98125 0.5487347703842549 0.0325 0.029053420805998126
0 0.746875 0.5571696344892221 0.01375 0.00937207122774133
0 0.729375 0.4550140581068416 0.03875 0.03561387066541706
0 0.724375 0.43345829428303656 0.03125 0.033739456419868794
0 0.72125 0.4133083411433927 0.03875 0.03655107778819119
0 0.63125 0.4442361761949391 0.01375 0.01218369259606373
0 0.61125 0.3716026241799438 0.0125 0.01218369259606373
0 0.526875 0.42127460168697284 0.01375 0.015932521087160263
0 0.863125 0.3692596063730084 0.0325 0.023430178069353328
0 0.85375 0.2755388940955951 0.03375 0.022492970946579195
0 0.8075 0.274601686972821 0.0425 0.09840674789128398
0 0.775625 0.2933458294283037 0.0225 0.031865042174320526
0 0.729375 0.26710402999062793 0.03625 0.02999062792877226
1 0.691875 0.29475164011246485 0.07875 0.14620431115276475
1 0.61375 0.3430178069353327 0.0975 0.19212746016869728
1 0.529375 0.38191190253045926 0.13875 0.20899718837863168
0 0.16625 0.30740393626991563 0.025 0.01874414245548266
0 0.071875 0.3158388003748828 0.0225 0.01780693533270853
0 0.061875 0.2830365510777882 0.0225 0.016869728209934397
0 0.04 0.27085285848172447 0.015 0.016869728209934397
0 0.236875 0.3303655107778819 0.01625 0.01874414245548266
0 0.235625 0.3500468603561387 0.01625 0.019681349578256794
0 0.05 0.49109653233364575 0.0225 0.020618556701030927
0 0.051875 0.4704779756326148 0.02 0.022492970946579195
0 0.001875 0.49531396438612935 0.00375 0.008434864104967198
0 0.015 0.4793814432989691 0.00875 0.007497656982193065
0 0.060625 0.5660731021555764 0.03625 0.026241799437675725
0 0.0525 0.6396438612933458 0.015 0.014058106841611996
0 0.07125 0.6241799437675727 0.02375 0.03561387066541706
0 0.068125 0.7483598875351453 0.03625 0.02530459231490159
0 0.114375 0.6944704779756327 0.01125 0.00937207122774133
0 0.3375 0.6902530459231491 0.025 0.013120899718837863
0 0.560625 0.6157450796626054 0.0125 0.007497656982193065
0 0.4775 0.6429240862230553 0.0125 0.007497656982193065