0 0.140625 0.4878163074039363 0.11625 0.08809746954076851
0 0.07875 0.4217432052483599 0.1175 0.07966260543580131
0 0.0375 0.5356138706654171 0.06875 0.05998125585754452
0 0.523125 0.4896907216494845 0.07625 0.10309278350515463
0 0.02875 0.3280224929709466 0.0575 0.05060918462980318
0 0.085625 0.5187441424554826 0.04 0.04029990627928772
0 0.20875 0.5665417057169635 0.065 0.04029990627928772
0 0.3825 0.6499531396438613 0.06 0.03561387066541706
0 0.433125 0.6949390815370197 0.06 0.02436738519212746
1 0.859375 0.612464854732896 0.16875 0.22399250234301782
0 0.89875 0.4001874414245548 0.04625 0.04029990627928772
0 0.624375 0.5524835988753515 0.08625 0.10965323336457357
1 0.605 0.5773195876288659 0.125 0.1583880037488285
0 0.924375 0.5295220243673852 0.04125 0.04217432052483599
0 0.883125 0.4208059981255858 0.0425 0.04217432052483599
0 0.17875 0.5852858481724461 0.04875 0.031865042174320526
0 0.418125 0.5820056232427366 0.04875 0.07216494845360824
0 0.318125 0.6007497656982193 0.055 0.030927835051546393
0 0.88375 0.31537019681349576 0.0525 0.033739456419868794
0 0.298125 0.5515463917525774 0.0475 0.06373008434864105
0 0.34 0.4001874414245548 0.045 0.09090909090909091
0 0.331875 0.6223055295220243 0.0575 0.03280224929709466
0 0.42125 0.4250234301780694 0.0375 0.04029990627928772
1 0.791875 0.3889409559512652 0.075 0.1696344892221181
0 0.6475 0.22586691658856609 0.11 0.059044048734770385
0 0.911875 0.6115276476101218 0.03 0.03280224929709466
0 0.743125 0.25023430178069356 0.03125 0.022492970946579195
0 0.829375 0.48406747891283974 0.0225 0.02155576382380506
0 0.926875 0.3331771321462043 0.02125 0.02155576382380506
0 0.96125 0.6035613870665417 0.03125 0.031865042174320526
0 0.463125 0.6321462043111528 0.03875 0.026241799437675725
0 0.438125 0.6654170571696345 0.0325 0.02436738519212746
0 0.391875 0.5487347703842549 0.02 0.01218369259606373
0 0.26375 0.5299906279287723 0.02875 0.01780693533270853
0 0.164375 0.5506091846298032 0.04 0.019681349578256794
0 0.27625 0.6157450796626054 0.0325 0.029053420805998126
0 0.09375 0.6447985004686035 0.03375 0.01874414245548266
0 0.2 0.711808809746954 0.01 0.006560449859418931
0 0.02625 0.5904404873477038 0.03 0.02436738519212746
0 0.0225 0.5674789128397376 0.035 0.02999062792877226
0 0.2575 0.5665417057169635 0.01375 0.00937207122774133
0 0.268125 0.4639175257731959 0.04 0.03655107778819119
0 0.27125 0.4423617619493908 0.0325 0.03467666354264293
0 0.273125 0.4217432052483599 0.04125 0.03748828491096532
0 0.365 0.4493908153701968 0.015 0.013120899718837863
0 0.379375 0.37582005623242737 0.01375 0.013120899718837863
0 0.468125 0.422680412371134 0.015 0.015932521087160263
0 0.128125 0.38331771321462044 0.03375 0.02436738519212746
0 0.130625 0.2900656044985942 0.035 0.023430178069353328
0 0.176875 0.2872539831302718 0.04875 0.09840674789128398
0 0.210625 0.30412371134020616 0.025 0.031865042174320526
0 0.254375 0.27647610121836924 0.0375 0.030927835051546393
1 0.294375 0.302717900656045 0.0875 0.1471415182755389
1 0.375 0.3477038425492034 0.11 0.19400187441424555
1 0.4625 0.38331771321462044 0.15125 0.21180880974695407
0 0.82 0.2942830365510778 0.02625 0.019681349578256794
0 0.914375 0.2994376757263355 0.02375 0.01874414245548266
0 0.9225 0.2661668228678538 0.02375 0.01780693533270853
0 0.943125 0.2530459231490159 0.01625 0.016869728209934397
0 0.750625 0.32052483598875353 0.0175 0.01874414245548266
0 0.75375 0.33973758200562326 0.0175 0.019681349578256794
0 0.94875 0.47375820056232426 0.02375 0.02155576382380506
0 0.945 0.4526710402999063 0.02125 0.023430178069353328
0 0.9975 0.47563261480787256 0.005 0.008434864104967198
0 0.983125 0.4606373008434864 0.00875 0.007497656982193065
0 0.943125 0.5487347703842549 0.0375 0.02717900656044986
0 0.95625 0.6218369259606373 0.01625 0.01499531396438613
0 0.936875 0.6073102155576382 0.02625 0.03655107778819119
0 0.94875 0.7310215557638238 0.0375 0.026241799437675725
0 0.898125 0.6794751640112465 0.01125 0.010309278350515464
0 0.675625 0.683223992502343 0.025 0.014058106841611996
0 0.4475 0.6180880974695407 0.0125 0.008434864104967198
0 0.5325 0.6419868791002812 0.0125 0.008434864104967198