0 0.85125 0.44095595126522963 0.1 0.07591377694470477
0 0.896775 0.36785379568884724 0.10372500000000003 0.06680412371134017
0 0.96375 0.4746954076850984 0.0575 0.053420805998125584
0 0.475 0.492970946579194 0.055 0.09746954076850985
0 0.9375 0.26804123711340205 0.075 0.041237113402061855
0 0.912175 0.46434864104967194 0.031974999999999906 0.03691658856607309
0 0.8025 0.5276476101218369 0.0575 0.033739456419868794
0 0.650625 0.6321462043111528 0.05375 0.029053420805998126
0 0.6110125 0.6834395501405811 0.05703749999999999 0.01730084348641053
1 0.1720625 0.6577600749765699 0.12170000000000002 0.2115651358950328
0 0.084375 0.4536082474226804 0.03875 0.03561387066541706
0 0.389375 0.5679475164011246 0.06375 0.10309278350515463
1 0.414375 0.5899718837863168 0.09125 0.14901593252108716
0 0.08875 0.584348641049672 0.0325 0.038425492033739454
0 0.104375 0.471883786316776 0.03375 0.038425492033739454
0 0.83635 0.542211808809747 0.04328750000000014 0.02667291471415186
0 0.599375 0.57029053420806 0.03375 0.06841611996251172
0 0.7025 0.5754451733833177 0.05 0.02436738519212746
0 0.079375 0.3683223992502343 0.04625 0.028116213683223992
0 0.7105374999999999 0.5244423617619495 0.03392500000000012 0.059934395501405856
0 0.6342749999999999 0.3810965323336457 0.025237499999999996 0.08923149015932524
0 0.6938500000000001 0.5986691658856607 0.0527000000000001 0.026654170571696396
0 0.5601375000000001 0.41591377694470477 0.02915000000000006 0.037338331771321495
1 0.1868125 0.42876288659793815 0.03671250000000001 0.16713214620431113
0 0.291275 0.24939081537019683 0.10039999999999999 0.047000937207122756
0 0.1201 0.6632895970009373 0.02366250000000001 0.030262417994376723
0 0.2025 0.2858481724461106 0.0275 0.01874414245548266
0 0.171875 0.5271790065604499 0.01875 0.019681349578256794
0 0.04125 0.39128397375820057 0.0175 0.019681349578256794
0 0.07 0.6620149953139643 0.025 0.02880974695407686
0 0.566875 0.6251171508903468 0.03375 0.022492970946579195
0 0.5992875 0.6550421743205248 0.02875 0.020618556701030927
0 0.6175 0.5337394564198688 0.0175 0.010309278350515464
0 0.739375 0.4985941893158388 0.02625 0.01499531396438613
0 0.8422125 0.5061668228678539 0.03692499999999996 0.014845360824742191
0 0.7474 0.584601686972821 0.027299999999999897 0.025810684161199592
0 0.9335875 0.5896438612933458 0.030674999999999956 0.015276476101218326
0 0.00625 0.6733833177132146 0.0125 0.014058106841611996
0 0.036875 0.7722586691658857 0.01875 0.011246485473289597
0 0.025 0.7502343017806935 0.02 0.01218369259606373
0 0.00375 0.7446110590440488 0.0075 0.01780693533270853
0 0.8447499999999999 0.6694095595126522 0.008987500000000068 0.005679475164011195
0 0.9875 0.5271790065604499 0.025 0.02155576382380506
0 0.9856374999999999 0.5044985941893158 0.02872500000000002 0.026532333645735658
0 0.7541 0.5341237113402062 0.012475000000000023 0.00789128397375827
0 0.7201125 0.43446110590440484 0.033400000000000034 0.03293345829428302
0 0.712125 0.41334582942830367 0.0261375000000001 0.03162136832239926
0 0.7054375 0.39352389878163074 0.03368750000000006 0.03334582942830369
0 0.6211875 0.43282099343955016 0.0121875 0.011396438612933428
0 0.5898 0.3622492970946579 0.011025000000000063 0.011715089034676664
0 0.5136875 0.4196344892221181 0.011612499999999954 0.01451733833177133
0 0.839075 0.33687910028116214 0.02903750000000002 0.021162136832239963
0 0.8148125 0.24507029053420806 0.030487500000000126 0.019634489222118103
0 0.768775 0.2483411433926898 0.02728749999999991 0.09629803186504217
0 0.739725 0.26955951265229616 0.01802500000000009 0.03032802249297096
0 0.6900375 0.2478912839737582 0.03194999999999993 0.027488284910965336
1 0.656925 0.27890346766635427 0.055787500000000066 0.14192127460168696
1 0.5874875 0.3336269915651359 0.06799999999999998 0.18756326148078725
1 0.51005 0.38000937207122776 0.10661249999999996 0.20108716026241794
0 0.1373625 0.3391471415182755 0.022662499999999995 0.016841611996251196
0 0.045250000000000005 0.3563355201499531 0.02035 0.01607310215557636
0 0.0296625 0.3245735707591378 0.0200875 0.01507966260543583
0 0.00625 0.31443298969072164 0.0125 0.015932521087160263
0 0.2115625 0.3556701030927835 0.013387499999999974 0.01735707591377693
0 0.212975 0.37537019681349576 0.013125 0.018191190253045893
0 0.051812500000000004 0.5325210871602625 0.019049999999999994 0.019175257731958797
0 0.050525 0.5114714151827554 0.016500000000000004 0.021480787253983197
0 0.0028499999999999997 0.5408247422680412 0.005699999999999999 0.007975632614807864
0 0.0152875 0.5239268978444236 0.007337500000000001 0.006616682286785329
0 0.0746125 0.6055857544517338 0.0321875 0.023242736644798458
0 0.07885 0.6795126522961574 0.013550000000000005 0.01317713214620426
0 0.09466250000000001 0.6623523898781631 0.018062499999999985 0.03468603561387066
0 0.1117625 0.7857357075913777 0.03303750000000001 0.022708528584817263
0 0.1491875 0.7284442361761949 0.009587499999999985 0.008940955951265196
0 0.36935 0.7035238987816307 0.0228125 0.011274601686972795
0 0.5790875 0.6094657919400187 0.011474999999999937 0.006738519212746068
0 0.500975 0.6440487347703843 0.011237500000000011 0.006897844423617526