0 0.94125 0.5749765698219307 0.0675 0.07029053420805999
0 0.850625 0.6724461105904405 0.08 0.044048734770384255
0 0.099375 0.25585754451733833 0.05625 0.04217432052483599
0 0.253125 0.38331771321462044 0.06875 0.061855670103092786
0 0.26 0.4901593252108716 0.0175 0.013120899718837863
0 0.918125 0.760543580131209 0.035 0.029053420805998126
0 0.893125 0.457825679475164 0.03125 0.05716963448922212
0 0.77125 0.8106841611996252 0.0325 0.028116213683223992
0 0.184375 0.35098406747891286 0.06625 0.056232427366447985
0 0.808125 0.3823805060918463 0.04375 0.041237113402061855
0 0.45875 0.6485473289597001 0.02125 0.01499531396438613
0 0.44875 0.7694470477975632 0.01875 0.01218369259606373
1 0.32625 0.53514526710403 0.25625 0.2099343955014058
0 0.3725 0.5393626991565136 0.0225 0.013120899718837863
0 0.678125 0.5173383317713215 0.02875 0.029053420805998126
0 0.683125 0.2633552014995314 0.0175 0.031865042174320526
0 0.2375 0.36457357075913777 0.0475 0.03936269915651359
0 0.161875 0.25679475164011245 0.035 0.030927835051546393
0 0.23875 0.27225866916588565 0.0175 0.011246485473289597
0 0.19125 0.13683223992502344 0.025 0.04498594189315839
0 0.0375 0.1387066541705717 0.0375 0.031865042174320526
0 0.05875 0.6462043111527648 0.015 0.01218369259606373
0 0.16375 0.5688847235238987 0.02125 0.014058106841611996
0 0.189375 0.5538894095595126 0.0325 0.03280224929709466
0 0.224375 0.5276476101218369 0.04 0.05810684161199625
0 0.438125 0.43486410496719774 0.01125 0.008434864104967198
0 0.44375 0.4484536082474227 0.0075 0.00937207122774133
0 0.491875 0.41611996251171507 0.01375 0.02999062792877226
0 0.451875 0.358950328022493 0.0125 0.05998125585754452
0 0.54625 0.5979381443298969 0.0125 0.010309278350515464
0 0.581875 0.5834114339268979 0.05875 0.053420805998125584
0 0.81375 0.5913776944704779 0.09625 0.04779756326148079
0 0.78125 0.5581068416119962 0.075 0.04029990627928772
0 0.991875 0.4044048734770384 0.01625 0.01218369259606373
0 0.98875 0.36363636363636365 0.01625 0.013120899718837863
0 0.895625 0.3444236176194939 0.0375 0.026241799437675725
0 0.91 0.26101218369259604 0.0375 0.030927835051546393
0 0.966875 0.14620431115276475 0.0375 0.03280224929709466
0 0.701875 0.16729147141518275 0.03375 0.03280224929709466
0 0.526875 0.06841611996251172 0.01875 0.014058106841611996
1 0.60125 0.24976569821930647 0.16125 0.07966260543580131
1 0.745 0.32005623242736647 0.1525 0.1733833177132146
1 0.585625 0.3753514526710403 0.25125 0.10871602624179943
1 0.5025 0.3781630740393627 0.105 0.12089971883786317
1 0.53 0.3983130271790066 0.17625 0.15651358950328023
1 0.560625 0.5398313027179007 0.2675 0.2099343955014058
1 0.40375 0.5042174320524836 0.1 0.1387066541705717