0 0.055625 0.5635613870665418 0.06375 0.06875351452671032
0 0.141875 0.6630740393626992 0.0775 0.04217432052483599
0 0.911875 0.2666354264292409 0.055 0.04029990627928772
0 0.752275 0.3899812558575445 0.06578750000000014 0.06009372071227742
0 0.740625 0.49625117150890347 0.0175 0.013120899718837863
0 0.07 0.7492970946579194 0.03375 0.028116213683223992
0 0.1087875 0.4477132146204311 0.028825000000000003 0.056176194939081485
0 0.214375 0.8031865042174321 0.03125 0.02717900656044986
0 0.8225 0.35941893158388005 0.06375 0.05435801312089972
0 0.197525 0.37447985004686035 0.04173749999999998 0.04014995313964389
0 0.534375 0.6494845360824743 0.02 0.014058106841611996
0 0.53875 0.7708528584817245 0.01875 0.011246485473289597
1 0.671875 0.5398313027179007 0.2475 0.20337394564198688
0 0.625625 0.542717900656045 0.0225 0.012333645735707667
0 0.32125 0.5126522961574508 0.0275 0.028116213683223992
0 0.328125 0.25866916588566075 0.01625 0.031865042174320526
0 0.7685375000000001 0.37152764761012186 0.046100000000000134 0.038331771321462024
0 0.849525 0.265651358950328 0.034149999999999923 0.030159325210871557
0 0.7718250000000001 0.27910965323336456 0.016712499999999863 0.010852858481724499
0 0.8253375 0.14526710402999063 0.022675000000000126 0.04479850046860357
0 0.9793375000000001 0.151087160262418 0.036274999999999974 0.03119962511715091
0 0.934125 0.657863167760075 0.013912500000000137 0.011986879100281128
0 0.832975 0.577825679475164 0.020149999999999862 0.013233364573570657
0 0.8079500000000001 0.5620899718837863 0.03157499999999999 0.03223992502343026
0 0.7742 0.5348453608247422 0.03758749999999992 0.056841611996251255
0 0.56515 0.4367291471415183 0.010799999999999983 0.00825679475164006
0 0.5584 0.44973758200562325 0.006850000000000023 0.009343955014058132
0 0.5120875 0.4163355201499532 0.011837500000000034 0.02942830365510776
0 0.5546625000000001 0.3604311152764761 0.009762499999999931 0.05964386129334582
0 0.4494625 0.5965042174320525 0.012049999999999983 0.0098125585754452
0 0.41415 0.5814058106841612 0.05691249999999996 0.051855670103092714
0 0.18188749999999998 0.5829053420805999 0.09441249999999998 0.044967197750702924
0 0.2159875 0.5509184629803187 0.072975 0.03847235238987812
0 0.012124999999999999 0.39174320524835987 0.015162500000000002 0.011686972820993465
0 0.01775 0.35090909090909095 0.016025 0.012820993439550094
0 0.11205 0.334348641049672 0.03616250000000001 0.025492033739456462
0 0.1013375 0.250253045923149 0.03594999999999999 0.029709465791940035
0 0.050012499999999994 0.1342642924086223 0.036375000000000005 0.032146204311152775
0 0.3139624999999999 0.16234301780693533 0.03247499999999999 0.032146204311152775
0 0.493 0.0680037488284911 0.01771249999999995 0.013992502343017812
1 0.410425 0.2470477975632615 0.15837500000000004 0.07511715089034675
1 0.26377500000000004 0.31380506091846294 0.14418749999999997 0.16998125585754453
1 0.420275 0.3731771321462043 0.24697500000000006 0.102464854732896
1 0.503375 0.3782755388940956 0.09931250000000005 0.11831302717900657
1 0.4745625 0.3978163074039363 0.16908749999999997 0.15218369259606374
1 0.43735 0.5382193064667291 0.25856250000000003 0.20373945641986874
1 0.596025 0.5069072164948454 0.09410000000000003 0.13633552014995318