0 0.056875 0.5693533270852859 0.065 0.06935332708528585
0 0.145625 0.6677600749765699 0.07875 0.04311152764761012
0 0.90625 0.2614807872539831 0.05625 0.041237113402061855
0 0.749375 0.3865979381443299 0.0675 0.06091846298031865
0 0.740625 0.492970946579194 0.0175 0.013120899718837863
0 0.075625 0.7549203373945642 0.035 0.028116213683223992
0 0.1075 0.4526710402999063 0.03 0.056232427366447985
0 0.22125 0.8069353327085286 0.0325 0.02717900656044986
0 0.819375 0.35520149953139646 0.065 0.05529522024367385
0 0.194375 0.3786316776007498 0.0425 0.04029990627928772
0 0.538125 0.6490159325210871 0.02 0.014058106841611996
0 0.545 0.7703842549203374 0.01875 0.011246485473289597
1 0.6725 0.5374882849109653 0.2525 0.20618556701030927
0 0.626875 0.5412371134020618 0.0225 0.01218369259606373
0 0.321875 0.5149953139643861 0.02875 0.028116213683223992
0 0.3225 0.26101218369259604 0.0175 0.031865042174320526
0 0.765625 0.36785379568884724 0.0475 0.03936269915651359
0 0.84375 0.26101218369259604 0.035 0.030927835051546393
0 0.766875 0.2755388940955951 0.0175 0.011246485473289597
0 0.816875 0.14104967197750704 0.02375 0.04498594189315839
0 0.97125 0.14479850046860357 0.0375 0.031865042174320526
0 0.9375 0.6522961574507966 0.01375 0.01218369259606373
0 0.835 0.5735707591377694 0.02 0.013120899718837863
0 0.809375 0.5581068416119962 0.0325 0.03280224929709466
0 0.775 0.5313964386129335 0.03875 0.05716963448922212
0 0.56375 0.43580131208997186 0.01125 0.008434864104967198
0 0.5575 0.44892221180880976 0.0075 0.00937207122774133
0 0.51 0.41611996251171507 0.0125 0.02999062792877226
0 0.55125 0.3598875351452671 0.01125 0.05998125585754452
0 0.451875 0.5970009372071228 0.0125 0.010309278350515464
0 0.41625 0.5824742268041238 0.0575 0.05248359887535145
0 0.18375 0.5871602624179943 0.095 0.04592314901593252
0 0.2175 0.5548266166822868 0.07375 0.03936269915651359
0 0.009375 0.3983130271790066 0.015 0.01218369259606373
0 0.014375 0.3570759137769447 0.01625 0.013120899718837863
0 0.108125 0.3392689784442362 0.03625 0.026241799437675725
0 0.095625 0.25538894095595127 0.03625 0.02999062792877226
0 0.041875 0.1401124648547329 0.0375 0.03280224929709466
0 0.30625 0.16494845360824742 0.03375 0.03280224929709466
0 0.483125 0.06794751640112465 0.0175 0.014058106841611996
1 0.404375 0.24835988753514526 0.16 0.07685098406747891
1 0.259375 0.316776007497657 0.1475 0.17150890346766634
1 0.4175 0.3744142455482662 0.24875 0.10590440487347703
1 0.500625 0.3781630740393627 0.1025 0.11996251171508904
1 0.4725 0.3983130271790066 0.1725 0.15463917525773196
1 0.438125 0.5388940955951266 0.26375 0.20712277413308341
1 0.59625 0.5056232427366448 0.0975 0.13776944704779756