0 0.5725 0.6685446009389672 0.0525 0.03286384976525822
0 0.533125 0.5422535211267606 0.05 0.036619718309859155
0 0.15125 0.4704225352112676 0.085 0.03286384976525822
0 0.6475 0.5347417840375587 0.0575 0.05727699530516432
0 0.6825 0.2746478873239437 0.07 0.02535211267605634
0 0.3875 0.5136150234741784 0.04375 0.028169014084507043
0 0.27375 0.2906103286384977 0.0425 0.02535211267605634
0 0.580625 0.5300469483568075 0.06125 0.051643192488262914
0 0.93625 0.5633802816901409 0.03875 0.05727699530516432
0 0.546875 0.5755868544600939 0.04875 0.01971830985915493
0 0.59375 0.6370892018779343 0.06 0.04976525821596244
0 0.039375 0.5854460093896714 0.07625 0.07605633802816901
0 0.121875 0.31408450704225355 0.0275 0.05821596244131456
0 0.616875 0.5169014084507042 0.04625 0.056338028169014086
0 0.101875 0.34788732394366195 0.025 0.05821596244131456
1 0.07875 0.503755868544601 0.1575 0.051643192488262914
0 0.64375 0.5863849765258216 0.04375 0.03380281690140845
0 0.86125 0.2084507042253521 0.03 0.03192488262910798
0 0.024375 0.6586854460093897 0.0425 0.03286384976525822
0 0.103125 0.3131455399061033 0.01 0.011267605633802818
0 0.089375 0.3126760563380282 0.0125 0.012206572769953052
0 0.213125 0.2643192488262911 0.0125 0.010328638497652582
0 0.20125 0.2708920187793427 0.015 0.027230046948356807
0 0.44625 0.32065727699530516 0.02 0.03755868544600939
0 0.37125 0.29014084507042254 0.02375 0.020657276995305163
0 0.429375 0.32535211267605635 0.0175 0.012206572769953052
0 0.51 0.28356807511737087 0.02 0.009389671361502348
0 0.539375 0.30985915492957744 0.01 0.006572769953051643
0 0.655 0.27605633802816903 0.01 0.018779342723004695
0 0.800625 0.2868544600938967 0.02125 0.01971830985915493
0 0.739375 0.26948356807511736 0.0175 0.010328638497652582
0 0.075625 0.4014084507042254 0.01375 0.010328638497652582
0 0.196875 0.4671361502347418 0.0125 0.008450704225352112
0 0.505625 0.45586854460093895 0.025 0.03474178403755868
0 0.540625 0.5948356807511737 0.02375 0.015023474178403756
0 0.46875 0.5812206572769953 0.02625 0.01784037558685446
0 0.615625 0.4694835680751174 0.02 0.01596244131455399
0 0.515 0.3694835680751174 0.0275 0.013145539906103286
0 0.611875 0.4356807511737089 0.01125 0.014084507042253521
0 0.504375 0.3784037558685446 0.0275 0.013145539906103286
0 0.64375 0.4610328638497653 0.03375 0.011267605633802818
0 0.63375 0.45211267605633804 0.0325 0.012206572769953052
0 0.48125 0.4737089201877934 0.01625 0.011267605633802818
0 0.5225 0.33474178403755867 0.0125 0.010328638497652582
0 0.54125 0.35258215962441314 0.00625 0.015023474178403756
0 0.579375 0.4154929577464789 0.0075 0.012206572769953052
0 0.7725 0.4863849765258216 0.035 0.024413145539906103
0 0.81 0.3483568075117371 0.02 0.01784037558685446
0 0.77375 0.36338028169014086 0.01875 0.015023474178403756
0 0.68375 0.6389671361502347 0.02125 0.015023474178403756
0 0.693125 0.3488262910798122 0.01125 0.005633802816901409
0 0.690625 0.6070422535211267 0.015 0.009389671361502348
0 0.70125 0.4784037558685446 0.01375 0.010328638497652582
0 0.753125 0.5455399061032864 0.01125 0.006572769953051643
0 0.695625 0.41502347417840374 0.0075 0.012206572769953052
0 0.70125 0.3530516431924883 0.00875 0.005633802816901409
0 0.71375 0.35492957746478876 0.00875 0.011267605633802818
0 0.75375 0.5596244131455399 0.0125 0.006572769953051643
0 0.686875 0.39154929577464787 0.01125 0.006572769953051643
0 0.644375 0.6821596244131456 0.015 0.010328638497652582
0 0.68875 0.6751173708920187 0.0225 0.01596244131455399
0 0.79625 0.77981220657277 0.0175 0.012206572769953052
0 0.034375 0.7309859154929578 0.06 0.046009389671361506
0 0.673125 0.6563380281690141 0.00625 0.01596244131455399
0 0.615625 0.6154929577464788 0.055 0.04507042253521127
0 0.60625 0.5591549295774648 0.04625 0.024413145539906103
0 0.535625 0.34976525821596244 0.00625 0.009389671361502348
0 0.174375 0.2643192488262911 0.015 0.004694835680751174
0 0.174375 0.2591549295774648 0.01875 0.007511737089201878
0 0.16125 0.2676056338028169 0.01 0.009389671361502348
0 0.14125 0.25305164319248824 0.025 0.01971830985915493