0 0.58375 0.6657276995305165 0.055 0.03474178403755868
0 0.53625 0.5408450704225352 0.0525 0.038497652582159626
0 0.149375 0.484037558685446 0.08625 0.036619718309859155
0 0.649375 0.5291079812206573 0.06125 0.059154929577464786
0 0.66625 0.2676056338028169 0.0725 0.028169014084507043
0 0.38875 0.5178403755868545 0.045 0.02910798122065728
0 0.259375 0.2995305164319249 0.045 0.027230046948356807
0 0.583125 0.5267605633802817 0.065 0.05352112676056338
0 0.940625 0.5460093896713615 0.0425 0.05821596244131456
0 0.551875 0.5737089201877934 0.05 0.0215962441314554
0 0.603125 0.6328638497652582 0.0625 0.05258215962441314
0 0.04625 0.603755868544601 0.08125 0.07887323943661972
0 0.109375 0.32910798122065726 0.03125 0.059154929577464786
0 0.6175 0.5122065727699531 0.05 0.05821596244131456
0 0.091875 0.36384976525821594 0.02875 0.059154929577464786
1 0.08 0.5201877934272301 0.16 0.05821596244131456
0 0.649375 0.5807511737089202 0.04625 0.03474178403755868
0 0.840625 0.19436619718309858 0.03125 0.03380281690140845
0 0.03625 0.6769953051643193 0.045 0.03474178403755868
0 0.090625 0.32910798122065726 0.01125 0.012206572769953052
0 0.076875 0.32910798122065726 0.01375 0.013145539906103286
0 0.1975 0.27605633802816903 0.01375 0.011267605633802818
0 0.18625 0.2830985915492958 0.01625 0.028169014084507043
0 0.43375 0.32300469483568073 0.0225 0.03755868544600939
0 0.356875 0.2953051643192488 0.025 0.0215962441314554
0 0.4175 0.32816901408450705 0.01875 0.013145539906103286
0 0.495 0.2830985915492958 0.02125 0.010328638497652582
0 0.52625 0.3084507042253521 0.01 0.007511737089201878
0 0.63875 0.2699530516431925 0.01125 0.01971830985915493
0 0.785625 0.27511737089201876 0.0225 0.020657276995305163
0 0.723125 0.2605633802816901 0.01875 0.011267605633802818
0 0.069375 0.4183098591549296 0.015 0.011267605633802818
0 0.195 0.4793427230046948 0.01375 0.009389671361502348
0 0.5025 0.45539906103286387 0.0275 0.03568075117370892
0 0.546875 0.5929577464788732 0.025 0.01596244131455399
0 0.474375 0.5821596244131455 0.0275 0.018779342723004695
0 0.613125 0.4647887323943662 0.02125 0.016901408450704224
0 0.505625 0.36901408450704226 0.02875 0.014084507042253521
0 0.606875 0.43145539906103286 0.0125 0.015023474178403756
0 0.49625 0.3784037558685446 0.02875 0.014084507042253521
0 0.640625 0.45539906103286387 0.035 0.013145539906103286
0 0.630625 0.4469483568075117 0.03375 0.014084507042253521
0 0.479375 0.47417840375586856 0.0175 0.012206572769953052
0 0.510625 0.33380281690140845 0.01375 0.010328638497652582
0 0.530625 0.3511737089201878 0.0075 0.015023474178403756
0 0.573125 0.41220657276995304 0.00875 0.012206572769953052
0 0.770625 0.476056338028169 0.0375 0.02629107981220657
0 0.799375 0.33661971830985915 0.02125 0.018779342723004695
0 0.76375 0.3530516431924883 0.02 0.01596244131455399
0 0.693125 0.6314553990610329 0.0225 0.01596244131455399
0 0.6825 0.34131455399061034 0.01125 0.006572769953051643
0 0.6975 0.5990610328638498 0.015 0.010328638497652582
0 0.699375 0.4708920187793427 0.015 0.011267605633802818
0 0.755625 0.535680751173709 0.01125 0.007511737089201878
0 0.689375 0.4070422535211268 0.00875 0.012206572769953052
0 0.690625 0.3455399061032864 0.00875 0.005633802816901409
0 0.703125 0.34694835680751174 0.01 0.011267605633802818
0 0.7575 0.5492957746478874 0.0125 0.007511737089201878
0 0.67875 0.38403755868544603 0.01125 0.007511737089201878
0 0.656875 0.676056338028169 0.01625 0.011267605633802818
0 0.700625 0.6671361502347418 0.0225 0.016901408450704224
0 0.815625 0.7676056338028169 0.01875 0.013145539906103286
0 0.05125 0.7492957746478873 0.0625 0.04788732394366197
0 0.68375 0.6492957746478873 0.0075 0.016901408450704224
0 0.62375 0.6107981220657277 0.0575 0.046948356807511735
0 0.610625 0.5549295774647888 0.0475 0.02629107981220657
0 0.525 0.3483568075117371 0.00625 0.009389671361502348
0 0.15875 0.2774647887323944 0.015 0.005633802816901409
0 0.158125 0.27230046948356806 0.02 0.007511737089201878
0 0.145625 0.2812206572769953 0.01125 0.010328638497652582
0 0.125 0.2676056338028169 0.02625 0.020657276995305163