0 0.23625 0.5023430178069354 0.12375 0.07310215557638237
0 0.669375 0.7286785379568884 0.04375 0.03748828491096532
0 0.1775 0.6223055295220243 0.07875 0.06560449859418932
1 0.23625 0.36785379568884724 0.1325 0.09372071227741331
1 0.259375 0.5852858481724461 0.0875 0.05529522024367385
0 0.8075 0.4957825679475164 0.0325 0.033739456419868794
0 0.87625 0.7197750702905342 0.04375 0.03936269915651359
0 0.905625 0.7000937207122774 0.03875 0.031865042174320526
0 0.884375 0.4006560449859419 0.0525 0.02530459231490159
1 0.35375 0.6401124648547329 0.12875 0.08341143392689784
0 0.569375 0.648078725398313 0.03875 0.031865042174320526
0 0.845625 0.7413308341143393 0.0375 0.029053420805998126
0 0.930625 0.6593252108716027 0.05625 0.03655107778819119
0 0.70875 0.6040299906279287 0.03125 0.03748828491096532
0 0.65625 0.3556701030927835 0.04625 0.030927835051546393
1 0.498125 0.6204311152764761 0.0475 0.033739456419868794
0 0.768125 0.8495782567947516 0.04 0.03280224929709466
1 0.345625 0.42549203373945643 0.09875 0.18837863167760074
0 0.75375 0.7750702905342081 0.04125 0.033739456419868794
0 0.769375 0.6527647610121837 0.0475 0.03280224929709466
0 0.786875 0.563261480787254 0.045 0.026241799437675725
0 0.244375 0.6176194939081537 0.1275 0.07591377694470477
1 0.434375 0.45735707591377694 0.09875 0.190253045923149
0 0.265625 0.3064667291471415 0.0275 0.016869728209934397
0 0.185 0.31443298969072164 0.0175 0.01218369259606373
0 0.375 0.3106841611996251 0.01625 0.011246485473289597
0 0.42 0.3158388003748828 0.0175 0.016869728209934397
0 0.28375 0.3880037488284911 0.02375 0.02530459231490159
0 0.145 0.42642924086223055 0.025 0.02155576382380506
0 0.1125 0.44611059044048734 0.02125 0.015932521087160263
0 0.16625 0.5182755388940956 0.01625 0.015932521087160263
0 0.148125 0.5271790065604499 0.0225 0.022492970946579195
0 0.149375 0.41377694470477977 0.02 0.016869728209934397
0 0.236875 0.36176194939081535 0.01125 0.008434864104967198
0 0.304375 0.5534208059981256 0.01375 0.011246485473289597
0 0.49875 0.40393626991565135 0.025 0.019681349578256794
0 0.654375 0.42642924086223055 0.02 0.01499531396438613
0 0.5125 0.5520149953139644 0.05 0.01499531396438613
0 0.598125 0.5599812558575445 0.0275 0.01499531396438613
0 0.44875 0.34536082474226804 0.0275 0.01780693533270853
0 0.651875 0.44329896907216493 0.02125 0.014058106841611996
0 0.624375 0.5815370196813496 0.01125 0.007497656982193065
0 0.6 0.6433926897844423 0.0225 0.022492970946579195
0 0.375625 0.5435801312089972 0.0125 0.010309278350515464
0 0.37375 0.6260543580131209 0.0125 0.008434864104967198
0 0.594375 0.662605435801312 0.0275 0.023430178069353328
0 0.4875 0.563730084348641 0.06125 0.01499531396438613
0 0.68125 0.5449859418931584 0.03 0.022492970946579195
0 0.695 0.48641049671977504 0.0275 0.031865042174320526
0 0.6925 0.44611059044048734 0.03375 0.01874414245548266
0 0.98625 0.38847235238987815 0.0275 0.019681349578256794
0 0.783125 0.5379568884723523 0.03125 0.02717900656044986
0 0.810625 0.6429240862230553 0.01875 0.01218369259606373
0 0.955 0.6410496719775071 0.0175 0.013120899718837863
0 0.733125 0.669165885660731 0.015 0.00937207122774133
0 0.62 0.6930646672914714 0.03625 0.02530459231490159
0 0.61875 0.8434864104967198 0.02 0.01499531396438613
0 0.645 0.7736644798500468 0.015 0.01218369259606373
0 0.648125 0.8214620431115276 0.01875 0.01499531396438613
0 0.635 0.8533270852858482 0.0225 0.00937207122774133
0 0.675 0.8120899718837863 0.02125 0.00937207122774133
0 0.699375 0.5754451733833177 0.02875 0.033739456419868794
0 0.40375 0.31724461105904406 0.01625 0.022492970946579195
0 0.230625 0.5618556701030928 0.015 0.006560449859418931
0 0.241875 0.5871602624179943 0.00875 0.007497656982193065
0 0.00125 0.6518275538894096 0.0025 0.006560449859418931