0 0.76375 0.5093720712277413 0.12 0.07029053420805999
0 0.32 0.7239925023430178 0.0425 0.03655107778819119
0 0.816875 0.6307403936269915 0.07625 0.06373008434864105
1 0.769375 0.37488284910965325 0.12875 0.08997188378631678
1 0.736875 0.5913776944704779 0.085 0.053420805998125584
0 0.193125 0.4878163074039363 0.03125 0.03280224929709466
0 0.11375 0.7099343955014058 0.0425 0.038425492033739454
0 0.085 0.6893158388003748 0.0375 0.030927835051546393
0 0.120625 0.3908153701968135 0.05125 0.02436738519212746
1 0.64 0.6438612933458294 0.125 0.07966260543580131
0 0.42375 0.6462043111527648 0.0375 0.030927835051546393
0 0.143125 0.7319587628865979 0.03625 0.028116213683223992
0 0.0625 0.648078725398313 0.055 0.03467666354264293
0 0.28625 0.598406747891284 0.03 0.03655107778819119
0 0.350625 0.3514526710402999 0.045 0.02999062792877226
1 0.49625 0.6204311152764761 0.04625 0.03280224929709466
0 0.215625 0.8425492033739457 0.03875 0.031865042174320526
1 0.658125 0.42970946579194 0.09 0.18556701030927836
0 0.23375 0.7680412371134021 0.04 0.03280224929709466
0 0.22375 0.6457357075913777 0.045 0.031865042174320526
0 0.21 0.555763823805061 0.04375 0.02530459231490159
0 0.75 0.6241799437675727 0.125 0.07310215557638237
1 0.5675 0.4592314901593252 0.09 0.18837863167760074
0 0.743125 0.3125585754451734 0.02625 0.015932521087160263
0 0.823125 0.32286785379568883 0.01625 0.01218369259606373
0 0.63375 0.3139643861293346 0.015 0.011246485473289597
0 0.58875 0.3181818181818182 0.01625 0.015932521087160263
0 0.72125 0.3936269915651359 0.0225 0.02436738519212746
0 0.858125 0.43580131208997186 0.02375 0.020618556701030927
0 0.89 0.4564198687910028 0.02 0.01499531396438613
0 0.8325 0.5271790065604499 0.015 0.015932521087160263
0 0.850625 0.5365510777881912 0.02125 0.02155576382380506
0 0.854375 0.4231490159325211 0.01875 0.015932521087160263
0 0.769375 0.36879100281162136 0.01125 0.008434864104967198
0 0.693125 0.5585754451733833 0.01375 0.011246485473289597
0 0.505625 0.40393626991565135 0.02375 0.01874414245548266
0 0.349375 0.42221180880974696 0.01875 0.014058106841611996
0 0.485 0.5515463917525774 0.05 0.014058106841611996
0 0.399375 0.5571696344892221 0.02625 0.014058106841611996
0 0.558125 0.3467666354264292 0.02625 0.016869728209934397
0 0.350625 0.4395501405810684 0.02125 0.013120899718837863
0 0.371875 0.5782567947516402 0.01125 0.007497656982193065
0 0.393125 0.64058106841612 0.02125 0.02155576382380506
0 0.6225 0.5468603561387066 0.0125 0.010309278350515464
0 0.62 0.6293345829428304 0.0125 0.008434864104967198
0 0.398125 0.6602624179943768 0.02625 0.023430178069353328
0 0.509375 0.5641986879100281 0.06125 0.013120899718837863
0 0.316875 0.5402999062792877 0.02875 0.02155576382380506
0 0.305625 0.48125585754451733 0.02625 0.030927835051546393
0 0.31 0.44095595126522963 0.0325 0.01780693533270853
0 0.016875 0.37582005623242737 0.03125 0.01874414245548266
0 0.215 0.5304592314901593 0.03 0.026241799437675725
0 0.183125 0.6349578256794751 0.01875 0.01218369259606373
0 0.03875 0.6288659793814433 0.0175 0.013120899718837863
0 0.259375 0.6630740393626992 0.01375 0.00937207122774133
0 0.37125 0.689784442361762 0.035 0.02436738519212746
0 0.365625 0.8402061855670103 0.01875 0.014058106841611996
0 0.3425 0.7699156513589503 0.015 0.01218369259606373
0 0.336875 0.817244611059044 0.01875 0.01499531396438613
0 0.34875 0.8495782567947516 0.0225 0.008434864104967198
0 0.310625 0.8074039362699157 0.02125 0.008434864104967198
0 0.2975 0.57029053420806 0.0275 0.03280224929709466
0 0.605 0.31958762886597936 0.015 0.02155576382380506
0 0.76625 0.5688847235238987 0.015 0.005623242736644799
0 0.75375 0.5937207122774133 0.00875 0.007497656982193065
0 0.99375 0.6654170571696345 0.00875 0.006560449859418931