0 0.93125 0.25164011246485474 0.03375 0.08528584817244611
0 0.44125 0.8402061855670103 0.02125 0.019681349578256794
0 0.943125 0.5192127460168697 0.07 0.030927835051546393
0 0.064375 0.7970946579194002 0.02125 0.01874414245548266
0 0.943125 0.8050609184629803 0.01875 0.016869728209934397
0 0.41902500000000004 0.12511715089034678 0.015699999999999933 0.016869728209934397
0 0.34 0.05810684161199625 0.03625 0.038425492033739454
0 0.13 0.05107778819119025 0.04 0.019681349578256794
0 0.913125 0.5440487347703843 0.06375 0.033739456419868794
0 0.67125 0.7891283973758201 0.0225 0.01874414245548266
0 0.596875 0.6588566073102156 0.03 0.02436738519212746
0 0.628125 0.5524835988753515 0.03 0.022492970946579195
0 0.720625 0.4114339268978444 0.01875 0.014058106841611996
0 0.825625 0.3322399250234302 0.0175 0.013120899718837863
0 0.09 0.5609184629803187 0.08 0.09934395501405811
0 0.961875 0.6968134957825679 0.0225 0.01874414245548266
0 0.5606375 0.6401124648547329 0.048662499999999935 0.022492970946579195
0 0.58625 0.46068416119962513 0.045 0.029053420805998126
0 0.4054875 0.12271790065604499 0.011400000000000006 0.011265229615745076
0 0.5823375 0.13066541705716964 0.03396249999999995 0.03631677600749766
0 0.7058 0.18636363636363637 0.012112500000000068 0.01173383317713213
0 0.7351875 0.1782755388940956 0.011225000000000023 0.010627928772258646
0 0.752025 0.18924086223055295 0.015362499999999954 0.010852858481724447
0 0.7675375 0.1849203373945642 0.01447499999999991 0.011077788191190246
0 0.8585124999999999 0.14815370196813496 0.03987500000000011 0.035435801312089975
0 0.608625 0.234311152764761 0.022150000000000034 0.018163074039362695
0 0.5963625 0.23618556701030927 0.01831249999999997 0.02192127460168696
0 0.60375 0.44026241799437676 0.026587499999999976 0.014170571696344897
0 0.6228 0.4824554826616682 0.015649999999999976 0.010852858481724447
0 0.649975 0.5226522961574508 0.040462499999999936 0.026129334582942934
0 0.576425 0.5057075913776945 0.015062499999999944 0.009962511715089137
0 0.426225 0.5464573570759138 0.023624999999999972 0.01439550140581059
0 0.394775 0.5071508903467666 0.018612499999999983 0.01195876288659793
0 0.37542499999999995 0.5020524835988754 0.01831249999999997 0.00974695407685107
0 0.5725875 0.526522961574508 0.10308750000000004 0.033880037488285
1 0.5079 0.5103561387066541 0.2974374999999999 0.15214620431115275
0 0.7719625000000001 0.6568603561387066 0.0180125000000001 0.01506091846298026
1 0.6719750000000001 0.6757919400187442 0.28533749999999997 0.0963355201499531
0 0.25579999999999997 0.8836363636363637 0.018900000000000007 0.01195876288659793
0 0.1197125 0.7431490159325211 0.020749999999999994 0.017535145267104063
0 0.173075 0.6305435801312089 0.026012500000000004 0.014573570759137728
0 0.040350000000000004 0.6575820056232428 0.013499999999999996 0.01777881911902533
0 0.1011125 0.5407872539831302 0.02963750000000001 0.017282099343955065
0 0.16105 0.5346110590440487 0.021737499999999983 0.012839737582005666
0 0.15083749999999999 0.5239925023430179 0.025687499999999995 0.02222118088097473
0 0.0270125 0.6161012183692596 0.05401250000000001 0.14470477975632623
0 0.257225 0.39670103092783504 0.0184375 0.01555763823805063
0 0.12696249999999998 0.3402717900656045 0.013500000000000014 0.017282099343955065
0 0.10753750000000001 0.34286785379568885 0.013500000000000014 0.012099343955014028
0 0.1169125 0.34656982193064667 0.006587500000000013 0.008144329896907268
0 0.4187625 0.22804123711340205 0.012849999999999966 0.011115276476101232
0 0.4171125 0.241377694470478 0.010862500000000068 0.014076850984067461
0 0.407075 0.24075913776944705 0.011200000000000045 0.01333645735707593