0 0.93125 0.25164011246485474 0.03375 0.08528584817244611
0 0.44125 0.8402061855670103 0.02125 0.019681349578256794
0 0.943125 0.5192127460168697 0.07 0.030927835051546393
0 0.064375 0.7970946579194002 0.02125 0.01874414245548266
0 0.943125 0.8050609184629803 0.01875 0.016869728209934397
0 0.41875 0.12511715089034678 0.01625 0.016869728209934397
0 0.34 0.05810684161199625 0.03625 0.038425492033739454
0 0.13 0.05107778819119025 0.04 0.019681349578256794
0 0.913125 0.5440487347703843 0.06375 0.033739456419868794
0 0.67125 0.7891283973758201 0.0225 0.01874414245548266
0 0.596875 0.6588566073102156 0.03 0.02436738519212746
0 0.628125 0.5524835988753515 0.03 0.022492970946579195
0 0.720625 0.4114339268978444 0.01875 0.014058106841611996
0 0.825625 0.3322399250234302 0.0175 0.013120899718837863
0 0.09 0.5609184629803187 0.08 0.09934395501405811
0 0.961875 0.6968134957825679 0.0225 0.01874414245548266
0 0.560625 0.6401124648547329 0.04875 0.022492970946579195
0 0.58625 0.4606373008434864 0.045 0.029053420805998126
0 0.405625 0.12277413308341144 0.01125 0.011246485473289597
0 0.5825 0.13074039362699155 0.03375 0.03655107778819119
0 0.705625 0.18650421743205248 0.0125 0.01218369259606373
0 0.735 0.1780693533270853 0.01125 0.010309278350515464
0 0.751875 0.1893158388003749 0.015 0.011246485473289597
0 0.7675 0.1850984067478913 0.015 0.011246485473289597
0 0.85875 0.14807872539831302 0.04 0.03561387066541706
0 0.60875 0.23430178069353327 0.0225 0.01780693533270853
0 0.59625 0.23617619493908154 0.01875 0.02155576382380506
0 0.60375 0.44048734770384257 0.02625 0.014058106841611996
0 0.6225 0.48266166822867856 0.01625 0.011246485473289597
0 0.65 0.5224929709465792 0.04 0.026241799437675725
0 0.57625 0.5056232427366448 0.015 0.010309278350515464
0 0.42625 0.5463917525773195 0.02375 0.014058106841611996
0 0.395 0.507029053420806 0.01875 0.01218369259606373
0 0.375625 0.5018744142455482 0.01875 0.00937207122774133
0 0.5725 0.5267104029990628 0.1025 0.033739456419868794
1 0.508125 0.5103092783505154 0.2975 0.15182755388940955
0 0.771875 0.6569821930646673 0.0175 0.01499531396438613
1 0.671875 0.6757263355201499 0.285 0.09653233364573571
0 0.255625 0.8837863167760075 0.01875 0.01218369259606373
0 0.12 0.7432052483598875 0.02125 0.01780693533270853
0 0.173125 0.6307403936269915 0.02625 0.01499531396438613
0 0.040625 0.6574507966260543 0.01375 0.01780693533270853
0 0.10125 0.5407685098406748 0.03 0.016869728209934397
0 0.16125 0.5346766635426429 0.02125 0.013120899718837863
0 0.150625 0.5238987816307404 0.02625 0.022492970946579195
0 0.026875 0.6162136832239925 0.05375 0.14432989690721648
0 0.2575 0.39690721649484534 0.01875 0.015932521087160263
0 0.126875 0.3402061855670103 0.01375 0.016869728209934397
0 0.1075 0.3430178069353327 0.01375 0.01218369259606373
0 0.116875 0.3467666354264292 0.00625 0.008434864104967198
0 0.41875 0.2282099343955014 0.0125 0.011246485473289597
0 0.416875 0.24133083411433928 0.01125 0.014058106841611996
0 0.406875 0.2408622305529522 0.01125 0.013120899718837863