0 0.7125 0.4133083411433927 0.09625 0.09372071227741331
0 0.698125 0.24133083411433928 0.05875 0.030927835051546393
0 0.623125 0.5829428303655108 0.11625 0.08716026241799438
1 0.354375 0.4329896907216495 0.31625 0.1527647610121837
0 0.920625 0.3612933458294283 0.045 0.03936269915651359
0 0.59375 0.5224929709465792 0.045 0.029053420805998126
0 0.82 0.37207122774133083 0.04 0.033739456419868794
0 0.576875 0.7310215557638238 0.05 0.029053420805998126
0 0.925625 0.753514526710403 0.0425 0.026241799437675725
0 0.040625 0.6326148078725399 0.0425 0.023430178069353328
0 0.911875 0.6166822867853796 0.05 0.03561387066541706
0 0.909375 0.24835988753514526 0.03625 0.02530459231490159
0 0.77 0.6185567010309279 0.02875 0.01874414245548266
0 0.731875 0.46157450796626054 0.0525 0.03280224929709466
0 0.95875 0.5707591377694471 0.0825 0.04498594189315839
0 0.8075 0.5791940018744143 0.09375 0.03936269915651359
1 0.555625 0.6260543580131209 0.205 0.14432989690721648
0 0.97125 0.3083411433926898 0.04125 0.03936269915651359
0 0.96375 0.3781630740393627 0.06625 0.08903467666354264
0 0.9675 0.43908153701968133 0.06375 0.07591377694470477
0 0.994375 0.5215557638238051 0.01125 0.023430178069353328
0 0.831875 0.5445173383317713 0.06125 0.028116213683223992
0 0.8675 0.5670103092783505 0.18375 0.07122774133083412
0 0.929375 0.6016869728209935 0.015 0.011246485473289597
0 0.92 0.619962511715089 0.0175 0.011246485473289597
0 0.934375 0.6208997188378632 0.04125 0.03280224929709466
0 0.916875 0.6387066541705717 0.0125 0.00937207122774133
0 0.815625 0.5745079662605436 0.0275 0.013120899718837863
0 0.84625 0.6030927835051546 0.03125 0.013120899718837863
0 0.598125 0.6073102155576382 0.01875 0.00937207122774133
0 0.024375 0.7947516401124649 0.0225 0.01874414245548266
0 0.474375 0.6860356138706654 0.00875 0.01218369259606373
1 0.2625 0.45454545454545453 0.49875 0.18181818181818182
1 0.21625 0.4817244611059044 0.4075 0.1724461105904405
1 0.38375 0.5895032802249297 0.2175 0.1527647610121837