0 0.275 0.43345829428303656 0.1025 0.09653233364573571
0 0.26125 0.26101218369259604 0.06125 0.03280224929709466
0 0.39125 0.5937207122774133 0.1225 0.09184629803186505
1 0.63375 0.42033739456419866 0.325 0.1640112464854733
0 0.06 0.40112464854732893 0.0475 0.041237113402061855
0 0.410625 0.5309278350515464 0.04625 0.030927835051546393
0 0.161875 0.4020618556701031 0.0425 0.03561387066541706
0 0.46125 0.7361761949390815 0.05125 0.030927835051546393
0 0.11875 0.7905342080599812 0.04375 0.028116213683223992
0 0.9775 0.5895032802249297 0.04375 0.02530459231490159
0 0.11 0.6532333645735707 0.0525 0.03748828491096532
0 0.0525 0.28772258669165884 0.03875 0.026241799437675725
0 0.25125 0.6424554826616682 0.03 0.019681349578256794
0 0.263125 0.4831302717900656 0.055 0.03467666354264293
0 0.05375 0.612464854732896 0.09 0.04873477038425492
0 0.2075 0.6068416119962512 0.09625 0.04311152764761012
1 0.465625 0.6302717900656045 0.21375 0.15182755388940955
0 0.01125 0.35238987816307404 0.0225 0.041237113402061855
0 0.028125 0.42127460168697284 0.05625 0.09090909090909091
0 0.03 0.48219306466729145 0.06 0.07778819119025304
0 0.01125 0.5665417057169635 0.01375 0.023430178069353328
0 0.178125 0.5745079662605436 0.06375 0.030927835051546393
0 0.14625 0.5998125585754451 0.1875 0.07778819119025304
0 0.09 0.6401124648547329 0.015 0.011246485473289597
0 0.103125 0.6574507966260543 0.01875 0.01218369259606373
0 0.088125 0.6593252108716027 0.04375 0.03467666354264293
0 0.10875 0.6757263355201499 0.01375 0.00937207122774133
0 0.19875 0.6026241799437676 0.0275 0.014058106841611996
0 0.173125 0.634020618556701 0.0325 0.014058106841611996
0 0.42 0.6157450796626054 0.02 0.010309278350515464
0 0.555625 0.6822867853795689 0.01 0.013120899718837863
1 0.728125 0.4329896907216495 0.50875 0.19962511715089035
1 0.77875 0.45595126522961577 0.4175 0.18837863167760074
1 0.63 0.5782567947516402 0.22625 0.16026241799437677