0 0.71625 0.4189315838800375 0.0925 0.09090909090909091
0 0.71 0.246485473289597 0.0575 0.029053420805998126
0 0.619375 0.5862230552952202 0.1125 0.08434864104967198
1 0.357575 0.42924086223055297 0.30946250000000003 0.1444517338331772
0 0.926875 0.3725398313027179 0.04375 0.038425492033739454
0 0.5925 0.5248359887535146 0.04375 0.028116213683223992
0 0.825625 0.380506091846298 0.03875 0.03280224929709466
0 0.56625 0.7328959700093721 0.04875 0.028116213683223992
0 0.91375 0.7642924086223055 0.04125 0.02530459231490159
0 0.035 0.6204311152764761 0.04125 0.022492970946579195
0 0.90625 0.6271977507029054 0.04873750000000001 0.03416119962511719
0 0.9208875000000001 0.2591377694470478 0.03572499999999991 0.02436738519212746
0 0.764375 0.6255857544517338 0.0275 0.01780693533270853
0 0.73375 0.4676663542642924 0.05125 0.031865042174320526
0 0.9575 0.5829428303655108 0.085 0.04311152764761012
0 0.8037000000000001 0.5873664479850047 0.09241250000000008 0.03697282099343959
1 0.5496125 0.627357075913777 0.19867499999999993 0.13926897844423608
0 0.98 0.3209934395501406 0.04 0.038425492033739454
0 0.9688500000000001 0.3901499531396439 0.06228749999999991 0.08709465791940015
0 0.969925 0.45151827553889406 0.06014999999999986 0.07398313027179011
0 0.9945375 0.5345548266166823 0.010925000000000011 0.02292408622305533
0 0.8294499999999999 0.5531490159325211 0.060250000000000054 0.026954076850984058
0 0.864225 0.5765323336457356 0.1804374999999999 0.06623242736644805
0 0.924525 0.6129896907216494 0.014074999999999989 0.010721649484536133
0 0.9139499999999999 0.6310684161199626 0.017324999999999875 0.011115276476101124
0 0.928725 0.6319868791002812 0.04039999999999992 0.03204311152764766
0 0.91015 0.6493626991565136 0.012450000000000046 0.008800374882849203
0 0.8120375 0.5825117150890347 0.02655000000000001 0.01276476101218359
0 0.8413124999999999 0.6120712277413308 0.030875000000000055 0.012136832239925066
0 0.59305 0.6099437675726335 0.018962499999999948 0.009100281162136866
0 0.010825 0.7820899718837864 0.021637499999999994 0.017797563261480794
0 0.465975 0.6850328022492971 0.008362500000000068 0.012258669165885593
1 0.265025 0.44819119025304593 0.4913375 0.1686129334582943
1 0.2169625 0.47441424554826617 0.4003625000000001 0.16251171508903464
1 0.3793625 0.5865323336457358 0.21023750000000002 0.14738519212746015