0 0.469375 0.6502347417840375 0.11125 0.08732394366197183
0 0.173125 0.4962441314553991 0.1025 0.09201877934272301
0 0.724375 0.45023474178403755 0.13 0.107981220657277
0 0.421875 0.32253521126760565 0.08875 0.07887323943661972
0 0.563125 0.352112676056338 0.10875 0.09859154929577464
0 0.513125 0.2248826291079812 0.18875 0.10328638497652583
0 0.91375 0.31502347417840376 0.08625 0.06384976525821597
0 0.51125 0.43051643192488265 0.0975 0.061971830985915494
0 0.5425 0.7281690140845071 0.0725 0.05258215962441314
0 0.226875 0.7469483568075117 0.075 0.054460093896713614
0 0.638125 0.10985915492957747 0.095 0.0676056338028169
0 0.590625 0.48262910798122066 0.07375 0.059154929577464786
0 0.31125 0.603755868544601 0.05375 0.04037558685446009
0 0.384375 0.6084507042253521 0.0625 0.05352112676056338
0 0.4075 0.4183098591549296 0.09 0.05258215962441314
0 0.184375 0.7971830985915493 0.07375 0.05539906103286385
0 0.17125 0.8943661971830986 0.05375 0.038497652582159626
0 0.7475 0.5568075117370892 0.08375 0.05258215962441314
0 0.11625 0.7281690140845071 0.0575 0.03755868544600939
0 0.048125 0.21971830985915494 0.055 0.04225352112676056
0 0.2625 0.32629107981220656 0.10125 0.04037558685446009
0 0.146875 0.14553990610328638 0.0425 0.03286384976525822
0 0.154375 0.39530516431924884 0.04875 0.036619718309859155
0 0.575 0.8065727699530516 0.04 0.02910798122065728
0 0.089375 0.5647887323943662 0.04125 0.027230046948356807
0 0.63125 0.6220657276995305 0.03625 0.028169014084507043
0 0.111875 0.28544600938967135 0.03875 0.027230046948356807
0 0.749375 0.8258215962441314 0.05125 0.04225352112676056
0 0.095625 0.539906103286385 0.05875 0.030985915492957747
0 0.8825 0.44929577464788734 0.10375 0.051643192488262914
0 0.969375 0.09718309859154929 0.06125 0.027230046948356807
0 0.121875 0.6464788732394366 0.05375 0.03943661971830986
0 0.8725 0.528169014084507 0.04125 0.02910798122065728
0 0.869375 0.42300469483568076 0.11875 0.06103286384976526
0 0.74375 0.7723004694835681 0.05375 0.04225352112676056
0 0.02125 0.2727699530516432 0.01125 0.01971830985915493
0 0.8 0.6732394366197183 0.04 0.020657276995305163
0 0.12875 0.3389671361502347 0.03 0.022535211267605635
0 0.10625 0.36807511737089205 0.01875 0.014084507042253521
0 0.60125 0.8849765258215962 0.0375 0.016901408450704224
0 0.14125 0.7845070422535211 0.02 0.015023474178403756
0 0.8975 0.4802816901408451 0.03375 0.02535211267605634
0 0.954375 0.26901408450704223 0.02375 0.04131455399061033
0 0.02875 0.2727699530516432 0.00875 0.016901408450704224
0 0.0025 0.5915492957746479 0.005 0.04131455399061033
0 0.824375 0.6258215962441315 0.0425 0.024413145539906103