0 0.46625 0.6497652582159624 0.1125 0.0892018779342723
0 0.173125 0.492018779342723 0.10375 0.09295774647887324
0 0.725625 0.4535211267605634 0.13125 0.10985915492957747
0 0.42625 0.3215962441314554 0.09 0.07981220657276995
0 0.56625 0.3530516431924883 0.11125 0.09953051643192488
0 0.519375 0.2248826291079812 0.19125 0.10516431924882629
0 0.918125 0.32065727699530516 0.0875 0.0647887323943662
0 0.5125 0.43051643192488265 0.09875 0.06291079812206572
0 0.536875 0.7286384976525822 0.07375 0.05352112676056338
0 0.22125 0.7431924882629108 0.07625 0.05539906103286385
0 0.646875 0.11173708920187793 0.0975 0.06854460093896714
0 0.59125 0.4835680751173709 0.075 0.06009389671361502
0 0.30875 0.6014084507042253 0.055 0.04131455399061033
0 0.381875 0.6070422535211267 0.06375 0.054460093896713614
0 0.409375 0.4169014084507042 0.09 0.05352112676056338
0 0.1775 0.7934272300469484 0.075 0.056338028169014086
0 0.161875 0.8901408450704226 0.05375 0.03943661971830986
0 0.74625 0.560093896713615 0.085 0.05352112676056338
0 0.110625 0.7230046948356808 0.05875 0.038497652582159626
0 0.055 0.2140845070422535 0.05625 0.0431924882629108
0 0.26625 0.32300469483568073 0.1025 0.04131455399061033
0 0.155 0.14131455399061033 0.0425 0.03286384976525822
0 0.156875 0.3910798122065728 0.04875 0.036619718309859155
0 0.568125 0.8075117370892019 0.04125 0.02910798122065728
0 0.0875 0.5591549295774648 0.04125 0.027230046948356807
0 0.62875 0.6239436619718309 0.0375 0.02910798122065728
0 0.116875 0.2802816901408451 0.04 0.027230046948356807
0 0.741875 0.8291079812206573 0.0525 0.0431924882629108
0 0.094375 0.5347417840375587 0.06 0.03192488262910798
0 0.88375 0.4544600938967136 0.10375 0.05258215962441314
0 0.97375 0.10328638497652583 0.0525 0.028169014084507043
0 0.11875 0.6413145539906103 0.055 0.04037558685446009
0 0.871875 0.5328638497652582 0.0425 0.02910798122065728
0 0.87125 0.42769953051643195 0.12 0.06291079812206572
0 0.7375 0.7755868544600939 0.05375 0.0431924882629108
0 0.026875 0.26666666666666666 0.01125 0.01971830985915493
0 0.79625 0.6769953051643193 0.04 0.0215962441314554
0 0.1325 0.3342723004694836 0.03125 0.022535211267605635
0 0.109375 0.3629107981220657 0.01875 0.014084507042253521
0 0.5925 0.8859154929577465 0.0375 0.01784037558685446
0 0.135 0.77981220657277 0.02 0.015023474178403756
0 0.8975 0.4859154929577465 0.03375 0.02629107981220657
0 0.96 0.27511737089201876 0.02375 0.04225352112676056
0 0.034375 0.26666666666666666 0.00875 0.016901408450704224
0 0.82125 0.6300469483568075 0.0425 0.02535211267605634