0 0.840625 0.3013120899718838 0.1175 0.061855670103092786
0 0.67875 0.40581068416119964 0.0875 0.06373008434864105
0 0.64 0.04920337394564199 0.11375 0.07216494845360824
0 0.3825 0.24554826616682288 0.115 0.1162136832239925
0 0.120625 0.06373008434864105 0.0975 0.06279287722586692
0 0.81625 0.514058106841612 0.09 0.03748828491096532
0 0.679375 0.5937207122774133 0.0775 0.04967197750702906
0 0.883125 0.41002811621368324 0.08375 0.04498594189315839
0 0.779375 0.48078725398313027 0.07375 0.03655107778819119
0 0.8925 0.6377694470477976 0.08125 0.08247422680412371
0 0.56125 0.316776007497657 0.04625 0.07029053420805999
0 0.63875 0.3781630740393627 0.02625 0.02436738519212746
0 0.5125 0.3922211808809747 0.0425 0.06560449859418932
0 0.339375 0.7061855670103093 0.02125 0.01218369259606373
0 0.861875 0.6860356138706654 0.0925 0.033739456419868794
0 0.528125 0.12089971883786317 0.025 0.01874414245548266
0 0.80125 0.1958762886597938 0.04875 0.030927835051546393
0 0.81375 0.09418931583880037 0.04625 0.030927835051546393
0 0.574375 0.07591377694470477 0.0275 0.019681349578256794
0 0.25375 0.3964386129334583 0.0175 0.013120899718837863
1 0.788125 0.9044048734770385 0.2175 0.08153701968134958
0 0.706875 0.22633552014995315 0.085 0.04311152764761012
0 0.53875 0.4395501405810684 0.01625 0.014058106841611996
0 0.281875 0.5529522024367385 0.08625 0.03280224929709466
0 0.2625 0.5417057169634489 0.0275 0.01218369259606373
0 0.23875 0.5749765698219307 0.08875 0.038425492033739454
0 0.04125 0.549203373945642 0.0825 0.02999062792877226
0 0.21375 0.4690721649484536 0.0275 0.04779756326148079
0 0.230625 0.47141518275538896 0.01625 0.03748828491096532
0 0.04 0.25164011246485474 0.02875 0.05060918462980318
0 0.27125 0.27225866916588565 0.0125 0.011246485473289597
0 0.4225 0.28537956888472354 0.02375 0.022492970946579195
0 0.394375 0.07450796626054358 0.03 0.059044048734770385
0 0.526875 0.6415182755388941 0.01625 0.011246485473289597
0 0.4675 0.6513589503280225 0.0225 0.01780693533270853
0 0.6225 0.7507029053420806 0.01875 0.014058106841611996
0 0.481875 0.7989690721649485 0.0175 0.01874414245548266
1 0.649375 0.7211808809746955 0.32875 0.1134020618556701
1 0.50375 0.6138706654170571 0.32375 0.11152764761012184
1 0.345625 0.37582005623242737 0.21875 0.22024367385192128
1 0.13375 0.33598875351452673 0.24875 0.16869728209934395
1 0.1975 0.38003748828491096 0.1475 0.24554826616682288
0 0.12625 0.7750702905342081 0.02375 0.013120899718837863