0 0.9301999999999999 0.5531021555763823 0.06586250000000007 0.06590440487347698
0 0.258125 0.6068416119962512 0.125 0.08716026241799438
0 0.495625 0.6260543580131209 0.0675 0.05810684161199625
0 0.63875 0.6026241799437676 0.06625 0.05529522024367385
0 0.90375 0.3289597000937207 0.04 0.04498594189315839
0 0.919375 0.7197750702905342 0.02125 0.01780693533270853
0 0.461575 0.5974695407685099 0.029350000000000022 0.01874414245548266
0 0.793125 0.4165417057169634 0.045 0.04114339268978442
0 0.53 0.6776007497656982 0.02875 0.022492970946579195
0 0.1373625 0.49871602624179945 0.018187500000000013 0.008772258669165792
0 0.8979375 0.4552858481724461 0.04288749999999993 0.041237113402061855
0 0.3373875 0.5700093720712278 0.018962499999999948 0.013486410496719869
0 0.26625 0.2985004686035614 0.0275 0.023430178069353328
0 0.418125 0.7478912839737581 0.0225 0.01874414245548266
0 0.863125 0.6419868791002812 0.02375 0.016869728209934397
0 0.599375 0.6354264292408622 0.03 0.022492970946579195
0 0.207925 0.35355201499531397 0.015862499999999998 0.03328959700093719
0 0.166925 0.40514526710403 0.026337499999999993 0.028500468603561358
0 0.06035 0.2634020618556701 0.021950000000000004 0.015201499531396464
0 0.94875 0.6911902530459232 0.02625 0.019681349578256794
0 0.3147125 0.38514526710402996 0.025662500000000036 0.02239925023430176
0 0.355625 0.4606373008434864 0.0175 0.033739456419868794
0 0.012424999999999999 0.3141424554826617 0.0152875 0.014536082474226796
0 0.1593375 0.27913776944704777 0.02498750000000001 0.023720712277413257
0 0.1013875 0.3219587628865979 0.008037500000000008 0.01598875351452666
0 0.176125 0.3831958762886598 0.01291249999999998 0.01358950328022493
0 0.1978875 0.4044892221180881 0.012437499999999985 0.011199625117150933
0 0.187 0.39491096532333647 0.02072499999999998 0.050009372071227756
0 0.1344 0.4903467666354265 0.011387499999999981 0.00898781630740386
0 0.1248875 0.4924086223055295 0.010962500000000012 0.008669165885660732
0 0.0496875 0.46112464854732893 0.015199999999999997 0.007572633552015034
0 0.1947625 0.6082193064667292 0.012849999999999966 0.014142455482661591
0 0.2219375 0.6016119962511715 0.02323749999999997 0.00974695407685107
0 0.2232375 0.6100093720712277 0.007150000000000034 0.006644798500468527
0 0.30162500000000003 0.6101780693533271 0.009099999999999966 0.007628865979381537
0 0.41284999999999994 0.5814807872539832 0.011050000000000039 0.007300843486410463
0 0.43579999999999997 0.5359981255857544 0.03215000000000003 0.01806935332708526
0 0.424275 0.5522211808809747 0.02823750000000004 0.03263355201499525
0 0.8973 0.5515370196813496 0.03851249999999993 0.02984067478912832
0 0.82545 0.36790065604498595 0.02697499999999991 0.023158388003748864
0 0.6816125 0.4253045923149016 0.012037500000000137 0.014498594189315865
0 0.625225 0.3823523898781631 0.019387499999999988 0.008022492970946529
0 0.5403875 0.38382380506091845 0.04010000000000005 0.018903467666354225
0 0.540925 0.40250234301780696 0.04013750000000002 0.017338331771321464
0 0.52925 0.460796626054358 0.009937500000000057 0.01940955951265233
0 0.503675 0.46472352389878163 0.040625 0.019015932521087128
0 0.36810000000000004 0.3767478912839738 0.01073750000000004 0.012933458294282994
0 0.3763625 0.25217432052483596 0.0221875 0.02247422680412373
0 0.7492 0.29708528584817245 0.01625 0.006551077788191199
0 0.7492 0.29137769447047795 0.019350000000000023 0.005641986879100264
1 0.7835875 0.5005904404873477 0.1319749999999999 0.0563355201499531
1 0.635625 0.5366354264292409 0.24194999999999994 0.06448922211808805
1 0.7186625 0.5864761012183692 0.14033749999999998 0.07945641986879098
1 0.46075000000000005 0.39395501405810684 0.12898750000000006 0.1125585754451734
1 0.43956249999999997 0.4379568884723524 0.08663749999999994 0.16349578256794745
1 0.3373875 0.532755388940956 0.15686250000000002 0.10899718837863163
1 0.42761249999999995 0.45898781630740393 0.15614999999999996 0.21147141518275533
1 0.37896250000000004 0.5362230552952202 0.24548749999999997 0.1206279287722587
1 0.35112499999999996 0.6982005623242736 0.06201250000000002 0.0952108716026241
1 0.3219125 0.704817244611059 0.11966250000000002 0.1249015932521087
1 0.38034999999999997 0.7001124648547329 0.15182500000000002 0.11726335520149943
0 0.0389375 0.37735707591377693 0.029837500000000006 0.014236176194939132