0 0.08625 0.6030927835051546 0.07875 0.07310215557638237
0 0.76125 0.5773195876288659 0.14125 0.10028116213683223
0 0.530625 0.6241799437675727 0.07875 0.06560449859418932
0 0.384375 0.6176194939081537 0.0775 0.06279287722586692
0 0.065625 0.3786316776007498 0.04875 0.04873477038425492
0 0.131875 0.7661668228678538 0.025 0.019681349578256794
0 0.558125 0.5918462980318651 0.0325 0.02155576382380506
0 0.193125 0.45173383317713217 0.0525 0.04592314901593252
0 0.5075 0.6790065604498594 0.0325 0.02530459231490159
0 0.858125 0.4564198687910028 0.02 0.011246485473289597
0 0.0975 0.5023430178069354 0.05125 0.04592314901593252
0 0.675 0.5501405810684161 0.02125 0.015932521087160263
0 0.68875 0.2736644798500469 0.0325 0.026241799437675725
0 0.6325 0.7352389878163074 0.02625 0.02155576382380506
0 0.17125 0.682755388940956 0.0275 0.019681349578256794
0 0.43 0.6452671040299907 0.03375 0.02530459231490159
0 0.758125 0.3209934395501406 0.0225 0.03467666354264293
0 0.809375 0.3673851921274602 0.0325 0.030927835051546393
0 0.885 0.21462043111527648 0.025 0.01780693533270853
0 0.096875 0.7413308341143393 0.03 0.022492970946579195
0 0.65875 0.3650421743205248 0.03 0.02530459231490159
0 0.634375 0.4442361761949391 0.02375 0.03561387066541706
0 0.9425 0.2591377694470478 0.01875 0.015932521087160263
0 0.790625 0.24179943767572634 0.03 0.026241799437675725
0 0.85625 0.2774133083411434 0.01125 0.016869728209934397
0 0.795625 0.3467666354264292 0.015 0.01499531396438613
0 0.77875 0.3701968134957826 0.015 0.01218369259606373
0 0.7875 0.35941893158388005 0.03125 0.05154639175257732
0 0.859375 0.4475164011246485 0.0125 0.010309278350515464
0 0.86875 0.4484536082474227 0.0125 0.010309278350515464
0 0.936875 0.408622305529522 0.01625 0.00937207122774133
0 0.82375 0.5712277413308341 0.01625 0.015932521087160263
0 0.795625 0.5679475164011246 0.025 0.01218369259606373
0 0.79625 0.5763823805060918 0.00875 0.007497656982193065
0 0.71875 0.5857544517338332 0.01 0.008434864104967198
0 0.603125 0.57029053420806 0.0125 0.008434864104967198
0 0.570625 0.528116213683224 0.035 0.02155576382380506
0 0.585625 0.542642924086223 0.035 0.03561387066541706
0 0.118125 0.5974695407685099 0.04375 0.033739456419868794
0 0.15125 0.4076850984067479 0.03125 0.026241799437675725
0 0.305 0.4475164011246485 0.015 0.015932521087160263
0 0.351875 0.3983130271790066 0.02125 0.010309278350515464
0 0.435625 0.3898781630740394 0.04375 0.023430178069353328
0 0.439375 0.408622305529522 0.04375 0.02155576382380506
0 0.463125 0.46485473289597 0.01375 0.020618556701030927
0 0.48875 0.46579194001874413 0.04375 0.023430178069353328
0 0.604375 0.3626991565135895 0.01375 0.014058106841611996
0 0.570625 0.2408622305529522 0.02625 0.02436738519212746
0 0.21125 0.3289597000937207 0.0175 0.008434864104967198
0 0.210625 0.3233364573570759 0.02 0.007497656982193065
1 0.22 0.5337394564198688 0.1425 0.07122774133083412
1 0.37375 0.5520149953139644 0.2525 0.09184629803186505
1 0.301875 0.6110590440487348 0.155 0.09465791940018745
1 0.516875 0.3908153701968135 0.15125 0.12652296157450796
1 0.546875 0.43158388003748827 0.12 0.17150890346766634
1 0.6675 0.5131208997188379 0.1775 0.12558575445173384
1 0.563125 0.450796626054358 0.19875 0.2268041237113402
1 0.626875 0.5215557638238051 0.2675 0.14807872539831302
1 0.688125 0.6780693533270853 0.08125 0.10121836925960637
1 0.71875 0.6813495782567948 0.14375 0.13776944704779756
1 0.66 0.6836925960637301 0.175 0.13402061855670103
0 0.93 0.3247422680412371 0.0325 0.01780693533270853