1 0.6875 0.5862230552952202 0.17875 0.10684161199625117
1 0.874375 0.6551077788191191 0.18125 0.1105904404873477
1 0.47625 0.6152764761012184 0.17875 0.10871602624179943
0 0.050625 0.3303655107778819 0.0575 0.05154639175257732
0 0.136875 0.6110590440487348 0.0725 0.04967197750702906
0 0.878125 0.7258669165885661 0.04125 0.02717900656044986
0 0.9425 0.6982193064667291 0.055 0.030927835051546393
0 0.529375 0.4967197750702905 0.035 0.04217432052483599
0 0.96125 0.9039362699156513 0.05875 0.02155576382380506
0 0.185625 0.4062792877225867 0.02875 0.04029990627928772
0 0.334375 0.08809746954076851 0.0125 0.01218369259606373
0 0.63625 0.2830365510777882 0.0225 0.016869728209934397
0 0.5725 0.28865979381443296 0.01375 0.006560449859418931
0 0.719375 0.3078725398313027 0.03 0.016869728209934397
0 0.7675 0.32755388940955954 0.025 0.01499531396438613
0 0.398125 0.6265229615745079 0.02 0.020618556701030927
0 0.92 0.4465791940018744 0.02625 0.029053420805998126
0 0.788125 0.5506091846298032 0.025 0.030927835051546393
0 0.929375 0.48078725398313027 0.02625 0.02436738519212746
0 0.084375 0.7970946579194002 0.0225 0.01218369259606373
0 0.17 0.746954076850984 0.02375 0.014058106841611996
0 0.009375 0.8758200562324273 0.01875 0.014058106841611996
0 0.06875 0.8092783505154639 0.0225 0.010309278350515464
0 0.0425 0.711340206185567 0.02 0.010309278350515464
0 0.541875 0.7380506091846298 0.0325 0.026241799437675725
0 0.39875 0.8256794751640113 0.025 0.019681349578256794
0 0.7425 0.8692596063730085 0.03 0.01874414245548266
0 0.850625 0.8120899718837863 0.02625 0.019681349578256794
0 0.98 0.7089971883786317 0.03125 0.028116213683223992
0 0.800625 0.8673851921274601 0.00875 0.00937207122774133
0 0.46375 0.4971883786316776 0.0575 0.02717900656044986
0 0.491875 0.5098406747891284 0.0575 0.026241799437675725
0 0.328125 0.5520149953139644 0.27375 0.023430178069353328
0 0.164375 0.46157450796626054 0.05875 0.04029990627928772
0 0.030625 0.31208997188378634 0.05375 0.03936269915651359
0 0.058125 0.2713214620431115 0.0575 0.026241799437675725
0 0.266875 0.28350515463917525 0.0075 0.004686035613870665
0 0.565 0.29615745079662603 0.00875 0.004686035613870665
0 0.881875 0.3537956888472352 0.03125 0.016869728209934397
0 0.943125 0.5056232427366448 0.03 0.028116213683223992
0 0.75625 0.6513589503280225 0.0475 0.02155576382380506
0 0.87875 0.8430178069353327 0.01 0.006560449859418931