1 0.689375 0.5838800374882849 0.17625 0.1049671977507029
1 0.878125 0.6504217432052484 0.17875 0.1077788191190253
1 0.47875 0.6157450796626054 0.17625 0.10684161199625117
0 0.046875 0.3364573570759138 0.05625 0.05060918462980318
0 0.139375 0.6157450796626054 0.07125 0.04873477038425492
0 0.883125 0.7207122774133083 0.04 0.026241799437675725
0 0.946875 0.6925960637300843 0.05375 0.02999062792877226
0 0.529375 0.49625117150890347 0.03375 0.04217432052483599
0 0.970625 0.8978444236176195 0.05875 0.020618556701030927
0 0.18375 0.4104967197750703 0.0275 0.04029990627928772
0 0.325 0.09044048734770384 0.0125 0.01218369259606373
0 0.63125 0.28116213683223995 0.0225 0.016869728209934397
0 0.568125 0.28772258669165884 0.01375 0.006560449859418931
0 0.715 0.30506091846298033 0.03 0.015932521087160263
0 0.76375 0.32427366447985007 0.025 0.01499531396438613
0 0.40125 0.6279287722586692 0.02 0.020618556701030927
0 0.91875 0.44095595126522963 0.025 0.029053420805998126
0 0.78875 0.5468603561387066 0.025 0.030927835051546393
0 0.92875 0.4751640112464855 0.025 0.02436738519212746
0 0.09125 0.802717900656045 0.0225 0.01218369259606373
0 0.175625 0.7511715089034676 0.02375 0.014058106841611996
0 0.01625 0.8823805060918463 0.0225 0.014058106841611996
0 0.07625 0.8149015932521088 0.0225 0.010309278350515464
0 0.0475 0.7174320524835989 0.02 0.010309278350515464
0 0.5475 0.7375820056232427 0.0325 0.026241799437675725
0 0.40625 0.8270852858481724 0.025 0.019681349578256794
0 0.75125 0.865979381443299 0.03 0.01874414245548266
0 0.858125 0.8074039362699157 0.02625 0.019681349578256794
0 0.985 0.7029053420805998 0.03 0.028116213683223992
0 0.809375 0.8631677600749765 0.00875 0.00937207122774133
0 0.46375 0.49765698219306465 0.0575 0.026241799437675725
0 0.491875 0.5098406747891284 0.05625 0.026241799437675725
0 0.329375 0.5543580131208997 0.27375 0.019681349578256794
0 0.163125 0.46579194001874413 0.0575 0.03936269915651359
0 0.02625 0.3181818181818182 0.0525 0.03936269915651359
0 0.0525 0.2769447047797563 0.0575 0.026241799437675725
0 0.261875 0.28631677600749766 0.00625 0.0037488284910965324
0 0.56 0.29568884723523897 0.00875 0.004686035613870665
0 0.87875 0.34910965323336457 0.03125 0.015932521087160263
0 0.943125 0.5 0.03 0.028116213683223992
0 0.76 0.647610121836926 0.04625 0.02155576382380506
0 0.88625 0.8383317713214621 0.01 0.005623242736644799