1 0.689375 0.5838800374882849 0.17625 0.1049671977507029
1 0.8778874999999999 0.6502436738519213 0.17922500000000013 0.10804123711340204
1 0.47883749999999997 0.6157450796626054 0.17595 0.10684161199625117
0 0.046875 0.3364573570759138 0.05625 0.05060918462980318
0 0.139375 0.6157450796626054 0.07125 0.04873477038425492
0 0.8832625000000001 0.7207029053420806 0.040550000000000065 0.026682286785379594
0 0.946875 0.6925960637300843 0.05375 0.02999062792877226
0 0.529375 0.49625117150890347 0.03375 0.04217432052483599
0 0.970625 0.8978444236176195 0.05875 0.020618556701030927
0 0.18375 0.4104967197750703 0.0275 0.04029990627928772
0 0.325 0.09044048734770384 0.0125 0.01218369259606373
0 0.63125 0.28116213683223995 0.0225 0.016869728209934397
0 0.5678625 0.2878819119025305 0.013225000000000051 0.0063542642924085966
0 0.715125 0.30495782567947516 0.03023750000000007 0.0161387066541706
0 0.7635375000000001 0.32427366447985007 0.024587500000000092 0.01499531396438613
0 0.40125 0.6279287722586692 0.02 0.020618556701030927
0 0.9187625 0.44095595126522963 0.025037499999999966 0.029053420805998126
0 0.7890125 0.5468603561387066 0.02461250000000007 0.030927835051546393
0 0.929025 0.47515463917525774 0.02555000000000007 0.02439550140581066
0 0.09125 0.802717900656045 0.0225 0.01218369259606373
0 0.175625 0.7511715089034676 0.02375 0.014058106841611996
0 0.01625 0.8823805060918463 0.0225 0.014058106841611996
0 0.07625 0.8149015932521088 0.0225 0.010309278350515464
0 0.0475 0.7174320524835989 0.02 0.010309278350515464
0 0.5475 0.7375820056232427 0.0325 0.026241799437675725
0 0.40625 0.8270852858481724 0.025 0.019681349578256794
0 0.75125 0.865979381443299 0.03 0.01874414245548266
0 0.858125 0.8074039362699157 0.02625 0.019681349578256794
0 0.985 0.7029053420805998 0.03 0.028116213683223992
0 0.809375 0.8631677600749765 0.00875 0.00937207122774133
0 0.4635 0.4975538894095595 0.05689999999999998 0.02667291471415186
0 0.4918 0.5098687910028116 0.056574999999999986 0.02596063730084353
0 0.32963749999999997 0.5544048734770384 0.273925 0.019390815370196865
0 0.16342500000000001 0.4658950328022493 0.05783749999999999 0.039793814432989724
0 0.026137499999999994 0.3182942830365511 0.0522625 0.03909090909090913
0 0.052725 0.2769353327085286 0.05721249999999999 0.025810684161199592
0 0.26173749999999996 0.28641986879100284 0.006824999999999974 0.004161199625117202
0 0.5603125 0.2955295220243674 0.008499999999999943 0.00495782567947513
0 0.8784624999999999 0.3490534208059981 0.030875000000000055 0.016373008434864132
0 0.9434125 0.4998687910028116 0.029412499999999966 0.02766635426429239
0 0.7597750000000001 0.6477788191190252 0.04643750000000011 0.021190253045923056
0 0.886525 0.8382193064667292 0.010374999999999943 0.005979381443299072