0 0.849799732977303 0.5821220930232558 0.11348464619492657 0.13517441860465115
0 0.5727636849132176 0.6744186046511628 0.11882510013351134 0.1438953488372093
0 0.6835781041388518 0.5995639534883721 0.1268357810413885 0.13662790697674418
0 0.37850467289719625 0.34011627906976744 0.13351134846461948 0.14534883720930233
0 0.644192256341789 0.3488372093023256 0.14018691588785046 0.1438953488372093
0 0.5093457943925234 0.31031976744186046 0.11214953271028037 0.15406976744186046
0 0.1308411214953271 0.43023255813953487 0.11882510013351134 0.1555232558139535
0 0.4445927903871829 0.6795058139534884 0.12416555407209613 0.14825581395348839
0 0.8591455273698264 0.4055232558139535 0.11748998664886515 0.13662790697674418
0 0.7142857142857143 0.46656976744186046 0.12550066755674233 0.1308139534883721
0 0.31174899866488653 0.6017441860465116 0.1321762349799733 0.13517441860465115
0 0.40654205607476634 0.8561046511627907 0.1295060080106809 0.13226744186046513
0 0.24766355140186916 0.7747093023255814 0.11615487316421896 0.1438953488372093
0 0.7817089452603472 0.2318313953488372 0.1308411214953271 0.14534883720930233
0 0.13684913217623498 0.6308139534883721 0.12149532710280374 0.1308139534883721
0 0.2970627503337784 0.45421511627906974 0.1321762349799733 0.12354651162790697
0 0.23965287049399198 0.2369186046511628 0.12817089452603472 0.13372093023255813
0 0.5867823765020027 0.8568313953488372 0.13351134846461948 0.12645348837209303
0 0.7710280373831776 0.7703488372093024 0.12550066755674233 0.125
0 0.41855807743658213 0.14607558139534885 0.13351134846461948 0.13372093023255813
0 0.6181575433911882 0.14680232558139536 0.1268357810413885 0.12063953488372094