0 0.45666666666666667 0.6643059490084986 0.14266666666666666 0.14447592067988668
0 0.13333333333333333 0.5262039660056658 0.13466666666666666 0.15155807365439095
0 0.7426666666666667 0.22308781869688385 0.13466666666666666 0.141643059490085
0 0.8493333333333334 0.3611898016997167 0.13466666666666666 0.15155807365439095
0 0.17266666666666666 0.3640226628895184 0.15333333333333332 0.13456090651558072
0 0.49 0.8781869688385269 0.13866666666666666 0.14447592067988668
0 0.31066666666666665 0.8286118980169972 0.14666666666666667 0.13456090651558072
0 0.17 0.7025495750708215 0.14 0.15864022662889518
0 0.8693333333333333 0.5502832861189801 0.13866666666666666 0.16572237960339944
0 0.812 0.7330028328611898 0.11733333333333333 0.1388101983002833
0 0.32266666666666666 0.6253541076487252 0.12933333333333333 0.13739376770538245
0 0.6093333333333333 0.6650141643059491 0.128 0.1529745042492918
0 0.3973333333333333 0.3293201133144476 0.14533333333333334 0.14305949008498584
0 0.7073333333333334 0.5502832861189801 0.12133333333333333 0.1274787535410765
0 0.6733333333333333 0.8477337110481586 0.12933333333333333 0.12606232294617564
0 0.674 0.3831444759206799 0.132 0.13739376770538245
0 0.38133333333333336 0.13810198300283286 0.13066666666666665 0.12464589235127478
0 0.5393333333333333 0.29674220963172804 0.136 0.14022662889518414
0 0.22733333333333333 0.22946175637393768 0.124 0.12039660056657224
0 0.30666666666666664 0.46246458923512745 0.124 0.14447592067988668
0 0.5653333333333334 0.14022662889518414 0.15066666666666667 0.13031161473087818