0 0.864 0.36130374479889044 0.108 0.11511789181692095
0 0.614 0.13314840499306518 0.1 0.12066574202496533
0 0.382 0.130374479889043 0.11066666666666666 0.11511789181692095
0 0.14333333333333334 0.3883495145631068 0.11066666666666666 0.12066574202496533
0 0.622 0.8509015256588072 0.096 0.11789181692094314
0 0.7213333333333334 0.8092926490984743 0.11466666666666667 0.11927877947295423
0 0.3586666666666667 0.6178918169209431 0.10933333333333334 0.11234396671289876
0 0.19533333333333333 0.7281553398058253 0.112 0.11927877947295423
0 0.5473333333333333 0.31900138696255204 0.12 0.10957004160887657
0 0.268 0.18515950069348128 0.116 0.12482662968099861
0 0.6866666666666666 0.6012482662968099 0.108 0.10402219140083217
0 0.43266666666666664 0.32385575589459087 0.11333333333333333 0.12343966712898752
0 0.5086666666666667 0.8529819694868238 0.10933333333333334 0.10818307905686546
0 0.3893333333333333 0.8446601941747572 0.11733333333333333 0.11511789181692095
0 0.4633333333333333 0.6643550624133149 0.12533333333333332 0.11789181692094314
0 0.8013333333333333 0.26144244105409153 0.12 0.11650485436893204
0 0.7153333333333334 0.18377253814147018 0.116 0.1317614424410541
0 0.6553333333333333 0.38626907073509015 0.11066666666666666 0.11373092926490985
0 0.3546666666666667 0.38210818307905686 0.08933333333333333 0.0957004160887656
0 0.7053333333333334 0.4840499306518724 0.10266666666666667 0.08460471567267684
0 0.8646666666666667 0.6213592233009708 0.11066666666666666 0.10957004160887657
0 0.49533333333333335 0.1130374479889043 0.11333333333333333 0.10540915395284327
0 0.14466666666666667 0.6380027739251041 0.08666666666666667 0.09292649098474341
0 0.32466666666666666 0.49791955617198336 0.11333333333333333 0.09986130374479889
0 0.18866666666666668 0.27184466019417475 0.092 0.09847434119278779
0 0.8893333333333333 0.49029126213592233 0.10933333333333334 0.10818307905686546
0 0.122 0.5249653259361997 0.092 0.11789181692094314
0 0.274 0.8058252427184466 0.10666666666666667 0.10540915395284327
0 0.8066666666666666 0.7357836338418863 0.09866666666666667 0.09292649098474341
0 0.6006666666666667 0.6719833564493759 0.11333333333333333 0.09847434119278779