0 0.8133333333333334 0.2621359223300971 0.11066666666666666 0.11789181692094314
0 0.512 0.1144244105409154 0.104 0.12343966712898752
0 0.2886666666666667 0.17891816920943135 0.11333333333333333 0.11927877947295423
0 0.12733333333333333 0.4944521497919556 0.11333333333333333 0.12482662968099861
0 0.71 0.8023578363384188 0.09866666666666667 0.12066574202496533
0 0.7946666666666666 0.7337031900138696 0.11733333333333333 0.12205270457697642
0 0.3953333333333333 0.6539528432732317 0.11333333333333333 0.11650485436893204
0 0.2673333333333333 0.8065187239944521 0.11466666666666667 0.12205270457697642
0 0.498 0.3120665742024965 0.12266666666666666 0.11373092926490985
0 0.19333333333333333 0.2642163661581137 0.12 0.1276005547850208
0 0.7066666666666667 0.5436893203883495 0.11066666666666666 0.10679611650485436
0 0.38866666666666666 0.34951456310679613 0.11733333333333333 0.1262135922330097
0 0.602 0.8370319001386962 0.112 0.11095700416088766
0 0.48533333333333334 0.8626907073509015 0.12133333333333333 0.11927877947295423
0 0.508 0.6685159500693482 0.128 0.12066574202496533
0 0.7266666666666667 0.18377253814147018 0.12266666666666666 0.12066574202496533
0 0.6233333333333333 0.13453536754507628 0.12 0.13453536754507628
0 0.6193333333333333 0.3460471567267684 0.11333333333333333 0.11650485436893204
0 0.3293333333333333 0.42857142857142855 0.092 0.09847434119278779
0 0.6933333333333334 0.42579750346740636 0.104 0.08737864077669903
0 0.8826666666666667 0.5117891816920943 0.11333333333333333 0.11234396671289876
0 0.39266666666666666 0.12968099861303745 0.116 0.10818307905686546
0 0.19466666666666665 0.7343966712898752 0.08933333333333333 0.09431345353675451
0 0.3313333333333333 0.5478502080443828 0.116 0.10263522884882108
0 0.14 0.369625520110957 0.09466666666666666 0.10124826629680998
0 0.872 0.37933425797503467 0.112 0.11095700416088766
0 0.14333333333333334 0.6324549237170597 0.09466666666666666 0.11927877947295423
0 0.36333333333333334 0.8585298196948682 0.10933333333333334 0.10818307905686546
0 0.8573333333333333 0.6386962552011096 0.1 0.0957004160887656
0 0.642 0.636615811373093 0.116 0.10124826629680998