0 0.2828703703703704 0.35 0.012037037037037037 0.013888888888888888
1 0.2759259259259259 0.3578703703703704 0.06944444444444445 0.06388888888888888
1 0.25462962962962965 0.21296296296296297 0.27685185185185185 0.16574074074074074
0 0.2671296296296296 0.18564814814814815 0.023148148148148147 0.017592592592592594
1 0.07962962962962963 0.4375 0.15925925925925927 0.16018518518518518
1 0.06805555555555555 0.4773148148148148 0.1361111111111111 0.13425925925925927
1 0.27685185185185185 0.5328703703703703 0.14537037037037037 0.1259259259259259
1 0.11527777777777778 0.7208333333333333 0.17037037037037037 0.2351851851851852
1 0.25324074074074077 0.7643518518518518 0.15 0.1361111111111111
1 0.4310185185185185 0.8046296296296296 0.14074074074074075 0.1425925925925926
1 0.33240740740740743 0.6259259259259259 0.10555555555555556 0.13240740740740742
1 0.3314814814814815 0.6277777777777778 0.1787037037037037 0.21574074074074073
0 0.3648148148148148 0.5814814814814815 0.013888888888888888 0.023148148148148147
0 0.8972222222222223 0.7592592592592593 0.007407407407407408 0.009259259259259259
0 0.9384259259259259 0.674537037037037 0.007407407407407408 0.009259259259259259
0 0.9912037037037037 0.6398148148148148 0.004629629629629629 0.01574074074074074
0 0.8671296296296296 0.6050925925925926 0.012962962962962963 0.011111111111111112
0 0.899537037037037 0.4689814814814815 0.012037037037037037 0.012962962962962963
0 0.8648148148148148 0.3625 0.008333333333333333 0.024074074074074074
0 0.7041666666666667 0.19398148148148148 0.019444444444444445 0.024074074074074074
1 0.5967592592592592 0.14212962962962963 0.09444444444444444 0.06388888888888888
1 0.7268518518518519 0.2037037037037037 0.1685185185185185 0.2574074074074074
1 0.6046296296296296 0.3527777777777778 0.11666666666666667 0.20925925925925926
1 0.637962962962963 0.43703703703703706 0.08703703703703704 0.1537037037037037
1 0.8842592592592593 0.3527777777777778 0.11018518518518519 0.2064814814814815
1 0.8962962962962963 0.4546296296296296 0.13055555555555556 0.20462962962962963
1 0.8467592592592592 0.5740740740740741 0.24722222222222223 0.1712962962962963
1 0.9773148148148149 0.6356481481481482 0.04537037037037037 0.10092592592592593
1 0.8861111111111111 0.7435185185185185 0.07222222222222222 0.0712962962962963
1 0.9078703703703703 0.6449074074074074 0.18425925925925926 0.2916666666666667
1 0.9648148148148148 0.7657407407407407 0.07037037037037037 0.07407407407407407