0 0.6939814814814815 0.3212962962962963 0.012037037037037037 0.012962962962962963
1 0.7023148148148148 0.3277777777777778 0.06574074074074074 0.05925925925925926
1 0.7032407407407407 0.1814814814814815 0.26851851851851855 0.14722222222222223
0 0.687037037037037 0.15648148148148147 0.022222222222222223 0.01574074074074074
1 0.9152777777777777 0.3787037037037037 0.16666666666666666 0.15
1 0.9296296296296296 0.4166666666666667 0.1388888888888889 0.125
1 0.725462962962963 0.5013888888888889 0.1388888888888889 0.1175925925925926
1 0.9120370370370371 0.6652777777777777 0.15555555555555556 0.22592592592592592
1 0.7810185185185186 0.7273148148148149 0.14166666666666666 0.12685185185185185
1 0.6106481481481482 0.7921296296296296 0.13240740740740742 0.13518518518518519
1 0.6833333333333333 0.6013888888888889 0.09814814814814815 0.12685185185185185
1 0.6847222222222222 0.6027777777777777 0.16574074074074074 0.20555555555555555
0 0.6449074074074074 0.562037037037037 0.012037037037037037 0.022222222222222223
0 0.1425925925925926 0.812037037037037 0.007407407407407408 0.008333333333333333
0 0.08981481481481482 0.7342592592592593 0.006481481481481481 0.008333333333333333
0 0.03287037037037037 0.7069444444444445 0.003703703703703704 0.01574074074074074
0 0.15138888888888888 0.6550925925925926 0.012037037037037037 0.010185185185185186
0 0.1 0.525 0.011111111111111112 0.012037037037037037
0 0.11944444444444445 0.41435185185185186 0.006481481481481481 0.024074074074074074
0 0.25555555555555554 0.22546296296296298 0.017592592592592594 0.023148148148148147
1 0.3541666666666667 0.1587962962962963 0.09074074074074075 0.058333333333333334
1 0.23425925925925925 0.23796296296296296 0.15185185185185185 0.2490740740740741
1 0.37546296296296294 0.36898148148148147 0.1037037037037037 0.2037037037037037
1 0.35462962962962963 0.4564814814814815 0.07685185185185185 0.15
1 0.09861111111111111 0.4078703703703704 0.0962962962962963 0.20092592592592592
1 0.10138888888888889 0.5101851851851852 0.1175925925925926 0.19814814814814816
1 0.16712962962962963 0.6217592592592592 0.23796296296296296 0.15555555555555556
1 0.044444444444444446 0.7018518518518518 0.041666666666666664 0.09907407407407408
1 0.15185185185185185 0.7949074074074074 0.06851851851851852 0.06666666666666667
1 0.11018518518518519 0.7013888888888888 0.17777777777777778 0.28055555555555556
1 0.059722222222222225 0.8310185185185185 0.09907407407407408 0.06759259259259259