0 0.29992592592592593 0.32804629629629634 0.011157407407407366 0.012620370370370367
1 0.29183333333333333 0.33498148148148144 0.06362037037037041 0.05734259259259255
1 0.2858425925925926 0.1888425925925926 0.26379629629629625 0.13850925925925928
0 0.30127777777777776 0.16298148148148148 0.02157407407407403 0.014981481481481488
1 0.0806388888888889 0.3930740740740741 0.1612777777777778 0.14429629629629634
1 0.06752777777777778 0.43163888888888896 0.13504629629629633 0.12039814814814817
1 0.27485185185185185 0.5091759259259259 0.13458333333333336 0.11266666666666672
1 0.09418518518518518 0.6795462962962963 0.14817592592592596 0.22060185185185185
1 0.22701851851851854 0.7371574074074074 0.13760185185185186 0.12208333333333325
1 0.39966666666666667 0.7959259259259259 0.12750000000000003 0.13042592592592583
1 0.32030555555555557 0.6076481481481482 0.09360185185185188 0.12350925925925914
1 0.3189166666666667 0.6093703703703703 0.1587592592592593 0.20053703703703696
0 0.3572037037037037 0.5669074074074074 0.011240740740740728 0.022222222222222223
0 0.8680462962962963 0.7991944444444444 0.0069351851851851935 0.00818518518518511
0 0.9179814814814814 0.7196203703703704 0.006499999999999983 0.00840740740740734
0 0.9738981481481481 0.6903055555555555 0.003416666666666717 0.015370370370370286
0 0.8539629629629629 0.6426481481481481 0.011555555555555572 0.009685185185185219
0 0.9005092592592592 0.5110925925925927 0.010611111111111144 0.011555555555555572
0 0.8771388888888888 0.4012777777777778 0.005851851851851793 0.02357407407407411
0 0.7349166666666667 0.21700925925925926 0.016888888888888898 0.02250000000000001
1 0.6337407407407408 0.15401851851851853 0.0892685185185186 0.05498148148148148
1 0.7564166666666666 0.22899074074074074 0.1433888888888888 0.243962962962963
1 0.6196759259259259 0.36450000000000005 0.09648148148148153 0.20026851851851848
1 0.6439074074074074 0.45165740740740745 0.07172222222222226 0.14725925925925928
1 0.8977407407407407 0.3938148148148148 0.08961111111111109 0.1978333333333333
1 0.8988888888888888 0.4964814814814815 0.110962962962963 0.1941666666666667
1 0.8368981481481482 0.6099537037037037 0.23340740740740745 0.14725925925925923
1 0.9623981481481483 0.6856203703703704 0.03811111111111108 0.09792592592592592
1 0.8584537037037037 0.7825277777777778 0.06596296296296297 0.06453703703703707
1 0.896787037037037 0.6878333333333333 0.1685648148148149 0.275287037037037
1 0.9513888888888888 0.8152777777777778 0.09722222222222222 0.06388888888888888