0 0.30234375 0.42578125 0.0703125 0.084375
0 0.475 0.535546875 0.0875 0.05546875
0 0.570703125 0.53125 0.0859375 0.065625
0 0.7140625 0.44921875 0.0625 0.08046875
0 0.671484375 0.1953125 0.07421875 0.08203125
0 0.847265625 0.686328125 0.0640625 0.06953125
0 0.3546875 0.3921875 0.06171875 0.0609375
0 0.759765625 0.625 0.06796875 0.0640625
0 0.384765625 0.490234375 0.08671875 0.0625
0 0.8375 0.961328125 0.0640625 0.06953125
0 0.528125 0.47890625 0.0640625 0.05546875
0 0.241796875 0.512109375 0.053125 0.05546875
0 0.492578125 0.798828125 0.0640625 0.06953125
0 0.405078125 0.7375 0.06796875 0.0640625
0 0.750390625 0.9 0.06796875 0.0640625
0 0.320703125 0.189453125 0.0640625 0.07265625
0 0.252734375 0.86328125 0.0609375 0.0625
0 0.17421875 0.66015625 0.05703125 0.059375
0 0.63515625 0.36953125 0.0640625 0.065625
0 0.416015625 0.302734375 0.05078125 0.06171875
0 0.087890625 0.481640625 0.06171875 0.06484375
0 0.57890625 0.74375 0.0703125 0.06484375
0 0.239453125 0.261328125 0.05234375 0.09140625
0 0.3125 0.09609375 0.08046875 0.084375
0 0.52578125 0.102734375 0.06640625 0.06015625
0 0.75234375 0.205859375 0.059375 0.075
0 0.67578125 0.1203125 0.07578125 0.0734375
0 0.508203125 0.047265625 0.0796875 0.05390625
0 0.923828125 0.90703125 0.07109375 0.06484375
0 0.93359375 0.63203125 0.07109375 0.06484375
0 0.201171875 0.465234375 0.05625 0.06015625
0 0.64609375 0.504296875 0.05703125 0.07109375
0 0.4125 0.050390625 0.08046875 0.0578125
0 0.549609375 0.42265625 0.0578125 0.053125
0 0.59765625 0.467578125 0.06015625 0.046875
0 0.396875 0.437890625 0.0515625 0.04921875
0 0.54296875 0.650390625 0.0671875 0.0703125
0 0.887890625 0.812890625 0.0671875 0.06953125
0 0.44609375 0.0953125 0.075 0.0515625
0 0.452734375 0.471875 0.0640625 0.04765625
0 0.25390625 0.576953125 0.06015625 0.06328125
0 0.11171875 0.65234375 0.0546875 0.0515625
0 0.086328125 0.76796875 0.06171875 0.065625
0 0.2 0.751953125 0.0546875 0.059375
0 0.437109375 0.24140625 0.065625 0.05390625
0 0.068359375 0.890625 0.05078125 0.0578125
0 0.1734375 0.947265625 0.05625 0.06015625
0 0.897265625 0.53828125 0.0671875 0.06953125
0 0.26875 0.1703125 0.05625 0.059375
0 0.372265625 0.121875 0.06796875 0.0625
0 0.451171875 0.65 0.059375 0.06640625
0 0.600390625 0.13046875 0.06171875 0.05859375
0 0.305078125 0.25625 0.04921875 0.06015625
0 0.057421875 0.54140625 0.046875 0.05078125
0 0.109765625 0.9390625 0.05625 0.0515625
0 0.80546875 0.5375 0.059375 0.06640625
0 0.253515625 0.344140625 0.0484375 0.059375
0 0.775390625 0.2890625 0.04921875 0.08046875
0 0.79609375 0.8125 0.059375 0.06640625
0 0.398046875 0.191796875 0.06484375 0.05390625
0 0.241015625 0.79921875 0.05390625 0.05546875
0 0.7046875 0.359375 0.05546875 0.075
0 0.70546875 0.27578125 0.046875 0.06484375
0 0.418359375 0.1515625 0.06328125 0.05546875
0 0.056640625 0.828125 0.04765625 0.05
0 0.31015625 0.329296875 0.05 0.0765625
0 0.60078125 0.0734375 0.06484375 0.0578125
0 0.433203125 0.392578125 0.05859375 0.04921875
0 0.06953125 0.604296875 0.05234375 0.05859375
0 0.370703125 0.24296875 0.053125 0.05390625
0 0.555078125 0.255859375 0.046875 0.0546875
0 0.13984375 0.735546875 0.05 0.0546875
0 0.396875 0.348046875 0.0453125 0.04375
0 0.75703125 0.38046875 0.05078125 0.0734375
0 0.493359375 0.3703125 0.053125 0.0578125
0 0.488671875 0.4203125 0.059375 0.04609375
0 0.47578125 0.151171875 0.0484375 0.05
0 0.55078125 0.36640625 0.06484375 0.0515625
0 0.59296875 0.337109375 0.0625 0.05390625
0 0.532421875 0.1984375 0.0578125 0.0546875
0 0.58984375 0.231640625 0.0453125 0.053125
0 0.141015625 0.448828125 0.0515625 0.05546875
0 0.59921875 0.4140625 0.0625 0.0546875
0 0.358203125 0.297265625 0.0375 0.053125
0 0.49921875 0.324609375 0.059375 0.03515625
0 0.6078125 0.284375 0.0421875 0.05703125
0 0.5578125 0.31328125 0.04140625 0.04609375
0 0.5859375 0.176171875 0.05625 0.05390625
0 0.65546875 0.4296875 0.04609375 0.05234375
0 0.458984375 0.2859375 0.03671875 0.0546875
0 0.47421875 0.19765625 0.065625 0.0421875
0 0.22734375 0.928515625 0.04453125 0.04453125
0 0.65625 0.294140625 0.04140625 0.06953125
0 0.229296875 0.64140625 0.04375 0.04453125
0 0.63359375 0.22734375 0.05 0.05390625
0 0.44453125 0.351171875 0.0375 0.0515625
0 0.5296875 0.153125 0.0484375 0.04296875
0 0.4984375 0.24375 0.05625 0.0453125