0 0.295703125 0.446875 0.07265625 0.08671875
0 0.47890625 0.537890625 0.0890625 0.05859375
0 0.573828125 0.523828125 0.0875 0.06796875
0 0.707421875 0.426953125 0.065625 0.08203125
0 0.6390625 0.17890625 0.0765625 0.084375
0 0.86484375 0.64921875 0.06640625 0.07109375
0 0.34453125 0.4078125 0.06328125 0.0625
0 0.771484375 0.597265625 0.06953125 0.06640625
0 0.384375 0.50234375 0.08828125 0.06484375
0 0.883984375 0.9234375 0.06640625 0.07109375
0 0.52578125 0.476171875 0.06640625 0.05703125
0 0.244140625 0.5390625 0.05546875 0.05703125
0 0.523828125 0.798046875 0.06640625 0.07109375
0 0.43046875 0.74609375 0.06953125 0.06640625
0 0.790625 0.871484375 0.06953125 0.06640625
0 0.289453125 0.209765625 0.06640625 0.07421875
0 0.2921875 0.8875 0.0625 0.0640625
0 0.19296875 0.693359375 0.05859375 0.06171875
0 0.620703125 0.35625 0.065625 0.0671875
0 0.39609375 0.3125 0.05234375 0.06328125
0 0.08828125 0.525 0.06328125 0.06640625
0 0.60390625 0.734375 0.071875 0.0671875
0 0.216015625 0.28984375 0.05546875 0.09296875
0 0.27109375 0.117578125 0.0828125 0.0875
0 0.483984375 0.101953125 0.06796875 0.0625
0 0.719921875 0.18125 0.06171875 0.07734375
0 0.63515625 0.10390625 0.078125 0.07578125
0 0.4609375 0.048828125 0.08125 0.05703125
0 0.963671875 0.86015625 0.07265625 0.0671875
0 0.944921875 0.5859375 0.07265625 0.0671875
0 0.19921875 0.496875 0.0578125 0.0625
0 0.645703125 0.4890625 0.059375 0.0734375
0 0.366015625 0.062109375 0.0828125 0.0609375
0 0.54140625 0.41796875 0.059375 0.05546875
0 0.59375 0.457421875 0.06171875 0.0484375
0 0.391015625 0.448828125 0.053125 0.05078125
0 0.558203125 0.644921875 0.06953125 0.07265625
0 0.918359375 0.770703125 0.06953125 0.071875
0 0.404296875 0.103125 0.0765625 0.05390625
0 0.450390625 0.476953125 0.065625 0.04921875
0 0.26328125 0.60234375 0.06171875 0.06484375
0 0.1296875 0.691796875 0.05625 0.05390625
0 0.116796875 0.809765625 0.06328125 0.0671875
0 0.228125 0.781640625 0.05625 0.0609375
0 0.410546875 0.24921875 0.0671875 0.05625
0 0.11171875 0.93359375 0.053125 0.059375
0 0.221875 0.973828125 0.0578125 0.05234375
0 0.89921875 0.496484375 0.06953125 0.071875
0 0.235546875 0.19609375 0.0578125 0.06171875
0 0.333203125 0.1375 0.06953125 0.06484375
0 0.466796875 0.654296875 0.06171875 0.06875
0 0.561328125 0.122265625 0.0640625 0.06015625
0 0.280859375 0.278125 0.05078125 0.06171875
0 0.0640625 0.587109375 0.0484375 0.05234375
0 0.1578125 0.975 0.0578125 0.05
0 0.8078125 0.50546875 0.06171875 0.06875
0 0.23828125 0.370703125 0.05 0.0609375
0 0.751953125 0.26171875 0.05234375 0.08203125
0 0.826953125 0.7796875 0.06171875 0.06875
0 0.36640625 0.204296875 0.06640625 0.05546875
0 0.273828125 0.824609375 0.05625 0.0578125
0 0.688671875 0.338671875 0.0578125 0.07734375
0 0.680859375 0.25546875 0.04921875 0.06640625
0 0.382421875 0.162109375 0.065625 0.05703125
0 0.093359375 0.87265625 0.04921875 0.0515625
0 0.293359375 0.35 0.053125 0.078125
0 0.555859375 0.065234375 0.0671875 0.059375
0 0.42265625 0.4 0.06015625 0.05078125
0 0.0828125 0.6484375 0.05390625 0.06015625
0 0.34453125 0.2578125 0.05546875 0.05546875
0 0.529296875 0.251171875 0.04921875 0.05625
0 0.16640625 0.771875 0.05234375 0.05625
0 0.381640625 0.359375 0.046875 0.0453125
0 0.74296875 0.354296875 0.053125 0.075
0 0.4796875 0.371875 0.05546875 0.059375
0 0.48046875 0.421875 0.0609375 0.04765625
0 0.439453125 0.155859375 0.05 0.0515625
0 0.53671875 0.362109375 0.06640625 0.053125
0 0.575390625 0.328125 0.0640625 0.05546875
0 0.50078125 0.196875 0.06015625 0.05703125
0 0.561328125 0.2234375 0.046875 0.0546875
0 0.1375 0.48671875 0.05390625 0.05703125
0 0.589453125 0.40390625 0.0640625 0.05625
0 0.337890625 0.31328125 0.0390625 0.05390625
0 0.480859375 0.325390625 0.0609375 0.03671875
0 0.584765625 0.27421875 0.04453125 0.0578125
0 0.537890625 0.308203125 0.04296875 0.046875
0 0.5515625 0.169140625 0.05859375 0.05625
0 0.647265625 0.413671875 0.04765625 0.05390625
0 0.43671875 0.29140625 0.0390625 0.05546875
0 0.442578125 0.201953125 0.06640625 0.04453125
0 0.273828125 0.9546875 0.04609375 0.04609375
0 0.63359375 0.27890625 0.04375 0.0703125
0 0.245703125 0.66875 0.0453125 0.04609375
0 0.604296875 0.215234375 0.05234375 0.05546875
0 0.429296875 0.3578125 0.0390625 0.05234375
0 0.493359375 0.151953125 0.05 0.04453125
0 0.471484375 0.2453125 0.0578125 0.04765625