0 0.5484375 0.55078125 0.08203125 0.059375
0 0.846875 0.851953125 0.075 0.0765625
0 0.426171875 0.1359375 0.07890625 0.08984375
0 0.8921875 0.594921875 0.07578125 0.0765625
0 0.7421875 0.6671875 0.07890625 0.07578125
0 0.69921875 0.507421875 0.07421875 0.075
0 0.503125 0.791015625 0.075 0.0765625
0 0.39375 0.073828125 0.08046875 0.08203125
0 0.46171875 0.539453125 0.07265625 0.0609375
0 0.353125 0.86328125 0.07890625 0.0765625
0 0.696484375 0.923828125 0.07890625 0.07578125
0 0.56171875 0.055078125 0.08046875 0.0640625
0 0.25546875 0.30546875 0.07578125 0.0953125
0 0.755859375 0.33828125 0.06484375 0.08828125
0 0.906640625 0.68828125 0.07890625 0.07734375
0 0.3828125 0.51015625 0.084375 0.06953125
0 0.539453125 0.490234375 0.06875 0.06015625
0 0.47734375 0.049609375 0.07734375 0.0609375
0 0.791796875 0.23046875 0.07734375 0.09296875
0 0.766015625 0.97265625 0.07578125 0.0546875
0 0.423046875 0.92578125 0.0765625 0.08203125
0 0.657421875 0.079296875 0.090625 0.06015625
0 0.861328125 0.9453125 0.0796875 0.078125
0 0.739453125 0.140234375 0.08671875 0.07421875
0 0.466015625 0.47734375 0.0703125 0.06015625
0 0.5171875 0.10390625 0.08515625 0.06015625
0 0.453515625 0.245703125 0.0671875 0.0671875
0 0.812109375 0.7296875 0.07578125 0.08203125
0 0.796484375 0.580078125 0.07109375 0.0765625
0 0.517578125 0.884765625 0.07890625 0.078125
0 0.625390625 0.542578125 0.06171875 0.0546875
0 0.382421875 0.267578125 0.0625 0.06015625
0 0.3484375 0.198046875 0.05625 0.08046875
0 0.67890625 0.343359375 0.05859375 0.0765625
0 0.233203125 0.56796875 0.0625 0.06484375
0 0.4515625 0.41328125 0.06484375 0.05546875
0 0.146484375 0.63203125 0.059375 0.0625
0 0.721484375 0.403125 0.06015625 0.07734375
0 0.579296875 0.385546875 0.0734375 0.05390625
0 0.05703125 0.70625 0.06484375 0.0671875
0 0.3296875 0.450390625 0.05859375 0.06328125
0 0.0921875 0.60859375 0.05625 0.0546875
0 0.04609375 0.869140625 0.05625 0.053125
0 0.587890625 0.443359375 0.06484375 0.0515625
0 0.100390625 0.89296875 0.059375 0.0625
0 0.102734375 0.445703125 0.06484375 0.06796875
0 0.65390625 0.200390625 0.06171875 0.05859375
0 0.513671875 0.251953125 0.0546875 0.0578125
0 0.158984375 0.7203125 0.05859375 0.06171875
0 0.751171875 0.8375 0.07109375 0.0765625
0 0.28984375 0.3859375 0.0625 0.07265625
0 0.320703125 0.138671875 0.06484375 0.0734375
0 0.1875 0.829296875 0.06328125 0.06484375
0 0.2046875 0.459765625 0.05859375 0.06171875
0 0.816796875 0.298828125 0.059375 0.0734375
0 0.398046875 0.449609375 0.05625 0.0546875
0 0.419140625 0.212890625 0.06796875 0.06328125
0 0.407421875 0.776953125 0.07109375 0.0765625
0 0.518359375 0.378515625 0.06484375 0.06640625
0 0.609765625 0.488671875 0.0640625 0.0515625
0 0.75859375 0.441015625 0.075 0.08125
0 0.522265625 0.148828125 0.065625 0.059375
0 0.4671875 0.358203125 0.04609375 0.0546875
0 0.43515625 0.31015625 0.0609375 0.06953125
0 0.6140625 0.35078125 0.06796875 0.06015625
0 0.6796875 0.266015625 0.0625 0.07109375
0 0.66796875 0.459375 0.05625 0.0515625
0 0.344140625 0.369921875 0.0640625 0.06171875
0 0.236328125 0.50859375 0.0578125 0.059375
0 0.6953125 0.172265625 0.06640625 0.06640625
0 0.063671875 0.494921875 0.0484375 0.0515625
0 0.31953125 0.283984375 0.05234375 0.05234375
0 0.190625 0.769140625 0.05859375 0.059375
0 0.51484375 0.4359375 0.05390625 0.05
0 0.611328125 0.123046875 0.07109375 0.06484375
0 0.50546875 0.20234375 0.07265625 0.0546875
0 0.7359375 0.248046875 0.0546875 0.05625
0 0.4828125 0.305859375 0.04765625 0.05703125
0 0.579296875 0.25546875 0.0609375 0.05390625
0 0.02109375 0.816796875 0.0421875 0.06328125
0 0.62109375 0.23984375 0.0578125 0.0609375
0 0.407421875 0.373828125 0.05625 0.04296875
0 0.115234375 0.687890625 0.053125 0.05703125
0 0.591796875 0.316015625 0.04375 0.05390625
0 0.459765625 0.17109375 0.0578125 0.05703125
0 0.161328125 0.427734375 0.053125 0.05625
0 0.059765625 0.556640625 0.05703125 0.06328125
0 0.02109375 0.75546875 0.0421875 0.0515625
0 0.643359375 0.40546875 0.06875 0.059375
0 0.201953125 0.619921875 0.04609375 0.0453125
0 0.591015625 0.16640625 0.07109375 0.05546875
0 0.269921875 0.209765625 0.065625 0.09609375
0 0.155859375 0.88046875 0.0453125 0.04453125
0 0.566796875 0.202734375 0.0703125 0.05625
0 0.536328125 0.33828125 0.06328125 0.04140625
0 0.804296875 0.37265625 0.05859375 0.0765625
0 0.63671875 0.30234375 0.04296875 0.05390625
0 0.3859375 0.318359375 0.04375 0.05859375