0 0.4375 0.53203125 0.08125 0.0578125
0 0.057421875 0.719921875 0.07421875 0.07578125
0 0.68828125 0.1796875 0.078125 0.0890625
0 0.0984375 0.462109375 0.075 0.07578125
0 0.21640625 0.579296875 0.078125 0.075
0 0.308984375 0.4421875 0.0734375 0.07421875
0 0.40234375 0.77421875 0.07421875 0.07578125
0 0.7390625 0.131640625 0.0796875 0.08125
0 0.5234375 0.549609375 0.071875 0.06015625
0 0.520703125 0.89140625 0.078125 0.07578125
0 0.176171875 0.83671875 0.078125 0.075
0 0.586328125 0.059375 0.0796875 0.06328125
0 0.79453125 0.395703125 0.07421875 0.09453125
0 0.3109375 0.2640625 0.06328125 0.0875
0 0.054296875 0.545703125 0.078125 0.0765625
0 0.607421875 0.548046875 0.08359375 0.06796875
0 0.466015625 0.478125 0.06796875 0.05859375
0 0.66796875 0.081640625 0.0765625 0.06015625
0 0.31171875 0.150390625 0.0765625 0.0921875
0 0.08984375 0.873046875 0.07421875 0.08125
0 0.434375 0.927734375 0.075 0.08125
0 0.48828125 0.05078125 0.08984375 0.05859375
0 0.026171875 0.803515625 0.05234375 0.07734375
0 0.390625 0.081640625 0.0859375 0.0734375
0 0.539453125 0.48984375 0.06953125 0.059375
0 0.612890625 0.119921875 0.084375 0.059375
0 0.6265625 0.275 0.06640625 0.06640625
0 0.130078125 0.615625 0.07421875 0.08125
0 0.19375 0.479296875 0.0703125 0.07578125
0 0.358203125 0.858203125 0.07734375 0.07734375
0 0.367578125 0.499609375 0.0609375 0.05390625
0 0.687109375 0.318359375 0.06171875 0.059375
0 0.74140625 0.263671875 0.0546875 0.08046875
0 0.38203125 0.29375 0.05703125 0.07578125
0 0.730078125 0.651171875 0.06171875 0.0640625
0 0.57421875 0.433984375 0.0640625 0.0546875
0 0.79140625 0.73984375 0.05859375 0.06171875
0 0.322265625 0.336328125 0.059375 0.0765625
0 0.4625 0.366015625 0.0734375 0.053125
0 0.8515625 0.839453125 0.0640625 0.06640625
0 0.676953125 0.50859375 0.0578125 0.0625
0 0.850390625 0.735546875 0.05625 0.05390625
0 0.808984375 0.98515625 0.05546875 0.0296875
0 0.435546875 0.41796875 0.06484375 0.05078125
0 0.749609375 0.98515625 0.05859375 0.0296875
0 0.893359375 0.578125 0.0640625 0.0671875
0 0.451953125 0.16640625 0.0609375 0.0578125
0 0.56796875 0.261328125 0.05390625 0.0578125
0 0.75078125 0.819140625 0.0578125 0.0609375
0 0.152734375 0.737109375 0.0703125 0.07578125
0 0.735546875 0.460546875 0.06171875 0.071875
0 0.787109375 0.216796875 0.0640625 0.07265625
0 0.68828125 0.912890625 0.0625 0.0640625
0 0.7921875 0.558203125 0.0578125 0.0609375
0 0.266015625 0.206640625 0.05859375 0.0734375
0 0.6125 0.485546875 0.05625 0.05390625
0 0.6703125 0.2546875 0.0671875 0.0625
0 0.497265625 0.791796875 0.0703125 0.07578125
0 0.522265625 0.379296875 0.0640625 0.065625
0 0.399609375 0.453515625 0.0640625 0.05078125
0 0.274609375 0.359765625 0.0734375 0.08046875
0 0.593359375 0.1609375 0.06484375 0.05859375
0 0.57734375 0.3765625 0.0453125 0.05390625
0 0.623046875 0.34140625 0.06015625 0.06875
0 0.441015625 0.321875 0.0671875 0.059375
0 0.40625 0.2203125 0.06171875 0.0703125
0 0.3546875 0.40703125 0.05546875 0.05078125
0 0.68984375 0.427734375 0.06328125 0.0609375
0 0.746484375 0.594140625 0.0578125 0.05859375
0 0.421875 0.1265625 0.065625 0.065625
0 0.9140625 0.637109375 0.04765625 0.0515625
0 0.741015625 0.3546875 0.0515625 0.0515625
0 0.7046875 0.855078125 0.05859375 0.05859375
0 0.506640625 0.434765625 0.05390625 0.04921875
0 0.517578125 0.107421875 0.0703125 0.0640625
0 0.591796875 0.216796875 0.07265625 0.05390625
0 0.358984375 0.18515625 0.05390625 0.05625
0 0.5796875 0.321875 0.046875 0.05625
0 0.5046875 0.24296875 0.06015625 0.053125
0 0.856640625 0.9578125 0.05625 0.0625
0 0.469921875 0.214453125 0.05703125 0.06015625
0 0.628515625 0.4109375 0.05546875 0.0421875
0 0.80234375 0.803125 0.05234375 0.05625
0 0.473046875 0.29609375 0.04296875 0.053125
0 0.6453125 0.20234375 0.05703125 0.05625
0 0.84375 0.541796875 0.05234375 0.05546875
0 0.898046875 0.697265625 0.05625 0.0625
0 0.872265625 0.8984375 0.04765625 0.0515625
0 0.3953125 0.3640625 0.06796875 0.0578125
0 0.742578125 0.710546875 0.0453125 0.04453125
0 0.52265625 0.155078125 0.0703125 0.0546875
0 0.812109375 0.30078125 0.0640625 0.0953125
0 0.7015625 0.971875 0.04453125 0.04375
0 0.53359375 0.197265625 0.06953125 0.05546875
0 0.518359375 0.33515625 0.0625 0.040625
0 0.253515625 0.28046875 0.05703125 0.07578125
0 0.43515625 0.26875 0.0421875 0.053125
0 0.666796875 0.365625 0.04296875 0.0578125