0 0.21733333333333332 0.7857142857142857 0.17866666666666667 0.15796703296703296
0 0.43466666666666665 0.11469780219780219 0.15466666666666667 0.1346153846153846
0 0.15733333333333333 0.3125 0.16133333333333333 0.15934065934065933
0 0.678 0.6085164835164835 0.152 0.16071428571428573
0 0.8853333333333333 0.595467032967033 0.11466666666666667 0.15247252747252749
0 0.3 0.4807692307692308 0.11866666666666667 0.15521978021978022
0 0.6113333333333333 0.1353021978021978 0.132 0.1401098901098901
0 0.13266666666666665 0.6353021978021978 0.12133333333333333 0.16483516483516483
0 0.11733333333333333 0.4642857142857143 0.13466666666666666 0.15796703296703296
0 0.364 0.867445054945055 0.136 0.12774725274725274
0 0.788 0.22527472527472528 0.16666666666666666 0.1662087912087912
0 0.49266666666666664 0.8873626373626373 0.14533333333333334 0.12637362637362637
0 0.3373333333333333 0.6311813186813187 0.12533333333333332 0.13324175824175824
0 0.6946666666666667 0.42925824175824173 0.15466666666666667 0.1662087912087912
0 0.39866666666666667 0.32005494505494503 0.15333333333333332 0.1717032967032967
0 0.8913333333333333 0.4141483516483517 0.13866666666666666 0.18681318681318682
0 0.268 0.17445054945054944 0.136 0.1510989010989011
0 0.5586666666666666 0.29876373626373626 0.164 0.13598901098901098
0 0.7966666666666666 0.7445054945054945 0.13466666666666666 0.15796703296703296
0 0.6633333333333333 0.853021978021978 0.13466666666666666 0.13186813186813187
0 0.49933333333333335 0.6868131868131868 0.17866666666666667 0.15384615384615385