0 0.7133333333333334 0.8440934065934066 0.172 0.14972527472527472
0 0.648 0.13942307692307693 0.14933333333333335 0.12774725274725274
0 0.8746666666666667 0.39629120879120877 0.15466666666666667 0.15247252747252749
0 0.30333333333333334 0.5645604395604396 0.14666666666666667 0.15384615384615385
0 0.10333333333333333 0.5034340659340659 0.10933333333333334 0.14835164835164835
0 0.6993333333333334 0.5274725274725275 0.112 0.1510989010989011
0 0.4713333333333333 0.11881868131868131 0.12666666666666668 0.1346153846153846
0 0.828 0.717032967032967 0.11333333333333333 0.16071428571428573
0 0.8806666666666667 0.5535714285714286 0.128 0.15247252747252749
0 0.5526666666666666 0.8894230769230769 0.132 0.12225274725274725
0 0.2793333333333333 0.16552197802197802 0.16 0.15934065934065933
0 0.422 0.8791208791208791 0.14133333333333334 0.11950549450549451
0 0.63 0.665521978021978 0.12 0.12774725274725274
0 0.326 0.385989010989011 0.148 0.15934065934065933
0 0.638 0.3482142857142857 0.14533333333333334 0.16483516483516483
0 0.13733333333333334 0.32623626373626374 0.13066666666666665 0.1813186813186813
0 0.7973333333333333 0.23626373626373626 0.12933333333333333 0.14560439560439561
0 0.4866666666666667 0.29052197802197804 0.15866666666666668 0.12774725274725274
0 0.158 0.6696428571428571 0.128 0.15247252747252749
0 0.264 0.8063186813186813 0.12933333333333333 0.12637362637362637
0 0.46 0.6820054945054945 0.17333333333333334 0.14560439560439561