0 0.39066666666666666 0.32308743169398907 0.144 0.1557377049180328
0 0.38133333333333336 0.851775956284153 0.12933333333333333 0.12021857923497267
0 0.5793333333333334 0.11543715846994536 0.13333333333333333 0.12978142076502733
0 0.6973333333333334 0.398224043715847 0.148 0.15846994535519127
0 0.234 0.7814207650273224 0.17066666666666666 0.14754098360655737
0 0.824 0.6864754098360656 0.12933333333333333 0.14617486338797814
0 0.258 0.18442622950819673 0.13333333333333333 0.1407103825136612
0 0.6926666666666667 0.8203551912568307 0.132 0.12295081967213115
0 0.6826666666666666 0.5662568306010929 0.15466666666666667 0.14754098360655737
0 0.104 0.47540983606557374 0.12533333333333332 0.15163934426229508
0 0.742 0.19057377049180327 0.16666666666666666 0.13934426229508196
0 0.14733333333333334 0.32172131147540983 0.156 0.1489071038251366
0 0.30466666666666664 0.4733606557377049 0.104 0.1448087431693989
0 0.41733333333333333 0.11065573770491803 0.14666666666666667 0.12021857923497267
0 0.334 0.6209016393442623 0.116 0.12704918032786885
0 0.13533333333333333 0.639344262295082 0.12533333333333332 0.15846994535519127
0 0.888 0.5225409836065574 0.10266666666666667 0.1448087431693989
0 0.536 0.8756830601092896 0.14 0.11475409836065574
0 0.504 0.6639344262295082 0.17333333333333334 0.1448087431693989
0 0.546 0.2998633879781421 0.156 0.12568306010928962
0 0.862 0.337431693989071 0.13066666666666665 0.17486338797814208