0 0.6066666666666667 0.32103825136612024 0.14666666666666667 0.15710382513661203
0 0.6246666666666667 0.8497267759562842 0.132 0.12295081967213115
0 0.4146666666666667 0.1168032786885246 0.13466666666666666 0.1325136612021858
0 0.3006666666666667 0.4016393442622951 0.15066666666666667 0.16120218579234974
0 0.7706666666666667 0.7766393442622951 0.172 0.15027322404371585
0 0.17933333333333334 0.6919398907103825 0.13066666666666665 0.14754098360655737
0 0.7366666666666667 0.1796448087431694 0.13466666666666666 0.14344262295081966
0 0.31266666666666665 0.8237704918032787 0.13333333333333333 0.12568306010928962
0 0.31866666666666665 0.569672131147541 0.156 0.15027322404371585
0 0.8953333333333333 0.4685792349726776 0.128 0.15300546448087432
0 0.25266666666666665 0.1953551912568306 0.16933333333333334 0.14207650273224043
0 0.8493333333333334 0.3155737704918033 0.15733333333333333 0.15163934426229508
0 0.6946666666666667 0.46994535519125685 0.10666666666666667 0.14617486338797814
0 0.576 0.1092896174863388 0.14933333333333335 0.12295081967213115
0 0.668 0.6181693989071039 0.11733333333333333 0.12978142076502733
0 0.8666666666666667 0.6331967213114754 0.128 0.1598360655737705
0 0.11266666666666666 0.5293715846994536 0.10533333333333333 0.14617486338797814
0 0.4706666666666667 0.8763661202185792 0.14133333333333334 0.11612021857923498
0 0.49866666666666665 0.6639344262295082 0.17466666666666666 0.14754098360655737
0 0.45066666666666666 0.3005464480874317 0.15733333333333333 0.12704918032786885
0 0.13533333333333333 0.3442622950819672 0.13333333333333333 0.1762295081967213