0 0.7421875 0.7157339821573399 0.1046875 0.10056772100567721
0 0.182421875 0.7530413625304136 0.10390625 0.11759935117599352
0 0.889453125 0.27899432278994324 0.10390625 0.13138686131386862
0 0.90078125 0.6082725060827251 0.1109375 0.1467964314679643
0 0.326953125 0.8771289537712895 0.10390625 0.11192214111922141
0 0.451171875 0.8130575831305759 0.090625 0.08840227088402271
0 0.526953125 0.9030819140308192 0.121875 0.09326845093268452
0 0.8296875 0.764801297648013 0.10546875 0.10137875101378752
0 0.74453125 0.259529602595296 0.0890625 0.08840227088402271
0 0.176953125 0.435117599351176 0.096875 0.1192214111922141
0 0.7546875 0.14639091646390917 0.11015625 0.09732360097323602
0 0.320703125 0.7599351175993512 0.14140625 0.13463098134630982
0 0.689453125 0.3381995133819951 0.10390625 0.09245742092457421
0 0.529296875 0.1922141119221411 0.08671875 0.07137064071370641
0 0.598828125 0.11070559610705596 0.078125 0.0689375506893755
0 0.64453125 0.7984590429845905 0.0921875 0.08840227088402271
0 0.43203125 0.09245742092457421 0.1515625 0.10462287104622871
0 0.298828125 0.6362530413625304 0.15078125 0.09813463098134631
0 0.41171875 0.7047850770478508 0.06953125 0.07137064071370641
0 0.375390625 0.22181670721816707 0.1125 0.08434712084347121
0 0.477734375 0.2960259529602595 0.084375 0.0770478507704785
0 0.087109375 0.5762368207623683 0.08984375 0.10948905109489052
0 0.66484375 0.6666666666666666 0.07421875 0.07218167072181671
0 0.1453125 0.26034063260340634 0.10625 0.10948905109489052
0 0.697265625 0.8864557988645579 0.07578125 0.0689375506893755
0 0.2703125 0.1654501216545012 0.071875 0.07542579075425791
0 0.355078125 0.6638280616382806 0.0703125 0.06001622060016221
0 0.2921875 0.4882400648824006 0.06796875 0.08191403081914031
0 0.9203125 0.43795620437956206 0.06640625 0.0786699107866991
0 0.187890625 0.5624493106244931 0.0640625 0.07948094079480941
0 0.076171875 0.4059205190592052 0.0609375 0.08110300081103
0 0.801953125 0.39416058394160586 0.096875 0.1573398215733982
0 0.737109375 0.6248986212489862 0.11484375 0.10462287104622871
0 0.61015625 0.7088402270884022 0.0515625 0.0827250608272506
0 0.60078125 0.5385239253852393 0.03359375 0.035685320356853206
0 0.72109375 0.42497972424979724 0.0578125 0.08596918085969181
0 0.63203125 0.27899432278994324 0.11171875 0.16869424168694241
0 0.490234375 0.7258718572587186 0.0578125 0.09813463098134631
0 0.773046875 0.5725871857258719 0.16015625 0.11354420113544202
0 0.41875 0.6123276561232766 0.0421875 0.046228710462287104
0 0.28671875 0.4115977291159773 0.09609375 0.06974858069748581
0 0.393359375 0.32076236820762366 0.06796875 0.10218978102189781
0 0.530078125 0.3751013787510138 0.0390625 0.0413625304136253
0 0.53515625 0.5823195458231955 0.04140625 0.042173560421735604
0 0.63515625 0.597323600973236 0.03984375 0.0373073803730738
0 0.3859375 0.4744525547445255 0.0359375 0.042173560421735604
0 0.51484375 0.4334955393349554 0.03984375 0.043795620437956206
0 0.659375 0.4553933495539335 0.03984375 0.040551500405515
0 0.303125 0.3288726682887267 0.1671875 0.18896999188969993
0 0.6703125 0.5064882400648824 0.03984375 0.038929440389294405
0 0.56328125 0.2866991078669911 0.05625 0.10867802108678021
0 0.45625 0.6427412814274128 0.040625 0.042984590429845905
0 0.40390625 0.42984590429845904 0.0375 0.039740470397404706
0 0.657421875 0.5612327656123277 0.04453125 0.040551500405515
0 0.440625 0.3957826439578264 0.040625 0.040551500405515
0 0.485546875 0.3759124087591241 0.03515625 0.039740470397404706
0 0.579296875 0.3848337388483374 0.034375 0.0340632603406326
0 0.291015625 0.5636658556366586 0.13125 0.0535279805352798
0 0.607421875 0.4975669099756691 0.03984375 0.0413625304136253
0 0.58984375 0.6261151662611517 0.04140625 0.04460665044606651
0 0.548828125 0.7579075425790754 0.08203125 0.16950527169505272
0 0.5015625 0.6496350364963503 0.03828125 0.038118410381184104
0 0.446875 0.524330900243309 0.0453125 0.042173560421735604
0 0.590234375 0.4586374695863747 0.0453125 0.040551500405515
0 0.398046875 0.5693430656934306 0.04296875 0.0413625304136253
0 0.546484375 0.6415247364152473 0.04375 0.038929440389294405
0 0.555859375 0.4310624493106245 0.03359375 0.0373073803730738
0 0.455078125 0.4813463098134631 0.040625 0.0373073803730738
0 0.493359375 0.5867802108678021 0.0421875 0.043795620437956206
0 0.385546875 0.5210867802108679 0.0390625 0.042173560421735604
0 0.784765625 0.5044606650446066 0.15 0.06731549067315491
0 0.474609375 0.44768856447688565 0.04296875 0.040551500405515
0 0.625390625 0.4099756690997567 0.03828125 0.040551500405515
0 0.57578125 0.5685320356853204 0.0421875 0.039740470397404706
0 0.455859375 0.5636658556366586 0.03984375 0.042984590429845905