0 0.673828125 0.7526401299756296 0.13359375 0.12753858651502845
0 0.111328125 0.28229082047116166 0.09765625 0.12347684809098294
0 0.82890625 0.7473598700243704 0.096875 0.11291632818846466
0 0.33984375 0.7936636880584891 0.08515625 0.08529650690495533
0 0.25546875 0.7168968318440292 0.096875 0.0950446791226645
0 0.691015625 0.8809910641754671 0.10234375 0.09991876523151909
0 0.09140625 0.6011372867587328 0.08828125 0.12266450040617384
0 0.31796875 0.6742485783915516 0.06796875 0.07229894394800974
0 0.46328125 0.1892770105605199 0.0828125 0.06255077173030058
0 0.544140625 0.8184402924451666 0.08671875 0.08448415922014622
0 0.380078125 0.7148659626320065 0.05703125 0.07717303005686434
0 0.23359375 0.1389114541023558 0.10859375 0.07879772542648253
0 0.271484375 0.4228269699431357 0.0671875 0.07473598700243704
0 0.299609375 0.8862713241267263 0.07421875 0.06255077173030058
0 0.808203125 0.4281072298943948 0.0859375 0.11860276198212835
0 0.1578125 0.7717303005686433 0.09296875 0.0982940698619009
0 0.248046875 0.2611697806661251 0.08359375 0.07961007311129163
0 0.690625 0.3220958570268075 0.16328125 0.15922014622258326
0 0.174609375 0.39398862713241267 0.0828125 0.1502843216896832
0 0.392578125 0.10113728675873274 0.07421875 0.057676685621445976
0 0.489453125 0.9272948822095857 0.14609375 0.07473598700243704
0 0.7171875 0.1571892770105605 0.07734375 0.060926076360682375
0 0.515625 0.2786352558895207 0.0796875 0.07229894394800974
0 0.809765625 0.545897644191714 0.05859375 0.07554833468724614
0 0.586328125 0.7112103980503656 0.06484375 0.07067424857839155
0 0.301171875 0.3537774167343623 0.090625 0.07798537774167344
0 0.703125 0.6271324126726239 0.15625 0.09910641754670999
0 0.828125 0.2437043054427295 0.0984375 0.10154346060113728
0 0.91484375 0.570268074735987 0.08515625 0.10560519902518278
0 0.5125 0.727051177904143 0.05234375 0.10073111291632819
0 0.917578125 0.3931762794476036 0.0625 0.07554833468724614
0 0.63984375 0.6632818846466287 0.065625 0.059301380991064176
0 0.55234375 0.0901705930138099 0.14765625 0.09098294069861901
0 0.7078125 0.4890333062550772 0.06484375 0.07879772542648253
0 0.226171875 0.5670186839967506 0.16171875 0.07554833468724614
0 0.42890625 0.289195775792039 0.0375 0.10804224207961008
0 0.53671875 0.640536149471974 0.0359375 0.038180341186027617
0 0.537109375 0.5666125101543461 0.03828125 0.04224207961007311
0 0.59765625 0.31600324939073926 0.0625 0.0966693744922827
0 0.356640625 0.5982940698619009 0.03828125 0.036555645816409424
0 0.362109375 0.40454914703493094 0.0359375 0.041429731925264016
0 0.237109375 0.49350121852152723 0.11953125 0.04224207961007311
0 0.332421875 0.44922826969943136 0.03203125 0.03899268887083672
0 0.437109375 0.42607636068237204 0.03671875 0.038180341186027617
0 0.5078125 0.37083671811535335 0.03671875 0.041429731925264016
0 0.398046875 0.6295694557270511 0.03828125 0.03574329813160033
0 0.55078125 0.3903330625507717 0.040625 0.03899268887083672
0 0.59765625 0.5645816409423233 0.0359375 0.03736799350121852
0 0.496875 0.5897644191714053 0.0390625 0.03330625507717303
0 0.52265625 0.44110479285134035 0.0390625 0.039805036555645816
0 0.409375 0.3773354995938262 0.03828125 0.03736799350121852
0 0.332421875 0.5552396425670186 0.03671875 0.034930950446791224
0 0.444140625 0.6478472786352559 0.04296875 0.03330625507717303
0 0.591796875 0.42526401299756295 0.03828125 0.039805036555645816
0 0.578515625 0.6121039805036556 0.03828125 0.045491470349309504
0 0.480078125 0.4228269699431357 0.04140625 0.03249390739236393
0 0.4515625 0.5901705930138099 0.03828125 0.03411860276198213
0 0.384765625 0.5353371242891958 0.02890625 0.0463038180341186
0 0.55 0.5203086921202275 0.0390625 0.045491470349309504
0 0.69921875 0.5593013809910642 0.12890625 0.043866774979691305
0 0.6125 0.20796100731112915 0.109375 0.07473598700243704
0 0.546484375 0.47562956945572704 0.0328125 0.03899268887083672
0 0.60703125 0.47278635255889523 0.0296875 0.03736799350121852
0 0.261328125 0.6210398050365556 0.13515625 0.08610885458976442
0 0.43984375 0.7627944760357434 0.06328125 0.17140536149471974
0 0.493359375 0.6502843216896832 0.0390625 0.03899268887083672
0 0.35234375 0.2802599512591389 0.08828125 0.15434606011372867
0 0.411328125 0.574735987002437 0.03359375 0.030056864337936636
0 0.076953125 0.45004061738424045 0.0609375 0.07554833468724614
0 0.382421875 0.487408610885459 0.0296875 0.03574329813160033
0 0.4578125 0.36718115353371245 0.0375 0.03899268887083672
0 0.401953125 0.4528838342810723 0.03671875 0.03899268887083672
0 0.609765625 0.5170593013809911 0.034375 0.04305442729488221
0 0.323046875 0.50446791226645 0.03359375 0.041429731925264016