0 0.656640625 0.7644191714053615 0.14140625 0.1364744110479285
0 0.126953125 0.25426482534524775 0.10546875 0.12997562956945571
0 0.811328125 0.7705117790414298 0.10390625 0.11941510966693746
0 0.320703125 0.7814784727863525 0.090625 0.09098294069861901
0 0.24140625 0.6986190089358245 0.103125 0.10154346060113728
0 0.66484375 0.8935824532900081 0.10859375 0.10722989439480098
0 0.0859375 0.5710804224207962 0.09609375 0.12835093419983754
0 0.30703125 0.6604386677497969 0.071875 0.07717303005686434
0 0.484375 0.1876523151909017 0.08671875 0.06823720552396426
0 0.52265625 0.8208773354995939 0.09140625 0.0901705930138099
0 0.366015625 0.7055239642567018 0.06171875 0.08123476848090982
0 0.25859375 0.1206336311941511 0.11328125 0.08692120227457352
0 0.27734375 0.4061738424045491 0.071875 0.07961007311129163
0 0.27421875 0.8708367181153533 0.078125 0.06742485783915515
0 0.8125 0.450446791226645 0.09375 0.12428919577579203
0 0.140625 0.7461413484971567 0.09921875 0.10479285134037368
0 0.26484375 0.24329813160032493 0.08828125 0.08529650690495533
0 0.701953125 0.33671811535337126 0.1734375 0.16978066612510154
0 0.1828125 0.37083671811535335 0.09296875 0.15515840779853776
0 0.41953125 0.09423233143785541 0.078125 0.06255077173030058
0 0.460546875 0.925264012997563 0.15 0.08529650690495533
0 0.739453125 0.1734362307067425 0.08125 0.06580016246953696
0 0.530078125 0.2802599512591389 0.08359375 0.07717303005686434
0 0.805859375 0.5682372055239643 0.06328125 0.07961007311129163
0 0.571875 0.7168968318440292 0.06953125 0.07554833468724614
0 0.31171875 0.3395613322502031 0.0953125 0.08448415922014622
0 0.694140625 0.6417546709991877 0.1625 0.11047928513403736
0 0.84453125 0.26807473598700243 0.1046875 0.10804224207961008
0 0.909375 0.5999187652315191 0.0921875 0.11129163281884646
0 0.497265625 0.7274573517465476 0.05859375 0.10398050365556458
0 0.923828125 0.42363931762794477 0.0671875 0.07961007311129163
0 0.628515625 0.6730300568643379 0.06953125 0.06417546709991877
0 0.5796875 0.0950446791226645 0.153125 0.10154346060113728
0 0.7078125 0.5040617384240454 0.06953125 0.08367181153533712
0 0.222265625 0.5467099918765231 0.165625 0.08692120227457352
0 0.443359375 0.2843216896831844 0.04453125 0.11047928513403736
0 0.52734375 0.6425670186839968 0.03828125 0.04061738424045491
0 0.5328125 0.5690495532087734 0.040625 0.04467912266450041
0 0.609765625 0.32372055239642566 0.06875 0.10073111291632819
0 0.350390625 0.587327376116978 0.040625 0.03899268887083672
0 0.36875 0.39480097481722176 0.03828125 0.043866774979691305
0 0.23828125 0.4744110479285134 0.121875 0.050365556458164096
0 0.336328125 0.43744922826969945 0.034375 0.04061738424045491
0 0.4421875 0.421608448415922 0.0390625 0.04061738424045491
0 0.51640625 0.3716490658001625 0.0390625 0.043866774979691305
0 0.38984375 0.6218521527213647 0.040625 0.038180341186027617
0 0.5578125 0.3943948009748172 0.04296875 0.041429731925264016
0 0.593359375 0.5714865962632006 0.03828125 0.039805036555645816
0 0.491015625 0.5893582453290008 0.040625 0.03574329813160033
0 0.5265625 0.4427294882209586 0.04140625 0.04224207961007311
0 0.41796875 0.37083671811535335 0.040625 0.039805036555645816
0 0.32890625 0.5426482534524777 0.03828125 0.03736799350121852
0 0.434375 0.6433793663688059 0.04453125 0.036555645816409424
0 0.596875 0.4321689683184403 0.040625 0.04224207961007311
0 0.57109375 0.6173842404549147 0.04140625 0.0479285134037368
0 0.485546875 0.421608448415922 0.04296875 0.034930950446791224
0 0.445703125 0.586515028432169 0.03984375 0.036555645816409424
0 0.3828125 0.5268074735987003 0.03203125 0.0479285134037368
0 0.5484375 0.5239642567018684 0.0421875 0.0479285134037368
0 0.69453125 0.5735174654752234 0.13125 0.05280259951259139
0 0.631640625 0.21689683184402925 0.11328125 0.08285946385052803
0 0.548046875 0.479285134037368 0.03515625 0.04061738424045491
0 0.60859375 0.48050365556458163 0.03203125 0.03899268887083672
0 0.253515625 0.6035743298131601 0.13984375 0.0958570268074736
0 0.422265625 0.7579203899268887 0.07421875 0.17546709991876522
0 0.483203125 0.6494719740048741 0.04140625 0.041429731925264016
0 0.367578125 0.27010560519902516 0.0984375 0.16003249390739235
0 0.40625 0.5682372055239643 0.03515625 0.03249390739236393
0 0.08125 0.41957757920389926 0.065625 0.07961007311129163
0 0.38359375 0.47887896019496345 0.03203125 0.03736799350121852
0 0.466796875 0.3643379366368806 0.03984375 0.041429731925264016
0 0.40546875 0.4455727051177904 0.0390625 0.041429731925264016
0 0.60859375 0.5247766043866775 0.03671875 0.045491470349309504
0 0.323046875 0.49147034930950445 0.0359375 0.04305442729488221