0 0.22447916666666667 0.2343225083986562 0.14791666666666667 0.15453527435610304
0 0.5895833333333333 0.10470324748040313 0.1953125 0.1791713325867861
0 0.70390625 0.8141097424412094 0.1125 0.13101903695408734
0 0.7302083333333333 0.1623740201567749 0.14010416666666667 0.1606942889137738
0 0.5979166666666667 0.8362262038073908 0.11458333333333333 0.17469204927211646
0 0.8205729166666667 0.7351623740201568 0.11666666666666667 0.15005599104143338
0 0.8700520833333333 0.47368421052631576 0.16666666666666666 0.1618141097424412
0 0.23333333333333334 0.7581187010078387 0.12708333333333333 0.1422172452407615
0 0.42864583333333334 0.6662933930571109 0.128125 0.1366181410974244
0 0.28932291666666665 0.5198768197088466 0.1109375 0.1433370660694289
0 0.81484375 0.2211646136618141 0.12864583333333332 0.12933930571108623
0 0.32395833333333335 0.15005599104143338 0.103125 0.1103023516237402
0 0.14088541666666668 0.4734042553191489 0.14270833333333333 0.11702127659574468
0 0.8697916666666666 0.6125419932810751 0.165625 0.1427771556550952
0 0.5684895833333333 0.36562150055991044 0.09791666666666667 0.09798432250839866
0 0.15807291666666667 0.6114221724524076 0.2109375 0.1629339305711086
0 0.684375 0.6282194848824189 0.1296875 0.1629339305711086
0 0.5973958333333333 0.24972004479283313 0.12395833333333334 0.11366181410974244
0 0.30052083333333335 0.39893617021276595 0.096875 0.0767077267637178
0 0.8578125 0.33062709966405374 0.14479166666666668 0.10918253079507279
0 0.4236979166666667 0.12234042553191489 0.11875 0.14109742441209405
0 0.36770833333333336 0.2911534154535274 0.1578125 0.10918253079507279
0 0.4421875 0.37458006718924974 0.11197916666666667 0.10806270996640538
0 0.61171875 0.49188129899216126 0.08489583333333334 0.10806270996640538
0 0.4934895833333333 0.2511198208286674 0.096875 0.10358342665173573
0 0.5177083333333333 0.5657894736842105 0.0984375 0.09798432250839866
0 0.54921875 0.68505039193729 0.09114583333333333 0.09966405375139978
0 0.7265625 0.38885778275475924 0.07395833333333333 0.08286674132138858
0 0.6809895833333334 0.31998880179171335 0.11510416666666666 0.12150055991041434
0 0.34036458333333336 0.6343784994400896 0.07916666666666666 0.09910414333706608
0 0.7239583333333334 0.4969204927211646 0.084375 0.09070548712206047
0 0.3299479166666667 0.8227883538633819 0.09479166666666666 0.12150055991041434
0 0.4005208333333333 0.5142777155655095 0.0828125 0.11198208286674133
0 0.140625 0.35498320268757 0.14583333333333334 0.10246360582306831
0 0.4546875 0.8561030235162373 0.1546875 0.22956326987681971