0 0.7234375 0.18281075027995522 0.14583333333333334 0.1522956326987682
0 0.3419270833333333 0.13045912653975364 0.19322916666666667 0.17581187010078386
0 0.35572916666666665 0.8502239641657335 0.1109375 0.12933930571108623
0 0.2140625 0.2158454647256439 0.13802083333333334 0.15845464725643896
0 0.4635416666666667 0.8502239641657335 0.11197916666666667 0.17301231802911535
0 0.22708333333333333 0.7964725643896976 0.11458333333333333 0.14837625979843225
0 0.13203125 0.5501119820828667 0.16458333333333333 0.1595744680851064
0 0.8075520833333333 0.6987681970884658 0.125 0.13997760358342665
0 0.5997395833333333 0.6486562150055991 0.12604166666666666 0.1349384098544233
0 0.7104166666666667 0.47620380739081747 0.10885416666666667 0.1422172452407615
0 0.14166666666666666 0.29087346024636057 0.12708333333333333 0.1270996640537514
0 0.6106770833333334 0.12038073908174692 0.1015625 0.10862262038073908
0 0.84765625 0.40005599104143336 0.14114583333333333 0.11478163493840986
0 0.15703125 0.6861702127659575 0.16354166666666667 0.13997760358342665
0 0.4088541666666667 0.38213885778275475 0.09635416666666667 0.09630459126539753
0 0.8552083333333333 0.5394736842105263 0.209375 0.1595744680851064
0 0.3419270833333333 0.6634938409854423 0.12760416666666666 0.1606942889137738
0 0.36015625 0.27435610302351626 0.12239583333333333 0.11142217245240761
0 0.6778645833333333 0.36002239641657335 0.09635416666666667 0.07502799552071669
0 0.11875 0.4070548712206047 0.14375 0.10694288913773796
0 0.5078125 0.11366181410974244 0.11666666666666667 0.13941769316909294
0 0.5927083333333333 0.2679171332586786 0.15625 0.10638297872340426
0 0.534375 0.3650615901455767 0.11041666666666666 0.10638297872340426
0 0.3888020833333333 0.5148376259798432 0.08333333333333333 0.10694288913773796
0 0.4622395833333333 0.2541993281075028 0.0953125 0.1019036954087346
0 0.4942708333333333 0.5683090705487122 0.096875 0.09630459126539753
0 0.484375 0.6917693169092946 0.09010416666666667 0.09798432250839866
0 0.2578125 0.43729003359462487 0.07291666666666667 0.08174692049272117
0 0.2903645833333333 0.3603023516237402 0.11354166666666667 0.11982082866741321
0 0.68046875 0.5991041433370661 0.078125 0.09798432250839866
0 0.2796875 0.5428331466965286 0.0828125 0.08902575587905935
0 0.72421875 0.7819148936170213 0.09322916666666667 0.11982082866741321
0 0.6 0.4935610302351624 0.08125 0.1103023516237402
0 0.8270833333333333 0.2841545352743561 0.14479166666666668 0.10022396416573348
0 0.6078125 0.8404255319148937 0.1515625 0.22732362821948487