0 0.31875 0.7713329615170106 0.10885416666666667 0.09648633575013943
0 0.775 0.17930842163970998 0.10729166666666666 0.1154489682097044
0 0.73984375 0.7515337423312883 0.10416666666666667 0.10485220301171222
0 0.20963541666666666 0.8028443948689348 0.084375 0.09983268265476855
0 0.17083333333333334 0.43948689347462355 0.08333333333333333 0.10764082543223648
0 0.9036458333333334 0.6569994422755159 0.07552083333333333 0.09648633575013943
0 0.11588541666666667 0.6572783045175683 0.08541666666666667 0.09146681539319576
0 0.5609375 0.8262688232013385 0.084375 0.05633017289459007
0 0.6291666666666667 0.09927495817066369 0.09583333333333334 0.07529280535415504
0 0.084375 0.501952035694367 0.07291666666666667 0.10652537646402677
0 0.721875 0.8837144450641383 0.09739583333333333 0.08477412158393753
0 0.42135416666666664 0.7261572783045176 0.09322916666666667 0.08588957055214724
0 0.6203125 0.7230897936419409 0.06979166666666667 0.08923591745677635
0 0.9338541666666667 0.4880089235917457 0.07291666666666667 0.11433351924149471
0 0.80625 0.35973229224762965 0.0765625 0.09871723368655884
0 0.49192708333333335 0.7493028443948689 0.078125 0.07027328499721137
0 0.46145833333333336 0.15560513106525375 0.0953125 0.07027328499721137
0 0.31744791666666666 0.658393753485778 0.06614583333333333 0.09202453987730061
0 0.2604166666666667 0.5507529280535416 0.0671875 0.06636921360847742
0 0.6315104166666666 0.3441160066926938 0.06510416666666667 0.0652537646402677
0 0.73828125 0.6157278304517568 0.07447916666666667 0.08365867261572783
0 0.7661458333333333 0.46960401561628556 0.0734375 0.08644729503625209
0 0.11614583333333334 0.34662576687116564 0.08125 0.10429447852760736
0 0.45416666666666666 0.30814277746793084 0.0859375 0.07863915225878416
0 0.43828125 0.5560513106525377 0.057291666666666664 0.07250418293363078
0 0.2520833333333333 0.47183491355270496 0.08020833333333334 0.07919687674288901
0 0.7190104166666667 0.3365867261572783 0.08541666666666667 0.08812046848856665
0 0.34036458333333336 0.49804796430563303 0.0765625 0.07138873396542109
0 0.6479166666666667 0.8045175683212493 0.07760416666666667 0.07752370329057445
0 0.5307291666666667 0.2331288343558282 0.0796875 0.06748466257668712
0 0.32395833333333335 0.8839933073061907 0.075 0.06860011154489683
0 0.35234375 0.562186279977691 0.07291666666666667 0.05633017289459007
0 0.284375 0.35610708310094813 0.078125 0.07250418293363078
0 0.6848958333333334 0.4498047964305633 0.0640625 0.049079754601226995
0 0.39114583333333336 0.34216397099832685 0.06145833333333333 0.07083100948131622
0 0.4861979166666667 0.8271054099274958 0.059375 0.05242610150585611
0 0.5604166666666667 0.5580033463469046 0.057291666666666664 0.06079196876742889
0 0.6390625 0.20384829894032347 0.058333333333333334 0.05298382598996096
0 0.65859375 0.5883993307306191 0.05572916666666667 0.06358059118795314
0 0.24817708333333333 0.7010596765197992 0.06458333333333334 0.0747350808700502
0 0.33828125 0.4263803680981595 0.06614583333333333 0.04852203011712214
0 0.5619791666666667 0.16703848298940324 0.06614583333333333 0.049637479085331844
0 0.8846354166666667 0.3268265476854434 0.08229166666666667 0.09648633575013943
0 0.56875 0.3792526491912995 0.07083333333333333 0.046291132180702736
0 0.5598958333333334 0.649191299498048 0.06614583333333333 0.10317902955939766
0 0.8484375 0.45036252091466816 0.053125 0.07863915225878416
0 0.8403645833333333 0.5426659230340212 0.053125 0.08477412158393753
0 0.7046875 0.2361963190184049 0.04791666666666667 0.049079754601226995
0 0.58125 0.31176798661461236 0.044270833333333336 0.046291132180702736
0 0.4390625 0.6464026770775237 0.050520833333333334 0.05856107083100948
0 0.6171875 0.4807585052983826 0.0484375 0.06413831567205801
0 0.415625 0.8106525376464027 0.0609375 0.04517568321249303
0 0.35494791666666664 0.3750697155605131 0.0578125 0.05577244841048522
0 0.490625 0.649191299498048 0.050520833333333334 0.07975460122699386
0 0.37838541666666664 0.6165644171779141 0.052083333333333336 0.06692693809258227
0 0.8283854166666667 0.7872281093139989 0.0828125 0.09704406023424428
0 0.45807291666666666 0.3750697155605131 0.05520833333333333 0.049079754601226995
0 0.2078125 0.634132738427217 0.06458333333333334 0.049637479085331844
0 0.5080729166666667 0.36921360847741214 0.044270833333333336 0.047406581148912434
0 0.6778645833333333 0.39486893474623536 0.06510416666666667 0.04071388733965421
0 0.51484375 0.5153374233128835 0.046875 0.03959843837144451
0 0.81171875 0.6232571109871723 0.04583333333333333 0.06023424428332404
0 0.27682291666666664 0.6081985499163414 0.0390625 0.05075292805354155
0 0.6841145833333333 0.5147796988287786 0.096875 0.07138873396542109
0 0.21588541666666666 0.33351924149470163 0.04791666666666667 0.0619074177356386
0 0.5330729166666667 0.305633017289459 0.052083333333333336 0.0619074177356386
0 0.3645833333333333 0.2713329615170106 0.04583333333333333 0.05521472392638037
0 0.6169270833333333 0.6254880089235918 0.041666666666666664 0.05688789737869492
0 0.16953125 0.5337423312883436 0.04479166666666667 0.05075292805354155
0 0.4778645833333333 0.42610150585610707 0.043229166666666666 0.04182933630786392
0 0.5393229166666667 0.4216397099832683 0.050520833333333334 0.046291132180702736
0 0.5666666666666667 0.4860568878973787 0.034895833333333334 0.04852203011712214
0 0.7911458333333333 0.6809815950920245 0.03802083333333333 0.0501952035694367
0 0.46432291666666664 0.4880089235917457 0.0375 0.047406581148912434
0 0.5580729166666667 0.7498605688789738 0.041666666666666664 0.046848856664807585
0 0.7591145833333334 0.2875069715560513 0.04791666666666667 0.051310652537646405
0 0.4171875 0.243446737311768 0.05416666666666667 0.07417735638594534
0 0.4125 0.49721137757947576 0.04010416666666667 0.040156162855549356
0 0.46328125 0.06441717791411043 0.16927083333333334 0.08700501952035694
0 0.5260416666666666 0.9118795315114333 0.1953125 0.08812046848856665
0 0.6013020833333333 0.5368098159509203 0.0359375 0.04350250976017847
0 0.6984375 0.6614612381483547 0.03958333333333333 0.07083100948131622
0 0.50546875 0.5747350808700502 0.04114583333333333 0.044617958728388175
0 0.6588541666666666 0.28192972671500277 0.05416666666666667 0.04294478527607362
0 0.5981770833333333 0.2551589514779699 0.04375 0.051310652537646405
0 0.3815104166666667 0.6985499163413273 0.04479166666666667 0.04573340769659788
0 0.7606770833333333 0.5393195761293921 0.0515625 0.03792526491912995
0 0.7473958333333334 0.40100390407138875 0.03854166666666667 0.026770775237032907
0 0.4049479166666667 0.44813162297824877 0.0328125 0.03680981595092025
0 0.37578125 0.1815393195761294 0.053125 0.03792526491912995
0 0.3229166666666667 0.30089235917456775 0.04895833333333333 0.040156162855549356
0 0.45807291666666666 0.2381483547127719 0.03958333333333333 0.0384829894032348
0 0.18802083333333333 0.5892359174567764 0.042708333333333334 0.04071388733965421
0 0.2674479166666667 0.42498605688789737 0.0421875 0.0373675404350251
0 0.3260416666666667 0.21862799776910205 0.03958333333333333 0.0373675404350251
0 0.42083333333333334 0.41187953151143336 0.04635416666666667 0.054099274958170664
0 0.24739583333333334 0.18544339096486337 0.19479166666666667 0.18126045733407697
0 0.27708333333333335 0.2691020635805912 0.051041666666666666 0.05577244841048522
0 0.66328125 0.682654768544339 0.03333333333333333 0.03792526491912995
0 0.6052083333333333 0.4252649191299498 0.04375 0.03234802007808143