0 0.33671875 0.7841606246514222 0.1140625 0.10373675404350251
0 0.7533854166666667 0.15978806469604015 0.1140625 0.12269938650306748
0 0.7557291666666667 0.7331288343558282 0.11041666666666666 0.11154489682097044
0 0.23020833333333332 0.8237590630228667 0.09010416666666667 0.10540992749581707
0 0.16770833333333332 0.46430563301728944 0.09010416666666667 0.113218070273285
0 0.9127604166666666 0.6266034578918015 0.08125 0.1015058561070831
0 0.12708333333333333 0.6854433909648634 0.09114583333333333 0.09760178471834914
0 0.58203125 0.82069157836029 0.0875 0.06246514221974345
0 0.6028645833333334 0.09063022866703849 0.1 0.08198549916341327
0 0.08567708333333333 0.5329057445621863 0.0796875 0.11098717233686559
0 0.74609375 0.8661461238148355 0.10208333333333333 0.09146681539319576
0 0.4361979166666667 0.7314556609035137 0.0984375 0.09202453987730061
0 0.6346354166666667 0.7136084774121584 0.07552083333333333 0.09425543781372002
0 0.9317708333333333 0.45566090351366423 0.0796875 0.11879531511433351
0 0.7963541666666667 0.33714445064138315 0.08229166666666667 0.10373675404350251
0 0.5083333333333333 0.7493028443948689 0.08229166666666667 0.0758505298382599
0 0.4390625 0.15950920245398773 0.09947916666666666 0.0769659788064696
0 0.32838541666666665 0.6715002788622421 0.07135416666666666 0.09648633575013943
0 0.2643229166666667 0.5686001115448969 0.07083333333333333 0.07083100948131622
0 0.62109375 0.33463469046291133 0.06875 0.06971556051310653
0 0.7453125 0.5976017847183491 0.07916666666666666 0.0886781929726715
0 0.7635416666666667 0.4498047964305633 0.07864583333333333 0.09090909090909091
0 0.10703125 0.37562744004461796 0.0875 0.10987172336865589
0 0.44166666666666665 0.3120468488566648 0.09010416666666667 0.08421639709983268
0 0.4421875 0.5605131065253764 0.06197916666666667 0.0758505298382599
0 0.25078125 0.4905186837702175 0.08489583333333334 0.08477412158393753
0 0.7078125 0.32069157836029 0.090625 0.09425543781372002
0 0.340625 0.5100390407138874 0.08072916666666667 0.07640825432236475
0 0.6674479166666667 0.7928053541550474 0.08177083333333333 0.08254322364751812
0 0.51328125 0.23145566090351366 0.08333333333333333 0.07306190741773563
0 0.34921875 0.8962632459564975 0.07916666666666666 0.0736196319018405
0 0.3567708333333333 0.5730619074177357 0.07604166666666666 0.06134969325153374
0 0.2755208333333333 0.3725599553820413 0.08229166666666667 0.0780814277746793
0 0.68125 0.4361405465699944 0.06666666666666667 0.053541550474065815
0 0.38125 0.350808700501952 0.065625 0.0747350808700502
0 0.5075520833333333 0.8271054099274958 0.0625 0.05633017289459007
0 0.5640625 0.5532626882320134 0.06041666666666667 0.06469604015616286
0 0.61953125 0.19408812046848856 0.06145833333333333 0.05688789737869492
0 0.6640625 0.5764082543223648 0.059375 0.06692693809258227
0 0.26171875 0.7194645844952593 0.06927083333333334 0.07919687674288901
0 0.3341145833333333 0.4386503067484663 0.06875 0.053541550474065815
0 0.5403645833333334 0.16313441160066927 0.06875 0.054099274958170664
0 0.8723958333333334 0.29866146123814835 0.08802083333333334 0.10206358059118795
0 0.5606770833333333 0.37423312883435583 0.07291666666666667 0.05075292805354155
0 0.56953125 0.6444506413831568 0.07239583333333334 0.10764082543223648
0 0.8442708333333333 0.4244283324037925 0.0578125 0.08198549916341327
0 0.8424479166666666 0.5172894590072504 0.058333333333333334 0.08812046848856665
0 0.6872395833333333 0.22141662018962632 0.050520833333333334 0.05242610150585611
0 0.56875 0.30619074177356387 0.046875 0.049079754601226995
0 0.44869791666666664 0.6508644729503625 0.05364583333333333 0.0619074177356386
0 0.615625 0.4721137757947574 0.052083333333333336 0.06748466257668712
0 0.4359375 0.8162297824874511 0.06302083333333333 0.049079754601226995
0 0.34713541666666664 0.38622420524261014 0.0609375 0.05967651979921919
0 0.5002604166666667 0.6494701617401004 0.05520833333333333 0.08310094813162298
0 0.38645833333333335 0.6252091466815394 0.05625 0.07027328499721137
0 0.84609375 0.7618516452872282 0.08854166666666667 0.10262130507529281
0 0.45 0.3786949247071946 0.0578125 0.05242610150585611
0 0.2171875 0.6558839933073062 0.0671875 0.054099274958170664
0 0.49947916666666664 0.3689347462353597 0.046875 0.0501952035694367
0 0.6705729166666666 0.38176240936977135 0.06770833333333333 0.04517568321249303
0 0.5158854166666667 0.5142219743446738 0.049479166666666664 0.04294478527607362
0 0.8190104166666666 0.5998326826547685 0.049479166666666664 0.0630228667038483
0 0.284375 0.6246514221974344 0.0421875 0.053541550474065815
0 0.6846354166666667 0.5011154489682097 0.10104166666666667 0.0780814277746793
0 0.20572916666666666 0.35499163413273843 0.0515625 0.0652537646402677
0 0.5203125 0.30368098159509205 0.05572916666666667 0.0652537646402677
0 0.35 0.28192972671500277 0.049479166666666664 0.05800334634690463
0 0.6247395833333333 0.6162855549358617 0.0453125 0.05967651979921919
0 0.17265625 0.5585610708310095 0.04791666666666667 0.053541550474065815
0 0.47291666666666665 0.4277746793084216 0.04583333333333333 0.044617958728388175
0 0.5341145833333333 0.41885108756274403 0.053125 0.049637479085331844
0 0.565625 0.481037367540435 0.03802083333333333 0.05075292805354155
0 0.80234375 0.6589514779698828 0.04114583333333333 0.05298382598996096
0 0.46380208333333334 0.4905186837702175 0.04010416666666667 0.0501952035694367
0 0.57421875 0.7448410485220301 0.044270833333333336 0.049637479085331844
0 0.74453125 0.26854433909648634 0.051041666666666666 0.05465699944227551
0 0.4005208333333333 0.2501394311210262 0.058854166666666666 0.0780814277746793
0 0.4127604166666667 0.5036252091466815 0.042708333333333334 0.042387060791968766
0 0.43515625 0.06832124930284439 0.1734375 0.09927495817066369
0 0.5526041666666667 0.9090909090909091 0.19947916666666668 0.10206358059118795
0 0.6033854166666667 0.5290016731734524 0.03854166666666667 0.04573340769659788
0 0.7083333333333334 0.6461238148354713 0.044270833333333336 0.0736196319018405
0 0.5104166666666666 0.5741773563859454 0.04375 0.047406581148912434
0 0.6442708333333333 0.27077523703290574 0.05677083333333333 0.046291132180702736
0 0.5817708333333333 0.24846625766871167 0.046875 0.054099274958170664
0 0.39453125 0.7069157836029002 0.04739583333333333 0.04852203011712214
0 0.7625 0.5197992191857222 0.05364583333333333 0.04182933630786392
0 0.7403645833333333 0.3825989960959286 0.03958333333333333 0.029559397657557166
0 0.40182291666666664 0.4553820412716118 0.034895833333333334 0.03904071388733965
0 0.35520833333333335 0.19157836029001674 0.05520833333333333 0.04182933630786392
0 0.3104166666666667 0.3148354712771891 0.0515625 0.04350250976017847
0 0.44114583333333335 0.24205242610150585 0.041666666666666664 0.04071388733965421
0 0.19479166666666667 0.6123814835471277 0.0453125 0.04350250976017847
0 0.2630208333333333 0.4425543781372002 0.044270833333333336 0.040156162855549356
0 0.30833333333333335 0.23229224762967093 0.041666666666666664 0.03959843837144451
0 0.4153645833333333 0.4180145008365867 0.049479166666666664 0.05688789737869492
0 0.22760416666666666 0.20524261015058562 0.20520833333333333 0.1946458449525934
0 0.2625 0.2863915225878416 0.0546875 0.05911879531511433
0 0.6747395833333333 0.6698271054099275 0.0359375 0.040156162855549356
0 0.6 0.41745677635248185 0.0453125 0.03513664249860569