0 0.19375 0.2224466243508367 0.14739583333333334 0.16676283900750144
0 0.1 0.4197922677437969 0.12083333333333333 0.16099249855741488
0 0.7526041666666666 0.6624350836699365 0.12552083333333333 0.11309867282169649
0 0.8859375 0.3271783035199077 0.12916666666666668 0.1477207155222158
0 0.7291666666666666 0.29486439699942296 0.1125 0.13329486439699942
0 0.9174479166666667 0.503462204270052 0.13958333333333334 0.1436814772071552
0 0.6171875 0.6376226197345644 0.10052083333333334 0.12810155799192152
0 0.8005208333333333 0.812463935372187 0.1265625 0.14598961338718985
0 0.11640625 0.6422388920946336 0.121875 0.1488747836122331
0 0.52109375 0.7717830351990768 0.0875 0.13040969417195614
0 0.51328125 0.9197922677437969 0.12760416666666666 0.11482977495672245
0 0.7778645833333333 0.5594345066358916 0.12864583333333332 0.13040969417195614
0 0.6205729166666667 0.8949798038084247 0.1546875 0.12752452394691285
0 0.8924479166666667 0.6260819388343912 0.11302083333333333 0.12463935372186959
0 0.4828125 0.4033467974610502 0.0875 0.08886324293133295
0 0.34453125 0.2536064627813041 0.11614583333333334 0.1257934218118869
0 0.17942708333333332 0.7160992498557415 0.08229166666666667 0.1090594345066359
0 0.47604166666666664 0.07010963646855164 0.14270833333333333 0.1321407963069821
0 0.42734375 0.6174264281592614 0.096875 0.10790536641661858
0 0.79453125 0.4492210040392383 0.11197916666666667 0.0894402769763416
0 0.78125 0.3574725908828621 0.09947916666666666 0.10675129832660127
0 0.6166666666666667 0.3381419503750721 0.096875 0.09521061742642815
0 0.34869791666666666 0.483266012694749 0.08802083333333334 0.1142527409117138
0 0.29765625 0.8456433929601846 0.1390625 0.12925562608193883
0 0.26458333333333334 0.3320830929024812 0.1125 0.08770917484131564
0 0.50703125 0.5603000577034045 0.07708333333333334 0.07847663012117714
0 0.2484375 0.42036930178880555 0.1078125 0.09521061742642815
0 0.24296875 0.5276976341604155 0.159375 0.13156376226197344
0 0.51015625 0.654068090017311 0.071875 0.07789959607616849
0 0.3567708333333333 0.10386612810155799 0.08020833333333334 0.09290248124639354
0 0.5768229166666666 0.42065781881130987 0.07604166666666666 0.07847663012117714
0 0.68359375 0.12002308136180034 0.1265625 0.11194460473167916
0 0.66640625 0.40796306982111946 0.08958333333333333 0.09924985574148874
0 0.58671875 0.5233698788228506 0.06614583333333333 0.08482400461627236
0 0.6 0.776399307559146 0.0859375 0.10155799192152337
0 0.26901041666666664 0.14916330063473746 0.09635416666666667 0.08886324293133295
0 0.44114583333333335 0.32602423542989034 0.12083333333333333 0.09290248124639354
0 0.7778645833333333 0.18378534333525678 0.08020833333333334 0.11136757068667051
0 0.69609375 0.742065781881131 0.090625 0.11656087709174841
0 0.509375 0.20484708597807272 0.0953125 0.11713791113675708
0 0.5854166666666667 0.09953837276399308 0.06927083333333334 0.0830929024812464
0 0.5390625 0.3170802077322562 0.078125 0.08655510675129832
0 0.27317708333333335 0.6471436814772071 0.0953125 0.10963646855164455
0 0.43020833333333336 0.20657818811309867 0.0828125 0.0894402769763416
0 0.6364583333333333 0.22504327755337564 0.15416666666666667 0.1529140219272937
0 0.8434895833333333 0.2308136180034622 0.09583333333333334 0.07732256203115984
0 0.33229166666666665 0.7114829774956722 0.07239583333333334 0.0934795152914022
0 0.36796875 0.5770340450086555 0.06145833333333333 0.07789959607616849
0 0.6671875 0.5490478938257357 0.06666666666666667 0.07328332371609925
0 0.6989583333333333 0.8597807270628968 0.07604166666666666 0.07674552798615118
0 0.9216145833333333 0.4218118869013272 0.071875 0.0727062896710906
0 0.4010416666666667 0.9013271783035199 0.07708333333333334 0.05943450663589152
0 0.43072916666666666 0.49884593190998266 0.06666666666666667 0.08770917484131564
0 0.41354166666666664 0.759665320253895 0.1203125 0.17195614541257934
0 0.6880208333333333 0.4682631275245239 0.058333333333333334 0.06635891517599539
0 0.11276041666666667 0.5392383150605886 0.071875 0.0830929024812464
0 0.14166666666666666 0.3190998268897865 0.06770833333333333 0.05770340450086555
0 0.8697916666666666 0.7198499711482977 0.0609375 0.08713214079630698
0 0.22291666666666668 0.7691863819965378 0.05260416666666667 0.06347374495095211
0 0.375 0.39469128678592036 0.07395833333333333 0.061165608770917486