0 0.8268229166666666 0.2530294287362954 0.13697916666666668 0.15637622619734565
0 0.9049479166666666 0.45874206578188115 0.11041666666666666 0.1529140219272937
0 0.23567708333333334 0.63733410271206 0.11927083333333334 0.10328909405654933
0 0.12916666666666668 0.2908251586843624 0.11979166666666667 0.13791113675706868
0 0.2877604166666667 0.27351413733410274 0.10416666666666667 0.12463935372186959
0 0.08385416666666666 0.46306982111944606 0.13072916666666667 0.13329486439699942
0 0.3723958333333333 0.6257934218118869 0.0921875 0.12117714945181765
0 0.17604166666666668 0.7821696480092325 0.11770833333333333 0.13675706866705137
0 0.87109375 0.6785920369301789 0.1125 0.1402192729371033
0 0.4578125 0.7688978649740335 0.07864583333333333 0.12463935372186959
0 0.45364583333333336 0.9169070975187537 0.12135416666666667 0.10444316214656665
0 0.21848958333333332 0.532602423542989 0.12083333333333333 0.120600115406809
0 0.34869791666666666 0.88199653779573 0.14791666666666667 0.1154068090017311
0 0.09895833333333333 0.5877091748413157 0.10572916666666667 0.11656087709174841
0 0.5247395833333334 0.40565493364108485 0.08229166666666667 0.08193883439122908
0 0.67421875 0.26947489901904215 0.10885416666666667 0.11713791113675708
0 0.80234375 0.7461050201961916 0.07552083333333333 0.10328909405654933
0 0.5578125 0.07414887478361223 0.13541666666666666 0.12117714945181765
0 0.56328125 0.624062319676861 0.09010416666666667 0.10098095787651472
0 0.21067708333333332 0.4209463358338142 0.10729166666666666 0.08078476630121177
0 0.23125 0.33092902481246395 0.09322916666666667 0.09924985574148874
0 0.3963541666666667 0.327466820542412 0.09114583333333333 0.08770917484131564
0 0.6520833333333333 0.4979803808424697 0.08072916666666667 0.10848240046162723
0 0.6744791666666666 0.8638199653779572 0.13177083333333334 0.11829197922677438
0 0.74765625 0.3554529717253318 0.1078125 0.07847663012117714
0 0.48828125 0.5594345066358916 0.07239583333333334 0.0727062896710906
0 0.7567708333333333 0.4448932487016734 0.10260416666666666 0.08655510675129832
0 0.75390625 0.5522215810732833 0.15208333333333332 0.11829197922677438
0 0.4778645833333333 0.652336987882285 0.0671875 0.0727062896710906
0 0.6739583333333333 0.11915753029428737 0.07447916666666667 0.08713214079630698
0 0.4296875 0.41344489324870165 0.07135416666666666 0.0727062896710906
0 0.34713541666666664 0.10386612810155799 0.12083333333333333 0.10155799192152337
0 0.34140625 0.39238315060588574 0.08333333333333333 0.09232544720138489
0 0.41171875 0.5150028851702251 0.0609375 0.08020773225620312
0 0.37864583333333335 0.7657241777264858 0.0796875 0.09578765147143682
0 0.7575520833333333 0.17282169648009232 0.09166666666666666 0.08078476630121177
0 0.5723958333333333 0.3323716099249856 0.115625 0.0830929024812464
0 0.24817708333333333 0.15839584535487594 0.07291666666666667 0.10617426428159261
0 0.28567708333333336 0.7221581073283324 0.0828125 0.1102135025966532
0 0.5138020833333333 0.20513560300057704 0.08802083333333334 0.11079053664166186
0 0.44635416666666666 0.09290248124639354 0.0640625 0.07847663012117714
0 0.47552083333333334 0.3139065204847086 0.07291666666666667 0.08078476630121177
0 0.7143229166666667 0.6684939411425274 0.08854166666666667 0.10271206001154068
0 0.5927083333333333 0.21436814772071552 0.07760416666666667 0.0830929024812464
0 0.38567708333333334 0.2129255626081939 0.1453125 0.14079630698211196
0 0.17890625 0.1984997114829775 0.09166666666666666 0.06982111944604731
0 0.6502604166666667 0.727062896710906 0.06666666666666667 0.0882862088863243
0 0.6255208333333333 0.5894402769763416 0.05625 0.0738603577611079
0 0.3294270833333333 0.532602423542989 0.06197916666666667 0.06866705135603
0 0.2734375 0.8392960184650894 0.071875 0.07097518753606463
0 0.0859375 0.3814195037507213 0.06770833333333333 0.06693594922100404
0 0.5671875 0.9091171379111368 0.07395833333333333 0.05308713214079631
0 0.5690104166666666 0.5057703404500865 0.0609375 0.0830929024812464
0 0.565625 0.7671667628390075 0.10885416666666667 0.16387766878245816
0 0.3151041666666667 0.4500865551067513 0.05416666666666667 0.06231967686093479
0 0.8825520833333333 0.5764570109636469 0.0671875 0.07789959607616849
0 0.87109375 0.35429890363531447 0.06458333333333334 0.05193306405077899
0 0.11432291666666666 0.6832083092902481 0.05520833333333333 0.0830929024812464
0 0.7549479166666667 0.794864396999423 0.04895833333333333 0.06001154068090017
0 0.6328125 0.40738603577611077 0.07083333333333333 0.05539526832083093