0 0.695 0.8467677573822825 0.166 0.20191540303272146
0 0.21533333333333332 0.6807661612130886 0.14066666666666666 0.16759776536312848
0 0.14133333333333334 0.509976057462091 0.108 0.15802075019952114
0 0.875 0.5395051875498803 0.11266666666666666 0.14365522745411013
0 0.6826666666666666 0.6907422186751796 0.11933333333333333 0.14365522745411013
0 0.341 0.7960893854748603 0.14266666666666666 0.15482841181165202
0 0.513 0.8647246608140463 0.138 0.1516360734237829
0 0.8116666666666666 0.6963288108539505 0.118 0.1484437350359138
0 0.6423333333333333 0.5833998403830806 0.08933333333333333 0.11572226656025539
0 0.249 0.310853950518755 0.08866666666666667 0.12529928172386273
0 0.30733333333333335 0.5770151636073424 0.09133333333333334 0.11173184357541899
0 0.25033333333333335 0.44253790901835593 0.09733333333333333 0.13088587390263368
0 0.146 0.34317637669592976 0.1 0.1332801276935355
0 0.23533333333333334 0.1931364724660814 0.11533333333333333 0.13567438148443736
0 0.538 0.7270550678371908 0.12733333333333333 0.12210694333599362
0 0.382 0.49840383080606543 0.08533333333333333 0.10694333599361533
0 0.4 0.6703910614525139 0.102 0.11652035115722266
0 0.494 0.6089385474860335 0.10266666666666667 0.10614525139664804
0 0.756 0.5538707102952913 0.09466666666666666 0.1149241819632881
0 0.834 0.33878691141260975 0.104 0.13248204309656825
0 0.38033333333333336 0.3172386272944932 0.08733333333333333 0.11013567438148444
0 0.334 0.22346368715083798 0.09466666666666666 0.10614525139664804
0 0.6956666666666667 0.43335993615323226 0.09066666666666667 0.10534716679968077
0 0.63 0.2785315243415802 0.09066666666666667 0.09816440542697526
0 0.527 0.47805267358339987 0.052 0.060654429369513166
0 0.7623333333333333 0.38507581803671187 0.07466666666666667 0.10215482841181166
0 0.5673333333333334 0.37390263367917 0.050666666666666665 0.060654429369513166
0 0.4646666666666667 0.37829209896249 0.046 0.055865921787709494
0 0.625 0.4860335195530726 0.052 0.061452513966480445
0 0.6346666666666667 0.41380686352753393 0.044 0.06464485235434957
0 0.5816666666666667 0.4501197126895451 0.046 0.05746209098164405
0 0.4746666666666667 0.4481245011971269 0.048 0.05985634477254589
0 0.5116666666666667 0.29329608938547486 0.04666666666666667 0.05666400638467677
0 0.4583333333333333 0.2509976057462091 0.04733333333333333 0.05826017557861133
0 0.6793333333333333 0.3503591380686353 0.04666666666666667 0.05506783719074222
0 0.689 0.5171588188347965 0.048 0.05666400638467677
0 0.5823333333333334 0.5371109337589784 0.050666666666666665 0.05666400638467677
0 0.561 0.31045490822027133 0.046 0.05187549880287311
0 0.5136666666666667 0.349561053471668 0.044 0.05027932960893855
0 0.5586666666666666 0.23503591380686353 0.050666666666666665 0.05506783719074222
0 0.427 0.563048683160415 0.04666666666666667 0.05107741420590583
0 0.42833333333333334 0.4441340782122905 0.048 0.05985634477254589
0 0.607 0.35794094173982444 0.05 0.05666400638467677
0 0.5273333333333333 0.5470869912210694 0.052 0.06384676775738228
0 0.4643333333333333 0.3224261771747805 0.052 0.055865921787709494
0 0.4663333333333333 0.5159616919393456 0.04733333333333333 0.05506783719074222
0 0.3413333333333333 0.4185953711093376 0.04533333333333334 0.05905826017557861
0 0.418 0.3758978451715882 0.043333333333333335 0.061452513966480445
0 0.5716666666666667 0.13048683160415003 0.43533333333333335 0.1923383878691141
0 0.573 0.6229050279329609 0.051333333333333335 0.05506783719074222