0 0.7146666666666667 0.8296089385474861 0.15733333333333333 0.19154030327214686
0 0.22633333333333333 0.7039106145251397 0.13333333333333333 0.15802075019952114
0 0.14266666666666666 0.539904229848364 0.10066666666666667 0.1516360734237829
0 0.8766666666666667 0.5083798882681564 0.106 0.13647246608140462
0 0.6933333333333334 0.674780526735834 0.11266666666666666 0.13647246608140462
0 0.3586666666666667 0.8084596967278531 0.136 0.1452513966480447
0 0.5343333333333333 0.8627294493216281 0.132 0.1420590582601756
0 0.8223333333333334 0.6699920191540303 0.11133333333333334 0.1412609736632083
0 0.647 0.5714285714285714 0.084 0.11093375897845172
0 0.23866666666666667 0.3324022346368715 0.08266666666666667 0.11971268954509177
0 0.31233333333333335 0.592976855546688 0.086 0.10614525139664804
0 0.24766666666666667 0.46368715083798884 0.09133333333333334 0.12450119712689545
0 0.138 0.3731045490822027 0.09333333333333334 0.12769353551476456
0 0.21833333333333332 0.2162809257781325 0.10933333333333334 0.12849162011173185
0 0.5513333333333333 0.723463687150838 0.122 0.11412609736632083
0 0.38233333333333336 0.5079808459696727 0.08066666666666666 0.10135674381484437
0 0.4103333333333333 0.6783719074221868 0.09666666666666666 0.10933758978451716
0 0.5003333333333333 0.6089385474860335 0.098 0.09976057462090981
0 0.7586666666666667 0.5323224261771747 0.09 0.10853950518754989
0 0.8236666666666667 0.3112529928172386 0.098 0.12609736632083002
0 0.37 0.32761372705506786 0.082 0.10454908220271349
0 0.31833333333333336 0.237829209896249 0.09066666666666667 0.1005586592178771
0 0.6913333333333334 0.416999201915403 0.086 0.09976057462090981
0 0.6166666666666667 0.2681564245810056 0.08666666666666667 0.09177972865123703
0 0.5256666666666666 0.475658419792498 0.04933333333333333 0.05746209098164405
0 0.755 0.36312849162011174 0.07 0.09816440542697526
0 0.5596666666666666 0.36831604150039904 0.048 0.05746209098164405
0 0.45766666666666667 0.38148443735035914 0.043333333333333335 0.052673583399840386
0 0.624 0.475658419792498 0.04933333333333333 0.05826017557861133
0 0.6293333333333333 0.4030327214684757 0.04066666666666666 0.06225059856344772
0 0.5783333333333334 0.4433359936153232 0.043333333333333335 0.05426975259377494
0 0.472 0.4501197126895451 0.04533333333333334 0.05666400638467677
0 0.49966666666666665 0.2928970470869912 0.044 0.053471667996807665
0 0.444 0.2549880287310455 0.04466666666666667 0.05506783719074222
0 0.6703333333333333 0.3355945730247406 0.044 0.05187549880287311
0 0.6896666666666667 0.5015961691939346 0.04533333333333334 0.053471667996807665
0 0.584 0.529928172386273 0.048 0.053471667996807665
0 0.5496666666666666 0.3056664006384677 0.044 0.04868316041500399
0 0.5046666666666667 0.3487629688747007 0.042 0.047885075818036714
0 0.543 0.23104549082202713 0.048666666666666664 0.05187549880287311
0 0.43066666666666664 0.5690343176376695 0.04466666666666667 0.047885075818036714
0 0.42533333333333334 0.4501197126895451 0.04533333333333334 0.05666400638467677
0 0.5983333333333334 0.34916201117318435 0.04733333333333333 0.053471667996807665
0 0.53 0.5446927374301676 0.04933333333333333 0.060654429369513166
0 0.4543333333333333 0.32561851556264965 0.04933333333333333 0.052673583399840386
0 0.4673333333333333 0.518754988028731 0.04466666666666667 0.05187549880287311
0 0.337 0.43216280925778133 0.042666666666666665 0.05666400638467677
0 0.411 0.3830806065442937 0.04066666666666666 0.05905826017557861
0 0.55 0.12569832402234637 0.432 0.15802075019952114
0 0.5796666666666667 0.6165203511572227 0.04933333333333333 0.05187549880287311