0 0.625 0.8526400862068966 0.12604166666666666 0.17726293103448276
0 0.2791666666666667 0.5713900862068966 0.12291666666666666 0.15140086206896552
0 0.80390625 0.20770474137931033 0.14427083333333332 0.14331896551724138
0 0.26614583333333336 0.1788793103448276 0.11875 0.11799568965517242
0 0.8619791666666666 0.31842672413793105 0.15520833333333334 0.12931034482758622
0 0.7005208333333334 0.14816810344827586 0.1546875 0.16648706896551724
0 0.44921875 0.7147090517241379 0.1328125 0.1476293103448276
0 0.12682291666666667 0.546875 0.15260416666666668 0.1271551724137931
0 0.26901041666666664 0.7974137931034483 0.14010416666666667 0.13577586206896552
0 0.3377604166666667 0.33836206896551724 0.1671875 0.13308189655172414
0 0.5833333333333334 0.2712823275862069 0.1390625 0.1314655172413793
0 0.8515625 0.7287176724137931 0.12708333333333333 0.14870689655172414
0 0.5473958333333333 0.10264008620689655 0.21979166666666666 0.2052801724137931
0 0.5200520833333333 0.6123383620689655 0.1109375 0.09967672413793104
0 0.16171875 0.6823814655172413 0.22291666666666668 0.17295258620689655
0 0.4203125 0.40651939655172414 0.12395833333333334 0.11799568965517242
0 0.38619791666666664 0.5660021551724138 0.1 0.11584051724137931
0 0.73125 0.49407327586206895 0.09635416666666667 0.10398706896551724
0 0.7333333333333333 0.8073814655172413 0.12291666666666666 0.13308189655172414
0 0.5596354166666667 0.4019396551724138 0.10625 0.10560344827586207
0 0.35546875 0.8588362068965517 0.09479166666666666 0.12015086206896551
0 0.56875 0.7144396551724138 0.096875 0.09698275862068965
0 0.18645833333333334 0.28205818965517243 0.17864583333333334 0.16002155172413793
0 0.11848958333333333 0.41729525862068967 0.16145833333333334 0.11853448275862069
0 0.37604166666666666 0.15975215517241378 0.14166666666666666 0.15625
0 0.6971354166666667 0.646551724137931 0.146875 0.16163793103448276
0 0.46432291666666664 0.28502155172413796 0.1078125 0.12284482758620689
0 0.8747395833333333 0.6069504310344828 0.18385416666666668 0.12015086206896551
0 0.340625 0.6837284482758621 0.0859375 0.10398706896551724
0 0.7231770833333333 0.38739224137931033 0.08697916666666666 0.08459051724137931
0 0.88203125 0.4582435344827586 0.18645833333333334 0.17295258620689655
0 0.6145833333333334 0.5196659482758621 0.0953125 0.11260775862068965
0 0.6739583333333333 0.33001077586206895 0.13385416666666666 0.13254310344827586
0 0.4796875 0.876885775862069 0.16979166666666667 0.22198275862068967
0 0.27291666666666664 0.44854525862068967 0.10833333333333334 0.08297413793103449