0 0.4361979166666667 0.8696120689655172 0.10520833333333333 0.16433189655172414
0 0.7294270833333333 0.5307112068965517 0.10572916666666667 0.13793103448275862
0 0.15182291666666667 0.2667025862068966 0.12916666666666668 0.12661637931034483
0 0.6763020833333333 0.14170258620689655 0.10625 0.10398706896551724
0 0.11302083333333333 0.3863146551724138 0.1421875 0.11045258620689655
0 0.24348958333333334 0.1896551724137931 0.13697916666666668 0.14870689655172414
0 0.5859375 0.7023168103448276 0.11666666666666667 0.13308189655172414
0 0.8755208333333333 0.4792564655172414 0.13958333333333334 0.10883620689655173
0 0.77734375 0.7516163793103449 0.12604166666666666 0.11907327586206896
0 0.6325520833333333 0.31169181034482757 0.1546875 0.11260775862068965
0 0.37942708333333336 0.28987068965517243 0.12552083333333333 0.11530172413793104
0 0.1921875 0.7885237068965517 0.11041666666666666 0.13523706896551724
0 0.38645833333333335 0.11584051724137931 0.1984375 0.18211206896551724
0 0.49895833333333334 0.6142241379310345 0.10104166666666667 0.08620689655172414
0 0.8638020833333333 0.6188038793103449 0.20677083333333332 0.14547413793103448
0 0.5627604166666667 0.3935883620689655 0.11145833333333334 0.10344827586206896
0 0.6231770833333333 0.5447198275862069 0.08697916666666666 0.1050646551724138
0 0.27109375 0.5355603448275862 0.08489583333333334 0.09321120689655173
0 0.3216145833333333 0.8445581896551724 0.10833333333333334 0.11961206896551724
0 0.42473958333333334 0.4140625 0.0953125 0.09321120689655173
0 0.7026041666666667 0.8275862068965517 0.08125 0.11045258620689655
0 0.46822916666666664 0.7233297413793104 0.08697916666666666 0.08566810344827586
0 0.7723958333333333 0.22925646551724138 0.16197916666666667 0.1384698275862069
0 0.8619791666666666 0.35021551724137934 0.15052083333333333 0.0980603448275862
0 0.5651041666666666 0.14251077586206898 0.12447916666666667 0.1400862068965517
0 0.33046875 0.6796875 0.1296875 0.14493534482758622
0 0.49895833333333334 0.2817887931034483 0.09427083333333333 0.11099137931034483
0 0.14895833333333333 0.6726831896551724 0.1734375 0.09698275862068965
0 0.6877604166666667 0.6524784482758621 0.07447916666666667 0.09428879310344827
0 0.26119791666666664 0.4291487068965517 0.078125 0.07489224137931035
0 0.11692708333333333 0.5274784482758621 0.16875 0.15086206896551724
0 0.390625 0.5398706896551724 0.0828125 0.10237068965517242
0 0.3 0.3636853448275862 0.11979166666666667 0.11691810344827586
0 0.5833333333333334 0.8677262931034483 0.14427083333333332 0.20420258620689655
0 0.71484375 0.40867456896551724 0.10052083333333334 0.06950431034482758