0 0.196875 0.7650365373805509 0.103125 0.13827993254637436
0 0.14401041666666667 0.2998875772906127 0.11145833333333334 0.1315345699831366
0 0.6510416666666666 0.8827993254637436 0.10729166666666666 0.13490725126475547
0 0.6578125 0.5002810567734682 0.07604166666666666 0.1017425519955031
0 0.25052083333333336 0.6211354693648117 0.11927083333333334 0.07644744238336144
0 0.3489583333333333 0.8735244519392917 0.13958333333333334 0.12759977515458124
0 0.40625 0.33389544688026984 0.08854166666666667 0.08263069139966273
0 0.9072916666666667 0.4842608206857785 0.109375 0.14390106801573918
0 0.22239583333333332 0.41034288926363127 0.10208333333333333 0.07869589657110736
0 0.5640625 0.6323777403035413 0.0859375 0.09780775716694773
0 0.5838541666666667 0.3420460933108488 0.1109375 0.0775716694772344
0 0.38046875 0.6225407532321529 0.09375 0.10623946037099494
0 0.7028645833333333 0.6652613827993255 0.09479166666666666 0.09331084879145587
0 0.5234375 0.09190556492411467 0.134375 0.11186059584035975
0 0.825 0.26194491287240024 0.14427083333333332 0.15008431703204048
0 0.24635416666666668 0.32237211916807196 0.090625 0.08712759977515458
0 0.5369791666666667 0.40219224283305227 0.08020833333333334 0.07588532883642496
0 0.44869791666666664 0.8976953344575604 0.11458333333333333 0.12029229904440697
0 0.46015625 0.7655986509274874 0.07552083333333333 0.12872400224845418
0 0.5833333333333334 0.5134907251264755 0.059895833333333336 0.07982012366498033
0 0.5307291666666667 0.22175379426644182 0.08489583333333334 0.10230466554243957
0 0.33489583333333334 0.5160202360876898 0.06302083333333333 0.06970207982012366
0 0.4786458333333333 0.6517706576728499 0.06354166666666666 0.06351883080382237
0 0.37552083333333336 0.746486790331647 0.07916666666666666 0.09162450815064643
0 0.6794270833333333 0.2774030354131535 0.11770833333333333 0.10567734682405847
0 0.7622395833333333 0.45671725688589093 0.10104166666666667 0.08038223721191681
0 0.09505208333333333 0.47751545812254076 0.1234375 0.1253513209668353
0 0.30807291666666664 0.26559865092748736 0.0984375 0.10567734682405847
0 0.103125 0.5994940978077572 0.10833333333333334 0.11242270938729623
0 0.34140625 0.10399100618324901 0.0859375 0.1259134345137718
0 0.19973958333333333 0.20404721753794267 0.08125 0.06745362563237774
0 0.4908854166666667 0.5772906127037661 0.07291666666666667 0.06464305789769534
0 0.41875 0.5160202360876898 0.0625 0.07588532883642496
0 0.28229166666666666 0.7071388420460933 0.08020833333333334 0.10399100618324901
0 0.41171875 0.08628442945474986 0.06354166666666666 0.06857785272625071
0 0.43984375 0.42411467116357504 0.065625 0.07026419336706015
0 0.8809895833333333 0.6037099494097807 0.07708333333333334 0.0629567172568859
0 0.7463541666666667 0.3622821810005621 0.10885416666666667 0.07082630691399663
0 0.1046875 0.39319842608206856 0.06770833333333333 0.05283867341202923
0 0.35260416666666666 0.3909499718943227 0.08697916666666666 0.08206857785272625
0 0.7721354166666666 0.7796514896008994 0.06927083333333334 0.10736368746486791
0 0.6080729166666666 0.21922428330522767 0.07447916666666667 0.07925801011804384
0 0.5536458333333333 0.9075323215289488 0.06302083333333333 0.06857785272625071
0 0.48671875 0.3263069139966273 0.06875 0.08094435075885328
0 0.6416666666666667 0.13069139966273188 0.07291666666666667 0.08094435075885328
0 0.290625 0.8246205733558178 0.06666666666666667 0.06801573917931422
0 0.6484375 0.7259696458684655 0.0640625 0.08487914558740865
0 0.7583333333333333 0.5601461495222035 0.15260416666666668 0.11410905002810567
0 0.22682291666666668 0.515177065767285 0.11979166666666667 0.11467116357504216
0 0.6325520833333333 0.5930297920179877 0.05572916666666667 0.0713884204609331
0 0.715625 0.815345699831366 0.05364583333333333 0.056211354693648116
0 0.3260416666666667 0.4390106801573918 0.057291666666666664 0.056211354693648116
0 0.8713541666666667 0.3676222596964587 0.06197916666666667 0.04665542439572794
0 0.12708333333333333 0.6894322653175942 0.05677083333333333 0.07869589657110736
0 0.8375 0.716132658797077 0.12135416666666667 0.13041034288926362
0 0.7294270833333333 0.18240584598088813 0.09114583333333333 0.07869589657110736
0 0.25625 0.15964024732996066 0.06927083333333334 0.10286677908937605
0 0.5630208333333333 0.7596964586846543 0.10989583333333333 0.1579539066891512
0 0.4083333333333333 0.20601461495222034 0.14166666666666666 0.13209668353007306
0 0.6447916666666667 0.41174817313097245 0.07395833333333333 0.05340078695896571