0 0.7658854166666667 0.8080382237211917 0.11145833333333334 0.14558740865654862
0 0.8783854166666667 0.3552557616638561 0.11927083333333334 0.13884204609331086
0 0.30104166666666665 0.856379988757729 0.11510416666666666 0.14165261382799327
0 0.34348958333333335 0.47667228780213605 0.08229166666666667 0.10680157391793142
0 0.73125 0.6573917931422147 0.1234375 0.08487914558740865
0 0.6013020833333333 0.8923552557616639 0.146875 0.13715570545250141
0 0.6140625 0.34963462619449126 0.09322916666666667 0.08825182686902755
0 0.09869791666666666 0.4229904440697021 0.11770833333333333 0.15120854412591345
0 0.7864583333333334 0.4527824620573356 0.10625 0.08544125913434514
0 0.41953125 0.6214165261382799 0.09166666666666666 0.10399100618324901
0 0.4375 0.33108487914558743 0.115625 0.08544125913434514
0 0.60234375 0.6394041596402473 0.1 0.11242270938729623
0 0.27786458333333336 0.6329398538504778 0.10052083333333334 0.10005621135469364
0 0.5294270833333333 0.09246767847105115 0.140625 0.12085441259134345
0 0.20885416666666667 0.21557054525014052 0.153125 0.16020236087689713
0 0.7739583333333333 0.36200112422709385 0.09583333333333334 0.09331084879145587
0 0.47604166666666664 0.3974142776840922 0.08489583333333334 0.08150646430578977
0 0.49947916666666664 0.9016301292861157 0.12135416666666667 0.1281618887015177
0 0.5052083333333334 0.7689713322091062 0.08333333333333333 0.13322091062394603
0 0.4158854166666667 0.5008431703204047 0.06458333333333334 0.0837549184935357
0 0.50546875 0.21978639685216414 0.09114583333333333 0.10792580101180438
0 0.6614583333333334 0.5407532321528948 0.0671875 0.07419898819561552
0 0.5015625 0.6537380550871276 0.0671875 0.06801573917931422
0 0.59140625 0.762788083192805 0.08489583333333334 0.09724564362001124
0 0.35104166666666664 0.25238898257448006 0.12395833333333334 0.1135469364811692
0 0.24583333333333332 0.4176503653738055 0.10520833333333333 0.08712759977515458
0 0.90390625 0.538504777965149 0.13072916666666667 0.13378302417088253
0 0.7203125 0.29651489600899383 0.1046875 0.11242270938729623
0 0.8802083333333334 0.6582349634626194 0.11458333333333333 0.11973018549747048
0 0.7080729166666667 0.1315345699831366 0.09322916666666667 0.1315345699831366
0 0.8354166666666667 0.2521079258010118 0.08489583333333334 0.07307476110174255
0 0.49895833333333334 0.5778527262507026 0.0765625 0.06970207982012366
0 0.5783854166666667 0.528105677346824 0.06666666666666667 0.07982012366498033
0 0.6888020833333334 0.7377740303541316 0.08645833333333333 0.10905002810567735
0 0.640625 0.10370994940978077 0.06770833333333333 0.07307476110174255
0 0.5692708333333333 0.43395165823496346 0.06979166666666667 0.07476110174255199
0 0.109375 0.545531197301855 0.08020833333333334 0.06801573917931422
0 0.27395833333333336 0.32658797077009555 0.1125 0.07869589657110736
0 0.9052083333333333 0.4536256323777403 0.07083333333333333 0.05789769533445756
0 0.6598958333333333 0.4142776840921866 0.09166666666666666 0.08768971332209106
0 0.19453125 0.7360876897133221 0.07604166666666666 0.11186059584035975
0 0.42916666666666664 0.2057335581787521 0.07864583333333333 0.08431703204047218
0 0.39453125 0.8954468802698144 0.0671875 0.07307476110174255
0 0.5356770833333333 0.32996065205171443 0.0734375 0.08600337268128162
0 0.40729166666666666 0.11298482293423272 0.07760416666666667 0.08544125913434514
0 0.6653645833333334 0.852726250702642 0.07083333333333333 0.07251264755480608
0 0.32369791666666664 0.7015177065767285 0.06927083333333334 0.0893760539629005
0 0.23645833333333333 0.5207982012366498 0.15885416666666666 0.12478920741989882
0 0.7684895833333333 0.5562113546936481 0.12604166666666666 0.1225407532321529
0 0.3567708333333333 0.5722315907813378 0.059895833333333336 0.07476110174255199
0 0.24583333333333332 0.7796514896008994 0.057291666666666664 0.060146149522203485
0 0.6802083333333333 0.46571107363687464 0.06041666666666667 0.060146149522203485
0 0.14921875 0.31337830241708825 0.06458333333333334 0.051152332771219784
0 0.8450520833333334 0.7436762225969646 0.06145833333333333 0.08206857785272625
0 0.13802083333333334 0.6632939853850478 0.12864583333333332 0.13827993254637436
0 0.3138020833333333 0.15092748735244518 0.0953125 0.08487914558740865
0 0.7854166666666667 0.1995503091624508 0.07552083333333333 0.10736368746486791
0 0.4041666666666667 0.7476110174255199 0.11979166666666667 0.16526138279932545
0 0.6286458333333333 0.22259696458684655 0.14895833333333333 0.14165261382799327
0 0.36796875 0.3909499718943227 0.07708333333333334 0.05845980888139404