0 0.22239583333333332 0.317722938867078 0.11197916666666667 0.12114413909141895
0 0.7283854166666667 0.8766124509254066 0.13072916666666667 0.11385305664610207
0 0.6067708333333334 0.8255748738081884 0.11510416666666666 0.10151430173864273
0 0.3580729166666667 0.8272574312955693 0.08697916666666666 0.10824453168816602
0 0.10651041666666666 0.34941110487941673 0.1 0.13180033651149747
0 0.21041666666666667 0.851934941110488 0.128125 0.12450925406618059
0 0.7171875 0.44587773415591697 0.08229166666666667 0.0633763320246775
0 0.9291666666666667 0.45316881660123387 0.09635416666666667 0.13853056646102074
0 0.15234375 0.49719573752103197 0.0875 0.11497476163768929
0 0.7828125 0.35530005608524956 0.09166666666666666 0.10824453168816602
0 0.5229166666666667 0.8438025799214807 0.0921875 0.09478407178911946
0 0.5166666666666667 0.7344363432417275 0.06145833333333333 0.10431856421761077
0 0.2713541666666667 0.47728547392035897 0.08177083333333333 0.06505888951205833
0 0.5622395833333333 0.07823892316320807 0.1265625 0.10151430173864273
0 0.7346354166666667 0.7392035894559731 0.08177083333333333 0.11385305664610207
0 0.41875 0.3844643858665171 0.090625 0.0628154795288839
0 0.6901041666666666 0.6194615816040382 0.09895833333333333 0.06169377453729669
0 0.6466145833333333 0.32557487380818845 0.08072916666666667 0.08581043185642176
0 0.5651041666666666 0.3808188446438587 0.07291666666666667 0.06561974200785194
0 0.6971354166666667 0.37324733595064497 0.07447916666666667 0.0723499719573752
0 0.5861979166666667 0.7209758833426809 0.0640625 0.07291082445316882
0 0.3424479166666667 0.3306225462703309 0.09635416666666667 0.08412787436904094
0 0.8265625 0.7964105440269209 0.08072916666666667 0.09254066180594504
0 0.8221354166666667 0.5022434099831744 0.1015625 0.10039259674705553
0 0.3177083333333333 0.6491867638810993 0.07604166666666666 0.07291082445316882
0 0.47161458333333334 0.17947279865395402 0.10885416666666667 0.09029725182277061
0 0.5809895833333333 0.6172181716208637 0.07864583333333333 0.08356702187324734
0 0.32786458333333335 0.13236118900729107 0.078125 0.071228266965788
0 0.28463541666666664 0.3998878295008413 0.0875 0.05720695457094784
0 0.42604166666666665 0.08076275939427931 0.08541666666666667 0.07627593942793046
0 0.43255208333333334 0.623948401570387 0.0703125 0.08188446438586652
0 0.45651041666666664 0.4355019629837353 0.06510416666666667 0.06169377453729669
0 0.6151041666666667 0.9228827818283791 0.07708333333333334 0.054963544587773416
0 0.0671875 0.5945036455412227 0.06979166666666667 0.10936623667975323
0 0.53046875 0.9413909141895681 0.071875 0.05888951205832866
0 0.05651041666666667 0.4722378014582165 0.06197916666666667 0.10375771172181716
0 0.8697916666666666 0.7114413909141896 0.07916666666666666 0.05945036455412227
0 0.32786458333333335 0.9270891755468312 0.09375 0.08973639932697701
0 0.23802083333333332 0.1783510936623668 0.06354166666666666 0.06730229949523275
0 0.4627604166666667 0.2868760515984296 0.0703125 0.08300616937745373
0 0.5356770833333333 0.45288839035333706 0.0546875 0.05776780706674145
0 0.35625 0.514301738642737 0.06302083333333333 0.08356702187324734
0 0.48828125 0.5726303982052721 0.0578125 0.04655075715086932
0 0.41692708333333334 0.5252383623107123 0.0484375 0.06449803701626472
0 0.43203125 0.9321368480089737 0.109375 0.05832865956253505
0 0.60859375 0.4282108805384184 0.06875 0.06786315199102635
0 0.7388020833333333 0.2762198541783511 0.065625 0.056085249579360626
0 0.6205729166666667 0.19153112731351654 0.0703125 0.10207515423443635
0 0.8109375 0.23051037577117217 0.06510416666666667 0.08356702187324734
0 0.10494791666666667 0.6957375210319686 0.05364583333333333 0.07627593942793046
0 0.8838541666666667 0.32557487380818845 0.06145833333333333 0.08468872686483454
0 0.8138020833333334 0.6043185642176108 0.09114583333333333 0.09254066180594504
0 0.39921875 0.283510936623668 0.059375 0.062254627033090294
0 0.3729166666666667 0.21060011217049915 0.058854166666666666 0.06898485698261357
0 0.20651041666666667 0.6870443073471677 0.09375 0.10600112170499158
0 0.6635416666666667 0.6901289960740326 0.06614583333333333 0.08468872686483454
0 0.56328125 0.17694896242288277 0.052083333333333336 0.056085249579360626
0 0.43697916666666664 0.8494111048794167 0.050520833333333334 0.0538418395961862
0 0.17265625 0.5956253505328098 0.0625 0.050476724621424565
0 0.75546875 0.1606842400448682 0.050520833333333334 0.05440269209197981
0 0.5015625 0.641054402692092 0.0515625 0.05272013460459899
0 0.6557291666666667 0.7865956253505328 0.05364583333333333 0.05720695457094784
0 0.49765625 0.3724060572069546 0.05625 0.06618059450364554
0 0.7114583333333333 0.5322490185081323 0.09635416666666667 0.09366236679753225
0 0.25885416666666666 0.7417274256870443 0.05364583333333333 0.0886146943353898
0 0.3606770833333333 0.6988222097588335 0.04895833333333333 0.07010656197420079
0 0.6302083333333334 0.4680314077397644 0.046875 0.045989904655075714
0 0.16796875 0.24733595064498037 0.059895833333333336 0.07403252944475602
0 0.37552083333333336 0.589736399326977 0.043229166666666666 0.05832865956253505
0 0.9091145833333333 0.6533931575995513 0.05520833333333333 0.050476724621424565
0 0.7921875 0.6797532249018509 0.04791666666666667 0.06505888951205833
0 0.81484375 0.43409983174425126 0.05416666666666667 0.04206393718452047
0 0.5520833333333334 0.5302860347728547 0.049479166666666664 0.062254627033090294
0 0.3059895833333333 0.7714526079641054 0.042708333333333334 0.044868199663488505
0 0.18359375 0.40297251822770613 0.04895833333333333 0.034772854739203586
0 0.6208333333333333 0.5319685922602355 0.0515625 0.056646102075154234
0 0.5651041666666666 0.2762198541783511 0.11510416666666666 0.1065619742007852
0 0.68046875 0.10796410544026921 0.07135416666666666 0.056646102075154234
0 0.3015625 0.2523836231071228 0.0703125 0.06449803701626472
0 0.43020833333333336 0.7277061132922041 0.0859375 0.12899607403252944
0 0.1484375 0.770611329220415 0.052083333333333336 0.06001121704991587
0 0.6919270833333333 0.23864273696017949 0.05677083333333333 0.08412787436904094
0 0.9408854166666667 0.5830061693774538 0.04791666666666667 0.07066741446999439
0 0.36875 0.44111048794167135 0.05572916666666667 0.04150308468872686
0 0.2716145833333333 0.5622546270330903 0.1203125 0.08805384183959619