0 0.7549479166666667 0.28266965787997755 0.12395833333333334 0.1340437464946719
0 0.31588541666666664 0.9035333707234997 0.1421875 0.13011777902411667
0 0.4309895833333333 0.8373527762198542 0.12552083333333333 0.1155356141334829
0 0.678125 0.8059450364554123 0.0984375 0.11833987661245092
0 0.8734375 0.29865395401009537 0.11354166666666667 0.1435782389231632
0 0.82734375 0.8112731351654515 0.140625 0.14021312394840157
0 0.27838541666666666 0.4747616376892877 0.08854166666666667 0.07347167694896242
0 0.06875 0.5098149186763881 0.1109375 0.14974761637689288
0 0.8447916666666667 0.45148625911385304 0.09947916666666666 0.1250701065619742
0 0.20286458333333332 0.39343802579921483 0.103125 0.11890072910824454
0 0.5161458333333333 0.8440830061693775 0.1015625 0.10600112170499158
0 0.5098958333333333 0.734997195737521 0.07239583333333334 0.11104879416713405
0 0.72421875 0.447279865395401 0.08802083333333334 0.07459338194054964
0 0.39036458333333335 0.08945597307908021 0.13645833333333332 0.11721817162086372
0 0.29401041666666666 0.7680874929893438 0.09375 0.12282669657879977
0 0.5674479166666667 0.3749298934380258 0.09635416666666667 0.07403252944475602
0 0.325 0.6435782389231632 0.1046875 0.07403252944475602
0 0.3346354166666667 0.34604598990465507 0.0890625 0.09534492428491306
0 0.421875 0.39035333707235 0.0796875 0.07459338194054964
0 0.29010416666666666 0.4001682557487381 0.08177083333333333 0.08132361189007291
0 0.4393229166666667 0.7305103757711722 0.071875 0.08076275939427931
0 0.6369791666666667 0.31127313516545146 0.1046875 0.09590577678070668
0 0.209375 0.8370723499719573 0.09010416666666667 0.10207515423443635
0 0.18046875 0.5443073471676949 0.11197916666666667 0.11273135165451487
0 0.6979166666666666 0.6242288278182838 0.08333333333333333 0.08244531688166012
0 0.49192708333333335 0.17807066741447 0.11770833333333333 0.10319685922602355
0 0.43307291666666664 0.6270330902972518 0.08697916666666666 0.09254066180594504
0 0.6294270833333333 0.11245092540661807 0.08541666666666667 0.08020190689848569
0 0.70234375 0.37212563095905776 0.09270833333333334 0.06786315199102635
0 0.5260416666666666 0.07403252944475602 0.09322916666666667 0.08637128435221536
0 0.5809895833333333 0.6141334828939988 0.07916666666666666 0.09029725182277061
0 0.5359375 0.430173864273696 0.07135416666666666 0.06954570947840717
0 0.43359375 0.9349411104879417 0.08229166666666667 0.06393718452047112
0 0.9403645833333333 0.5370162647223781 0.08177083333333333 0.11721817162086372
0 0.5197916666666667 0.9422321929332585 0.07760416666666667 0.06786315199102635
0 0.9369791666666667 0.414469994391475 0.07291666666666667 0.11048794167134043
0 0.15677083333333333 0.7582725743129557 0.08489583333333334 0.06898485698261357
0 0.7190104166666667 0.9012899607403253 0.10260416666666666 0.10095344924284913
0 0.7236979166666667 0.14638250140213124 0.0703125 0.07515423443634324
0 0.5127604166666667 0.28379136287156476 0.07864583333333333 0.09141895681435783
0 0.459375 0.45793606281547955 0.06041666666666667 0.06393718452047112
0 0.6442708333333333 0.49551318003365113 0.07135416666666666 0.09085810431856421
0 0.5197916666666667 0.5706674144699944 0.0625 0.0538418395961862
0 0.58515625 0.514301738642737 0.05520833333333333 0.07010656197420079
0 0.61640625 0.9197980931015143 0.11458333333333333 0.0717891194615816
0 0.3841145833333333 0.44307347167694894 0.07552083333333333 0.07627593942793046
0 0.23776041666666667 0.3093101514301739 0.07083333333333333 0.06393718452047112
0 0.3453125 0.20975883342680876 0.08125 0.11048794167134043
0 0.1609375 0.27313516545148625 0.0734375 0.09141895681435783
0 0.9143229166666667 0.6421761076836792 0.06197916666666667 0.08244531688166012
0 0.09921875 0.3771733034212002 0.0703125 0.09197980931015143
0 0.20052083333333334 0.6446999439147504 0.10052083333333334 0.10319685922602355
0 0.5755208333333334 0.27201346045989905 0.065625 0.06954570947840717
0 0.5934895833333333 0.1962983735277622 0.06614583333333333 0.07571508693213685
0 0.8125 0.6472237801458216 0.1046875 0.11721817162086372
0 0.35911458333333335 0.7103196859226023 0.075 0.09254066180594504
0 0.4005208333333333 0.1876051598429613 0.0578125 0.062254627033090294
0 0.6020833333333333 0.8384744812114414 0.05572916666666667 0.05945036455412227
0 0.8356770833333333 0.5518788558609086 0.0671875 0.05832865956253505
0 0.20807291666666666 0.1968592260235558 0.05572916666666667 0.06001121704991587
0 0.5143229166666666 0.6402131239484016 0.05677083333333333 0.05888951205832866
0 0.37786458333333334 0.804823331463825 0.059375 0.0633763320246775
0 0.48802083333333335 0.37296690970274815 0.06302083333333333 0.07291082445316882
0 0.29375 0.559730790802019 0.10572916666666667 0.10544026920919798
0 0.7666666666666667 0.7083567021873247 0.06302083333333333 0.09422321929332586
0 0.6609375 0.6789119461581604 0.05625 0.07571508693213685
0 0.3671875 0.48541783510936626 0.0515625 0.051598429613011774
0 0.8010416666666667 0.2055524397083567 0.06770833333333333 0.08076275939427931
0 0.63359375 0.5726303982052721 0.049479166666666664 0.0633763320246775
0 0.11145833333333334 0.7061132922041503 0.059895833333333336 0.05720695457094784
0 0.23020833333333332 0.7167694896242288 0.0546875 0.07010656197420079
0 0.17994791666666668 0.47588334268087495 0.058333333333333334 0.04879416713404375
0 0.4515625 0.5367358384744813 0.05572916666666667 0.06786315199102635
0 0.7231770833333333 0.7439708356702187 0.04739583333333333 0.050476724621424565
0 0.803125 0.36203028603477283 0.052083333333333336 0.040381379697139654
0 0.38359375 0.5476724621424566 0.057291666666666664 0.0628154795288839
0 0.41015625 0.2865956253505328 0.12604166666666666 0.12058328659562535
0 0.2765625 0.1346045989904655 0.0765625 0.06561974200785194
0 0.66875 0.22798653954010095 0.0765625 0.07291082445316882
0 0.5950520833333334 0.7170499158721256 0.09947916666666666 0.13853056646102074
0 0.8796875 0.7223780145821649 0.058333333333333334 0.06618059450364554
0 0.2796875 0.26584408300616935 0.065625 0.09029725182277061
0 0.071875 0.6402131239484016 0.05520833333333333 0.07571508693213685
0 0.6236979166666666 0.42428491306786315 0.059895833333333336 0.04823331463825014
0 0.73359375 0.5316881660123387 0.12864583333333332 0.10263600673022995