0 0.7247395833333333 0.7730095990965556 0.10572916666666667 0.10559006211180125
0 0.057291666666666664 0.5152456239412762 0.0734375 0.10784867306606437
0 0.7044270833333334 0.33483907396950874 0.09114583333333333 0.09486166007905138
0 0.14348958333333334 0.44805194805194803 0.07760416666666667 0.1101072840203275
0 0.5041666666666667 0.2295313382269904 0.08541666666666667 0.07058159232072275
0 0.8981770833333333 0.6671372106154715 0.07760416666666667 0.09881422924901186
0 0.6158854166666666 0.08272162619988707 0.0984375 0.08582721626199886
0 0.6018229166666667 0.7509881422924901 0.07135416666666666 0.09034443817052512
0 0.2986979166666667 0.792772444946358 0.1078125 0.0942970073404856
0 0.76328125 0.16177300959909655 0.1078125 0.1259175607001694
0 0.7635416666666667 0.4785431959345003 0.07083333333333333 0.09486166007905138
0 0.41953125 0.5773574251835122 0.06354166666666666 0.06719367588932806
0 0.6171875 0.19141727837380013 0.0625 0.055900621118012424
0 0.6963541666666667 0.8980801806888763 0.09635416666666667 0.08752117447769622
0 0.5403645833333334 0.15160926030491248 0.06875 0.05928853754940711
0 0.22734375 0.4867306606437041 0.08020833333333334 0.08074534161490683
0 0.4661458333333333 0.7639751552795031 0.075 0.08074534161490683
0 0.29453125 0.67871259175607 0.06666666666666667 0.0942970073404856
0 0.3109375 0.4395821569734613 0.065625 0.05138339920948617
0 0.5421875 0.8399209486166008 0.08958333333333333 0.05138339920948617
0 0.23229166666666667 0.5663466967814794 0.07291666666666667 0.07171089779785432
0 0.33229166666666665 0.5784867306606437 0.07916666666666666 0.05138339920948617
0 0.39765625 0.7507058159232072 0.09375 0.08526256352343309
0 0.796875 0.3591191417278374 0.08125 0.10502540937323546
0 0.82578125 0.8020892151326934 0.08072916666666667 0.09712027103331451
0 0.6075520833333333 0.34641445511010727 0.07604166666666666 0.06662902315076229
0 0.6669270833333333 0.4632975719932242 0.06614583333333333 0.05194805194805195
0 0.2596354166666667 0.3687182382834557 0.07291666666666667 0.08469791078486731
0 0.0953125 0.6795595708639187 0.08385416666666666 0.1038961038961039
0 0.8401041666666667 0.45849802371541504 0.05364583333333333 0.08413325804630152
0 0.18776041666666668 0.8122529644268774 0.08333333333333333 0.1005081874647092
0 0.08255208333333333 0.3495200451722191 0.08125 0.1101072840203275
0 0.30130208333333336 0.8977978543195935 0.07552083333333333 0.06493506493506493
0 0.6315104166666666 0.6024844720496895 0.06197916666666667 0.060982495765104464
0 0.5986979166666667 0.49265951439864486 0.051041666666666666 0.06662902315076229
0 0.41484375 0.6629023150762281 0.05260416666666667 0.06267645398080181
0 0.6278645833333333 0.836815358554489 0.07760416666666667 0.07848673066064371
0 0.8846354166666667 0.32298136645962733 0.0875 0.10276679841897234
0 0.47213541666666664 0.6736307171089779 0.05 0.08865047995482778
0 0.18541666666666667 0.655561829474873 0.06458333333333334 0.04912478825522304
0 0.5177083333333333 0.43054771315640883 0.052083333333333336 0.05138339920948617
0 0.7234375 0.6338226990400904 0.0796875 0.08752117447769622
0 0.5393229166666667 0.5830039525691699 0.05677083333333333 0.06662902315076229
0 0.9317708333333333 0.49632975719932243 0.078125 0.12083568605307736
0 0.6549479166666666 0.3997741389045737 0.0703125 0.043478260869565216
0 0.21979166666666666 0.7264257481648786 0.0640625 0.0756634669678148
0 0.8372395833333334 0.5587238848108413 0.05572916666666667 0.09090909090909091
0 0.36744791666666665 0.3447204968944099 0.06197916666666667 0.06775832862789384
0 0.55 0.5028232636928289 0.0390625 0.05138339920948617
0 0.35260416666666666 0.637210615471485 0.05260416666666667 0.06888763410502541
0 0.6888020833333334 0.2261434217955957 0.051041666666666666 0.05307735742518351
0 0.32734375 0.38283455674760025 0.058854166666666666 0.05815923207227555
0 0.4328125 0.1510446075663467 0.09739583333333333 0.07679277244494635
0 0.43125 0.38735177865612647 0.05625 0.05251270468661773
0 0.80859375 0.6420101637492942 0.042708333333333334 0.06267645398080181
0 0.46067708333333335 0.8486730660643704 0.059895833333333336 0.050818746470920384
0 0.5484375 0.3898927159796725 0.0703125 0.05307735742518351
0 0.3151041666666667 0.5087521174477696 0.07760416666666667 0.07509881422924901
0 0.5627604166666667 0.3105590062111801 0.0484375 0.0502540937323546
0 0.4940104166666667 0.5409373235460192 0.04583333333333333 0.03896103896103896
0 0.4557291666666667 0.4449463579898362 0.042708333333333334 0.04517221908526256
0 0.6809895833333334 0.6806888763410502 0.04375 0.07453416149068323
0 0.39140625 0.8331451157538114 0.0625 0.043478260869565216
0 0.38776041666666666 0.23969508752117447 0.053125 0.08018068887634106
0 0.4830729166666667 0.5959909655561829 0.04010416666666667 0.04178430265386787
0 0.38723958333333336 0.5081874647092038 0.04010416666666667 0.04517221908526256
0 0.5372395833333333 0.769621682665161 0.041666666666666664 0.04630152456239413
0 0.18046875 0.34641445511010727 0.04739583333333333 0.06832298136645963
0 0.48515625 0.38170525127046867 0.0453125 0.054771315640880856
0 0.35885416666666664 0.717391304347826 0.044270833333333336 0.04630152456239413
0 0.4322916666666667 0.22783738001129306 0.04010416666666667 0.04291360813099943
0 0.5815104166666667 0.25381140598531904 0.04739583333333333 0.05533596837944664
0 0.24947916666666667 0.6290231507622812 0.040625 0.05420666290231508
0 0.5111979166666667 0.31281761716544326 0.05572916666666667 0.06549971767363072
0 0.44192708333333336 0.059853190287972896 0.17708333333333334 0.10107284020327499
0 0.43255208333333334 0.305759457933371 0.08697916666666666 0.08413325804630152
0 0.49973958333333335 0.9345002823263693 0.19895833333333332 0.088085827216262
0 0.7458333333333333 0.27865612648221344 0.0484375 0.05815923207227555
0 0.5981770833333333 0.6434217955957087 0.03958333333333333 0.055900621118012424
0 0.15520833333333334 0.6095426312817617 0.044270833333333336 0.03896103896103896
0 0.44192708333333336 0.5064935064935064 0.03958333333333333 0.04912478825522304
0 0.29453125 0.30660643704121965 0.05 0.044042913608131
0 0.6393229166666666 0.28430265386787124 0.058854166666666666 0.0502540937323546
0 0.3802083333333333 0.45736871823828346 0.0375 0.037267080745341616
0 0.584375 0.5542066629023151 0.035416666666666666 0.048560135516657256
0 0.6682291666666667 0.531055900621118 0.09895833333333333 0.07340485601355166
0 0.23385416666666667 0.43167701863354035 0.043229166666666666 0.034443817052512704
0 0.73671875 0.4028797289666855 0.04114583333333333 0.028232636928289104
0 0.6440104166666667 0.7041219649915302 0.035416666666666666 0.037267080745341616
0 0.13177083333333334 0.551665725578769 0.03854166666666667 0.057029926595143984
0 0.28229166666666666 0.2165443252399774 0.03802083333333333 0.04121964991530209
0 0.2390625 0.2727272727272727 0.0515625 0.06493506493506493
0 0.5388020833333333 0.6674195369847544 0.06822916666666666 0.10728402032749859
0 0.21510416666666668 0.18068887634105024 0.18541666666666667 0.19875776397515527
0 0.33229166666666665 0.2761151891586674 0.04791666666666667 0.06549971767363072
0 0.40651041666666665 0.43280632411067194 0.03854166666666667 0.039525691699604744
0 0.75 0.5584415584415584 0.052083333333333336 0.040654997176736304
0 0.3416666666666667 0.1767363071710898 0.05625 0.04178430265386787
0 0.7739583333333333 0.7044042913608131 0.04010416666666667 0.04517221908526256
0 0.5885416666666666 0.43506493506493504 0.044270833333333336 0.033314511575381144