0 0.2981770833333333 0.7933370976849238 0.11041666666666666 0.11180124223602485
0 0.9424479166666667 0.4731789949181254 0.07864583333333333 0.11180124223602485
0 0.2830729166666667 0.354884246188594 0.0953125 0.09994353472614342
0 0.8510416666666667 0.41445511010728403 0.0828125 0.11405985319028797
0 0.4739583333333333 0.23094297007340486 0.08854166666666667 0.07509881422924901
0 0.11692708333333333 0.7041219649915302 0.08229166666666667 0.10276679841897234
0 0.35104166666666664 0.09514398644833427 0.10208333333333333 0.09147374364765669
0 0.41875 0.7597402597402597 0.07552083333333333 0.0942970073404856
0 0.7239583333333334 0.7724449463579899 0.11197916666666667 0.09994353472614342
0 0.21041666666666667 0.1880293619424054 0.11354166666666667 0.13156408808582723
0 0.23567708333333334 0.5036702428006776 0.075 0.09881422924901186
0 0.5864583333333333 0.5694522868435912 0.06666666666666667 0.07058159232072275
0 0.35833333333333334 0.20355731225296442 0.06458333333333334 0.05928853754940711
0 0.33645833333333336 0.9150197628458498 0.1 0.09260304912478826
0 0.4317708333333333 0.1566911349520045 0.07135416666666666 0.06324110671936758
0 0.7705729166666667 0.461038961038961 0.08385416666666666 0.08469791078486731
0 0.5549479166666667 0.7600225861095427 0.07864583333333333 0.08526256352343309
0 0.7190104166666667 0.6586674195369847 0.07083333333333333 0.09768492377188029
0 0.6833333333333333 0.42179559570863917 0.06770833333333333 0.054771315640880856
0 0.48541666666666666 0.8427442123094298 0.09166666666666666 0.05646527385657821
0 0.7721354166666666 0.5406549971767363 0.07604166666666666 0.0756634669678148
0 0.6734375 0.562394127611519 0.08125 0.05533596837944664
0 0.621875 0.7399774138904573 0.09739583333333333 0.09034443817052512
0 0.19270833333333334 0.38763410502540935 0.0859375 0.10897797854319594
0 0.19973958333333333 0.831733483907397 0.08489583333333334 0.10107284020327499
0 0.3807291666666667 0.35714285714285715 0.07916666666666666 0.07114624505928854
0 0.3307291666666667 0.47910784867306605 0.06822916666666666 0.055900621118012424
0 0.72890625 0.34641445511010727 0.0765625 0.08865047995482778
0 0.9177083333333333 0.6405985319028797 0.08854166666666667 0.10841332580463016
0 0.15807291666666667 0.49096555618294746 0.057291666666666664 0.08695652173913043
0 0.8361979166666667 0.7814793901750423 0.08802083333333334 0.10502540937323546
0 0.9036458333333334 0.3105590062111801 0.08645833333333333 0.11405985319028797
0 0.7296875 0.8774703557312253 0.07864583333333333 0.06945228684359118
0 0.3770833333333333 0.6146245059288538 0.06458333333333334 0.06437041219649915
0 0.40130208333333334 0.5019762845849802 0.05416666666666667 0.06888763410502541
0 0.5979166666666667 0.6541501976284585 0.05520833333333333 0.06549971767363072
0 0.3997395833333333 0.8475437605872389 0.08125 0.08243929983060418
0 0.10260416666666666 0.3599661208356861 0.0921875 0.10728402032749859
0 0.5416666666666666 0.6702428006775832 0.05416666666666667 0.09090909090909091
0 0.82578125 0.6253529079616036 0.0671875 0.05251270468661773
0 0.47682291666666665 0.43252399774138905 0.05416666666666667 0.05420666290231508
0 0.28802083333333334 0.6544325239977414 0.08333333333333333 0.09147374364765669
0 0.4674479166666667 0.5863918690005646 0.059895833333333336 0.06945228684359118
0 0.06953125 0.5372670807453416 0.08333333333333333 0.12478825522303783
0 0.3375 0.4147374364765669 0.07239583333333334 0.04743083003952569
0 0.7973958333333333 0.6990400903444381 0.06770833333333333 0.07905138339920949
0 0.16875 0.5903444381705252 0.059895833333333336 0.09373235460191982
0 0.61953125 0.3328627893845285 0.06510416666666667 0.07114624505928854
0 0.45026041666666666 0.5073404856013551 0.04114583333333333 0.053642010163749296
0 0.6578125 0.6228119706380576 0.05572916666666667 0.07171089779785432
0 0.28984375 0.2450592885375494 0.053125 0.05533596837944664
0 0.6627604166666666 0.36674195369847545 0.06145833333333333 0.060982495765104464
0 0.5388020833333333 0.14624505928853754 0.10104166666666667 0.08243929983060418
0 0.559375 0.38114059853190285 0.058333333333333334 0.05533596837944664
0 0.20390625 0.6708074534161491 0.0453125 0.06493506493506493
0 0.5674479166666667 0.8435911914172783 0.06197916666666667 0.05420666290231508
0 0.4427083333333333 0.39469226425748166 0.07239583333333334 0.057029926595143984
0 0.6848958333333334 0.4912478825522304 0.08125 0.07905138339920949
0 0.42213541666666665 0.3170525127046866 0.050520833333333334 0.05251270468661773
0 0.509375 0.5403726708074534 0.04739583333333333 0.04121964991530209
0 0.53984375 0.4409937888198758 0.04479166666666667 0.04743083003952569
0 0.3341145833333333 0.6970638057594579 0.04739583333333333 0.07679277244494635
0 0.63515625 0.8218520609824957 0.06458333333333334 0.04686617730095991
0 0.5908854166666667 0.2300959909655562 0.057291666666666664 0.08300395256916997
0 0.5244791666666667 0.5940146809712027 0.0421875 0.044042913608131
0 0.6127604166666667 0.49745906267645396 0.0421875 0.04743083003952569
0 0.48463541666666665 0.771880293619424 0.04375 0.048560135516657256
0 0.8059895833333334 0.3167701863354037 0.050520833333333334 0.07058159232072275
0 0.50546875 0.38085827216261997 0.04739583333333333 0.05759457933370977
0 0.6580729166666667 0.7029926595143986 0.04635416666666667 0.04912478825522304
0 0.5455729166666666 0.2224731789949181 0.0421875 0.04517221908526256
0 0.39895833333333336 0.26256352343308864 0.049479166666666664 0.05759457933370977
0 0.7598958333333333 0.6047430830039525 0.042708333333333334 0.05646527385657821
0 0.47369791666666666 0.3145115753811406 0.058854166666666666 0.06832298136645963
0 0.5223958333333333 0.055900621118012424 0.18125 0.11067193675889328
0 0.5515625 0.30011293054771315 0.090625 0.08865047995482778
0 0.53515625 0.932806324110672 0.20208333333333334 0.09881422924901186
0 0.23723958333333334 0.3029361942405421 0.051041666666666666 0.06041784302653868
0 0.41380208333333335 0.6521739130434783 0.0421875 0.05815923207227555
0 0.85234375 0.5765104460756635 0.04635416666666667 0.04178430265386787
0 0.5583333333333333 0.5008469791078487 0.0421875 0.05138339920948617
0 0.6890625 0.28797289666854886 0.052083333333333336 0.04630152456239413
0 0.34401041666666665 0.2981366459627329 0.0609375 0.053642010163749296
0 0.6158854166666666 0.4463579898362507 0.0390625 0.039525691699604744
0 0.4203125 0.562111801242236 0.03802083333333333 0.0502540937323546
0 0.33489583333333334 0.5468661773009599 0.10208333333333333 0.07905138339920949
0 0.7596354166666667 0.40683229813664595 0.04479166666666667 0.037267080745341616
0 0.25625 0.4257481648785997 0.0421875 0.030491247882552232
0 0.3729166666666667 0.7171089779785432 0.03697916666666667 0.039525691699604744
0 0.87109375 0.5166572557876906 0.04114583333333333 0.05928853754940711
0 0.6940104166666666 0.19706380575945792 0.04010416666666667 0.043478260869565216
0 0.7416666666666667 0.2490118577075099 0.0546875 0.06719367588932806
0 0.4747395833333333 0.6705251270468662 0.0734375 0.11067193675889328
0 0.7580729166666667 0.15499717673630717 0.19427083333333334 0.20892151326933936
0 0.6489583333333333 0.2611518915866742 0.051041666666666666 0.06775832862789384
0 0.5877604166666667 0.4243365330321852 0.040625 0.04178430265386787
0 0.2557291666666667 0.5818746470920384 0.05416666666666667 0.043478260869565216
0 0.6317708333333333 0.163184641445511 0.058333333333333334 0.044607566346696784
0 0.24348958333333334 0.7295313382269905 0.0421875 0.04743083003952569
0 0.40651041666666665 0.4438170525127047 0.04583333333333333 0.03613777526821005