0 0.19635416666666666 0.8097120271033315 0.13177083333333334 0.13325804630152457
0 0.18046875 0.461038961038961 0.09427083333333333 0.11123658949745906
0 0.24921875 0.2964426877470356 0.11145833333333334 0.11801242236024845
0 0.5783854166666667 0.8094297007340485 0.11614583333333334 0.10897797854319594
0 0.4921875 0.8311688311688312 0.096875 0.08695652173913043
0 0.6947916666666667 0.8715415019762845 0.13385416666666666 0.12140033879164314
0 0.35703125 0.3167701863354037 0.08229166666666667 0.08752117447769622
0 0.78203125 0.370412196499153 0.09791666666666667 0.09881422924901186
0 0.6778645833333333 0.6174477696216827 0.0921875 0.07735742518351214
0 0.90859375 0.48531902879728966 0.103125 0.13777526821005082
0 0.3411458333333333 0.7874082439299831 0.0875 0.11123658949745906
0 0.49114583333333334 0.18492377188029363 0.10364583333333334 0.09260304912478826
0 0.2825520833333333 0.4432523997741389 0.08072916666666667 0.06437041219649915
0 0.13723958333333333 0.31507622811970637 0.1 0.13099943534726144
0 0.6979166666666666 0.5400903444381705 0.0953125 0.09316770186335403
0 0.6393229166666666 0.6821005081874647 0.0671875 0.08582721626199886
0 0.8401041666666667 0.7188029361942405 0.0796875 0.06267645398080181
0 0.5791666666666667 0.2893845285149633 0.11197916666666667 0.10333145115753811
0 0.50234375 0.7117447769621683 0.0640625 0.10107284020327499
0 0.7080729166666667 0.45454545454545453 0.08385416666666666 0.06267645398080181
0 0.7075520833333333 0.7371541501976284 0.08385416666666666 0.11462450592885376
0 0.20625 0.645115753811406 0.096875 0.10728402032749859
0 0.5854166666666667 0.09345002823263693 0.1234375 0.09768492377188029
0 0.7859375 0.7950310559006211 0.08177083333333333 0.09316770186335403
0 0.30442708333333335 0.6197063805759458 0.071875 0.08074534161490683
0 0.80703125 0.5177865612648221 0.09947916666666666 0.10107284020327499
0 0.35885416666666664 0.13410502540937325 0.07708333333333334 0.0722755505364201
0 0.4591145833333333 0.09570863918690006 0.08489583333333334 0.06888763410502541
0 0.7875 0.6151891586674195 0.08229166666666667 0.08752117447769622
0 0.5786458333333333 0.9102202145680407 0.075 0.05646527385657821
0 0.57421875 0.6030491247882552 0.07447916666666667 0.09373235460191982
0 0.3026041666666667 0.88085827216262 0.09427083333333333 0.09712027103331451
0 0.56796875 0.3752117447769622 0.06979166666666667 0.06437041219649915
0 0.42552083333333335 0.5920383963862225 0.07239583333333334 0.07622811970638058
0 0.2947916666666667 0.3771880293619424 0.08333333333333333 0.058723884810841336
0 0.6526041666666667 0.34105025409373235 0.08020833333333334 0.09316770186335403
0 0.49322916666666666 0.9209486166007905 0.07135416666666666 0.06437041219649915
0 0.4828125 0.27752682100508186 0.06770833333333333 0.08243929983060418
0 0.1828125 0.5508187464709203 0.06510416666666667 0.05307735742518351
0 0.27838541666666666 0.5262563523433089 0.11927083333333334 0.09260304912478826
0 0.43203125 0.36900056465273856 0.09010416666666667 0.05928853754940711
0 0.6072916666666667 0.427442123094297 0.0671875 0.07114624505928854
0 0.421875 0.28091473743647655 0.059895833333333336 0.06380575945793338
0 0.5486979166666667 0.5163749294184077 0.04791666666666667 0.060982495765104464
0 0.36223958333333334 0.4904009034443817 0.0625 0.08130999435347261
0 0.69453125 0.385940146809712 0.0734375 0.07396950875211744
0 0.5640625 0.7123094297007341 0.06458333333333334 0.07509881422924901
0 0.07994791666666666 0.42715979672501414 0.0671875 0.10220214568040654
0 0.6325520833333333 0.2106154714850367 0.07083333333333333 0.09599096555618294
0 0.275 0.16854884246188595 0.06458333333333334 0.06662902315076229
0 0.8979166666666667 0.6016374929418408 0.058333333333333334 0.06380575945793338
0 0.4049479166666667 0.9147374364765669 0.1 0.07171089779785432
0 0.1171875 0.6473743647656691 0.059375 0.0756634669678148
0 0.4236979166666667 0.5019762845849802 0.04635416666666667 0.06380575945793338
0 0.08671875 0.5434782608695652 0.071875 0.10954263128176171
0 0.6890625 0.13777526821005082 0.07083333333333333 0.055900621118012424
0 0.5385416666666667 0.43788819875776397 0.05572916666666667 0.057029926595143984
0 0.4861979166666667 0.546583850931677 0.05520833333333333 0.053642010163749296
0 0.6947916666666667 0.2555053642010164 0.058854166666666666 0.07453416149068323
0 0.8020833333333334 0.26002258610954265 0.06875 0.07848673066064371
0 0.40677083333333336 0.20525127046866176 0.058854166666666666 0.06662902315076229
0 0.86953125 0.6662902315076228 0.052083333333333336 0.05251270468661773
0 0.46432291666666664 0.42405420666290233 0.0640625 0.059853190287972896
0 0.8684895833333334 0.3492377188029362 0.06041666666666667 0.08018068887634106
0 0.41354166666666664 0.8246753246753247 0.051041666666666666 0.05759457933370977
0 0.5078125 0.3622247317899492 0.057291666666666664 0.06154714850367024
0 0.20260416666666667 0.22924901185770752 0.06302083333333333 0.06775832862789384
0 0.13697916666666668 0.7204968944099379 0.049479166666666664 0.06493506493506493
0 0.32734375 0.23489553924336534 0.07083333333333333 0.05928853754940711
0 0.25078125 0.7041219649915302 0.05364583333333333 0.08977978543195934
0 0.6119791666666666 0.5335968379446641 0.04895833333333333 0.05194805194805195
0 0.7458333333333333 0.18972332015810275 0.050520833333333334 0.05307735742518351
0 0.35208333333333336 0.6691134952004517 0.05416666666666667 0.07001693958215698
0 0.5809895833333333 0.20073404856013552 0.05260416666666667 0.053642010163749296
0 0.37890625 0.5629587803500847 0.04583333333333333 0.05646527385657821
0 0.6276041666666666 0.7803500846979108 0.0546875 0.057029926595143984
0 0.7416666666666667 0.2972896668548842 0.0640625 0.05194805194805195
0 0.4921875 0.61914172783738 0.052083333333333336 0.05533596837944664
0 0.76328125 0.6815358554488989 0.04895833333333333 0.06437041219649915
0 0.7947916666666667 0.45765104460756634 0.052083333333333336 0.048560135516657256
0 0.6255208333333333 0.47148503670242803 0.041666666666666664 0.04630152456239413
0 0.20807291666666666 0.3771880293619424 0.04739583333333333 0.037267080745341616
0 0.41796875 0.7049689440993789 0.08802083333333334 0.13156408808582723
0 0.29244791666666664 0.7348955392433654 0.04114583333333333 0.04686617730095991
0 0.38177083333333334 0.42207792207792205 0.05416666666666667 0.04178430265386787