0 0.40130208333333334 0.6623697202413604 0.09270833333333334 0.08667032364234778
0 0.30911458333333336 0.8181568842567197 0.09427083333333333 0.09544706527701591
0 0.3848958333333333 0.942128359846407 0.1078125 0.06747120131651124
0 0.5158854166666667 0.753976961053209 0.08177083333333333 0.09215578716401536
0 0.7138020833333333 0.787986834887548 0.1109375 0.1047723532638508
0 0.2359375 0.5496434448710916 0.09322916666666667 0.07569939659901262
0 0.6986979166666667 0.1332967635765222 0.08854166666666667 0.08228195282501372
0 0.6583333333333333 0.2095447065277016 0.07239583333333334 0.0746023038946791
0 0.9221354166666667 0.33955019199122327 0.07864583333333333 0.10038398244651674
0 0.44921875 0.16730663741086121 0.1171875 0.0916072408118486
0 0.32864583333333336 0.4072956664838179 0.08489583333333334 0.08612177729018101
0 0.309375 0.12095447065277017 0.10625 0.07734503565551289
0 0.1515625 0.44295117937465717 0.09114583333333333 0.1151947339550192
0 0.5174479166666667 0.9303346132748217 0.0921875 0.07405375754251234
0 0.621875 0.6379594075699396 0.08125 0.08228195282501372
0 0.24661458333333333 0.6412506856829402 0.08072916666666667 0.09709270433351619
0 0.60703125 0.2814042786615469 0.09166666666666666 0.0877674163466813
0 0.8239583333333333 0.2185957213384531 0.09583333333333334 0.11409764125068568
0 0.8328125 0.38919363686231484 0.09583333333333334 0.10586944596818432
0 0.19791666666666666 0.1911684037301152 0.08229166666666667 0.08337904552934723
0 0.6544270833333333 0.4243006034009874 0.084375 0.09928688974218322
0 0.46510416666666665 0.35381239714755897 0.090625 0.0746023038946791
0 0.44557291666666665 0.6116291826659352 0.07083333333333333 0.07076247942951179
0 0.3341145833333333 0.6300054854635216 0.09270833333333334 0.0784421283598464
0 0.38385416666666666 0.3757542512342293 0.07291666666666667 0.06747120131651124
0 0.44088541666666664 0.7687877125617114 0.07135416666666666 0.08063631376851343
0 0.7479166666666667 0.5713110257816786 0.084375 0.08941305540318156
0 0.05807291666666667 0.4402084476138234 0.0765625 0.10916072408118487
0 0.2643229166666667 0.9072956664838179 0.08697916666666666 0.08557323093801426
0 0.46171875 0.5619857377948436 0.05572916666666667 0.053208996160175534
0 0.30026041666666664 0.3102029621503017 0.08958333333333333 0.0981897970378497
0 0.6841145833333333 0.3272078990674712 0.0796875 0.06911684037301152
0 0.24583333333333332 0.25973669775096 0.06979166666666667 0.06856829402084476
0 0.38203125 0.2803071859572134 0.06927083333333334 0.09105869445968184
0 0.5296875 0.8439385628085573 0.07083333333333333 0.06034009873834339
0 0.7854166666666667 0.8590235874931432 0.08958333333333333 0.09051014810751508
0 0.43463541666666666 0.06884256719692813 0.08489583333333334 0.08173340647284695
0 0.9216145833333333 0.6116291826659352 0.0734375 0.09873834339001646
0 0.5841145833333333 0.3724629731212287 0.0671875 0.05924300603400987
0 0.08958333333333333 0.6977509599561162 0.06770833333333333 0.09544706527701591
0 0.46640625 0.25617114646187605 0.09739583333333333 0.06966538672517827
0 0.36276041666666664 0.7506856829402084 0.1046875 0.0877674163466813
0 0.87421875 0.7452002194185409 0.08645833333333333 0.10916072408118487
0 0.4890625 0.6766319253976961 0.07083333333333333 0.05430608886450905
0 0.6088541666666667 0.5241360394953374 0.051041666666666666 0.07734503565551289
0 0.5411458333333333 0.424026330224904 0.06302083333333333 0.06582556226001098
0 0.22760416666666666 0.4489851892484915 0.0765625 0.1267142073505211
0 0.7208333333333333 0.6555128908392759 0.07552083333333333 0.09325287986834888
0 0.32135416666666666 0.5606143719144268 0.05572916666666667 0.07679648930334614
0 0.23958333333333334 0.363960504662644 0.06614583333333333 0.0575973669775096
0 0.17291666666666666 0.6681294569391114 0.058333333333333334 0.07953922106417992
0 0.6640625 0.5606143719144268 0.05260416666666667 0.07350521119034559
0 0.396875 0.5562260010970927 0.05 0.058694459681843114
0 0.4393229166666667 0.49149753154141523 0.05260416666666667 0.052660449808008776
0 0.5377604166666666 0.08145913329676358 0.0578125 0.053208996160175534
0 0.28567708333333336 0.7153044432254525 0.06197916666666667 0.07405375754251234
0 0.5890625 0.7594624245748766 0.0578125 0.06034009873834339
0 0.19010416666666666 0.8496982995063083 0.06041666666666667 0.058145913329676356
0 0.08307291666666666 0.33763027975863963 0.057291666666666664 0.06801974766867801
0 0.3145833333333333 0.4769610532089962 0.07135416666666666 0.09325287986834888
0 0.82734375 0.605595172792101 0.05416666666666667 0.06966538672517827
0 0.47708333333333336 0.4188151398793198 0.059375 0.06363137685134394
0 0.5916666666666667 0.4585847504114098 0.05364583333333333 0.058145913329676356
0 0.050520833333333334 0.5721338453099287 0.05625 0.11080636313768513
0 0.559375 0.6791003839824465 0.058333333333333334 0.10093252879868349
0 0.12578125 0.2630279758639605 0.05260416666666667 0.055951727921009324
0 0.5768229166666666 0.5891387822270981 0.05260416666666667 0.060888645090510146
0 0.61171875 0.0995611629182666 0.058333333333333334 0.053208996160175534
0 0.69296875 0.9031815688425672 0.05572916666666667 0.0510148107515085
0 0.534375 0.33296763576522215 0.0515625 0.08941305540318156
0 0.4192708333333333 0.4355458036204059 0.0578125 0.06801974766867801
0 0.6885416666666667 0.4983543609434997 0.10677083333333333 0.058145913329676356
0 0.51484375 0.6132748217224355 0.0625 0.04827207899067471
0 0.6174479166666667 0.929786066922655 0.06458333333333334 0.04333516182117389
0 0.5364583333333334 0.2523313219967087 0.04895833333333333 0.06692265496434449
0 0.38385416666666666 0.4975315414152496 0.05625 0.058145913329676356
0 0.1328125 0.7926494788809655 0.0484375 0.058694459681843114
0 0.78046875 0.5 0.06770833333333333 0.05375754251234229
0 0.94453125 0.4380142622051563 0.051041666666666666 0.06253428414701043
0 0.7424479166666667 0.4018102029621503 0.0703125 0.13658804168952277
0 0.6708333333333333 0.7218869994514536 0.10416666666666667 0.0877674163466813
0 0.33671875 0.19720241360394952 0.040625 0.041689522764673616
0 0.4231770833333333 0.8535381239714755 0.03697916666666667 0.04552934722984092
0 0.9424479166666667 0.518102029621503 0.0421875 0.0641799232035107
0 0.37864583333333335 0.8507953922106418 0.03697916666666667 0.03784969829950631
0 0.5557291666666667 0.49670872188699944 0.05364583333333333 0.061437191442676904
0 0.49973958333333335 0.4632473944048272 0.05572916666666667 0.047723532638507954
0 0.29973958333333334 0.22188699945145365 0.03958333333333333 0.04278661546900713
0 0.37395833333333334 0.18266593527153044 0.0375 0.04004388370817334
0 0.5921875 0.17690619857377948 0.03697916666666667 0.03784969829950631
0 0.7619791666666667 0.2679648930334613 0.033854166666666664 0.038946791003839826
0 0.52890625 0.5619857377948436 0.046875 0.044432254525507406
0 0.5895833333333333 0.8398244651673067 0.0390625 0.036752605595172794
0 0.53984375 0.1738891936368623 0.040625 0.038946791003839826
0 0.8005208333333333 0.3110257816785518 0.03854166666666667 0.04333516182117389
0 0.20078125 0.3088315962698848 0.0359375 0.0405924300603401
0 0.8440104166666667 0.5400438837081734 0.03802083333333333 0.03730115194733955
0 0.21145833333333333 0.7342292923752057 0.03697916666666667 0.04004388370817334
0 0.17682291666666666 0.35545803620405925 0.03333333333333333 0.04388370817334065
0 0.7255208333333333 0.235874931431706 0.034895833333333334 0.03839824465167307
0 0.12994791666666666 0.5183763027975864 0.03697916666666667 0.04388370817334065
0 0.7942708333333334 0.7015907844212836 0.03854166666666667 0.041689522764673616
0 0.13229166666666667 0.5639056500274273 0.0328125 0.04333516182117389
0 0.46822916666666664 0.8562808557323094 0.035416666666666666 0.03730115194733955
0 0.7744791666666667 0.7388919363686232 0.035416666666666666 0.0405924300603401
0 0.2674479166666667 0.5131651124520022 0.034895833333333334 0.036752605595172794
0 0.81015625 0.6648381788261108 0.034375 0.036204059243006036
0 0.7171875 0.4454196379594076 0.03802083333333333 0.04552934722984092
0 0.14505208333333333 0.6116291826659352 0.035416666666666666 0.04333516182117389
0 0.63515625 0.8304991771804717 0.03333333333333333 0.034009873834339004
0 0.8513020833333333 0.4775095995611629 0.03229166666666667 0.04333516182117389
0 0.6658854166666667 0.673614920460779 0.04010416666666667 0.04333516182117389
0 0.34296875 0.6903455842018651 0.04114583333333333 0.042238069116840374
0 0.4265625 0.31212287438288533 0.0421875 0.03839824465167307