0 0.5903645833333333 0.6675809105869446 0.09583333333333334 0.09105869445968184
0 0.6747395833333333 0.8283049917718047 0.0984375 0.09983543609434997
0 0.59296875 0.947888096544158 0.11041666666666666 0.07295666483817882
0 0.47161458333333334 0.7528798683488754 0.08541666666666667 0.09599561162918267
0 0.2721354166666667 0.7759188151398794 0.11510416666666666 0.10970927043335162
0 0.7611979166666667 0.5641799232035107 0.09635416666666667 0.08008776741634668
0 0.31979166666666664 0.12287438288535381 0.0921875 0.08667032364234778
0 0.35625 0.20131651124520022 0.07552083333333333 0.07789358200767965
0 0.08645833333333333 0.3165112452002194 0.08333333333333333 0.10367526055951728
0 0.5674479166666667 0.17059791552386178 0.12083333333333333 0.09709270433351619
0 0.67578125 0.41689522764673614 0.08854166666666667 0.08996160175534833
0 0.709375 0.1319253976961053 0.109375 0.08283049917718047
0 0.85078125 0.4621503017004937 0.09583333333333334 0.11903455842018651
0 0.46119791666666665 0.9286889742183214 0.09479166666666666 0.0784421283598464
0 0.37161458333333336 0.6311025781678552 0.08489583333333334 0.08612177729018101
0 0.74609375 0.6549643444871092 0.08489583333333334 0.10038398244651674
0 0.40390625 0.2759188151398793 0.0953125 0.0916072408118486
0 0.19036458333333334 0.20104223806911684 0.10052083333333334 0.117937465715853
0 0.17317708333333334 0.37109160724081186 0.1 0.11025781678551838
0 0.8169270833333333 0.20817334064728468 0.08541666666666667 0.08721886999451453
0 0.3494791666666667 0.416072408118486 0.08854166666666667 0.10312671420735052
0 0.5421875 0.3557323093801426 0.09322916666666667 0.07899067471201317
0 0.5489583333333333 0.6143719144267691 0.0734375 0.07350521119034559
0 0.6591145833333333 0.6390565002742732 0.0953125 0.08283049917718047
0 0.6221354166666667 0.3823368074602304 0.07552083333333333 0.07076247942951179
0 0.5458333333333333 0.7715304443225453 0.075 0.08392759188151398
0 0.24869791666666666 0.5575973669775096 0.08802083333333334 0.09325287986834888
0 0.94453125 0.4646187602852441 0.08125 0.11190345584201865
0 0.7151041666666667 0.91963795940757 0.09010416666666667 0.08941305540318156
0 0.53515625 0.5639056500274273 0.0578125 0.055951727921009324
0 0.7088541666666667 0.32144816236972024 0.09375 0.102029621503017
0 0.32473958333333336 0.31733406472846953 0.08229166666666667 0.07295666483817882
0 0.7658854166666667 0.27399890290729567 0.07239583333333334 0.0718595721338453
0 0.62890625 0.28716401535929786 0.0734375 0.09380142622051563
0 0.45338541666666665 0.8417443773998903 0.0734375 0.06363137685134394
0 0.19713541666666667 0.8428414701042238 0.09322916666666667 0.09489851892484914
0 0.58671875 0.07295666483817882 0.08802083333333334 0.08557323093801426
0 0.0734375 0.588315962698848 0.07760416666666667 0.102029621503017
0 0.42239583333333336 0.36807460230389466 0.06927083333333334 0.06253428414701043
0 0.9 0.7202413603949533 0.071875 0.09873834339001646
0 0.5455729166666666 0.25836533187054306 0.1 0.0746023038946791
0 0.6247395833333333 0.7580910586944597 0.1078125 0.09270433351618211
0 0.1140625 0.724355458036204 0.09114583333333333 0.11300054854635216
0 0.5020833333333333 0.6769061985737795 0.07291666666666667 0.0575973669775096
0 0.39010416666666664 0.518102029621503 0.0546875 0.07953922106417992
0 0.4625 0.421832144816237 0.065625 0.06911684037301152
0 0.7744791666666667 0.46407021393307735 0.08229166666666667 0.13000548546352167
0 0.271875 0.6431705979155239 0.0796875 0.09654415798134942
0 0.6755208333333333 0.570213933077345 0.058854166666666666 0.07899067471201317
0 0.7669270833333334 0.37849698299506307 0.06822916666666666 0.060888645090510146
0 0.8184895833333333 0.685957213384531 0.06145833333333333 0.08228195282501372
0 0.3333333333333333 0.5515633571036752 0.05572916666666667 0.07569939659901262
0 0.6 0.5619857377948436 0.05260416666666667 0.060888645090510146
0 0.5609375 0.4947888096544158 0.0546875 0.05485463521667581
0 0.48333333333333334 0.07981349424026331 0.059895833333333336 0.055951727921009324
0 0.7033854166666667 0.7268239166209545 0.06458333333333334 0.07679648930334614
0 0.39817708333333335 0.7542512342292924 0.06041666666666667 0.06253428414701043
0 0.7921875 0.8661546900713111 0.0625 0.060888645090510146
0 0.92421875 0.3609434997257268 0.059895833333333336 0.07076247942951179
0 0.6861979166666666 0.48710916072408117 0.07552083333333333 0.09654415798134942
0 0.16770833333333332 0.5874931431705979 0.057291666666666664 0.0718595721338453
0 0.5270833333333333 0.4201865057597367 0.06197916666666667 0.06637410861217773
0 0.41041666666666665 0.45364783324190894 0.05625 0.06034009873834339
0 0.9450520833333333 0.5968184311574328 0.0609375 0.11300054854635216
0 0.4317708333333333 0.6755348326933626 0.06302083333333333 0.10312671420735052
0 0.8854166666666666 0.2838727372462973 0.0546875 0.058145913329676356
0 0.41875 0.5850246845858476 0.0546875 0.06308283049917718
0 0.4083333333333333 0.09407569939659902 0.06041666666666667 0.055951727921009324
0 0.2872395833333333 0.8919363686231486 0.0578125 0.05375754251234229
0 0.4739583333333333 0.33132199670872187 0.05572916666666667 0.09105869445968184
0 0.5838541666666667 0.4402084476138234 0.06041666666666667 0.07076247942951179
0 0.31171875 0.4879319802523313 0.10833333333333334 0.06363137685134394
0 0.47942708333333334 0.6121777290181021 0.06458333333333334 0.0510148107515085
0 0.3611979166666667 0.9226549643444871 0.065625 0.04662643993417444
0 0.47604166666666664 0.25068568294020843 0.0515625 0.06911684037301152
0 0.6161458333333333 0.5038398244651673 0.058854166666666666 0.060888645090510146
0 0.85234375 0.8123971475589687 0.051041666666666666 0.060888645090510146
0 0.21979166666666666 0.48464070213933075 0.06979166666666667 0.05704882062534284
0 0.05911458333333333 0.4136039495337356 0.05364583333333333 0.06472846955567746
0 0.26276041666666666 0.3886450905101481 0.0765625 0.13933077345035655
0 0.3184895833333333 0.712013165112452 0.10729166666666666 0.09270433351618211
0 0.6778645833333333 0.2068019747668678 0.0421875 0.04333516182117389
0 0.5591145833333333 0.8571036752605595 0.03854166666666667 0.047174986286341196
0 0.057291666666666664 0.4936917169500823 0.0453125 0.06582556226001098
0 0.60390625 0.8568294020844761 0.03854166666666667 0.039495337356006584
0 0.44453125 0.4936917169500823 0.05625 0.06363137685134394
0 0.5020833333333333 0.4632473944048272 0.0578125 0.049917718047174986
0 0.7138020833333333 0.23340647284695556 0.04114583333333333 0.044432254525507406
0 0.6416666666666667 0.19007131102578168 0.0390625 0.042238069116840374
0 0.42421875 0.17224355458036203 0.03854166666666667 0.039495337356006584
0 0.25 0.253976961053209 0.035416666666666666 0.0405924300603401
0 0.46796875 0.5603400987383433 0.0484375 0.04662643993417444
0 0.39348958333333334 0.834339001645639 0.040625 0.03839824465167307
0 0.47630208333333335 0.17224355458036203 0.0421875 0.04114097641250686
0 0.20911458333333333 0.2945693911135491 0.04010416666666667 0.044980800877674164
0 0.8083333333333333 0.3258365331870543 0.0375 0.042238069116840374
0 0.15442708333333333 0.5211190345584202 0.03958333333333333 0.038946791003839826
0 0.7765625 0.7498628634119583 0.03854166666666667 0.041689522764673616
0 0.8299479166666667 0.3735600658255623 0.035416666666666666 0.044980800877674164
0 0.2877604166666667 0.2238069116840373 0.036458333333333336 0.04004388370817334
0 0.8684895833333334 0.5386725178277565 0.0390625 0.04552934722984092
0 0.19609375 0.6851343938562808 0.04010416666666667 0.04333516182117389
0 0.8640625 0.5842018650575974 0.034895833333333334 0.044432254525507406
0 0.5140625 0.857377948436643 0.03697916666666667 0.038946791003839826
0 0.2140625 0.7235326385079539 0.03697916666666667 0.042238069116840374
0 0.7315104166666667 0.526055951727921 0.036458333333333336 0.03839824465167307
0 0.18203125 0.6475589687328579 0.0359375 0.03784969829950631
0 0.2859375 0.4333516182117389 0.04010416666666667 0.047174986286341196
0 0.8489583333333334 0.6311025781678552 0.0375 0.044980800877674164
0 0.34869791666666666 0.8228195282501372 0.034375 0.03565551289083928
0 0.15026041666666667 0.45831047723532636 0.034375 0.044432254525507406
0 0.32578125 0.664289632473944 0.041666666666666664 0.044980800877674164
0 0.6473958333333333 0.6988480526604498 0.042708333333333334 0.04388370817334065
0 0.5825520833333333 0.3165112452002194 0.04375 0.0405924300603401