0 0.23828125 0.38776041666666666 0.13020833333333334 0.14739583333333334
0 0.77109375 0.415625 0.10416666666666667 0.1328125
0 0.31640625 0.7002604166666667 0.1328125 0.12395833333333334
0 0.29661458333333335 0.175 0.13802083333333334 0.128125
0 0.50546875 0.8611979166666667 0.1296875 0.13541666666666666
0 0.6833333333333333 0.6940104166666666 0.13645833333333332 0.14166666666666666
0 0.11145833333333334 0.6190104166666667 0.13229166666666667 0.13489583333333333
0 0.8901041666666667 0.6182291666666667 0.12291666666666666 0.14166666666666666
0 0.7471354166666667 0.8033854166666666 0.15208333333333332 0.14270833333333333
0 0.7557291666666667 0.1875 0.14010416666666667 0.13229166666666667
0 0.8981770833333333 0.39296875 0.12708333333333333 0.18177083333333333
0 0.2669270833333333 0.8153645833333333 0.16927083333333334 0.12395833333333334
0 0.5893229166666667 0.6361979166666667 0.10572916666666667 0.10989583333333333
0 0.5265625 0.13333333333333333 0.14791666666666667 0.10364583333333334
0 0.5041666666666667 0.7369791666666666 0.11354166666666667 0.08229166666666667
0 0.5549479166666667 0.5611979166666666 0.08489583333333334 0.08072916666666667
0 0.5221354166666666 0.25729166666666664 0.1375 0.103125
0 0.6049479166666667 0.3692708333333333 0.09114583333333333 0.09739583333333333
0 0.4796875 0.6473958333333333 0.09739583333333333 0.07083333333333333
0 0.66640625 0.45703125 0.0890625 0.08645833333333333
0 0.6778645833333333 0.29635416666666664 0.11197916666666667 0.09427083333333333
0 0.37135416666666665 0.2859375 0.09895833333333333 0.084375
0 0.5114583333333333 0.35130208333333335 0.0921875 0.090625
0 0.41458333333333336 0.3729166666666667 0.09635416666666667 0.09427083333333333
0 0.48463541666666665 0.42291666666666666 0.08645833333333333 0.06822916666666666
0 0.7671875 0.5588541666666667 0.0828125 0.11458333333333333
0 0.3390625 0.428125 0.0828125 0.084375
0 0.5817708333333333 0.45703125 0.08125 0.07604166666666666
0 0.378125 0.6208333333333333 0.08177083333333333 0.09114583333333333
0 0.21875 0.5575520833333333 0.08489583333333334 0.10885416666666667
0 0.65546875 0.5455729166666666 0.0765625 0.08802083333333334
0 0.4010416666666667 0.48046875 0.07708333333333334 0.096875
0 0.4513020833333333 0.57265625 0.07708333333333334 0.06614583333333333
0 0.32057291666666665 0.52734375 0.08333333333333333 0.11614583333333334
0 0.11067708333333333 0.36822916666666666 0.10260416666666666 0.2078125