0 0.22161458333333334 0.4395833333333333 0.13229166666666667 0.14895833333333333
0 0.75 0.3653645833333333 0.10625 0.134375
0 0.3580729166666667 0.7315104166666667 0.134375 0.12604166666666666
0 0.23828125 0.21979166666666666 0.13958333333333334 0.1296875
0 0.57421875 0.8536458333333333 0.13177083333333334 0.1375
0 0.7169270833333333 0.65546875 0.13854166666666667 0.14375
0 0.14114583333333333 0.6908854166666667 0.134375 0.13697916666666668
0 0.90546875 0.5416666666666666 0.125 0.14322916666666666
0 0.8005208333333333 0.75078125 0.15416666666666667 0.14479166666666668
0 0.69140625 0.14453125 0.1421875 0.134375
0 0.8703125 0.3190104166666667 0.1296875 0.18333333333333332
0 0.33151041666666664 0.85390625 0.17083333333333334 0.1265625
0 0.6135416666666667 0.6166666666666667 0.10729166666666666 0.1109375
0 0.45625 0.13489583333333333 0.14947916666666666 0.10572916666666667
0 0.54921875 0.7317708333333334 0.11458333333333333 0.084375
0 0.565625 0.5497395833333333 0.0859375 0.08177083333333333
0 0.4752604166666667 0.25755208333333335 0.1390625 0.10520833333333333
0 0.578125 0.35182291666666665 0.0921875 0.09895833333333333
0 0.5083333333333333 0.6486979166666667 0.0984375 0.07239583333333334
0 0.6552083333333333 0.42604166666666665 0.09010416666666667 0.08802083333333334
0 0.6356770833333333 0.26614583333333336 0.11302083333333333 0.09583333333333334
0 0.3328125 0.3143229166666667 0.1 0.0859375
0 0.4828125 0.35182291666666665 0.09375 0.09166666666666666
0 0.3919270833333333 0.39140625 0.09791666666666667 0.09583333333333334
0 0.4700520833333333 0.4270833333333333 0.08697916666666666 0.06979166666666667
0 0.7736979166666667 0.5067708333333333 0.084375 0.11614583333333334
0 0.328125 0.46015625 0.08385416666666666 0.08541666666666667
0 0.571875 0.4421875 0.08229166666666667 0.07708333333333334
0 0.40338541666666666 0.6419270833333334 0.0828125 0.0921875
0 0.23489583333333333 0.61015625 0.08645833333333333 0.10989583333333333
0 0.6611979166666667 0.5151041666666667 0.078125 0.0890625
0 0.39921875 0.49947916666666664 0.07864583333333333 0.09791666666666667
0 0.4661458333333333 0.58046875 0.078125 0.0671875
0 0.32916666666666666 0.5611979166666666 0.08489583333333334 0.1171875
0 0.09270833333333334 0.44479166666666664 0.10572916666666667 0.20885416666666667