0 0.33645833333333336 0.62265625 0.11510416666666666 0.109375
0 0.7135416666666666 0.46041666666666664 0.109375 0.1203125
0 0.34791666666666665 0.20208333333333334 0.11666666666666667 0.115625
0 0.5979166666666667 0.68046875 0.10677083333333333 0.09947916666666666
0 0.16328125 0.7674479166666667 0.1234375 0.11614583333333334
0 0.5580729166666667 0.20598958333333334 0.12239583333333333 0.090625
0 0.4356770833333333 0.7674479166666667 0.1046875 0.10885416666666667
0 0.765625 0.6552083333333333 0.10677083333333333 0.10885416666666667
0 0.6515625 0.8791666666666667 0.12135416666666667 0.10364583333333334
0 0.4395833333333333 0.38255208333333335 0.07395833333333333 0.08020833333333334
0 0.7255208333333333 0.5544270833333333 0.1296875 0.07291666666666667
0 0.45364583333333336 0.2015625 0.09427083333333333 0.10989583333333333
0 0.34296875 0.7541666666666667 0.09322916666666667 0.09427083333333333
0 0.40546875 0.5859375 0.08802083333333334 0.0875
0 0.5783854166666667 0.10364583333333334 0.12760416666666666 0.0921875
0 0.521875 0.3109375 0.11458333333333333 0.09114583333333333
0 0.7096354166666666 0.2864583333333333 0.1140625 0.1078125
0 0.2578125 0.2375 0.084375 0.07239583333333334
0 0.13098958333333333 0.2716145833333333 0.09947916666666666 0.11666666666666667
0 0.16744791666666667 0.5424479166666667 0.103125 0.115625
0 0.3033854166666667 0.38828125 0.0921875 0.11145833333333334
0 0.5653645833333333 0.6111979166666667 0.06666666666666667 0.07395833333333333
0 0.7947916666666667 0.22916666666666666 0.090625 0.0921875
0 0.2716145833333333 0.5635416666666667 0.11927083333333334 0.09010416666666667
0 0.7822916666666667 0.365625 0.1015625 0.08333333333333333
0 0.4203125 0.30390625 0.09270833333333334 0.08072916666666667
0 0.5828125 0.41848958333333336 0.08020833333333334 0.07864583333333333
0 0.4432291666666667 0.5359375 0.0703125 0.06510416666666667
0 0.26119791666666664 0.7046875 0.12864583333333332 0.109375
0 0.07291666666666667 0.5427083333333333 0.071875 0.09479166666666666
0 0.1890625 0.43697916666666664 0.11458333333333333 0.09427083333333333
0 0.44166666666666665 0.4518229166666667 0.06666666666666667 0.06354166666666666
0 0.4328125 0.6716145833333333 0.09010416666666667 0.0671875
0 0.7044270833333334 0.7361979166666667 0.09635416666666667 0.11145833333333334
0 0.21458333333333332 0.3265625 0.1046875 0.1484375
0 0.6244791666666667 0.5510416666666667 0.06875 0.09166666666666666
0 0.5213541666666667 0.4440104166666667 0.06979166666666667 0.0578125
0 0.1859375 0.6369791666666667 0.0796875 0.08802083333333334
0 0.6239583333333333 0.7877604166666666 0.1328125 0.10520833333333333
0 0.5125 0.38567708333333334 0.07708333333333334 0.07447916666666667
0 0.8427083333333333 0.7221354166666667 0.07083333333333333 0.08020833333333334
0 0.51640625 0.79921875 0.07291666666666667 0.07395833333333333
0 0.3692708333333333 0.5059895833333333 0.0640625 0.07135416666666666
0 0.9346354166666667 0.49140625 0.10208333333333333 0.13697916666666668
0 0.4192708333333333 0.8692708333333333 0.0875 0.07239583333333334
0 0.6515625 0.3770833333333333 0.08177083333333333 0.071875
0 0.30364583333333334 0.12552083333333333 0.09114583333333333 0.08229166666666667
0 0.6736979166666667 0.6125 0.07083333333333333 0.08645833333333333
0 0.3463541666666667 0.3177083333333333 0.10416666666666667 0.10833333333333334
0 0.6291666666666667 0.47291666666666665 0.06770833333333333 0.06979166666666667
0 0.3765625 0.4375 0.07291666666666667 0.06979166666666667
0 0.48515625 0.6127604166666667 0.07864583333333333 0.058333333333333334
0 0.82890625 0.5903645833333333 0.08489583333333334 0.0640625
0 0.5106770833333333 0.7010416666666667 0.07552083333333333 0.11927083333333334
0 0.28125 0.48411458333333335 0.07135416666666666 0.09270833333333334
0 0.5744791666666667 0.50234375 0.06458333333333334 0.07708333333333334
0 0.5192708333333333 0.5627604166666667 0.06197916666666667 0.05416666666666667
0 0.29401041666666666 0.8372395833333334 0.04895833333333333 0.05520833333333333
0 0.640625 0.228125 0.059895833333333336 0.08072916666666667
0 0.6088541666666667 0.3151041666666667 0.071875 0.1046875
0 0.9200520833333333 0.3932291666666667 0.04895833333333333 0.052083333333333336
0 0.4317708333333333 0.09244791666666667 0.05 0.049479166666666664
0 0.37942708333333336 0.10390625 0.050520833333333334 0.051041666666666666
0 0.24401041666666667 0.8192708333333333 0.046875 0.046875
0 0.8208333333333333 0.46848958333333335 0.0921875 0.1609375
0 0.47760416666666666 0.08958333333333333 0.046875 0.0484375
0 0.09453125 0.6294270833333333 0.04791666666666667 0.05
0 0.7299479166666667 0.16770833333333332 0.04739583333333333 0.046875
0 0.73515625 0.84609375 0.04479166666666667 0.0484375
0 0.18958333333333333 0.20442708333333334 0.0453125 0.052083333333333336
0 0.67109375 0.14401041666666667 0.0515625 0.04635416666666667
0 0.48828125 0.8856770833333333 0.049479166666666664 0.043229166666666666
0 0.23411458333333332 0.16380208333333332 0.046875 0.0484375
0 0.8614583333333333 0.28203125 0.044270833333333336 0.04479166666666667
0 0.0640625 0.41510416666666666 0.04375 0.0515625
0 0.7716145833333333 0.8140625 0.046875 0.04739583333333333
0 0.07838541666666667 0.36484375 0.04791666666666667 0.052083333333333336
0 0.12552083333333333 0.684375 0.04739583333333333 0.04739583333333333
0 0.8916666666666667 0.33125 0.044270833333333336 0.04635416666666667
0 0.2604166666666667 0.6315104166666666 0.053125 0.051041666666666666
0 0.34453125 0.8591145833333333 0.044270833333333336 0.0453125
0 0.8864583333333333 0.6575520833333334 0.04635416666666667 0.044270833333333336
0 0.23697916666666666 0.41067708333333336 0.04479166666666667 0.0453125
0 0.54453125 0.8934895833333333 0.0421875 0.041666666666666664
0 0.7770833333333333 0.5072916666666667 0.049479166666666664 0.053125
0 0.9171875 0.5924479166666666 0.042708333333333334 0.051041666666666666
0 0.06145833333333333 0.4713541666666667 0.046875 0.050520833333333334
0 0.4908854166666667 0.25078125 0.05416666666666667 0.04583333333333333
0 0.6354166666666666 0.7348958333333333 0.05 0.05
0 0.8028645833333333 0.7799479166666666 0.04479166666666667 0.042708333333333334