0 0.6263020833333334 0.6609375 0.1109375 0.1046875
0 0.30390625 0.40651041666666665 0.10416666666666667 0.11614583333333334
0 0.7239583333333334 0.2515625 0.11197916666666667 0.1109375
0 0.35859375 0.6489583333333333 0.10260416666666666 0.0953125
0 0.7559895833333333 0.8455729166666667 0.11875 0.11145833333333334
0 0.5197916666666667 0.20104166666666667 0.11927083333333334 0.08541666666666667
0 0.49270833333333336 0.775 0.1 0.1046875
0 0.203125 0.58125 0.10260416666666666 0.1046875
0 0.25546875 0.8270833333333333 0.1171875 0.0984375
0 0.5888020833333333 0.40234375 0.07083333333333333 0.07760416666666667
0 0.26796875 0.4942708333333333 0.12760416666666666 0.0671875
0 0.621875 0.22369791666666666 0.08958333333333333 0.10625
0 0.5859375 0.7861979166666667 0.08958333333333333 0.090625
0 0.5690104166666666 0.6075520833333333 0.08489583333333334 0.084375
0 0.5268229166666667 0.096875 0.12447916666666667 0.08697916666666666
0 0.5278645833333333 0.31171875 0.11145833333333334 0.08645833333333333
0 0.35260416666666666 0.23932291666666666 0.10989583333333333 0.103125
0 0.8018229166666667 0.30911458333333336 0.08177083333333333 0.06927083333333334
0 0.915625 0.375 0.09479166666666666 0.11302083333333333
0 0.81015625 0.6270833333333333 0.0984375 0.11197916666666667
0 0.7190104166666667 0.44296875 0.0875 0.10833333333333334
0 0.4080729166666667 0.5903645833333333 0.06354166666666666 0.071875
0 0.28541666666666665 0.16223958333333333 0.08697916666666666 0.08854166666666667
0 0.7041666666666667 0.6203125 0.11614583333333334 0.08489583333333334
0 0.26197916666666665 0.29713541666666665 0.0984375 0.07916666666666666
0 0.6276041666666666 0.33125 0.08958333333333333 0.07708333333333334
0 0.44114583333333335 0.3997395833333333 0.07708333333333334 0.07552083333333333
0 0.5455729166666666 0.54921875 0.06822916666666666 0.0625
0 0.6778645833333333 0.7596354166666667 0.12447916666666667 0.10364583333333334
0 0.9013020833333333 0.6518229166666667 0.06770833333333333 0.0921875
0 0.8166666666666667 0.51953125 0.11145833333333334 0.08958333333333333
0 0.56875 0.46848958333333335 0.0640625 0.0609375
0 0.5205729166666667 0.6830729166666667 0.0875 0.06354166666666666
0 0.24140625 0.6752604166666667 0.09166666666666666 0.1078125
0 0.8205729166666667 0.40651041666666665 0.0984375 0.14479166666666668
0 0.36640625 0.5171875 0.06458333333333334 0.0890625
0 0.4940104166666667 0.44036458333333334 0.06770833333333333 0.0546875
0 0.76796875 0.7135416666666666 0.07604166666666666 0.08489583333333334
0 0.30572916666666666 0.7458333333333333 0.12916666666666668 0.09947916666666666
0 0.5174479166666667 0.38645833333333335 0.07395833333333333 0.07135416666666666
0 0.11145833333333334 0.6260416666666667 0.06770833333333333 0.07760416666666667
0 0.40677083333333336 0.7848958333333333 0.06979166666666667 0.07083333333333333
0 0.6247395833333333 0.5395833333333333 0.0609375 0.06875
0 0.08255208333333333 0.37916666666666665 0.09583333333333334 0.13333333333333333
0 0.4822916666666667 0.8776041666666666 0.08489583333333334 0.06875
0 0.3854166666666667 0.3421875 0.07916666666666666 0.06875
0 0.78671875 0.18932291666666667 0.08802083333333334 0.07864583333333333
0 0.303125 0.5635416666666667 0.0671875 0.08385416666666666
0 0.6955729166666667 0.36380208333333336 0.1 0.10416666666666667
0 0.38203125 0.44036458333333334 0.06510416666666667 0.0671875
0 0.6354166666666666 0.47161458333333334 0.06979166666666667 0.06666666666666667
0 0.48489583333333336 0.6127604166666667 0.0765625 0.05520833333333333
0 0.15885416666666666 0.5020833333333333 0.0828125 0.06041666666666667
0 0.43776041666666665 0.69140625 0.0703125 0.1171875
0 0.7153645833333333 0.5411458333333333 0.0671875 0.09010416666666667
0 0.42734375 0.4830729166666667 0.0609375 0.07447916666666667
0 0.46510416666666665 0.55546875 0.06041666666666667 0.0515625
0 0.61171875 0.8791666666666667 0.04635416666666667 0.05364583333333333
0 0.43463541666666666 0.20078125 0.05625 0.07864583333333333
0 0.4427083333333333 0.29322916666666665 0.0671875 0.10208333333333333
0 0.121875 0.28828125 0.046875 0.05
0 0.6716145833333333 0.12395833333333334 0.04791666666666667 0.04739583333333333
0 0.7190104166666667 0.1484375 0.04895833333333333 0.04895833333333333
0 0.6645833333333333 0.8747395833333333 0.0453125 0.0453125
0 0.19817708333333334 0.38645833333333335 0.08489583333333334 0.15833333333333333
0 0.6276041666666666 0.109375 0.04479166666666667 0.046875
0 0.8580729166666666 0.7299479166666667 0.04583333333333333 0.0484375
0 0.36380208333333336 0.11953125 0.04583333333333333 0.04479166666666667
0 0.18333333333333332 0.7734375 0.042708333333333334 0.04635416666666667
0 0.8763020833333334 0.2947916666666667 0.043229166666666666 0.050520833333333334
0 0.42682291666666666 0.11171875 0.049479166666666664 0.044270833333333336
0 0.4114583333333333 0.8755208333333333 0.04791666666666667 0.04114583333333333
0 0.84375 0.24427083333333333 0.04479166666666667 0.046875
0 0.20729166666666668 0.19583333333333333 0.0421875 0.042708333333333334
0 0.94296875 0.5307291666666667 0.041666666666666664 0.05
0 0.15625 0.7330729166666666 0.04479166666666667 0.04583333333333333
0 0.9421875 0.4786458333333333 0.04583333333333333 0.050520833333333334
0 0.8140625 0.775 0.04583333333333333 0.0453125
0 0.16536458333333334 0.23567708333333334 0.042708333333333334 0.044270833333333336
0 0.6973958333333333 0.6890625 0.051041666666666666 0.04895833333333333
0 0.5572916666666666 0.8869791666666667 0.042708333333333334 0.043229166666666666
0 0.0859375 0.5520833333333334 0.044270833333333336 0.042708333333333334
0 0.7770833333333333 0.4817708333333333 0.043229166666666666 0.043229166666666666
0 0.35520833333333335 0.86875 0.040625 0.04010416666666667
0 0.23046875 0.43515625 0.04739583333333333 0.051041666666666666
0 0.07317708333333334 0.48125 0.040625 0.049479166666666664
0 0.9309895833333334 0.5859375 0.0453125 0.04895833333333333
0 0.5731770833333333 0.26145833333333335 0.05260416666666667 0.043229166666666666
0 0.30833333333333335 0.6919270833333333 0.04791666666666667 0.04791666666666667
0 0.13489583333333333 0.6921875 0.043229166666666666 0.04114583333333333