1 0.9087962962962963 0.32222222222222224 0.09351851851851851 0.22685185185185186
1 0.9185185185185185 0.5518518518518518 0.06111111111111111 0.09351851851851851
1 0.8912037037037037 0.5180555555555556 0.14907407407407408 0.23981481481481481
1 0.8194444444444444 0.4064814814814815 0.08055555555555556 0.16944444444444445
1 0.6787037037037037 0.4527777777777778 0.17777777777777778 0.18518518518518517
1 0.55 0.5800925925925926 0.17314814814814813 0.1675925925925926
1 0.8444444444444444 0.575925925925926 0.06111111111111111 0.09074074074074075
1 0.8009259259259259 0.6023148148148149 0.03425925925925926 0.08611111111111111
1 0.9078703703703703 0.7592592592592593 0.14351851851851852 0.1685185185185185
1 0.8486111111111111 0.750462962962963 0.053703703703703705 0.12222222222222222
1 0.8888888888888888 0.8263888888888888 0.08703703703703704 0.1527777777777778
1 0.950925925925926 0.8865740740740741 0.08703703703703704 0.17037037037037037
1 0.7888888888888889 0.7361111111111112 0.05925925925925926 0.13425925925925927
1 0.5375 0.8467592592592592 0.15648148148148147 0.15925925925925927
1 0.6717592592592593 0.8194444444444444 0.2351851851851852 0.2212962962962963
1 0.7648148148148148 0.6125 0.11574074074074074 0.2074074074074074
1 0.38564814814814813 0.9203703703703704 0.11388888888888889 0.09722222222222222
1 0.12685185185185185 0.9680555555555556 0.1425925925925926 0.06388888888888888
1 0.2449074074074074 0.7277777777777777 0.03425925925925926 0.06018518518518518
1 0.2337962962962963 0.7324074074074074 0.03333333333333333 0.062037037037037036
1 0.2212962962962963 0.7277777777777777 0.030555555555555555 0.05185185185185185
1 0.24814814814814815 0.7976851851851852 0.03611111111111111 0.06296296296296296
1 0.23796296296296296 0.788425925925926 0.03148148148148148 0.046296296296296294
1 0.22407407407407406 0.8157407407407408 0.03611111111111111 0.05277777777777778
1 0.17222222222222222 0.8134259259259259 0.12037037037037036 0.1962962962962963
1 0.10787037037037037 0.8004629629629629 0.15 0.24722222222222223
1 0.3189814814814815 0.7425925925925926 0.07962962962962963 0.08148148148148149
1 0.3384259259259259 0.6407407407407407 0.1361111111111111 0.14074074074074075
1 0.3625 0.48009259259259257 0.21296296296296297 0.22962962962962963
1 0.13055555555555556 0.487962962962963 0.2222222222222222 0.2796296296296296
1 0.18564814814814815 0.5828703703703704 0.08703703703703704 0.075
1 0.23472222222222222 0.4625 0.058333333333333334 0.19444444444444445