1 0.075 0.36574074074074076 0.08611111111111111 0.225
1 0.08935185185185185 0.5953703703703703 0.05740740740740741 0.09166666666666666
1 0.1125 0.5592592592592592 0.14166666666666666 0.2351851851851852
1 0.1726851851851852 0.44074074074074077 0.075 0.16666666666666666
1 0.3175925925925926 0.47129629629629627 0.17222222222222222 0.17962962962962964
1 0.4583333333333333 0.5847222222222223 0.1685185185185185 0.16203703703703703
1 0.16574074074074074 0.611574074074074 0.058333333333333334 0.08888888888888889
1 0.21157407407407408 0.6333333333333333 0.03148148148148148 0.08518518518518518
1 0.12175925925925926 0.8004629629629629 0.13796296296296295 0.1638888888888889
1 0.17962962962962964 0.7856481481481481 0.049074074074074076 0.12129629629629629
1 0.14722222222222223 0.8652777777777778 0.08148148148148149 0.15
1 0.09166666666666666 0.9236111111111112 0.08148148148148149 0.1527777777777778
1 0.23703703703703705 0.7648148148148148 0.05462962962962963 0.13240740740740742
1 0.4986111111111111 0.8486111111111111 0.15092592592592594 0.15462962962962962
1 0.3625 0.8356481481481481 0.22777777777777777 0.21388888888888888
1 0.24814814814814815 0.6398148148148148 0.10833333333333334 0.20462962962962963
1 0.6574074074074074 0.9060185185185186 0.1111111111111111 0.09351851851851851
1 0.9212962962962963 0.9425925925925925 0.1398148148148148 0.09074074074074075
1 0.7773148148148148 0.7 0.032407407407407406 0.05925925925925926
1 0.7888888888888889 0.7032407407407407 0.03148148148148148 0.06111111111111111
1 0.8009259259259259 0.6976851851851852 0.028703703703703703 0.05092592592592592
1 0.7814814814814814 0.7694444444444445 0.03425925925925926 0.062037037037037036
1 0.7907407407407407 0.7592592592592593 0.02962962962962963 0.04537037037037037
1 0.8074074074074075 0.7851851851851852 0.03425925925925926 0.05185185185185185
1 0.8587962962962963 0.7777777777777778 0.11388888888888889 0.1925925925925926
1 0.9212962962962963 0.7578703703703704 0.1425925925925926 0.24259259259259258
1 0.7050925925925926 0.7222222222222222 0.07685185185185185 0.07962962962962963
1 0.6754629629629629 0.6231481481481481 0.13148148148148148 0.13703703703703704
1 0.6347222222222222 0.46574074074074073 0.20555555555555555 0.22314814814814815
1 0.8662037037037037 0.44907407407407407 0.21296296296296297 0.27314814814814814
1 0.8212962962962963 0.549537037037037 0.08425925925925926 0.07222222222222222
1 0.7597222222222222 0.4351851851851852 0.05185185185185185 0.1925925925925926