1 0.07976851851851853 0.35121296296296295 0.0783148148148148 0.22211111111111112
1 0.08625925925925926 0.5810925925925926 0.054518518518518515 0.08990740740740732
1 0.11083333333333333 0.5455092592592592 0.1334537037037037 0.23109259259259257
1 0.17487037037037037 0.4291388888888889 0.06944444444444445 0.1645555555555556
1 0.31849074074074074 0.46513888888888894 0.1664537037037037 0.17370370370370367
1 0.4556018518518518 0.583212962962963 0.16292592592592592 0.1563055555555555
1 0.16187962962962965 0.5998425925925926 0.05549074074074075 0.08691666666666678
1 0.2070462962962963 0.6232685185185185 0.02850925925925928 0.084212962962963
1 0.11142592592592593 0.7869259259259259 0.13286111111111112 0.159425925925926
1 0.16974074074074075 0.7742129629629629 0.045379629629629624 0.1195462962962962
1 0.13471296296296298 0.8527592592592593 0.07656481481481481 0.1477037037037037
1 0.07699074074074075 0.9171944444444445 0.07535185185185185 0.16561111111111101
1 0.2280648148148148 0.755537037037037 0.05024074074074073 0.13066666666666657
1 0.4866666666666667 0.8485 0.14624074074074078 0.14971296296296302
1 0.35078703703703706 0.8305092592592593 0.22115740740740744 0.20608333333333329
1 0.24365740740740738 0.6307962962962963 0.10163888888888888 0.2011574074074074
1 0.6432129629629629 0.9112962962962964 0.1077129629629629 0.08980555555555546
1 0.9054537037037037 0.9568888888888889 0.13645370370370383 0.08622222222222212
1 0.7701851851851852 0.7096111111111111 0.030351851851851828 0.05825000000000007
1 0.7817314814814814 0.7132499999999999 0.029138888888888916 0.0598611111111112
1 0.7938796296296297 0.7079907407407408 0.02671296296296288 0.050148148148148226
1 0.7720092592592592 0.7792592592592593 0.032379629629629654 0.060648148148148145
1 0.7817314814814814 0.7693425925925926 0.028324074074073998 0.04405555555555549
1 0.7971203703703703 0.7956574074074073 0.032379629629629654 0.05051851851851847
1 0.8489537037037037 0.789962962962963 0.10770370370370365 0.18899074074074065
1 0.9119351851851851 0.7725462962962963 0.13401851851851854 0.23839814814814816
1 0.6972777777777778 0.7294259259259259 0.07409259259259257 0.0768240740740741
1 0.6711574074074075 0.6291851851851852 0.1271481481481481 0.13230555555555543
1 0.635712962962963 0.4703981481481481 0.19802777777777789 0.21652777777777774
1 0.8675555555555556 0.4620092592592593 0.20383333333333323 0.26599999999999996
1 0.8194537037037037 0.5605185185185185 0.0819722222222222 0.06899074074074073
1 0.7618981481481482 0.44410185185185186 0.04516666666666664 0.19147222222222218