0 0.39375 0.7127604166666667 0.10677083333333333 0.10104166666666667
0 0.69296875 0.24505208333333334 0.115625 0.11979166666666667
0 0.3138020833333333 0.30026041666666664 0.11666666666666667 0.10677083333333333
0 0.2950520833333333 0.478125 0.10833333333333334 0.12083333333333333
0 0.8044270833333333 0.8434895833333333 0.12239583333333333 0.109375
0 0.6442708333333333 0.8036458333333333 0.0859375 0.09947916666666666
0 0.6674479166666667 0.6778645833333333 0.11770833333333333 0.10677083333333333
0 0.22395833333333334 0.6734375 0.10677083333333333 0.10833333333333334
0 0.5854166666666667 0.234375 0.09166666666666666 0.11041666666666666
0 0.553125 0.81640625 0.10364583333333334 0.10729166666666666
0 0.5046875 0.3424479166666667 0.11614583333333334 0.09322916666666667
0 0.08411458333333334 0.4515625 0.10104166666666667 0.12760416666666666
0 0.9041666666666667 0.33203125 0.09635416666666667 0.11927083333333334
0 0.8481770833333333 0.6080729166666666 0.103125 0.11666666666666667
0 0.60078125 0.6341145833333334 0.090625 0.08854166666666667
0 0.5838541666666667 0.4236979166666667 0.075 0.0828125
0 0.5666666666666667 0.9190104166666667 0.08854166666666667 0.06979166666666667
0 0.29140625 0.7489583333333333 0.0984375 0.11041666666666666
0 0.7822916666666667 0.28932291666666665 0.08541666666666667 0.071875
0 0.36875 0.8065104166666667 0.13333333333333333 0.1046875
0 0.7395833333333334 0.62109375 0.11822916666666666 0.0953125
0 0.94453125 0.6171875 0.07291666666666667 0.09427083333333333
0 0.43307291666666664 0.44583333333333336 0.0796875 0.08020833333333334
0 0.23307291666666666 0.37552083333333336 0.10208333333333333 0.084375
0 0.7236979166666667 0.440625 0.09010416666666667 0.11302083333333333
0 0.3046875 0.9072916666666667 0.11822916666666666 0.1046875
0 0.7372395833333333 0.7671875 0.13125 0.10625
0 0.43411458333333336 0.6455729166666667 0.06770833333333333 0.07395833333333333
0 0.3658854166666667 0.3984375 0.084375 0.07135416666666666
0 0.16510416666666666 0.6015625 0.08645833333333333 0.06510416666666667
0 0.47682291666666665 0.23020833333333332 0.12447916666666667 0.08802083333333334
0 0.5075520833333333 0.4197916666666667 0.07760416666666667 0.07604166666666666
0 0.6971354166666667 0.3528645833333333 0.1078125 0.10677083333333333
0 0.5161458333333333 0.65546875 0.07864583333333333 0.057291666666666664
0 0.2513020833333333 0.23333333333333334 0.09375 0.08958333333333333
0 0.3807291666666667 0.4984375 0.06979166666666667 0.06927083333333334
0 0.4669270833333333 0.84140625 0.07447916666666667 0.07395833333333333
0 0.14869791666666668 0.7372395833333333 0.0734375 0.07916666666666666
0 0.6088541666666667 0.34427083333333336 0.09270833333333334 0.08333333333333333
0 0.8208333333333333 0.7041666666666667 0.08072916666666667 0.090625
0 0.6434895833333333 0.48489583333333336 0.0734375 0.07083333333333333
0 0.49375 0.4786458333333333 0.0703125 0.058854166666666666
0 0.5653645833333333 0.7200520833333334 0.09166666666666666 0.0671875
0 0.46822916666666664 0.1296875 0.12708333333333333 0.08854166666666667
0 0.8364583333333333 0.50078125 0.11666666666666667 0.09270833333333334
0 0.7361979166666667 0.5395833333333333 0.07135416666666666 0.09322916666666667
0 0.575 0.49375 0.0671875 0.06354166666666666
0 0.48072916666666665 0.74296875 0.07604166666666666 0.11875
0 0.43515625 0.5333333333333333 0.06614583333333333 0.07708333333333334
0 0.5661458333333333 0.5802083333333333 0.07135416666666666 0.0640625
0 0.8203125 0.3841145833333333 0.10260416666666666 0.15260416666666668
0 0.7447916666666666 0.16979166666666667 0.09114583333333333 0.08333333333333333
0 0.37786458333333334 0.5799479166666667 0.06822916666666666 0.0921875
0 0.27395833333333336 0.5734375 0.1328125 0.07291666666666667
0 0.32265625 0.6380208333333334 0.06875 0.08802083333333334
0 0.3893229166666667 0.24635416666666668 0.06145833333333333 0.08125
0 0.6442708333333333 0.55546875 0.0640625 0.07135416666666666
0 0.41432291666666665 0.3380208333333333 0.06927083333333334 0.10989583333333333
0 0.48489583333333336 0.6002604166666666 0.06145833333333333 0.053125
0 0.18307291666666667 0.4783854166666667 0.09114583333333333 0.1640625