0 0.3453125 0.6807291666666667 0.10677083333333333 0.10104166666666667
0 0.7489583333333333 0.2994791666666667 0.115625 0.11979166666666667
0 0.36770833333333336 0.26119791666666664 0.11666666666666667 0.10677083333333333
0 0.3065104166666667 0.42916666666666664 0.10833333333333334 0.12083333333333333
0 0.7122395833333334 0.90703125 0.12239583333333333 0.109375
0 0.5666666666666667 0.8296875 0.0859375 0.09947916666666666
0 0.61953125 0.7130208333333333 0.11770833333333333 0.10677083333333333
0 0.19036458333333334 0.6015625 0.10677083333333333 0.10833333333333334
0 0.6471354166666666 0.2630208333333333 0.09166666666666666 0.11041666666666666
0 0.475 0.8197916666666667 0.10364583333333334 0.10729166666666666
0 0.5427083333333333 0.3484375 0.11614583333333334 0.09322916666666667
0 0.10833333333333334 0.35234375 0.10104166666666667 0.12760416666666666
0 0.9328125 0.4348958333333333 0.09635416666666667 0.11927083333333334
0 0.8114583333333333 0.6890625 0.103125 0.11666666666666667
0 0.5653645833333333 0.6544270833333333 0.090625 0.08854166666666667
0 0.5997395833333333 0.44609375 0.075 0.0828125
0 0.46328125 0.92265625 0.08854166666666667 0.06979166666666667
0 0.23723958333333334 0.6911458333333333 0.0984375 0.11041666666666666
0 0.825 0.36380208333333336 0.08541666666666667 0.071875
0 0.2984375 0.765625 0.13333333333333333 0.1046875
0 0.703125 0.6755208333333333 0.11822916666666666 0.0953125
0 0.9028645833333333 0.7213541666666666 0.07291666666666667 0.09427083333333333
0 0.44817708333333334 0.43125 0.0796875 0.08020833333333334
0 0.27109375 0.31484375 0.10208333333333333 0.084375
0 0.73125 0.49635416666666665 0.09010416666666667 0.11302083333333333
0 0.21197916666666666 0.8479166666666667 0.11822916666666666 0.1046875
0 0.665625 0.8166666666666667 0.13125 0.10625
0 0.4010416666666667 0.6252604166666667 0.06770833333333333 0.07395833333333333
0 0.39427083333333335 0.3690104166666667 0.084375 0.07135416666666666
0 0.15052083333333333 0.5174479166666667 0.08645833333333333 0.06510416666666667
0 0.5427083333333333 0.23255208333333333 0.12447916666666667 0.08802083333333334
0 0.5265625 0.4239583333333333 0.07760416666666667 0.07604166666666666
0 0.7268229166666667 0.4046875 0.1078125 0.10677083333333333
0 0.478125 0.6546875 0.07864583333333333 0.057291666666666664
0 0.32317708333333334 0.18098958333333334 0.09375 0.08958333333333333
0 0.3846354166666667 0.46953125 0.06979166666666667 0.06927083333333334
0 0.38515625 0.8234375 0.07447916666666667 0.07395833333333333
0 0.10182291666666667 0.6453125 0.0734375 0.07916666666666666
0 0.6434895833333333 0.37526041666666665 0.09270833333333334 0.08333333333333333
0 0.7619791666666667 0.7755208333333333 0.08072916666666667 0.090625
0 0.64296875 0.5200520833333333 0.0734375 0.07083333333333333
0 0.49895833333333334 0.4778645833333333 0.0703125 0.058854166666666666
0 0.51015625 0.7291666666666666 0.09166666666666666 0.0671875
0 0.55859375 0.13307291666666668 0.12708333333333333 0.08854166666666667
0 0.8263020833333333 0.58203125 0.11666666666666667 0.09270833333333334
0 0.7197916666666667 0.5955729166666667 0.07135416666666666 0.09322916666666667
0 0.5744791666666667 0.5119791666666667 0.0671875 0.06354166666666666
0 0.42265625 0.7309895833333333 0.07604166666666666 0.11875
0 0.42890625 0.5166666666666667 0.06614583333333333 0.07708333333333334
0 0.5447916666666667 0.5940104166666667 0.07135416666666666 0.0640625
0 0.8388020833333333 0.46510416666666665 0.10260416666666666 0.15260416666666668
0 0.8174479166666667 0.23880208333333333 0.09114583333333333 0.08333333333333333
0 0.36223958333333334 0.5481770833333334 0.06822916666666666 0.0921875
0 0.26276041666666666 0.5166666666666667 0.1328125 0.07291666666666667
0 0.29453125 0.5908854166666667 0.06875 0.08802083333333334
0 0.45390625 0.22708333333333333 0.06145833333333333 0.08125
0 0.6265625 0.5888020833333333 0.0640625 0.07135416666666666
0 0.45598958333333334 0.3221354166666667 0.06927083333333334 0.10989583333333333
0 0.46119791666666665 0.59375 0.06145833333333333 0.053125
0 0.19765625 0.40234375 0.09114583333333333 0.1640625