0 0.48083333333333333 0.21835443037974683 0.2733333333333333 0.3291139240506329
0 0.2608333333333333 0.7837552742616034 0.25166666666666665 0.3143459915611814
0 0.7825 0.49156118143459915 0.26166666666666666 0.2552742616033755
0 0.8183333333333334 0.739451476793249 0.23833333333333334 0.21308016877637131
0 0.5433333333333333 0.8280590717299579 0.17833333333333334 0.15611814345991562
0 0.2725 0.5274261603375527 0.25 0.1877637130801688
0 0.19583333333333333 0.34282700421940926 0.13666666666666666 0.24472573839662448
0 0.31416666666666665 0.32383966244725737 0.12 0.24472573839662448
0 0.6758333333333333 0.27637130801687765 0.125 0.2468354430379747
0 0.7966666666666666 0.2626582278481013 0.125 0.2510548523206751
0 0.5166666666666667 0.5516877637130801 0.15833333333333333 0.3628691983122363