0 0.5033333333333333 0.21729957805907174 0.26 0.310126582278481
0 0.7541666666666667 0.7626582278481012 0.23833333333333334 0.2974683544303797
0 0.2175 0.5168776371308017 0.25166666666666665 0.23628691983122363
0 0.19583333333333333 0.7668776371308017 0.23166666666666666 0.1940928270042194
0 0.475 0.8312236286919831 0.17333333333333334 0.14135021097046413
0 0.7283333333333334 0.5073839662447257 0.24333333333333335 0.16877637130801687
0 0.7941666666666667 0.31645569620253167 0.125 0.23628691983122363
0 0.6758333333333333 0.3080168776371308 0.10833333333333334 0.23839662447257384
0 0.3125 0.29324894514767935 0.11333333333333333 0.24050632911392406
0 0.19083333333333333 0.2890295358649789 0.11166666666666666 0.24472573839662448
0 0.4866666666666667 0.5537974683544303 0.14 0.35443037974683544