0 0.35 0.39666666666666667 0.23333333333333334 0.24166666666666667
0 0.62 0.09583333333333334 0.17666666666666667 0.17333333333333334
0 0.2525 0.1525 0.16833333333333333 0.17166666666666666
0 0.7408333333333333 0.8483333333333334 0.175 0.17166666666666666
0 0.9166666666666666 0.8191666666666667 0.16666666666666666 0.175
0 0.1875 0.925 0.18166666666666667 0.15
0 0.43416666666666665 0.125 0.18 0.17333333333333334
0 0.0825 0.18 0.16 0.17
0 0.5583333333333333 0.8758333333333334 0.18 0.17
0 0.19916666666666666 0.6841666666666667 0.2816666666666667 0.24333333333333335
0 0.37333333333333335 0.9058333333333334 0.18333333333333332 0.17
0 0.8441666666666666 0.5883333333333334 0.2816666666666667 0.23333333333333334
0 0.7966666666666666 0.075 0.16333333333333333 0.15
0 0.11666666666666667 0.43166666666666664 0.23333333333333334 0.24
0 0.525 0.655 0.2816666666666667 0.20333333333333334
0 0.8458333333333333 0.31666666666666665 0.21 0.24
0 0.6175 0.3541666666666667 0.23333333333333334 0.26166666666666666