0 0.64 0.38333333333333336 0.21833333333333332 0.225
0 0.345 0.1075 0.165 0.16166666666666665
0 0.7158333333333333 0.1325 0.15666666666666668 0.16
0 0.29083333333333333 0.8683333333333333 0.16333333333333333 0.16
0 0.10166666666666667 0.8558333333333333 0.17666666666666667 0.16166666666666665
0 0.8483333333333334 0.9075 0.17 0.16
0 0.5333333333333333 0.12083333333333333 0.16833333333333333 0.16
0 0.8883333333333333 0.14416666666666667 0.14833333333333334 0.16
0 0.4741666666666667 0.8791666666666667 0.16833333333333333 0.15666666666666668
0 0.8158333333333333 0.6575 0.265 0.22333333333333333
0 0.6616666666666666 0.8933333333333333 0.17166666666666666 0.15833333333333333
0 0.165 0.6175 0.26666666666666666 0.21333333333333335
0 0.16583333333333333 0.09333333333333334 0.15166666666666667 0.15833333333333333
0 0.8775 0.3983333333333333 0.21833333333333332 0.22333333333333333
0 0.48833333333333334 0.6558333333333334 0.27 0.18333333333333332
0 0.14 0.3475 0.19333333333333333 0.22666666666666666
0 0.37 0.365 0.215 0.24666666666666667