0 0.278 0.5606299212598426 0.144 0.22677165354330708
0 0.792 0.6834645669291338 0.216 0.22992125984251968
0 0.24733333333333332 0.2858267716535433 0.188 0.215748031496063
0 0.5073333333333333 0.8031496062992126 0.256 0.31496062992125984
0 0.36466666666666664 0.38188976377952755 0.12666666666666668 0.15590551181102363
0 0.12333333333333334 0.5204724409448819 0.172 0.2677165354330709
0 0.864 0.3968503937007874 0.17466666666666666 0.28346456692913385
0 0.7333333333333333 0.4858267716535433 0.128 0.1858267716535433
0 0.25733333333333336 0.7566929133858268 0.19066666666666668 0.2346456692913386
0 0.4866666666666667 0.2826771653543307 0.10933333333333334 0.12125984251968504
0 0.6833333333333333 0.19291338582677164 0.21333333333333335 0.1795275590551181
0 0.4493333333333333 0.1377952755905512 0.21866666666666668 0.16377952755905512
0 0.42866666666666664 0.5881889763779528 0.11866666666666667 0.14960629921259844
0 0.6226666666666667 0.3724409448818898 0.10666666666666667 0.14645669291338584
0 0.5753333333333334 0.5661417322834645 0.1 0.13385826771653545