0 0.27109375 0.5531852717708942 0.13854166666666667 0.21507890122735243
0 0.2591145833333333 0.7729398012857978 0.190625 0.19812974868497954
0 0.5143229166666666 0.798655756867329 0.259375 0.29748684979544127
0 0.4544270833333333 0.12331969608416131 0.2453125 0.17475160724722386
0 0.7052083333333333 0.2188778492109877 0.21822916666666667 0.1724137931034483
0 0.7802083333333333 0.7147866744593805 0.20572916666666666 0.20981881940385738
0 0.73515625 0.5067212156633548 0.1328125 0.179427235534775
0 0.23671875 0.2761542957334892 0.19635416666666666 0.2033898305084746
0 0.41692708333333334 0.6002337814143776 0.12395833333333334 0.12857977790765635
0 0.6231770833333333 0.3722969023962595 0.11979166666666667 0.14611338398597312
0 0.1140625 0.5251315020455873 0.15104166666666666 0.2805376972530684
0 0.4984375 0.30070134424313266 0.11041666666666666 0.11689070718877849
0 0.5802083333333333 0.570426651081239 0.10625 0.1163062536528346
0 0.3684895833333333 0.38866160140268846 0.1296875 0.15137346580946814
0 0.8794270833333333 0.40502630040911747 0.15572916666666667 0.2577440093512566