0 0.7333333333333333 0.4848042080654588 0.146875 0.22092343658679134
0 0.7958333333333333 0.6937463471654004 0.19791666666666666 0.2074810052600818
0 0.5549479166666667 0.7925189947399182 0.2703125 0.30917592051431914
0 0.45703125 0.12302746931618937 0.25052083333333336 0.18760958503798947
0 0.23697916666666666 0.288135593220339 0.22395833333333334 0.18351841028638224
0 0.27890625 0.7887200467562828 0.21302083333333333 0.21975452951490357
0 0.27421875 0.5748100526008182 0.13958333333333334 0.1852717708942139
0 0.7026041666666667 0.2074810052600818 0.20364583333333333 0.21274108708357686
0 0.6033854166666667 0.5727644652250146 0.12864583333333332 0.13442431326709525
0 0.3515625 0.4123319696084161 0.125 0.15195791934541203
0 0.8786458333333333 0.4123319696084161 0.1625 0.2863822326125073
0 0.4557291666666667 0.3071303331385155 0.11458333333333333 0.12215078901227353
0 0.4388020833333333 0.5914669783752192 0.11041666666666666 0.12156633547632963
0 0.6013020833333333 0.35417884278199885 0.13489583333333333 0.15721800116890708
0 0.11171875 0.5184102863822326 0.16614583333333333 0.2635885447106955