0 0.197 0.729859571322986 0.11866666666666667 0.11825572801182557
0 0.6163333333333333 0.737989652623799 0.10066666666666667 0.1197339246119734
0 0.414 0.50849963045085 0.094 0.0975609756097561
0 0.8303333333333334 0.6995565410199557 0.10066666666666667 0.1197339246119734
0 0.151 0.40946045824094607 0.09866666666666667 0.12638580931263857
0 0.3586666666666667 0.3632668144863267 0.08333333333333333 0.09534368070953436
0 0.8866666666666667 0.5631929046563193 0.088 0.12564671101256467
0 0.52 0.5532150776053215 0.09466666666666666 0.09608277900960828
0 0.6506666666666666 0.23835920177383593 0.092 0.10790835181079084
0 0.732 0.8211382113821138 0.104 0.11012564671101256
0 0.5583333333333333 0.1204730229120473 0.11533333333333333 0.10199556541019955
0 0.741 0.17923133776792313 0.10133333333333333 0.11012564671101256
0 0.327 0.4604582409460458 0.08333333333333333 0.08795269770879527
0 0.5656666666666667 0.8647450110864745 0.09666666666666666 0.10199556541019955
0 0.7566666666666667 0.37250554323725055 0.092 0.12638580931263857
0 0.42633333333333334 0.6374722838137472 0.098 0.09903917220990392
0 0.643 0.6104951958610495 0.11133333333333334 0.10051736881005174
0 0.5276666666666666 0.21175166297117518 0.10866666666666666 0.082039911308204
0 0.4003333333333333 0.2309682187730968 0.11533333333333333 0.10569105691056911
0 0.3596666666666667 0.7346637102734663 0.10333333333333333 0.11160384331116038
0 0.469 0.7719881744271988 0.08933333333333333 0.09090909090909091
0 0.6213333333333333 0.49815225424981524 0.09333333333333334 0.1130820399113082
0 0.4523333333333333 0.3939393939393939 0.08333333333333333 0.10643015521064302
0 0.2643333333333333 0.6422764227642277 0.10533333333333333 0.10125646711012565
0 0.5643333333333334 0.3835920177383592 0.10066666666666667 0.10938654841093866
0 0.12833333333333333 0.5909090909090909 0.088 0.10716925351071692
0 0.451 0.29416112342941614 0.09333333333333334 0.07243163340724317
0 0.2796666666666667 0.3333333333333333 0.08933333333333333 0.1197339246119734
0 0.36033333333333334 0.8599408721359941 0.11 0.09164818920916482
0 0.6626666666666666 0.36585365853658536 0.08 0.09608277900960828
0 0.272 0.15668883961566887 0.11 0.090169992609017
0 0.32866666666666666 0.5683665927568367 0.07533333333333334 0.08647450110864745
0 0.17566666666666667 0.26422764227642276 0.082 0.10421286031042129
0 0.7906666666666666 0.5214338507021434 0.08066666666666666 0.14042867701404288
0 0.7333333333333333 0.6374722838137472 0.074 0.12638580931263857
0 0.56 0.2960088691796009 0.08866666666666667 0.07760532150776053
0 0.4176666666666667 0.09497413155949741 0.07933333333333334 0.08056171470805618
0 0.7073333333333334 0.4977827050997783 0.06866666666666667 0.12564671101256467
0 0.5213333333333333 0.656319290465632 0.08466666666666667 0.09386548410938655
0 0.233 0.48226164079822614 0.07 0.14855875831485588
0 0.8256666666666667 0.3004434589800443 0.06933333333333333 0.10643015521064302
0 0.8773333333333333 0.43385070214338506 0.09333333333333334 0.12416851441241686