0 0.174 0.6873614190687362 0.13 0.13303769401330376
0 0.5893333333333334 0.7520325203252033 0.11266666666666666 0.13155949741315595
0 0.4136666666666667 0.4970436067997044 0.104 0.10938654841093866
0 0.8056666666666666 0.7427937915742794 0.11266666666666666 0.13155949741315595
0 0.16366666666666665 0.36289726533628974 0.11133333333333334 0.13821138211382114
0 0.375 0.3451589061345159 0.09266666666666666 0.10569105691056911
0 0.877 0.614929785661493 0.10066666666666667 0.1359940872135994
0 0.514 0.5554323725055432 0.104 0.10790835181079084
0 0.6783333333333333 0.26053215077605324 0.10333333333333333 0.1197339246119734
0 0.695 0.8503325942350333 0.11466666666666667 0.12269031781226904
0 0.5996666666666667 0.131189948263119 0.12533333333333332 0.11603843311160385
0 0.7746666666666666 0.21433850702143384 0.112 0.12195121951219512
0 0.33266666666666667 0.4371766444937177 0.092 0.09830007390983
0 0.525 0.8706577974870657 0.10733333333333334 0.11456023651145603
0 0.7686666666666667 0.40835181079083516 0.10466666666666667 0.13747228381374724
0 0.412 0.6267553584626755 0.108 0.11086474501108648
0 0.6296666666666667 0.6289726533628973 0.12133333333333333 0.11456023651145603
0 0.559 0.21766444937176643 0.116 0.09534368070953436
0 0.43066666666666664 0.21951219512195122 0.126 0.1197339246119734
0 0.335 0.7139689578713969 0.114 0.12416851441241686
0 0.43933333333333335 0.7660753880266076 0.09866666666666667 0.10199556541019955
0 0.6206666666666667 0.5147819660014782 0.10466666666666667 0.12490761271249076
0 0.4643333333333333 0.3883961566888396 0.09466666666666666 0.11677753141167775
0 0.25066666666666665 0.6093865484109386 0.11533333333333333 0.11382113821138211
0 0.5763333333333334 0.39320029563932 0.11133333333333334 0.12121212121212122
0 0.121 0.5399113082039911 0.09933333333333333 0.11825572801182557
0 0.474 0.2893569844789357 0.1 0.08425720620842572
0 0.2996666666666667 0.3048780487804878 0.10133333333333333 0.13082039911308205
0 0.32166666666666666 0.8385070214338507 0.11866666666666667 0.10569105691056911
0 0.6763333333333333 0.38913525498891355 0.09 0.10569105691056911
0 0.31133333333333335 0.1286031042128603 0.11866666666666667 0.10421286031042129
0 0.32233333333333336 0.5447154471544715 0.084 0.09534368070953436
0 0.204 0.2220990391722099 0.09266666666666666 0.11382113821138211
0 0.7863333333333333 0.5606060606060606 0.09533333333333334 0.15003695491500368
0 0.7163333333333334 0.6681448632668144 0.08666666666666667 0.1345158906134516
0 0.582 0.3056171470805617 0.096 0.08869179600886919
0 0.463 0.0868440502586844 0.08733333333333333 0.090169992609017
0 0.706 0.5258684405025869 0.08133333333333333 0.13303769401330376
0 0.504 0.6581670362158167 0.094 0.10421286031042129
0 0.237 0.44641537324464153 0.086 0.15594974131559497
0 0.845 0.3458980044345898 0.08066666666666666 0.11456023651145603
0 0.882 0.4852180339985218 0.106 0.1352549889135255