0 0.359 0.8448153409090909 0.11533333333333333 0.1328125
0 0.662 0.3000710227272727 0.10533333333333333 0.07883522727272728
0 0.47333333333333333 0.24147727272727273 0.094 0.07315340909090909
0 0.813 0.3210227272727273 0.10266666666666667 0.08948863636363637
0 0.4 0.6477272727272727 0.07466666666666667 0.08167613636363637
0 0.389 0.7308238636363636 0.096 0.07457386363636363
0 0.7066666666666667 0.20348011363636365 0.106 0.10085227272727272
0 0.7096666666666667 0.7990056818181818 0.092 0.10582386363636363
0 0.30266666666666664 0.6846590909090909 0.07533333333333334 0.07670454545454546
0 0.4523333333333333 0.14204545454545456 0.08866666666666667 0.09943181818181818
0 0.719 0.3838778409090909 0.106 0.06818181818181818
0 0.4553333333333333 0.8647017045454546 0.08733333333333333 0.09659090909090909
0 0.18233333333333332 0.3380681818181818 0.09666666666666666 0.11292613636363637
0 0.716 0.640625 0.08266666666666667 0.09019886363636363
0 0.228 0.27769886363636365 0.088 0.09943181818181818
0 0.6323333333333333 0.8579545454545454 0.07266666666666667 0.11008522727272728
0 0.5783333333333334 0.2521306818181818 0.08666666666666667 0.08309659090909091
0 0.7403333333333333 0.5525568181818182 0.07266666666666667 0.078125
0 0.744 0.4620028409090909 0.086 0.06747159090909091
0 0.537 0.5788352272727273 0.06333333333333334 0.07173295454545454
0 0.664 0.5408380681818182 0.08466666666666667 0.06889204545454546
0 0.472 0.3327414772727273 0.08866666666666667 0.09730113636363637
0 0.598 0.3728693181818182 0.07333333333333333 0.07315340909090909
0 0.5513333333333333 0.14524147727272727 0.11266666666666666 0.11150568181818182
0 0.48433333333333334 0.75 0.06933333333333333 0.08380681818181818
0 0.5826666666666667 0.5355113636363636 0.07066666666666667 0.05823863636363636
0 0.36433333333333334 0.1629971590909091 0.07733333333333334 0.12428977272727272
0 0.549 0.86328125 0.076 0.10298295454545454
0 0.308 0.5305397727272727 0.064 0.10440340909090909
0 0.777 0.7397017045454546 0.10266666666666667 0.09019886363636363
0 0.33866666666666667 0.4264914772727273 0.07933333333333334 0.07883522727272728
0 0.249 0.43323863636363635 0.072 0.11860795454545454
0 0.28 0.8238636363636364 0.09466666666666666 0.10724431818181818
0 0.14533333333333334 0.42542613636363635 0.08933333333333333 0.09943181818181818
0 0.5803333333333334 0.7404119318181818 0.07866666666666666 0.11150568181818182
0 0.14666666666666667 0.5174005681818182 0.10933333333333334 0.09303977272727272
0 0.246 0.5706676136363636 0.08 0.10582386363636363
0 0.6376666666666667 0.4307528409090909 0.068 0.06392045454545454
0 0.383 0.3583096590909091 0.07333333333333333 0.08309659090909091
0 0.8476666666666667 0.46839488636363635 0.10866666666666666 0.08877840909090909
0 0.6276666666666667 0.17755681818181818 0.08333333333333333 0.08309659090909091
0 0.7603333333333333 0.2510653409090909 0.07866666666666666 0.08877840909090909
0 0.3506666666666667 0.6100852272727273 0.068 0.08025568181818182
0 0.279 0.19886363636363635 0.076 0.13920454545454544
0 0.5913333333333334 0.6455965909090909 0.06266666666666666 0.06818181818181818
0 0.5656666666666667 0.4680397727272727 0.06666666666666667 0.06321022727272728
0 0.8353333333333334 0.6182528409090909 0.102 0.09375
0 0.4736666666666667 0.5827414772727273 0.05466666666666667 0.07883522727272728
0 0.22166666666666668 0.7556818181818182 0.08666666666666667 0.10298295454545454
0 0.145 0.6104403409090909 0.132 0.09375
0 0.6616666666666666 0.7066761363636364 0.06733333333333333 0.07599431818181818
0 0.812 0.6828835227272727 0.09133333333333334 0.08664772727272728
0 0.38333333333333336 0.2599431818181818 0.064 0.0859375
0 0.627 0.59765625 0.06266666666666666 0.06321022727272728
0 0.8263333333333334 0.3995028409090909 0.068 0.07173295454545454
0 0.16866666666666666 0.7027698863636364 0.08333333333333333 0.08451704545454546
0 0.4686666666666667 0.6615767045454546 0.056666666666666664 0.06605113636363637
0 0.5346666666666666 0.4197443181818182 0.058 0.078125
0 0.4196666666666667 0.42151988636363635 0.06133333333333333 0.06818181818181818
0 0.541 0.3430397727272727 0.078 0.06178977272727273
0 0.5293333333333333 0.6654829545454546 0.05333333333333334 0.07883522727272728
0 0.3873333333333333 0.5230823863636364 0.074 0.06747159090909091
0 0.6593333333333333 0.4765625 0.06266666666666666 0.05042613636363636
0 0.3893333333333333 0.4637784090909091 0.06933333333333333 0.05042613636363636
0 0.8466666666666667 0.5454545454545454 0.09866666666666667 0.07883522727272728
0 0.30733333333333335 0.3359375 0.08933333333333333 0.10653409090909091
0 0.477 0.4140625 0.04933333333333333 0.08096590909090909
0 0.419 0.5699573863636364 0.05466666666666667 0.06960227272727272