0 0.6593333333333333 0.7988546886184682 0.08733333333333333 0.09090909090909091
0 0.273 0.8403722261989979 0.08866666666666667 0.06728704366499642
0 0.7386666666666667 0.44380816034359344 0.06866666666666667 0.08947745168217609
0 0.3343333333333333 0.7902648532569793 0.08133333333333333 0.06728704366499642
0 0.23033333333333333 0.5773085182534001 0.08133333333333333 0.0737294201861131
0 0.5833333333333334 0.2290622763063708 0.09133333333333334 0.07659269863994274
0 0.3323333333333333 0.7036506800286327 0.088 0.082319255547602
0 0.638 0.1871868289191124 0.08133333333333333 0.06871868289191124
0 0.464 0.8997852541159628 0.09933333333333333 0.07730851825340014
0 0.7716666666666666 0.6589119541875448 0.068 0.09520400858983537
0 0.13366666666666666 0.5297065139584825 0.09066666666666667 0.10379384395132427
0 0.45666666666666667 0.33178239083750893 0.07333333333333333 0.07874015748031496
0 0.5686666666666667 0.809949892627058 0.08 0.08732999284180387
0 0.7803333333333333 0.772369362920544 0.062 0.06657122405153901
0 0.6556666666666666 0.2852541159627774 0.06866666666666667 0.07086614173228346
0 0.4036666666666667 0.8031496062992126 0.072 0.07086614173228346
0 0.822 0.4484609878310666 0.08666666666666667 0.07874015748031496
0 0.71 0.35540443808160344 0.07066666666666667 0.08446671438797423
0 0.331 0.25554760200429494 0.06866666666666667 0.0744452397995705
0 0.7953333333333333 0.3697208303507516 0.092 0.07301360057265568
0 0.48533333333333334 0.8178239083750894 0.07933333333333334 0.06728704366499642
0 0.7103333333333334 0.2301360057265569 0.07533333333333334 0.06943450250536864
0 0.4013333333333333 0.21689334287759485 0.08266666666666667 0.08088761632068718
0 0.27066666666666667 0.3124552612741589 0.082 0.08732999284180387
0 0.624 0.7100930565497494 0.06733333333333333 0.09735146743020759
0 0.5166666666666667 0.6675017895490336 0.072 0.07516105941302792
0 0.7103333333333334 0.7265569076592698 0.07066666666666667 0.07158196134574088
0 0.16433333333333333 0.6420901932712957 0.11133333333333334 0.09305654974946313
0 0.5303333333333333 0.33715103793843954 0.068 0.07015032211882606
0 0.49166666666666664 0.20651395848246243 0.088 0.07730851825340014
0 0.5586666666666666 0.148890479599141 0.072 0.06227630637079456
0 0.5883333333333334 0.37616320687186827 0.06466666666666666 0.06370794559770938
0 0.7083333333333334 0.854688618468146 0.07466666666666667 0.08518253400143164
0 0.5143333333333333 0.27380100214745884 0.06666666666666667 0.06012884753042233
0 0.15 0.7498210450966356 0.066 0.07587687902648532
0 0.5486666666666666 0.7394416607015032 0.08 0.07659269863994274
0 0.20533333333333334 0.27451682176091624 0.062 0.08876163206871868
0 0.4613333333333333 0.14280601288475303 0.06666666666666667 0.06657122405153901
0 0.14166666666666666 0.44022906227630637 0.062 0.0901932712956335
0 0.16666666666666666 0.20866141732283464 0.07266666666666667 0.08732999284180387
0 0.8706666666666667 0.6610594130279169 0.06266666666666666 0.10808876163206872
0 0.6116666666666667 0.10021474588403723 0.10866666666666666 0.06800286327845383
0 0.7603333333333333 0.2949176807444524 0.12733333333333333 0.07659269863994274
0 0.7776666666666666 0.19398711524695778 0.06466666666666666 0.07229778095919828
0 0.903 0.5136005726556908 0.06333333333333334 0.0744452397995705
0 0.6816666666666666 0.6689334287759484 0.08066666666666666 0.07158196134574088
0 0.448 0.6714387974230493 0.062 0.07730851825340014
0 0.472 0.7412312097351468 0.06866666666666667 0.07802433786685756
0 0.4046666666666667 0.7362204724409449 0.06133333333333333 0.06012884753042233
0 0.286 0.2129563350035791 0.07066666666666667 0.07301360057265568
0 0.8086666666666666 0.5497494631352899 0.07266666666666667 0.12168933428775948
0 0.2683333333333333 0.7684323550465283 0.08 0.06728704366499642
0 0.624 0.6127415891195419 0.07466666666666667 0.0658554044380816
0 0.36833333333333335 0.16177523264137436 0.07133333333333333 0.06227630637079456
0 0.653 0.3786685755189692 0.054 0.0744452397995705
0 0.279 0.44452397995705084 0.058 0.06156048675733715
0 0.21 0.7161775232641374 0.07733333333333334 0.0737294201861131
0 0.715 0.5901932712956335 0.06866666666666667 0.09305654974946313
0 0.8883333333333333 0.34144595561918395 0.08533333333333333 0.08446671438797423
0 0.22766666666666666 0.40336435218324984 0.066 0.10164638511095204
0 0.16933333333333334 0.35325697924123123 0.058666666666666666 0.06012884753042233
0 0.086 0.39513242662848963 0.07733333333333334 0.11882605583392986
0 0.2663333333333333 0.6442376521116678 0.06133333333333333 0.0737294201861131
0 0.21433333333333332 0.49534717251252686 0.06533333333333333 0.08303507516105942
0 0.7356666666666667 0.5168217609162491 0.06466666666666666 0.07516105941302792
0 0.2886666666666667 0.5125268432355047 0.07066666666666667 0.07945597709377238
0 0.3873333333333333 0.6481746599856836 0.062 0.06442376521116679
0 0.32033333333333336 0.6220472440944882 0.07 0.06728704366499642
0 0.553 0.4692197566213314 0.06066666666666667 0.0572655690765927
0 0.40166666666666667 0.5816034359341445 0.07133333333333333 0.06227630637079456
0 0.6473333333333333 0.5701503221188261 0.05733333333333333 0.05654974946313529
0 0.615 0.4906943450250537 0.07266666666666667 0.082319255547602
0 0.3923333333333333 0.35683607730851824 0.064 0.07659269863994274
0 0.38233333333333336 0.09735146743020759 0.09533333333333334 0.052970651395848244
0 0.6716666666666666 0.4566929133858268 0.056 0.07301360057265568
0 0.5696666666666667 0.6406585540443808 0.05733333333333333 0.05583392984967788
0 0.6753333333333333 0.5225483178239084 0.04666666666666667 0.05654974946313529
0 0.33 0.34216177523264135 0.06466666666666666 0.06871868289191124
0 0.5796666666666667 0.2874015748031496 0.059333333333333335 0.05010737294201861
0 0.3863333333333333 0.2970651395848246 0.06266666666666666 0.05654974946313529
0 0.5096666666666667 0.5919828203292771 0.05466666666666667 0.06728704366499642
0 0.44233333333333336 0.26628489620615603 0.06 0.049391553328561204
0 0.4643333333333333 0.3997852541159628 0.04733333333333333 0.05869720830350752
0 0.30033333333333334 0.5808876163206872 0.05733333333333333 0.052970651395848244
0 0.362 0.5450966356478167 0.054 0.0744452397995705
0 0.45966666666666667 0.5919828203292771 0.048 0.07086614173228346
0 0.607 0.32247673586256265 0.054 0.05153901216893343
0 0.583 0.5447387258410881 0.06466666666666666 0.07301360057265568
0 0.35833333333333334 0.401932712956335 0.05533333333333333 0.0572655690765927
0 0.6056666666666667 0.4287759484609878 0.06666666666666667 0.05082319255547602
0 0.4836666666666667 0.5318539727988547 0.048 0.06871868289191124
0 0.3436666666666667 0.49606299212598426 0.068 0.06012884753042233
0 0.29433333333333334 0.3940586972083035 0.04 0.04151753758052971
0 0.409 0.49391553328561205 0.07333333333333333 0.05511811023622047
0 0.5283333333333333 0.5221904080171796 0.058666666666666666 0.06943450250536864
0 0.5433333333333333 0.42018611309949894 0.064 0.052970651395848244
0 0.509 0.39692197566213316 0.044 0.06442376521116679
0 0.5553333333333333 0.5780243378668576 0.03866666666666667 0.05869720830350752
0 0.4 0.44595561918396565 0.06666666666666667 0.05010737294201861
0 0.417 0.42018611309949894 0.05533333333333333 0.0408017179670723
0 0.43466666666666665 0.5293486041517538 0.056 0.06657122405153901
0 0.34 0.4423765211166786 0.06733333333333333 0.052970651395848244