0 0.317 0.7831066571224051 0.09133333333333334 0.09591982820329277
0 0.6983333333333334 0.8604151753758053 0.09133333333333334 0.07229778095919828
0 0.267 0.42197566213314247 0.07266666666666667 0.09305654974946313
0 0.6416666666666667 0.8049391553328561 0.084 0.07158196134574088
0 0.7623333333333333 0.6023622047244095 0.08466666666666667 0.07802433786685756
0 0.439 0.22226198997852542 0.09466666666666666 0.0816034359341446
0 0.6503333333333333 0.7186828919112384 0.092 0.08732999284180387
0 0.38766666666666666 0.17537580529706515 0.084 0.07301360057265568
0 0.5033333333333333 0.9015748031496063 0.10266666666666667 0.082319255547602
0 0.21633333333333332 0.6331424481030781 0.07266666666666667 0.09878310665712241
0 0.8623333333333333 0.5637079455977094 0.096 0.10880458124552612
0 0.5566666666666666 0.3364352183249821 0.07666666666666666 0.082319255547602
0 0.4063333333333333 0.8020758768790265 0.084 0.09162491052254831
0 0.19866666666666666 0.7451682176091625 0.06466666666666666 0.06943450250536864
0 0.3626666666666667 0.27165354330708663 0.072 0.0744452397995705
0 0.5713333333333334 0.8110236220472441 0.07533333333333334 0.0744452397995705
0 0.18366666666666667 0.4183965640658554 0.09 0.08375089477451682
0 0.30233333333333334 0.3364352183249821 0.07466666666666667 0.08804581245526127
0 0.6883333333333334 0.27236936292054403 0.072 0.07802433786685756
0 0.21633333333333332 0.3428775948460988 0.09533333333333334 0.07802433786685756
0 0.4886666666666667 0.8181818181818182 0.082 0.07158196134574088
0 0.31233333333333335 0.21152469577666427 0.078 0.0737294201861131
0 0.6213333333333333 0.22727272727272727 0.086 0.08518253400143164
0 0.7436666666666667 0.3346456692913386 0.086 0.09162491052254831
0 0.35933333333333334 0.6975662133142448 0.072 0.10093056549749463
0 0.47 0.6653543307086615 0.07533333333333334 0.07874015748031496
0 0.272 0.7061560486757337 0.074 0.07516105941302792
0 0.823 0.6732283464566929 0.11533333333333333 0.09878310665712241
0 0.483 0.3346456692913386 0.07066666666666667 0.0737294201861131
0 0.532 0.20866141732283464 0.09133333333333334 0.082319255547602
0 0.47 0.14459556191839656 0.07533333333333334 0.0658554044380816
0 0.422 0.3682891911238368 0.06733333333333333 0.06657122405153901
0 0.26366666666666666 0.8339298496778812 0.07866666666666666 0.08876163206871868
0 0.504 0.27308518253400144 0.06933333333333333 0.06370794559770938
0 0.8286666666666667 0.7816750178954903 0.06933333333333333 0.07945597709377238
0 0.432 0.733715103793844 0.08333333333333333 0.08088761632068718
0 0.812 0.3031496062992126 0.066 0.09162491052254831
0 0.5673333333333334 0.1478167501789549 0.06933333333333333 0.07015032211882606
0 0.862 0.4742304939155333 0.066 0.09305654974946313
0 0.8556666666666667 0.24123120973514675 0.07666666666666666 0.09090909090909091
0 0.11766666666666667 0.6259842519685039 0.06733333333333333 0.11095204008589836
0 0.42133333333333334 0.09126700071581961 0.11133333333333334 0.0737294201861131
0 0.25733333333333336 0.2712956335003579 0.13066666666666665 0.08375089477451682
0 0.24833333333333332 0.16929133858267717 0.068 0.07516105941302792
0 0.09766666666666667 0.4760200429491768 0.06666666666666667 0.07730851825340014
0 0.30533333333333335 0.6510379384395133 0.084 0.07587687902648532
0 0.538 0.6757337151037939 0.06533333333333333 0.08017179670722978
0 0.5083333333333333 0.7426628489620616 0.072 0.0816034359341446
0 0.5756666666666667 0.7440944881889764 0.064 0.06299212598425197
0 0.7366666666666667 0.23407301360057264 0.074 0.07659269863994274
0 0.18866666666666668 0.5207587687902648 0.078 0.12526843235504653
0 0.709 0.7891911238367931 0.08266666666666667 0.07158196134574088
0 0.36733333333333335 0.6005726556907659 0.07733333333333334 0.06943450250536864
0 0.6583333333333333 0.17537580529706515 0.07466666666666667 0.0658554044380816
0 0.35733333333333334 0.3647100930565497 0.05733333333333333 0.07730851825340014
0 0.7246666666666667 0.4656406585540444 0.06133333333333333 0.06513958482462419
0 0.7713333333333333 0.7423049391553329 0.08066666666666666 0.07802433786685756
0 0.2786666666666667 0.5697924123120973 0.07333333333333333 0.09663564781675017
0 0.126 0.30565497494631355 0.08933333333333333 0.08947745168217609
0 0.7793333333333333 0.42913385826771655 0.07133333333333333 0.10450966356478167
0 0.8413333333333334 0.3847530422333572 0.062 0.06299212598425197
0 0.921 0.4345025053686471 0.08266666666666667 0.1224051539012169
0 0.721 0.6653543307086615 0.06466666666666666 0.07659269863994274
0 0.785 0.5221904080171796 0.06933333333333333 0.08589835361488905
0 0.26366666666666666 0.4949892627057981 0.068 0.07802433786685756
0 0.7093333333333334 0.5322118826055834 0.074 0.08303507516105942
0 0.6003333333333334 0.6581961345740873 0.06466666666666666 0.06728704366499642
0 0.669 0.6381531853972798 0.07266666666666667 0.07086614173228346
0 0.45 0.46420901932712955 0.06333333333333334 0.06012884753042233
0 0.5913333333333334 0.5905511811023622 0.07466666666666667 0.0658554044380816
0 0.3476666666666667 0.5561918396564066 0.06 0.06012884753042233
0 0.3863333333333333 0.47995705082319257 0.07666666666666666 0.08589835361488905
0 0.619 0.3675733715103794 0.06733333333333333 0.07945597709377238
0 0.65 0.10987831066571224 0.098 0.05869720830350752
0 0.3323333333333333 0.4409448818897638 0.059333333333333335 0.07587687902648532
0 0.419 0.6335003579098067 0.06 0.05941302791696493
0 0.32366666666666666 0.506084466714388 0.04933333333333333 0.05941302791696493
0 0.6823333333333333 0.3586256263421618 0.06733333333333333 0.07158196134574088
0 0.43766666666666665 0.28060128847530424 0.062 0.052970651395848244
0 0.6296666666666667 0.30851825340014316 0.06533333333333333 0.05941302791696493
0 0.483 0.5905511811023622 0.05733333333333333 0.07015032211882606
0 0.5763333333333334 0.27236936292054403 0.062 0.052254831782390834
0 0.5436666666666666 0.40336435218324984 0.05 0.06156048675733715
0 0.6923333333333334 0.5991410164638511 0.06 0.05654974946313529
0 0.634 0.5576234788833214 0.05733333333333333 0.07730851825340014
0 0.5326666666666666 0.5952040085898354 0.051333333333333335 0.0737294201861131
0 0.408 0.31281317108088763 0.056666666666666664 0.05440229062276306
0 0.4136666666666667 0.5368647100930566 0.068 0.07587687902648532
0 0.6493333333333333 0.4155332856120258 0.058 0.06084466714387974
0 0.40066666666666667 0.41947029348604153 0.06933333333333333 0.05440229062276306
0 0.5136666666666667 0.5332856120257695 0.050666666666666665 0.07158196134574088
0 0.656 0.5107372942018611 0.07066666666666667 0.06370794559770938
0 0.7133333333333334 0.41374373657838226 0.042 0.043664996420901936
0 0.591 0.5025053686471009 0.076 0.05869720830350752
0 0.47 0.5196850393700787 0.06133333333333333 0.07301360057265568
0 0.4633333333333333 0.41660701503221187 0.06666666666666667 0.05583392984967788
0 0.49933333333333335 0.39656406585540444 0.04666666666666667 0.06657122405153901
0 0.43833333333333335 0.572655690765927 0.042 0.06084466714387974
0 0.604 0.45526127415891193 0.06933333333333333 0.05368647100930565
0 0.5893333333333334 0.4280601288475304 0.05733333333333333 0.04438081603435934
0 0.563 0.535075161059413 0.058666666666666666 0.06943450250536864
0 0.664 0.4574087329992842 0.07 0.05654974946313529