0 0.495 0.6303571428571428 0.084 0.09928571428571428
0 0.645 0.8710714285714286 0.13466666666666666 0.11285714285714285
0 0.36833333333333335 0.2017857142857143 0.116 0.09071428571428572
0 0.8476666666666667 0.31142857142857144 0.098 0.12714285714285714
0 0.20033333333333334 0.38107142857142856 0.102 0.12214285714285714
0 0.7056666666666667 0.5964285714285714 0.10533333333333333 0.11214285714285714
0 0.169 0.2332142857142857 0.128 0.14357142857142857
0 0.6476666666666666 0.4689285714285714 0.07266666666666667 0.09642857142857143
0 0.36666666666666664 0.5396428571428571 0.082 0.105
0 0.571 0.7953571428571429 0.1 0.095
0 0.7266666666666667 0.31107142857142855 0.118 0.1392857142857143
0 0.7166666666666667 0.19142857142857142 0.12133333333333333 0.12642857142857142
0 0.294 0.6967857142857142 0.098 0.10428571428571429
0 0.22266666666666668 0.7621428571428571 0.11133333333333334 0.14142857142857143
0 0.59 0.7007142857142857 0.09066666666666667 0.09357142857142857
0 0.192 0.4903571428571429 0.07866666666666666 0.10071428571428571
0 0.6623333333333333 0.6764285714285714 0.09733333333333333 0.09071428571428572
0 0.30866666666666664 0.13714285714285715 0.12733333333333333 0.10214285714285715
0 0.841 0.7078571428571429 0.102 0.13214285714285715
0 0.5643333333333334 0.4342857142857143 0.07666666666666666 0.09142857142857143
0 0.457 0.8014285714285714 0.10066666666666667 0.085
0 0.4866666666666667 0.19714285714285715 0.10333333333333333 0.10214285714285715
0 0.6723333333333333 0.7621428571428571 0.092 0.07857142857142857
0 0.5023333333333333 0.8982142857142857 0.13666666666666666 0.09785714285714285
0 0.5803333333333334 0.6114285714285714 0.1 0.08571428571428572
0 0.476 0.42857142857142855 0.09133333333333334 0.07785714285714286
0 0.287 0.4546428571428571 0.08466666666666667 0.09071428571428572
0 0.36633333333333334 0.7592857142857142 0.08266666666666667 0.08357142857142857
0 0.5933333333333334 0.13357142857142856 0.1 0.09928571428571428
0 0.7513333333333333 0.8096428571428571 0.09066666666666667 0.12
0 0.264 0.26107142857142857 0.10666666666666667 0.105
0 0.339 0.2975 0.09933333333333333 0.09428571428571429
0 0.3586666666666667 0.8471428571428572 0.136 0.11
0 0.316 0.3678571428571429 0.102 0.09214285714285714
0 0.386 0.4382142857142857 0.10266666666666667 0.09142857142857143
0 0.4503333333333333 0.11321428571428571 0.12266666666666666 0.09428571428571429
0 0.09433333333333334 0.5135714285714286 0.086 0.1492857142857143
0 0.13233333333333333 0.6435714285714286 0.076 0.09928571428571428
0 0.4103333333333333 0.6810714285714285 0.092 0.08214285714285714
0 0.5926666666666667 0.29928571428571427 0.09066666666666667 0.09428571428571429
0 0.213 0.6067857142857143 0.08133333333333333 0.12642857142857142
0 0.5796666666666667 0.5257142857142857 0.06666666666666667 0.07857142857142857
0 0.11866666666666667 0.36178571428571427 0.08933333333333333 0.10142857142857142
0 0.8086666666666666 0.5657142857142857 0.08866666666666667 0.125
0 0.4236666666666667 0.2857142857142857 0.07666666666666666 0.08428571428571428
0 0.8926666666666667 0.5871428571428572 0.086 0.12142857142857143
0 0.34833333333333333 0.6175 0.07266666666666667 0.075
0 0.8993333333333333 0.43785714285714283 0.08333333333333333 0.13428571428571429
0 0.5193333333333333 0.3482142857142857 0.094 0.09428571428571429
0 0.5 0.7121428571428572 0.09133333333333334 0.07857142857142857
0 0.496 0.5564285714285714 0.09066666666666667 0.06
0 0.6056666666666667 0.22357142857142856 0.09666666666666666 0.09857142857142857
0 0.6743333333333333 0.3703571428571429 0.07533333333333334 0.09142857142857143
0 0.432 0.3578571428571429 0.10066666666666667 0.07571428571428572
0 0.793 0.4328571428571429 0.07466666666666667 0.10571428571428572
0 0.5046666666666667 0.2764285714285714 0.07666666666666666 0.07428571428571429
0 0.611 0.3867857142857143 0.07733333333333334 0.09
0 0.6356666666666667 0.5553571428571429 0.096 0.09071428571428572
0 0.7506666666666667 0.6885714285714286 0.07333333333333333 0.08857142857142856
0 0.7213333333333334 0.47214285714285714 0.07066666666666667 0.115
0 0.42 0.6107142857142858 0.059333333333333335 0.08571428571428572
0 0.2783333333333333 0.5432142857142858 0.06266666666666666 0.09
0 0.426 0.5028571428571429 0.06 0.09