0 0.505 0.6303571428571428 0.084 0.09928571428571428
0 0.355 0.8710714285714286 0.13466666666666666 0.11285714285714285
0 0.6316666666666667 0.2017857142857143 0.116 0.09071428571428572
0 0.15233333333333332 0.31142857142857144 0.098 0.12714285714285714
0 0.7996666666666666 0.38107142857142856 0.102 0.12214285714285714
0 0.29433333333333334 0.5964285714285714 0.10533333333333333 0.11214285714285714
0 0.831 0.2332142857142857 0.128 0.14357142857142857
0 0.35233333333333333 0.4689285714285714 0.07266666666666667 0.09642857142857143
0 0.6333333333333333 0.5396428571428571 0.082 0.105
0 0.429 0.7953571428571429 0.1 0.095
0 0.2733333333333333 0.31107142857142855 0.118 0.1392857142857143
0 0.2833333333333333 0.19142857142857142 0.12133333333333333 0.12642857142857142
0 0.706 0.6967857142857142 0.098 0.10428571428571429
0 0.7773333333333333 0.7621428571428571 0.11133333333333334 0.14142857142857143
0 0.41 0.7007142857142857 0.09066666666666667 0.09357142857142857
0 0.808 0.4903571428571429 0.07866666666666666 0.10071428571428571
0 0.33766666666666667 0.6764285714285714 0.09733333333333333 0.09071428571428572
0 0.6913333333333334 0.13714285714285715 0.12733333333333333 0.10214285714285715
0 0.159 0.7078571428571429 0.102 0.13214285714285715
0 0.43566666666666665 0.4342857142857143 0.07666666666666666 0.09142857142857143
0 0.543 0.8014285714285714 0.10066666666666667 0.085
0 0.5133333333333333 0.19714285714285715 0.10333333333333333 0.10214285714285715
0 0.32766666666666666 0.7621428571428571 0.092 0.07857142857142857
0 0.49766666666666665 0.8982142857142857 0.13666666666666666 0.09785714285714285
0 0.4196666666666667 0.6114285714285714 0.1 0.08571428571428572
0 0.524 0.42857142857142855 0.09133333333333334 0.07785714285714286
0 0.713 0.4546428571428571 0.08466666666666667 0.09071428571428572
0 0.6336666666666667 0.7592857142857142 0.08266666666666667 0.08357142857142857
0 0.4066666666666667 0.13357142857142856 0.1 0.09928571428571428
0 0.24866666666666667 0.8096428571428571 0.09066666666666667 0.12
0 0.736 0.26107142857142857 0.10666666666666667 0.105
0 0.661 0.2975 0.09933333333333333 0.09428571428571429
0 0.6413333333333333 0.8471428571428572 0.136 0.11
0 0.684 0.3678571428571429 0.102 0.09214285714285714
0 0.614 0.4382142857142857 0.10266666666666667 0.09142857142857143
0 0.5496666666666666 0.11321428571428571 0.12266666666666666 0.09428571428571429
0 0.9056666666666666 0.5135714285714286 0.086 0.1492857142857143
0 0.8676666666666667 0.6435714285714286 0.076 0.09928571428571428
0 0.5896666666666667 0.6810714285714285 0.092 0.08214285714285714
0 0.4073333333333333 0.29928571428571427 0.09066666666666667 0.09428571428571429
0 0.787 0.6067857142857143 0.08133333333333333 0.12642857142857142
0 0.42033333333333334 0.5257142857142857 0.06666666666666667 0.07857142857142857
0 0.8813333333333333 0.36178571428571427 0.08933333333333333 0.10142857142857142
0 0.19133333333333333 0.5657142857142857 0.08866666666666667 0.125
0 0.5763333333333334 0.2857142857142857 0.07666666666666666 0.08428571428571428
0 0.10733333333333334 0.5871428571428572 0.086 0.12142857142857143
0 0.6516666666666666 0.6175 0.07266666666666667 0.075
0 0.10066666666666667 0.43785714285714283 0.08333333333333333 0.13428571428571429
0 0.4806666666666667 0.3482142857142857 0.094 0.09428571428571429
0 0.5 0.7121428571428572 0.09133333333333334 0.07857142857142857
0 0.504 0.5564285714285714 0.09066666666666667 0.06
0 0.3943333333333333 0.22357142857142856 0.09666666666666666 0.09857142857142857
0 0.32566666666666666 0.3703571428571429 0.07533333333333334 0.09142857142857143
0 0.568 0.3578571428571429 0.10066666666666667 0.07571428571428572
0 0.207 0.4328571428571429 0.07466666666666667 0.10571428571428572
0 0.49533333333333335 0.2764285714285714 0.07666666666666666 0.07428571428571429
0 0.389 0.3867857142857143 0.07733333333333334 0.09
0 0.36433333333333334 0.5553571428571429 0.096 0.09071428571428572
0 0.24933333333333332 0.6885714285714286 0.07333333333333333 0.08857142857142856
0 0.2786666666666667 0.47214285714285714 0.07066666666666667 0.115
0 0.58 0.6107142857142858 0.059333333333333335 0.08571428571428572
0 0.7216666666666667 0.5432142857142858 0.06266666666666666 0.09
0 0.574 0.5028571428571429 0.06 0.09