0 0.9106770833333333 0.38255208333333335 0.1078125 0.121875
0 0.22161458333333334 0.7666666666666667 0.12135416666666667 0.128125
0 0.14947916666666666 0.6606770833333333 0.11354166666666667 0.13489583333333333
0 0.7125 0.82890625 0.10104166666666667 0.09895833333333333
0 0.465625 0.6705729166666666 0.10625 0.07760416666666667
0 0.7880208333333333 0.3859375 0.10520833333333333 0.11458333333333333
0 0.6296875 0.1375 0.12135416666666667 0.09895833333333333
0 0.7518229166666667 0.19921875 0.11145833333333334 0.1046875
0 0.4666666666666667 0.8776041666666666 0.11979166666666667 0.10208333333333333
0 0.5770833333333333 0.6669270833333333 0.09791666666666667 0.09114583333333333
0 0.47942708333333334 0.33255208333333336 0.09166666666666666 0.0796875
0 0.24166666666666667 0.57578125 0.1015625 0.10052083333333334
0 0.28489583333333335 0.29713541666666665 0.10416666666666667 0.10416666666666667
0 0.6677083333333333 0.6091145833333333 0.0890625 0.09427083333333333
0 0.47239583333333335 0.4192708333333333 0.1046875 0.08802083333333334
0 0.8505208333333333 0.2708333333333333 0.1 0.1015625
0 0.6924479166666667 0.7122395833333334 0.08489583333333334 0.075
0 0.0984375 0.40572916666666664 0.10260416666666666 0.11614583333333334
0 0.10598958333333333 0.528125 0.096875 0.11458333333333333
0 0.8747395833333333 0.6453125 0.103125 0.13020833333333334
0 0.23619791666666667 0.42916666666666664 0.0859375 0.11979166666666667
0 0.23984375 0.17552083333333332 0.09895833333333333 0.1015625
0 0.6799479166666667 0.28880208333333335 0.08854166666666667 0.09583333333333334
0 0.5606770833333333 0.23932291666666666 0.1 0.0953125
0 0.9125 0.52109375 0.09114583333333333 0.125
0 0.7986979166666667 0.7572916666666667 0.09427083333333333 0.09270833333333334
0 0.35520833333333335 0.13333333333333333 0.10989583333333333 0.10052083333333334
0 0.36614583333333334 0.60703125 0.0921875 0.08541666666666667
0 0.3723958333333333 0.3885416666666667 0.0921875 0.09739583333333333
0 0.16197916666666667 0.27682291666666664 0.10885416666666667 0.1234375
0 0.48515625 0.12109375 0.12916666666666668 0.10208333333333333
0 0.33203125 0.8502604166666666 0.13385416666666666 0.12135416666666667
0 0.7994791666666666 0.5197916666666667 0.09270833333333334 0.12916666666666668
0 0.47317708333333336 0.7669270833333334 0.08645833333333333 0.065625
0 0.37838541666666664 0.73828125 0.0953125 0.075
0 0.5091145833333334 0.58359375 0.09427083333333333 0.07395833333333333
0 0.5825520833333333 0.35078125 0.09427083333333333 0.08854166666666667
0 0.7473958333333334 0.6416666666666667 0.07395833333333333 0.084375
0 0.6791666666666667 0.41015625 0.06822916666666666 0.0765625
0 0.4114583333333333 0.5174479166666667 0.07239583333333334 0.07760416666666667
0 0.603125 0.5471354166666667 0.08020833333333334 0.07708333333333334
0 0.42630208333333336 0.24244791666666668 0.13854166666666667 0.1234375
0 0.32135416666666666 0.49973958333333335 0.075 0.1
0 0.30052083333333335 0.6692708333333334 0.075 0.07708333333333334
0 0.6 0.8703125 0.1203125 0.0953125
0 0.58515625 0.75703125 0.084375 0.07552083333333333
0 0.7036458333333333 0.5041666666666667 0.06770833333333333 0.09166666666666666
0 0.5828125 0.43697916666666664 0.07760416666666667 0.078125