0 0.7108333333333333 0.8383333333333334 0.20333333333333334 0.18333333333333332
0 0.5391666666666667 0.6875 0.13833333333333334 0.14
0 0.14833333333333334 0.43666666666666665 0.13166666666666665 0.15333333333333332
0 0.4141666666666667 0.67 0.13333333333333333 0.16
0 0.6391666666666667 0.6266666666666667 0.15333333333333332 0.13166666666666665
0 0.5275 0.8175 0.15 0.12666666666666668
0 0.3433333333333333 0.8733333333333333 0.22166666666666668 0.17166666666666666
0 0.31083333333333335 0.62 0.13333333333333333 0.15333333333333332
0 0.13 0.2866666666666667 0.16666666666666666 0.19
0 0.6966666666666667 0.5108333333333334 0.14666666666666667 0.14666666666666667
0 0.10916666666666666 0.6125 0.15666666666666668 0.225
0 0.27666666666666667 0.23666666666666666 0.145 0.14
0 0.23916666666666667 0.73 0.14333333333333334 0.13666666666666666
0 0.7333333333333333 0.20583333333333334 0.16666666666666666 0.17
0 0.3016666666666667 0.5 0.155 0.12333333333333334
0 0.5641666666666667 0.19 0.15666666666666668 0.10666666666666667
0 0.7983333333333333 0.3825 0.12333333333333334 0.155
0 0.7841666666666667 0.6666666666666666 0.11833333333333333 0.15833333333333333
0 0.6566666666666666 0.3975 0.16 0.16166666666666665
0 0.8958333333333334 0.5191666666666667 0.175 0.21
0 0.4 0.14166666666666666 0.18 0.16333333333333333
0 0.5458333333333333 0.33916666666666667 0.135 0.16666666666666666
0 0.425 0.33416666666666667 0.11333333333333333 0.15166666666666667
0 0.31333333333333335 0.37333333333333335 0.15166666666666667 0.135