0 0.295 0.8416666666666667 0.205 0.18666666666666668
0 0.46416666666666667 0.6883333333333334 0.14 0.14333333333333334
0 0.85 0.43083333333333335 0.13333333333333333 0.155
0 0.5883333333333334 0.6683333333333333 0.13666666666666666 0.16166666666666665
0 0.36333333333333334 0.6291666666666667 0.155 0.13333333333333333
0 0.47833333333333333 0.8175 0.15166666666666667 0.12833333333333333
0 0.6633333333333333 0.8708333333333333 0.22333333333333333 0.175
0 0.6916666666666667 0.6166666666666667 0.135 0.155
0 0.8666666666666667 0.28 0.17 0.19166666666666668
0 0.30333333333333334 0.5141666666666667 0.14833333333333334 0.14833333333333334
0 0.8925 0.6058333333333333 0.16 0.22666666666666666
0 0.7191666666666666 0.2325 0.14666666666666667 0.14166666666666666
0 0.765 0.725 0.145 0.13833333333333334
0 0.26166666666666666 0.20916666666666667 0.16833333333333333 0.17166666666666666
0 0.6983333333333334 0.49666666666666665 0.15666666666666668 0.125
0 0.43083333333333335 0.19083333333333333 0.15833333333333333 0.11
0 0.2 0.3875 0.125 0.15666666666666668
0 0.21833333333333332 0.6716666666666666 0.12166666666666667 0.16
0 0.3408333333333333 0.4 0.16166666666666665 0.16333333333333333
0 0.105 0.5258333333333334 0.17833333333333334 0.21333333333333335
0 0.5933333333333334 0.14 0.18166666666666667 0.16666666666666666
0 0.45166666666666666 0.34 0.13666666666666666 0.16833333333333333
0 0.5725 0.3333333333333333 0.115 0.15333333333333332
0 0.6841666666666667 0.37 0.15333333333333332 0.13666666666666666