0 0.6385416666666667 0.17994791666666668 0.19791666666666666 0.159375
0 0.5833333333333334 0.6877604166666667 0.11927083333333334 0.13020833333333334
0 0.58203125 0.3484375 0.1234375 0.13645833333333332
0 0.30520833333333336 0.5260416666666666 0.14114583333333333 0.13072916666666667
0 0.8994791666666667 0.5325520833333334 0.14375 0.15520833333333334
0 0.6786458333333333 0.41484375 0.12291666666666666 0.12083333333333333
0 0.215625 0.7700520833333333 0.140625 0.14114583333333333
0 0.10286458333333333 0.4674479166666667 0.15625 0.18645833333333334
0 0.39114583333333336 0.859375 0.19947916666666668 0.14791666666666667
0 0.4473958333333333 0.69375 0.11145833333333334 0.12708333333333333
0 0.3372395833333333 0.396875 0.1328125 0.1234375
0 0.303125 0.20911458333333333 0.15208333333333332 0.13072916666666667
0 0.7934895833333333 0.2596354166666667 0.125 0.12604166666666666
0 0.3296875 0.65390625 0.11770833333333333 0.13385416666666666
0 0.6997395833333333 0.5231770833333333 0.1171875 0.11614583333333334
0 0.44609375 0.33828125 0.1234375 0.1453125
0 0.7338541666666667 0.8052083333333333 0.1921875 0.17395833333333333
0 0.88828125 0.37786458333333334 0.115625 0.12760416666666666
0 0.17395833333333333 0.3125 0.10520833333333333 0.13177083333333334
0 0.4625 0.17473958333333334 0.13489583333333333 0.10833333333333334
0 0.6739583333333333 0.6260416666666667 0.134375 0.109375
0 0.8729166666666667 0.6828125 0.10572916666666667 0.13802083333333334
0 0.5614583333333333 0.8567708333333334 0.13489583333333333 0.0953125
0 0.13203125 0.6294270833333333 0.09635416666666667 0.13541666666666666