0 0.3971354166666667 0.15546875 0.21354166666666666 0.17239583333333333
0 0.7401041666666667 0.22161458333333334 0.15833333333333333 0.1515625
0 0.41953125 0.33359375 0.13125 0.14479166666666668
0 0.675 0.38697916666666665 0.146875 0.12395833333333334
0 0.67265625 0.6518229166666667 0.12135416666666667 0.1390625
0 0.103125 0.48463541666666665 0.146875 0.16302083333333334
0 0.7653645833333333 0.7921875 0.15572916666666667 0.1375
0 0.6927083333333334 0.5260416666666666 0.14635416666666667 0.140625
0 0.32395833333333335 0.6130208333333333 0.13854166666666667 0.12135416666666667
0 0.55078125 0.6690104166666667 0.11927083333333334 0.13125
0 0.27708333333333335 0.50859375 0.12395833333333334 0.12395833333333334
0 0.5794270833333334 0.15755208333333334 0.14270833333333333 0.12135416666666667
0 0.89375 0.49895833333333334 0.1671875 0.19583333333333333
0 0.40989583333333335 0.8348958333333333 0.13125 0.12916666666666668
0 0.5864583333333333 0.85546875 0.20364583333333333 0.14635416666666667
0 0.11770833333333333 0.6390625 0.11041666666666666 0.14635416666666667
0 0.859375 0.6658854166666667 0.11458333333333333 0.13541666666666666
0 0.32057291666666665 0.4041666666666667 0.13489583333333333 0.12864583333333332
0 0.23411458333333332 0.23255208333333333 0.13072916666666667 0.121875
0 0.42109375 0.6653645833333334 0.12864583333333332 0.13958333333333334
0 0.23645833333333333 0.7661458333333333 0.19375 0.196875
0 0.86171875 0.33203125 0.11458333333333333 0.14375
0 0.13489583333333333 0.3375 0.115625 0.1375
0 0.565625 0.32421875 0.14270833333333333 0.15729166666666666