0 0.51015625 0.140625 0.21145833333333333 0.16927083333333334
0 0.19609375 0.29322916666666665 0.15625 0.14947916666666666
0 0.5346354166666667 0.3184895833333333 0.12916666666666668 0.14322916666666666
0 0.3015625 0.4361979166666667 0.1453125 0.121875
0 0.37265625 0.69140625 0.11927083333333334 0.1375
0 0.8794270833333333 0.38229166666666664 0.14479166666666668 0.16145833333333334
0 0.31927083333333334 0.8510416666666667 0.15416666666666667 0.13541666666666666
0 0.32057291666666665 0.575 0.14427083333333332 0.1390625
0 0.6994791666666667 0.5638020833333334 0.13697916666666668 0.11979166666666667
0 0.49453125 0.6765625 0.1171875 0.13020833333333334
0 0.7174479166666666 0.45078125 0.12239583333333333 0.12239583333333333
0 0.3346354166666667 0.18958333333333333 0.14166666666666666 0.11927083333333334
0 0.11927083333333334 0.60078125 0.16458333333333333 0.19375
0 0.6736979166666667 0.8 0.1296875 0.12760416666666666
0 0.5083333333333333 0.8658854166666666 0.20208333333333334 0.14322916666666666
0 0.9052083333333333 0.5354166666666667 0.10833333333333334 0.1453125
0 0.19583333333333333 0.7533854166666667 0.1125 0.13385416666666666
0 0.6484375 0.3611979166666667 0.13333333333333333 0.12708333333333333
0 0.6875 0.17291666666666666 0.12916666666666668 0.1203125
0 0.6190104166666667 0.6393229166666666 0.12708333333333333 0.13802083333333334
0 0.8234375 0.6888020833333334 0.19114583333333332 0.19427083333333334
0 0.10729166666666666 0.4315104166666667 0.1125 0.1421875
0 0.8106770833333333 0.2484375 0.11354166666666667 0.1359375
0 0.39114583333333336 0.34739583333333335 0.14010416666666667 0.15572916666666667