0 0.3122916666666667 0.23319444444444445 0.018583333333333365 0.021777777777777788
0 0.508875 0.22097916666666664 0.02364583333333338 0.019909722222222193
0 0.7638645833333333 0.39339583333333333 0.005604166666666781 0.005208333333333333
0 0.7590625000000001 0.4215902777777778 0.026552083333333344 0.009847222222222266
0 0.33316666666666667 0.4469652777777778 0.05356249999999996 0.035638888888888845
0 0.07395833333333333 0.65475 0.024802083333333336 0.01420138888888892
0 0.5444270833333333 0.9243958333333334 0.019156250000000104 0.01720833333333347
0 0.7903749999999999 0.7555486111111112 0.024791666666666618 0.014965277777777904
0 0.9632708333333333 0.5979722222222222 0.03549999999999993 0.01647916666666668
1 0.1568125 0.5847777777777778 0.313625 0.23920138888888892
1 0.16666666666666666 0.7131944444444445 0.3333333333333333 0.4888888888888889
1 0.5067916666666666 0.7036180555555556 0.36812500000000004 0.4728402777777777
1 0.6667500000000001 0.6471597222222222 0.6260729166666666 0.3764861111111112
1 0.6826458333333334 0.56125 0.6347083333333333 0.2243125
1 0.6225520833333333 0.3782013888888889 0.5103125 0.1515972222222222
1 0.5978229166666666 0.3056180555555556 0.47768749999999993 0.2546805555555556
1 0.5110104166666667 0.27263194444444444 0.3272083333333333 0.3080138888888889
1 0.28951041666666666 0.27088194444444447 0.26943749999999994 0.30871527777777785
1 0.16107291666666665 0.2136736111111111 0.3221458333333333 0.4273402777777778
1 0.153125 0.3572916666666667 0.30625 0.15625