0 0.7348958333333333 0.2503472222222222 0.022916666666666665 0.022916666666666665
0 0.5421875 0.2222222222222222 0.027083333333333334 0.021527777777777778
0 0.2578125 0.3729166666666667 0.00625 0.005555555555555556
0 0.25729166666666664 0.4010416666666667 0.028125 0.011805555555555555
0 0.6755208333333333 0.46076388888888886 0.059375 0.03958333333333333
0 0.8947916666666667 0.6881944444444444 0.027083333333333334 0.01597222222222222
0 0.378125 0.9177083333333333 0.021875 0.01875
0 0.16510416666666666 0.7302083333333333 0.027083333333333334 0.016666666666666666
0 0.022395833333333334 0.5597222222222222 0.03854166666666667 0.019444444444444445
1 0.8234375 0.6121527777777778 0.353125 0.26319444444444445
1 0.790625 0.7381944444444445 0.41875 0.5125
1 0.45625 0.7013888888888888 0.45208333333333334 0.49930555555555556
1 0.3265625 0.6322916666666667 0.653125 0.42430555555555555
1 0.32135416666666666 0.5454861111111111 0.6427083333333333 0.2743055555555556
1 0.4005208333333333 0.36909722222222224 0.534375 0.19166666666666668
1 0.43854166666666666 0.2989583333333333 0.5208333333333334 0.2916666666666667
1 0.5307291666666667 0.27326388888888886 0.38125 0.3326388888888889
1 0.7510416666666667 0.28958333333333336 0.32395833333333335 0.3284722222222222
1 0.8447916666666667 0.24305555555555555 0.3104166666666667 0.45
1 0.8520833333333333 0.38645833333333335 0.29583333333333334 0.1798611111111111