0 0.806 0.278 0.19866666666666666 0.204
0 0.244 0.8153333333333334 0.19866666666666666 0.20266666666666666
0 0.8233333333333334 0.6766666666666666 0.22266666666666668 0.192
0 0.5966666666666667 0.8446666666666667 0.13333333333333333 0.21333333333333335
0 0.16666666666666666 0.7026666666666667 0.18533333333333332 0.18533333333333332
0 0.188 0.256 0.19466666666666665 0.19866666666666666
0 0.868 0.5586666666666666 0.19066666666666668 0.172
0 0.676 0.16266666666666665 0.208 0.196
0 0.7333333333333333 0.7833333333333333 0.184 0.19333333333333333
0 0.4186666666666667 0.8453333333333334 0.17733333333333334 0.196
0 0.126 0.396 0.18933333333333333 0.14133333333333334
0 0.12266666666666666 0.536 0.16133333333333333 0.12933333333333333
0 0.346 0.172 0.17066666666666666 0.19733333333333333
0 0.854 0.41133333333333333 0.172 0.13066666666666665
0 0.5166666666666667 0.11866666666666667 0.15066666666666667 0.21333333333333335