0 0.17266666666666666 0.31066666666666665 0.18 0.18666666666666668
0 0.788 0.7873333333333333 0.18 0.18533333333333332
0 0.19666666666666666 0.7093333333333334 0.20666666666666667 0.172
0 0.44 0.8533333333333334 0.11333333333333333 0.20266666666666666
0 0.8526666666666667 0.6666666666666666 0.16933333333333334 0.16933333333333334
0 0.7846666666666666 0.22466666666666665 0.17733333333333334 0.18133333333333335
0 0.14 0.5973333333333334 0.176 0.15466666666666667
0 0.28933333333333333 0.18266666666666667 0.19066666666666668 0.17733333333333334
0 0.29733333333333334 0.8066666666666666 0.16666666666666666 0.17733333333333334
0 0.6166666666666667 0.8346666666666667 0.16 0.18133333333333335
0 0.8613333333333333 0.35733333333333334 0.17866666666666667 0.124
0 0.8786666666666667 0.49666666666666665 0.15066666666666667 0.11466666666666667
0 0.6186666666666667 0.158 0.152 0.18266666666666667
0 0.13866666666666666 0.4493333333333333 0.16133333333333333 0.11466666666666667
0 0.44333333333333336 0.122 0.13066666666666665 0.20266666666666666