0 0.33266666666666667 0.18733333333333332 0.15866666666666668 0.13733333333333334
0 0.8633333333333333 0.436 0.15733333333333333 0.164
0 0.31733333333333336 0.56 0.14533333333333334 0.13066666666666665
0 0.11933333333333333 0.434 0.16933333333333334 0.16533333333333333
0 0.6546666666666666 0.158 0.16 0.15466666666666667
0 0.196 0.274 0.15733333333333333 0.15733333333333333
0 0.19333333333333333 0.726 0.16266666666666665 0.15466666666666667
0 0.13733333333333334 0.5866666666666667 0.132 0.12533333333333332
0 0.63 0.8126666666666666 0.13066666666666665 0.14666666666666667
0 0.7673333333333333 0.7346666666666667 0.14666666666666667 0.156
0 0.3333333333333333 0.8146666666666667 0.15866666666666668 0.15866666666666668
0 0.6226666666666667 0.3433333333333333 0.164 0.15333333333333332
0 0.6813333333333333 0.506 0.15066666666666667 0.14533333333333334
0 0.5786666666666667 0.6386666666666667 0.12666666666666668 0.12666666666666668
0 0.84 0.6033333333333334 0.156 0.13866666666666666
0 0.798 0.2673333333333333 0.17333333333333334 0.15466666666666667
0 0.43933333333333335 0.648 0.11333333333333333 0.13333333333333333
0 0.48333333333333334 0.8513333333333334 0.12533333333333332 0.152
0 0.494 0.14066666666666666 0.156 0.152
0 0.466 0.3313333333333333 0.11733333333333333 0.12533333333333332
0 0.32866666666666666 0.4033333333333333 0.13333333333333333 0.148