0 0.372 0.16933333333333334 0.15733333333333333 0.13466666666666666
0 0.868 0.4806666666666667 0.15466666666666667 0.16266666666666665
0 0.31133333333333335 0.5373333333333333 0.144 0.128
0 0.13 0.388 0.16666666666666666 0.16266666666666665
0 0.6953333333333334 0.17933333333333334 0.15733333333333333 0.152
0 0.226 0.23866666666666667 0.156 0.156
0 0.168 0.6866666666666666 0.16 0.152
0 0.12933333333333333 0.542 0.12933333333333333 0.124
0 0.5913333333333334 0.826 0.128 0.14533333333333334
0 0.7366666666666667 0.7653333333333333 0.14533333333333334 0.15333333333333332
0 0.2966666666666667 0.792 0.156 0.15733333333333333
0 0.6406666666666667 0.35933333333333334 0.16133333333333333 0.15066666666666667
0 0.6793333333333333 0.528 0.148 0.14266666666666666
0 0.5613333333333334 0.6473333333333333 0.12533333333333332 0.12533333333333332
0 0.8246666666666667 0.644 0.15466666666666667 0.136
0 0.824 0.30533333333333335 0.17066666666666666 0.152
0 0.422 0.6393333333333333 0.112 0.132
0 0.44066666666666665 0.8466666666666667 0.124 0.14933333333333335
0 0.538 0.14266666666666666 0.15333333333333332 0.15066666666666667
0 0.4866666666666667 0.32866666666666666 0.11466666666666667 0.12266666666666666
0 0.342 0.38266666666666665 0.13066666666666665 0.14666666666666667