0 0.815 0.5449859418931584 0.07875 0.05716963448922212
0 0.636875 0.5431115276476102 0.09875 0.07403936269915651
0 0.875 0.5993439550140581 0.0825 0.06373008434864105
0 0.365625 0.767572633552015 0.025 0.01874414245548266
0 0.775 0.4090909090909091 0.085 0.06373008434864105
0 0.743125 0.26522961574507964 0.0825 0.056232427366447985
0 0.125625 0.48500468603561386 0.025 0.016869728209934397
0 0.168125 0.5895032802249297 0.02375 0.01780693533270853
0 0.589375 0.5927835051546392 0.085 0.06279287722586692
0 0.48375 0.8612933458294283 0.025 0.01874414245548266
0 0.2 0.5726335520149953 0.02375 0.016869728209934397
0 0.098125 0.18134957825679476 0.02625 0.019681349578256794
0 0.556875 0.627460168697282 0.04 0.030927835051546393
0 0.495625 0.492970946579194 0.08125 0.07497656982193064
0 0.318125 0.7975632614807873 0.025 0.01874414245548266
0 0.510625 0.4119025304592315 0.09125 0.09372071227741331
0 0.448125 0.7328959700093721 0.015 0.01218369259606373
0 0.224375 0.6724461105904405 0.02375 0.023430178069353328
0 0.05625 0.4372071227741331 0.02375 0.01499531396438613
0 0.2025 0.6532333645735707 0.02375 0.01874414245548266
0 0.10125 0.22586691658856609 0.0225 0.016869728209934397
0 0.385625 0.5149953139643861 0.0225 0.016869728209934397
0 0.866875 0.9620431115276477 0.02375 0.013120899718837863
0 0.320625 0.03655107778819119 0.03875 0.029053420805998126
0 0.395 0.048266166822867856 0.1125 0.05998125585754452
0 0.130625 0.10637300843486411 0.035 0.026241799437675725
0 0.206875 0.12277413308341144 0.02625 0.01499531396438613
0 0.22625 0.13214620431115276 0.01375 0.01218369259606373
0 0.233125 0.1387066541705717 0.015 0.014058106841611996
0 0.395625 0.17197750702905343 0.01125 0.00937207122774133
0 0.065625 0.17994376757263356 0.0125 0.01780693533270853
0 0.293125 0.2839737582005623 0.0175 0.014058106841611996
0 0.458125 0.27928772258669166 0.01625 0.01218369259606373
0 0.22 0.32755388940955954 0.01 0.01218369259606373
0 0.18625 0.38425492033739456 0.01375 0.01218369259606373
0 0.429375 0.39034676663542645 0.015 0.00937207122774133
0 0.233125 0.47797563261480785 0.0175 0.01780693533270853
0 0.250625 0.4803186504217432 0.02125 0.01780693533270853
0 0.239375 0.48828491096532334 0.0125 0.014058106841611996
0 0.015625 0.4878163074039363 0.01125 0.014058106841611996
0 0.024375 0.4835988753514527 0.0175 0.00937207122774133
0 0.248125 0.57029053420806 0.015 0.01780693533270853
0 0.258125 0.5693533270852859 0.025 0.019681349578256794
0 0.37625 0.5164011246485474 0.02125 0.01780693533270853
0 0.241875 0.6757263355201499 0.01875 0.01780693533270853
0 0.1 0.6527647610121837 0.12 0.08809746954076851
0 0.085 0.7033739456419869 0.1075 0.09934395501405811
0 0.031875 0.746485473289597 0.06375 0.09465791940018745
0 0.13875 0.8926897844423618 0.01375 0.013120899718837863
0 0.27125 0.8626991565135895 0.02125 0.01780693533270853
0 0.48625 0.6583880037488284 0.02125 0.01218369259606373
0 0.7275 0.7619493908153702 0.02125 0.01218369259606373
0 0.465 0.5398313027179007 0.0275 0.022492970946579195
0 0.488125 0.5431115276476102 0.0275 0.023430178069353328
0 0.555625 0.3983130271790066 0.025 0.02530459231490159
0 0.55625 0.17619493908153702 0.01625 0.013120899718837863
0 0.590625 0.1846298031865042 0.0125 0.010309278350515464
0 0.59875 0.18416119962511715 0.0125 0.01218369259606373
0 0.845625 0.14620431115276475 0.04 0.023430178069353328
0 0.925625 0.21649484536082475 0.03875 0.02155576382380506
0 0.749375 0.07638238050609185 0.02 0.01874414245548266
0 0.55375 0.05107778819119025 0.01125 0.008434864104967198