0 0.82 0.48219306466729145 0.075 0.05435801312089972
0 0.6475 0.5154639175257731 0.095 0.07122774133083412
0 0.896875 0.5229615745079662 0.07875 0.061855670103092786
0 0.4625 0.7849109653233365 0.025 0.01780693533270853
0 0.734375 0.358950328022493 0.08125 0.06091846298031865
0 0.65375 0.22586691658856609 0.08 0.053420805998125584
0 0.133125 0.5581068416119962 0.02375 0.015932521087160263
0 0.1175 0.9231490159325211 0.01875 0.01499531396438613
0 0.21 0.6508903467666354 0.02375 0.01780693533270853
0 0.618125 0.5721649484536082 0.0825 0.05998125585754452
0 0.60875 0.851921274601687 0.02375 0.01780693533270853
0 0.235 0.6283973758200563 0.02375 0.016869728209934397
0 0.006875 0.26991565135895035 0.01375 0.01874414245548266
0 0.59875 0.6119962511715089 0.03875 0.02999062792877226
0 0.49375 0.4939081537019681 0.07625 0.07216494845360824
0 0.426875 0.8228678537956888 0.02375 0.01874414245548266
0 0.48 0.41283973758200565 0.08625 0.09184629803186505
0 0.53 0.7347703842549204 0.015 0.011246485473289597
0 0.293125 0.7197750702905342 0.0225 0.023430178069353328
0 0.05 0.5257731958762887 0.0225 0.01499531396438613
0 0.265625 0.7057169634489222 0.0225 0.01874414245548266
0 0.02 0.3125585754451734 0.0225 0.016869728209934397
0 0.394375 0.5365510777881912 0.0225 0.016869728209934397
0 0.16625 0.08716026241799438 0.0375 0.028116213683223992
0 0.2425 0.08434864104967198 0.11 0.056232427366447985
0 0.011875 0.19119025304592316 0.02375 0.02436738519212746
0 0.08625 0.19259606373008434 0.02625 0.014058106841611996
0 0.10875 0.19775070290534208 0.0125 0.011246485473289597
0 0.1175 0.20290534208059982 0.015 0.013120899718837863
0 0.28625 0.20337394564198688 0.01125 0.00937207122774133
0 0.225625 0.331302717900656 0.01625 0.014058106841611996
0 0.383125 0.29475164011246485 0.01625 0.011246485473289597
0 0.17 0.3880037488284911 0.00875 0.011246485473289597
0 0.1575 0.4493908153701968 0.0125 0.01218369259606373
0 0.39375 0.4076850984067479 0.015 0.008434864104967198
0 0.235 0.5304592314901593 0.01625 0.016869728209934397
0 0.2525 0.5295220243673852 0.02 0.016869728209934397
0 0.244375 0.5393626991565136 0.01125 0.014058106841611996
0 0.028125 0.5824742268041238 0.01 0.013120899718837863
0 0.035 0.5763823805060918 0.01625 0.008434864104967198
0 0.28125 0.6166822867853796 0.01375 0.01780693533270853
0 0.29 0.6138706654170571 0.02375 0.019681349578256794
0 0.38625 0.5398313027179007 0.02 0.016869728209934397
0 0.31125 0.7197750702905342 0.01875 0.01780693533270853
0 0.16625 0.7249297094657919 0.11625 0.08528584817244611
0 0.169375 0.7769447047797563 0.10125 0.09653233364573571
0 0.12 0.831302717900656 0.085 0.09278350515463918
0 0.286875 0.9493908153701968 0.0125 0.013120899718837863
0 0.404375 0.89456419868791 0.02 0.016869728209934397
0 0.541875 0.6555763823805061 0.02125 0.011246485473289597
0 0.81 0.7089971883786317 0.02125 0.01218369259606373
0 0.48 0.5449859418931584 0.02625 0.02155576382380506
0 0.50375 0.5440487347703843 0.02625 0.022492970946579195
0 0.51875 0.3908153701968135 0.02375 0.02436738519212746
0 0.4425 0.17666354264292408 0.01625 0.01218369259606373
0 0.47875 0.17760074976569823 0.01125 0.010309278350515464
0 0.48625 0.17572633552014996 0.0125 0.011246485473289597
0 0.711875 0.09137769447047797 0.03875 0.02155576382380506
0 0.81375 0.14339268978444236 0.03875 0.020618556701030927
0 0.595 0.042642924086223055 0.01875 0.01874414245548266
0 0.396875 0.056232427366447985 0.01125 0.008434864104967198