0 0.179375 0.5074976569821931 0.06875 0.04967197750702906
0 0.355625 0.5267104029990628 0.08625 0.06466729147141519
0 0.10875 0.5538894095595126 0.07125 0.056232427366447985
0 0.576875 0.7802249297094658 0.0225 0.015932521087160263
0 0.2475 0.3781630740393627 0.07375 0.05529522024367385
0 0.30875 0.23945641986879102 0.07375 0.04779756326148079
0 0.873125 0.5290534208059982 0.0225 0.014058106841611996
0 0.9392499999999999 0.8906466729147142 0.016924999999999954 0.013992502343017866
0 0.809375 0.627460168697282 0.02125 0.015932521087160263
0 0.3925 0.5810684161199625 0.075 0.05435801312089972
0 0.440825 0.8586504217432052 0.021737499999999983 0.016279287722586588
0 0.78125 0.6068416119962512 0.02125 0.01499531396438613
0 0.963125 0.232427366447985 0.0225 0.016869728209934397
0 0.4175 0.6190253045923149 0.035 0.02717900656044986
0 0.505625 0.49343955014058105 0.0675 0.06747891283973759
0 0.6175 0.8153795688847235 0.02125 0.016897844423617595
0 0.507725 0.4119025304592315 0.07453749999999999 0.08622305529522024
0 0.5027750000000001 0.7359793814432989 0.013100000000000023 0.010440487347703937
0 0.7363375000000001 0.7025960637300843 0.019824999999999874 0.02155576382380506
0 0.95125 0.4901593252108716 0.02125 0.013120899718837863
0 0.761875 0.6860356138706654 0.02 0.016869728209934397
0 0.95125 0.2760074976569822 0.02 0.01499531396438613
0 0.61005 0.5281630740393627 0.02011250000000004 0.015089034676663457
0 0.040999999999999995 0.9132521087160262 0.021750000000000002 0.01084348641049666
0 0.7741625000000001 0.06329896907216495 0.03370000000000004 0.025257731958762884
0 0.6980249999999999 0.0663730084348641 0.10367500000000007 0.04808809746954077
0 0.9469875000000001 0.15477038425492032 0.031212500000000035 0.02245548266166821
0 0.8684000000000001 0.16186504217432054 0.024637500000000045 0.011968134957825663
0 0.847 0.16865042174320524 0.011475000000000079 0.010731021555763814
0 0.839175 0.17450796626054357 0.013125 0.012577319587628881
0 0.6714875 0.18839737582005625 0.010275000000000034 0.008247422680412382
0 0.9957375 0.23497656982193066 0.00852499999999992 0.017488284910965348
0 0.749475 0.31089034676663546 0.014787499999999908 0.012567947516401095
0 0.5873375 0.28668228678537955 0.01480000000000004 0.010449859418931562
0 0.8126375 0.3625866916588566 0.0077750000000000345 0.011049671977506994
0 0.8338249999999999 0.42257731958762884 0.011475000000000079 0.011321462043111566
0 0.592475 0.39975632614807877 0.013562500000000028 0.007638238050609163
0 0.7679874999999999 0.5096063730084348 0.013950000000000103 0.016279287722586588
0 0.7502875 0.5097563261480786 0.018137499999999987 0.015979381443298926
0 0.7599625 0.5190159325210871 0.009424999999999954 0.013505154639175334
0 0.9807375 0.544929709465792 0.008174999999999955 0.01288659793814433
0 0.9733375 0.5393814432989691 0.015575000000000045 0.007338331771321394
0 0.733825 0.5990815370196814 0.011487500000000069 0.016897844423617595
0 0.724575 0.5967666354264293 0.02102499999999992 0.017825679475163995
0 0.6186125 0.5307497656982193 0.018087500000000034 0.01599812558575439
0 0.7184 0.7038331771321462 0.016012499999999933 0.016579194001874464
0 0.8632625 0.6976663542642924 0.10580000000000013 0.07705716963448925
0 0.867375 0.7496438612933458 0.08933750000000003 0.09029990627928763
0 0.92415 0.7997938144329897 0.07360000000000014 0.08753514526710411
0 0.774575 0.9303092783505155 0.011475000000000079 0.012249297094657859
0 0.6502875 0.885107778819119 0.018075000000000046 0.0156607310215558
0 0.480325 0.6581818181818182 0.019712499999999977 0.009821930646672932
0 0.22085000000000002 0.7319306466729147 0.019312499999999986 0.010440487347703937
0 0.5264125 0.5432333645735707 0.022999999999999972 0.01998125585754446
0 0.5025375 0.5440112464854733 0.022999999999999972 0.020909090909090856
0 0.46612499999999996 0.3928303655107779 0.02094999999999999 0.022792877225866964
0 0.5118874999999999 0.17380506091846296 0.014162500000000052 0.011443298969072146
0 0.47633749999999997 0.17787253983130272 0.01042500000000004 0.009475164011246498
0 0.468675 0.17647610121836926 0.010799999999999983 0.010599812558575448
0 0.2325875 0.11 0.03626249999999999 0.019034676663542645
0 0.13849999999999998 0.16987816307403936 0.0359 0.017600749765698195
0 0.342025 0.05249297094657919 0.01642499999999998 0.017347703842549207
0 0.5406875 0.05053420805998126 0.009675000000000012 0.007816307403936273