0 0.12375 0.5107778819119025 0.0675 0.053420805998125584
0 0.30125 0.5477975632614808 0.06 0.044048734770384255
0 0.715625 0.5149953139643861 0.0525 0.026241799437675725
0 0.365625 0.5585754451733833 0.07125 0.04873477038425492
0 0.056875 0.41518275538894095 0.06375 0.04498594189315839
0 0.1975 0.6326148078725399 0.0725 0.044048734770384255
0 0.221875 0.47703842549203374 0.0475 0.033739456419868794
0 0.653125 0.35332708528584816 0.06 0.03280224929709466
0 0.466875 0.4761012183692596 0.08125 0.06747891283973759
0 0.739375 0.4564198687910028 0.075 0.056232427366447985
0 0.43 0.443767572633552 0.06 0.04311152764761012
0 0.081875 0.6110590440487348 0.045 0.031865042174320526
0 0.285625 0.6907216494845361 0.045 0.02530459231490159
0 0.20125 0.6044985941893158 0.04 0.02717900656044986
0 0.6125 0.44892221180880976 0.05875 0.03467666354264293
0 0.60625 0.47797563261480785 0.06375 0.030927835051546393
0 0.875625 0.33270852858481725 0.04375 0.02717900656044986
0 0.815625 0.5313964386129335 0.03875 0.01780693533270853
0 0.871875 0.4442361761949391 0.0375 0.02717900656044986
0 0.3925 0.6063730084348641 0.04875 0.03748828491096532
0 0.90125 0.38847235238987815 0.04 0.023430178069353328
0 0.85 0.4845360824742268 0.04375 0.020618556701030927
0 0.55625 0.5421743205248359 0.04375 0.028116213683223992
0 0.910625 0.36644798500468606 0.04625 0.026241799437675725
0 0.81625 0.40581068416119964 0.06375 0.03655107778819119
0 0.7625 0.422680412371134 0.09375 0.06279287722586692
0 0.184375 0.7202436738519212 0.0175 0.011246485473289597
0 0.61875 0.5838800374882849 0.02 0.013120899718837863
0 0.96625 0.3561387066541706 0.0175 0.008434864104967198
0 0.86625 0.46485473289597 0.04125 0.023430178069353328
0 0.973125 0.4287722586691659 0.015 0.011246485473289597
0 0.989375 0.43767572633552015 0.01 0.011246485473289597
0 0.9975 0.48406747891283974 0.005 0.01218369259606373
0 0.705625 0.4939081537019681 0.0425 0.033739456419868794
0 0.783125 0.38940955951265227 0.01375 0.008434864104967198
0 0.700625 0.549671977507029 0.0225 0.008434864104967198
0 0.694375 0.5435801312089972 0.01375 0.007497656982193065
0 0.769375 0.5923149015932521 0.01375 0.007497656982193065
0 0.7225 0.6148078725398313 0.01125 0.008434864104967198
0 0.781875 0.6344892221180881 0.015 0.00937207122774133
0 0.814375 0.6377694470477976 0.02375 0.010309278350515464
0 0.931875 0.5937207122774133 0.01625 0.013120899718837863
0 0.90375 0.5829428303655108 0.01125 0.006560449859418931
0 0.845625 0.5801312089971884 0.0125 0.00937207122774133
0 0.945 0.5970009372071228 0.0125 0.011246485473289597
0 0.905625 0.5365510777881912 0.0125 0.011246485473289597
0 0.9975 0.5440487347703843 0.005 0.008434864104967198
0 0.4825 0.6551077788191191 0.0375 0.023430178069353328
0 0.375625 0.6260543580131209 0.065 0.03561387066541706
0 0.37875 0.6171508903467666 0.00875 0.008434864104967198
0 0.583125 0.41424554826616683 0.02875 0.010309278350515464
0 0.44125 0.3673851921274602 0.045 0.031865042174320526
0 0.199375 0.6865042174320525 0.01875 0.01218369259606373
0 0.093125 0.5360824742268041 0.07375 0.041237113402061855
0 0.00375 0.5126522961574508 0.0075 0.013120899718837863
0 0.004375 0.46344892221180883 0.00875 0.010309278350515464
1 0.023125 0.3753514526710403 0.04625 0.029053420805998126
0 0.074375 0.38003748828491096 0.0125 0.004686035613870665