0 0.8746625 0.4715838800374883 0.0589500000000001 0.04814432989690722
0 0.705625 0.5267104029990628 0.05375 0.038425492033739454
0 0.289375 0.5374226804123711 0.04875 0.021696344892221265
0 0.64375 0.5440487347703843 0.06375 0.04217432052483599
0 0.923125 0.3697282099343955 0.0575 0.03936269915651359
0 0.8242875 0.5996813495782568 0.06625 0.03748828491096532
0 0.77125 0.4484536082474227 0.0425 0.02999062792877226
0 0.32125 0.37066541705716965 0.055 0.02717900656044986
0 0.52815 0.4729615745079662 0.07118750000000006 0.06062792877225872
0 0.255 0.4817244611059044 0.06625 0.04967197750702906
0 0.558675 0.4370571696344892 0.0539 0.03779756326148082
0 0.934375 0.5661761949390816 0.04 0.02833177132146206
0 0.7476999999999999 0.6663542642924086 0.04125 0.02155576382380506
0 0.815 0.5721649484536082 0.03625 0.023430178069353328
0 0.3790125 0.46125585754451737 0.05446250000000006 0.029053420805998126
0 0.39098750000000004 0.48922211808809746 0.059462500000000064 0.02530459231490159
0 0.09675 0.373477038425492 0.04026250000000001 0.02343955014058106
0 0.193125 0.5639456419868791 0.03625 0.01455482661668226
0 0.1213875 0.4834114339268978 0.03276250000000001 0.023992502343017776
0 0.626075 0.5941424554826618 0.043387500000000044 0.03364573570759146
0 0.081625 0.43130271790065605 0.03699999999999999 0.019690721649484526
0 0.150625 0.521087160262418 0.040775000000000006 0.016316776007497733
0 0.451875 0.5477975632614808 0.04 0.02436738519212746
0 0.06875 0.4104967197750703 0.0425 0.02155576382380506
0 0.169375 0.4395501405810684 0.05875 0.030927835051546393
0 0.22552499999999998 0.4509746954076851 0.0838375 0.054939081537019686
0 0.8532875 0.6852858481724462 0.015324999999999988 0.00974695407685107
0 0.398125 0.5955951265229615 0.0175 0.011246485473289597
0 0.01155 0.40601686972820994 0.01655 0.006344892221180864
0 0.131075 0.5033270852858481 0.03807500000000001 0.01985941893158393
0 0.0183125 0.47863167760074976 0.013024999999999998 0.0099250234301781
0 0.0039000000000000003 0.48925023430178066 0.0078000000000000005 0.010187441424554725
0 0.00265 0.5367666354264292 0.0052875000000000005 0.011968134957825663
0 0.2949625 0.5154639175257731 0.0365625 0.030646672914714193
0 0.19923749999999998 0.42020618556701034 0.012012500000000016 0.006925960637300831
0 0.31024999999999997 0.5701124648547329 0.021975000000000015 0.006644798500468527
0 0.3154 0.5635801312089972 0.01206249999999997 0.00665417057169626
0 0.2504375 0.6193345829428304 0.012075000000000032 0.006504217432052535
0 0.3007375 0.6370009372071227 0.0096875 0.007675726335520201
0 0.2458875 0.662605435801312 0.01365000000000002 0.008416119962511731
0 0.2144 0.6694376757263355 0.02197499999999998 0.00811621368322407
0 0.08953749999999999 0.6377413308341143 0.014649999999999998 0.011836925960637403
0 0.11537499999999999 0.6240862230552952 0.010874999999999985 0.005014058106841527
0 0.17231249999999998 0.6152483598875351 0.010675000000000025 0.008134957825679535
0 0.07715 0.6424929709465792 0.010874999999999994 0.010056232427366465
0 0.104775 0.5783505154639176 0.01067499999999999 0.010665417057169736
0 0.0115 0.5963917525773196 0.0106875 0.007535145267103996
0 0.0061625 0.6015089034676663 0.0099 0.008275538894095527
0 0.5462125 0.651846298031865 0.03444999999999993 0.02014995313964386
0 0.646725 0.6120618556701032 0.06077499999999993 0.029128397375819987
0 0.6414749999999999 0.603223992502343 0.007512499999999989 0.007544517338331729
0 0.40165 0.4238519212746017 0.027325000000000016 0.007844423617619499
0 0.53335 0.3626710402999063 0.03998750000000001 0.02802249297094656
0 0.8322375 0.6533364573570759 0.01663749999999993 0.01067478912839747
0 0.9097624999999999 0.49307403936269917 0.06821249999999993 0.034742268041237104
0 0.9954500000000001 0.4605904404873477 0.009087499999999978 0.012314901593252096
0 0.9874625 0.4122961574507966 0.01446249999999992 0.009053420805998096
0 0.9920125 0.33701968134957827 0.015962499999999977 0.008791002811621365
1 0.9548125000000001 0.3269072164948454 0.05375 0.02329896907216496
0 0.8989 0.336738519212746 0.011387499999999875 0.003355201499531435