0 0.12375 0.48641049671977504 0.0625 0.05060918462980318
0 0.29625 0.5346766635426429 0.05625 0.04029990627928772
0 0.713125 0.5290534208059982 0.05 0.023430178069353328
0 0.359375 0.549671977507029 0.06625 0.04498594189315839
0 0.068125 0.3865979381443299 0.06 0.041237113402061855
0 0.183125 0.612464854732896 0.06875 0.04029990627928772
0 0.225625 0.4592314901593252 0.045 0.031865042174320526
0 0.669375 0.36363636363636365 0.05625 0.029053420805998126
0 0.47 0.4742268041237113 0.075 0.06373008434864105
0 0.743125 0.4723523898781631 0.07 0.05248359887535145
0 0.436875 0.4395501405810684 0.05625 0.04029990627928772
0 0.070625 0.5829428303655108 0.0425 0.02999062792877226
0 0.264375 0.6757263355201499 0.0425 0.023430178069353328
0 0.190625 0.584348641049672 0.0375 0.02436738519212746
0 0.618125 0.4564198687910028 0.05625 0.030927835051546393
0 0.608125 0.48500468603561386 0.06125 0.02717900656044986
0 0.89375 0.3580131208997188 0.04125 0.02530459231490159
0 0.810625 0.5520149953139644 0.0375 0.015932521087160263
0 0.876875 0.46860356138706655 0.035 0.02530459231490159
0 0.380625 0.598875351452671 0.04625 0.03561387066541706
0 0.913125 0.41518275538894095 0.03875 0.02155576382380506
0 0.850625 0.5074976569821931 0.04125 0.01780693533270853
0 0.55125 0.5459231490159325 0.04125 0.026241799437675725
0 0.924375 0.3936269915651359 0.04375 0.023430178069353328
0 0.82625 0.42642924086223055 0.06125 0.03280224929709466
0 0.770625 0.44048734770384257 0.0875 0.05810684161199625
0 0.16 0.6986879100281163 0.01625 0.010309278350515464
0 0.608125 0.5913776944704779 0.01875 0.01218369259606373
0 0.98125 0.38706654170571697 0.0175 0.006560449859418931
0 0.86875 0.4887535145267104 0.04 0.02155576382380506
0 0.979375 0.4597000937207123 0.01375 0.010309278350515464
0 0.994375 0.4700093720712277 0.00875 0.010309278350515464
0 0.998125 0.5168697282099344 0.00375 0.01218369259606373
0 0.705625 0.5074976569821931 0.03875 0.031865042174320526
0 0.795 0.408622305529522 0.0125 0.007497656982193065
0 0.694375 0.5627928772258669 0.0225 0.007497656982193065
0 0.68875 0.556232427366448 0.0125 0.007497656982193065
0 0.7575 0.6091846298031866 0.0125 0.006560449859418931
0 0.70875 0.6288659793814433 0.01 0.008434864104967198
0 0.765 0.6522961574507966 0.01375 0.00937207122774133
0 0.796875 0.6579194001874414 0.0225 0.00937207122774133
0 0.919375 0.6213683223992502 0.015 0.01218369259606373
0 0.8925 0.6087160262417994 0.01125 0.005623242736644799
0 0.835 0.6021555763823805 0.01125 0.008434864104967198
0 0.9325 0.6255857544517338 0.01125 0.010309278350515464
0 0.9 0.5627928772258669 0.01125 0.011246485473289597
0 0.994375 0.5773195876288659 0.01125 0.007497656982193065
0 0.9975 0.5815370196813496 0.005 0.008434864104967198
0 0.464375 0.6532333645735707 0.03625 0.02155576382380506
0 0.36125 0.6176194939081537 0.0625 0.031865042174320526
0 0.365625 0.6087160262417994 0.0075 0.007497656982193065
0 0.593125 0.4198687910028116 0.0275 0.00937207122774133
0 0.456875 0.3641049671977507 0.0425 0.02999062792877226
0 0.17875 0.6663542642924086 0.0175 0.011246485473289597
0 0.090625 0.5093720712277413 0.07 0.03748828491096532
0 0.00375 0.47985004686035615 0.0075 0.013120899718837863
0 0.006875 0.4311152764761012 0.01375 0.00937207122774133
0 0.0025 0.3561387066541706 0.005 0.00937207122774133
1 0.03375 0.344892221180881 0.055 0.02530459231490159
0 0.09 0.35238987816307404 0.01125 0.0037488284910965324