0 0.554375 0.6986879100281163 0.09375 0.06560449859418932
0 0.506875 0.4653233364573571 0.08 0.05529522024367385
0 0.501875 0.6059044048734771 0.08 0.05435801312089972
0 0.445 0.3683223992502343 0.05625 0.05998125585754452
0 0.524375 0.7436738519212746 0.075 0.061855670103092786
0 0.38875 0.6644798500468604 0.09625 0.09372071227741331
0 0.62375 0.32567947516401125 0.09 0.05248359887535145
0 0.60875 0.5567010309278351 0.06 0.04498594189315839
0 0.481875 0.8444236176194939 0.0325 0.023430178069353328
0 0.32 0.09746954076850985 0.0625 0.05154639175257732
0 0.35 0.046860356138706656 0.05625 0.04592314901593252
0 0.03 0.380506091846298 0.0525 0.03280224929709466
0 0.884375 0.07403936269915651 0.0875 0.08247422680412371
0 0.625 0.08341143392689784 0.04625 0.056232427366447985
0 0.233125 0.3177132146204311 0.1325 0.1021555763823805
0 0.178125 0.6148078725398313 0.04875 0.031865042174320526
0 0.3325 0.42033739456419866 0.1075 0.1021555763823805
0 0.250625 0.4311152764761012 0.11625 0.09934395501405811
0 0.59875 0.08294283036551078 0.03375 0.04311152764761012
0 0.516875 0.06560449859418932 0.08 0.07310215557638237
0 0.3525 0.13776944704779756 0.02875 0.031865042174320526
0 0.0125 0.44892221180880976 0.025 0.03936269915651359
0 0.116875 0.569821930646673 0.105 0.09465791940018745
0 0.110625 0.5759137769447048 0.02375 0.023430178069353328
0 0.130625 0.6855670103092784 0.1325 0.1274601686972821
0 0.24125 0.8013120899718837 0.0525 0.033739456419868794
0 0.265 0.795688847235239 0.0225 0.019681349578256794
0 0.344375 0.8008434864104967 0.02 0.014058106841611996
0 0.5725 0.8748828491096532 0.04875 0.05810684161199625
0 0.5525 0.9615745079662605 0.0325 0.02436738519212746
0 0.45875 0.6527647610121837 0.03125 0.01780693533270853
0 0.633125 0.5740393626991566 0.0375 0.02436738519212746
0 0.760625 0.46672914714151825 0.03875 0.02530459231490159
0 0.415625 0.4700093720712277 0.01875 0.01780693533270853
0 0.793125 0.37910028116213684 0.055 0.04311152764761012
0 0.935625 0.39268978444236174 0.12125 0.13120899718837864
0 0.91375 0.7258669165885661 0.05375 0.041237113402061855
0 0.885 0.7867853795688847 0.0525 0.03748828491096532
0 0.820625 0.29756326148078727 0.18375 0.14620431115276475