0 0.545 0.7000937207122774 0.09125 0.06373008434864105
0 0.508125 0.4653233364573571 0.07875 0.053420805998125584
0 0.496875 0.6059044048734771 0.07875 0.05248359887535145
0 0.45125 0.3669165885660731 0.05375 0.059044048734770385
0 0.513125 0.7441424554826617 0.0725 0.05998125585754452
0 0.38125 0.6611996251171509 0.0925 0.09090909090909091
0 0.631875 0.3289597000937207 0.08875 0.04967197750702906
0 0.60625 0.5595126522961574 0.0575 0.044048734770384255
0 0.465625 0.8439550140581068 0.03125 0.022492970946579195
0 0.33875 0.09278350515463918 0.06 0.04967197750702906
0 0.37125 0.04358013120899719 0.05375 0.044048734770384255
0 0.035625 0.3683223992502343 0.05125 0.031865042174320526
0 0.90375 0.08434864104967198 0.08375 0.08059981255857544
0 0.644375 0.0866916588566073 0.04375 0.05529522024367385
0 0.241875 0.3106841611996251 0.12875 0.09934395501405811
0 0.173125 0.6063730084348641 0.0475 0.030927835051546393
0 0.33625 0.415651358950328 0.1025 0.10028116213683223
0 0.25375 0.4245548266166823 0.1125 0.09653233364573571
0 0.618125 0.08575445173383317 0.0325 0.04217432052483599
0 0.536875 0.06654170571696345 0.0775 0.07122774133083412
0 0.369375 0.13402061855670103 0.02625 0.031865042174320526
0 0.01375 0.436269915651359 0.0275 0.038425492033739454
0 0.11375 0.5595126522961574 0.10125 0.09278350515463918
0 0.106875 0.5656044985941893 0.0225 0.023430178069353328
0 0.1225 0.676194939081537 0.12625 0.1246485473289597
0 0.2275 0.7942830365510778 0.05125 0.03280224929709466
0 0.251875 0.7891283973758201 0.0225 0.01874414245548266
0 0.33 0.7966260543580131 0.02 0.014058106841611996
0 0.555 0.8762886597938144 0.04625 0.05716963448922212
0 0.53125 0.9625117150890347 0.03125 0.02436738519212746
0 0.451875 0.6518275538894096 0.03 0.016869728209934397
0 0.629375 0.5773195876288659 0.03625 0.02436738519212746
0 0.761875 0.47375820056232426 0.03875 0.02436738519212746
0 0.4175 0.4681349578256795 0.01875 0.016869728209934397
0 0.798125 0.38706654170571697 0.0525 0.04217432052483599
0 0.94 0.40393626991565135 0.11625 0.12839737582005623
0 0.903125 0.7366447985004686 0.0525 0.03936269915651359
0 0.87125 0.7966260543580131 0.05125 0.03561387066541706
0 0.83 0.30599812558575445 0.1775 0.14245548266166824