0 0.46875 0.7014995313964386 0.0875 0.05998125585754452
0 0.489375 0.46579194001874413 0.075 0.05060918462980318
0 0.510625 0.60543580131209 0.075 0.04967197750702906
0 0.539375 0.3650421743205248 0.05 0.05716963448922212
0 0.50375 0.7441424554826617 0.06875 0.05716963448922212
0 0.63 0.6565135895032802 0.08625 0.08809746954076851
0 0.35625 0.3345829428303655 0.085 0.046860356138706656
0 0.39831249999999996 0.5636363636363636 0.05523750000000007 0.04194939081537019
0 0.558125 0.8420805998125586 0.03 0.02155576382380506
0 0.632625 0.0871227741330834 0.05724999999999994 0.047731958762886606
0 0.5968 0.039006560449859416 0.05140000000000001 0.04239925023430178
0 0.9545874999999999 0.3503936269915651 0.04956250000000011 0.02973758200562326
0 0.0675 0.10076850984067479 0.07875 0.07774133083411436
0 0.327025 0.09308341143392689 0.04030000000000001 0.053767572633552016
0 0.744375 0.30084348641049674 0.1225 0.09465791940018745
0 0.83375 0.5932521087160263 0.045 0.029053420805998126
0 0.6575 0.4095595126522962 0.09625 0.09653233364573571
0 0.740625 0.41518275538894095 0.10625 0.09278350515463918
0 0.352825 0.09077788191190253 0.02907499999999999 0.04149015932521088
0 0.4327125 0.06854732895970009 0.07243750000000006 0.06866916588566074
0 0.6048375 0.12946579194001873 0.02466250000000002 0.030768509840674776
0 0.984375 0.41705716963448924 0.03125 0.03748828491096532
0 0.8898 0.5444142455482661 0.09493750000000006 0.08919400187441431
0 0.8969374999999999 0.550215557638238 0.0213624999999999 0.022577319587628788
0 0.889525 0.660909090909091 0.11854999999999989 0.1204592314901593
0 0.7929 0.7831865042174321 0.04944999999999993 0.030740393626991522
0 0.7681874999999999 0.7790721649484535 0.020825000000000104 0.018397375820056336
0 0.690225 0.7895688847235239 0.018700000000000046 0.013045923149016
0 0.471425 0.8780599812558575 0.04224999999999994 0.05582005623242731
0 0.50135 0.9632802249297094 0.029625000000000058 0.022895970009372026
0 0.558725 0.6496251171508903 0.029124999999999943 0.015567010309278257
0 0.3761625 0.5823149015932522 0.03511250000000004 0.022567947516401055
0 0.236425 0.48392689784442366 0.03676250000000003 0.02338331771321466
0 0.5804 0.46478912839737585 0.01751249999999999 0.01640112464854733
0 0.19415 0.398912839737582 0.05 0.04025304592314906
0 0.0538375 0.42133083411433925 0.107675 0.12460168697282092
0 0.11398749999999999 0.752136832239925 0.04993749999999999 0.037816307403936184
0 0.149675 0.8107872539831302 0.048837500000000006 0.03407685098406738
0 0.0118375 0.8704592314901592 0.023675 0.024985941893158465
0 0.1568125 0.3192314901593252 0.1685875 0.13612933458294282