0 0.59875 0.42863849765258216 0.12625 0.09295774647887324
0 0.233125 0.6253521126760564 0.09375 0.05070422535211268
0 0.4825 0.3046948356807512 0.0825 0.06666666666666667
0 0.586875 0.3539906103286385 0.08625 0.061971830985915494
0 0.351875 0.34507042253521125 0.08875 0.07605633802816901
0 0.2075 0.28826291079812205 0.05125 0.04131455399061033
0 0.058125 0.46619718309859154 0.045 0.03286384976525822
0 0.114375 0.4624413145539906 0.05125 0.038497652582159626
0 0.53625 0.32018779342723 0.0475 0.03380281690140845
0 0.721875 0.18544600938967137 0.06625 0.04131455399061033
0 0.883125 0.2830985915492958 0.0375 0.03192488262910798
0 0.825 0.19061032863849764 0.03875 0.03286384976525822
0 0.64 0.23615023474178404 0.0525 0.05539906103286385
0 0.715 0.6295774647887324 0.08375 0.028169014084507043
0 0.875625 0.41737089201877936 0.055 0.044131455399061034
0 0.7475 0.28075117370892017 0.2325 0.15211267605633802
0 0.771875 0.5929577464788732 0.0775 0.02910798122065728
0 0.55375 0.5384976525821596 0.0525 0.036619718309859155
0 0.819375 0.4892018779342723 0.0575 0.0215962441314554
0 0.285 0.5934272300469483 0.04625 0.022535211267605635
0 0.68875 0.19718309859154928 0.02 0.013145539906103286
0 0.685625 0.11502347417840375 0.015 0.01596244131455399
0 0.749375 0.3131455399061033 0.02875 0.02535211267605634
0 0.484375 0.12910798122065728 0.03625 0.012206572769953052
0 0.5725 0.19624413145539907 0.03 0.0215962441314554
0 0.546875 0.19061032863849764 0.02125 0.015023474178403756
0 0.62 0.315962441314554 0.0175 0.015023474178403756
0 0.050625 0.2995305164319249 0.035 0.02910798122065728
0 0.055625 0.32582159624413143 0.01625 0.011267605633802818
0 0.7925 0.3732394366197183 0.0425 0.02629107981220657
0 0.845625 0.4751173708920188 0.0475 0.0215962441314554
0 0.7825 0.3248826291079812 0.03625 0.023474178403755867
0 0.67625 0.6291079812206573 0.01625 0.01971830985915493
0 0.64125 0.5183098591549296 0.03125 0.013145539906103286
0 0.659375 0.49953051643192486 0.01875 0.014084507042253521
0 0.47375 0.57981220657277 0.0225 0.011267605633802818
0 0.02875 0.4943661971830986 0.04 0.02629107981220657
0 0.083125 0.655868544600939 0.02875 0.022535211267605635
0 0.083125 0.6892018779342723 0.01625 0.010328638497652582
0 0.135625 0.5704225352112676 0.01125 0.012206572769953052
0 0.02 0.6075117370892019 0.01 0.008450704225352112
0 0.318125 0.468075117370892 0.01625 0.012206572769953052
0 0.130625 0.7699530516431925 0.03375 0.022535211267605635
0 0.106875 0.7234741784037558 0.0275 0.020657276995305163
0 0.14 0.7220657276995305 0.015 0.010328638497652582
0 0.64625 0.24507042253521127 0.015 0.014084507042253521
0 0.48375 0.12018779342723004 0.02875 0.010328638497652582
0 0.099375 0.6234741784037559 0.06 0.030985915492957747
0 0.115625 0.6323943661971831 0.0675 0.030985915492957747
0 0.084375 0.5985915492957746 0.15125 0.03192488262910798