0 0.6025 0.4309859154929577 0.1225 0.09014084507042254
0 0.2275 0.6183098591549295 0.09125 0.048826291079812206
0 0.49125 0.30422535211267604 0.07875 0.0647887323943662
0 0.59375 0.3563380281690141 0.08375 0.06009389671361502
0 0.359375 0.34131455399061034 0.08625 0.07417840375586854
0 0.2175 0.28075117370892017 0.05 0.04037558685446009
0 0.06 0.45492957746478874 0.04375 0.03192488262910798
0 0.11625 0.45258215962441317 0.05 0.03755868544600939
0 0.544375 0.3215962441314554 0.04625 0.03286384976525822
0 0.73625 0.19154929577464788 0.065 0.04037558685446009
0 0.893125 0.2934272300469484 0.03625 0.030985915492957747
0 0.839375 0.19906103286384977 0.0375 0.03192488262910798
0 0.651875 0.23990610328638498 0.05 0.054460093896713614
0 0.709375 0.6352112676056338 0.0825 0.02535211267605634
0 0.879375 0.4272300469483568 0.05375 0.04225352112676056
0 0.7575 0.28732394366197184 0.22625 0.14647887323943662
0 0.7675 0.6 0.07625 0.027230046948356807
0 0.5525 0.539906103286385 0.05125 0.03568075117370892
0 0.819375 0.49765258215962443 0.0575 0.01971830985915493
0 0.280625 0.5877934272300469 0.04625 0.0215962441314554
0 0.7025 0.20234741784037558 0.02 0.013145539906103286
0 0.703125 0.12018779342723004 0.015 0.01596244131455399
0 0.758125 0.31971830985915495 0.02875 0.024413145539906103
0 0.501875 0.12863849765258217 0.03625 0.011267605633802818
0 0.586875 0.19859154929577466 0.02875 0.020657276995305163
0 0.56125 0.19201877934272302 0.02125 0.015023474178403756
0 0.628125 0.3192488262910798 0.0175 0.015023474178403756
0 0.060625 0.28779342723004697 0.03375 0.028169014084507043
0 0.06375 0.31408450704225355 0.01625 0.011267605633802818
0 0.79875 0.3812206572769953 0.04125 0.02535211267605634
0 0.846875 0.484037558685446 0.04625 0.020657276995305163
0 0.790625 0.3323943661971831 0.035 0.022535211267605635
0 0.67 0.6338028169014085 0.015 0.01971830985915493
0 0.640625 0.5220657276995305 0.03125 0.012206572769953052
0 0.659375 0.503755868544601 0.01875 0.014084507042253521
0 0.47 0.5793427230046948 0.0225 0.011267605633802818
0 0.029375 0.48169014084507045 0.03875 0.02535211267605634
0 0.07625 0.6450704225352113 0.0275 0.0215962441314554
0 0.074375 0.6779342723004694 0.01625 0.010328638497652582
0 0.1325 0.5610328638497653 0.01125 0.011267605633802818
0 0.015625 0.5948356807511737 0.00875 0.007511737089201878
0 0.32 0.46338028169014084 0.01625 0.012206572769953052
0 0.118125 0.760093896713615 0.0325 0.0215962441314554
0 0.096875 0.7126760563380282 0.02625 0.01971830985915493
0 0.13 0.7126760563380282 0.015 0.010328638497652582
0 0.6575 0.24929577464788732 0.015 0.014084507042253521
0 0.50125 0.11971830985915492 0.02875 0.009389671361502348
0 0.09375 0.6131455399061033 0.05875 0.02910798122065728
0 0.109375 0.6220657276995305 0.06625 0.03004694835680751
0 0.08 0.5877934272300469 0.15 0.028169014084507043