0 0.80375 0.20290534208059982 0.0975 0.07685098406747891
1 0.650625 0.6644798500468604 0.2375 0.09934395501405811
0 0.8375 0.14479850046860357 0.0475 0.04029990627928772
1 0.121875 0.53514526710403 0.05375 0.06841611996251172
0 0.71875 0.2169634489222118 0.04375 0.03561387066541706
0 0.231875 0.4119025304592315 0.04625 0.05810684161199625
0 0.775 0.1330834114339269 0.05875 0.046860356138706656
1 0.3075 0.5871602624179943 0.07625 0.07685098406747891
1 0.03375 0.5510777881911902 0.0675 0.13683223992502344
0 0.579375 0.42033739456419866 0.0425 0.03748828491096532
0 0.890625 0.1579194001874414 0.04125 0.03280224929709466
0 0.89625 0.2624179943767573 0.02625 0.013120899718837863
0 0.621875 0.6312089971883786 0.0475 0.01874414245548266
0 0.473125 0.5576382380506092 0.03 0.02999062792877226
0 0.621875 0.6433926897844423 0.03 0.013120899718837863
0 0.501875 0.5665417057169635 0.035 0.010309278350515464
0 0.1475 0.4114339268978444 0.03625 0.026241799437675725
0 0.0325 0.4939081537019681 0.0375 0.02436738519212746
0 0.43 0.8392689784442362 0.05 0.02155576382380506
0 0.485 0.7872539831302718 0.04 0.016869728209934397
1 0.0525 0.7478912839737581 0.025 0.03655107778819119
1 0.974375 0.4339268978444236 0.05 0.07685098406747891
1 0.560625 0.47891283973758203 0.16 0.07778819119025304
1 0.03625 0.44189315838800375 0.0725 0.04029990627928772
1 0.12125 0.37582005623242737 0.2425 0.06560449859418932
1 0.74125 0.35051546391752575 0.41875 0.32239925023430177
1 0.71375 0.4072164948453608 0.48875 0.38331771321462044
1 0.976875 0.6246485473289597 0.04625 0.09653233364573571
0 0.361875 0.6865042174320525 0.035 0.031865042174320526
0 0.596875 0.676194939081537 0.0225 0.00937207122774133
0 0.5625 0.683223992502343 0.015 0.020618556701030927
0 0.51125 0.5567010309278351 0.03125 0.014058106841611996
0 0.506875 0.5103092783505154 0.01125 0.006560449859418931
0 0.52 0.5089034676663543 0.01125 0.005623242736644799
0 0.576875 0.49812558575445176 0.01125 0.0037488284910965324
0 0.52 0.3898781630740394 0.0225 0.019681349578256794
0 0.548125 0.3233364573570759 0.01625 0.016869728209934397