0 0.144375 0.23758200562324275 0.08625 0.06841611996251172
1 0.38125 0.6785379568884724 0.225 0.07685098406747891
0 0.1 0.1833083411433927 0.0407875 0.03638238050609184
1 0.88125 0.49540768509840677 0.0425 0.06447985004686031
0 0.230625 0.24273664479850046 0.03875 0.031865042174320526
0 0.749375 0.3847235238987816 0.03625 0.05529522024367385
0 0.159375 0.16541705716963448 0.05125 0.04217432052483599
1 0.706875 0.5660731021555764 0.06375 0.07122774133083412
1 0.974375 0.5014058106841612 0.05125 0.1330834114339269
0 0.406875 0.42924086223055297 0.03625 0.033739456419868794
0 0.049375 0.20196813495782567 0.03625 0.029053420805998126
0 0.06375 0.30599812558575445 0.025 0.010309278350515464
0 0.40375 0.6424554826616682 0.045 0.014058106841611996
0 0.5375 0.5543580131208997 0.025 0.02717900656044986
0 0.405625 0.654639175257732 0.02875 0.010309278350515464
0 0.51025 0.566232427366448 0.03448750000000004 0.007188378631677669
0 0.8325 0.3753514526710403 0.0325 0.023430178069353328
0 0.961875 0.4451733833177132 0.03375 0.020618556701030927
0 0.6325 0.8284910965323337 0.0475 0.016869728209934397
0 0.5680499999999999 0.7831115276476102 0.0375 0.013120899718837863
1 0.989375 0.6986879100281163 0.01875 0.03467666354264293
1 0.018125 0.48406747891283974 0.03625 0.07403936269915651
1 0.4358875 0.4852858481724461 0.1493625 0.06295220243673853
1 0.95745 0.39349578256794754 0.08509999999999991 0.031518275538894094
1 0.8659625 0.3361387066541706 0.26807500000000006 0.03823805060918459
1 0.23307499999999998 0.37725398313027175 0.36922499999999997 0.28673851921274607
1 0.2709625 0.4304404873477038 0.4291375 0.3415745079662606
1 0.03305 0.674892221180881 0.0660875 0.0905154639175257
0 0.6711750000000001 0.670074976569822 0.029650000000000034 0.02884723523898779
0 0.43693750000000003 0.6847047797563262 0.02207499999999996 0.006672914714151725
0 0.4720125 0.6877694470477976 0.01103750000000005 0.01922211808809746
0 0.4993 0.5573289597000937 0.029375 0.010927835051546469
0 0.49512500000000004 0.5108622305529522 0.01052499999999995 0.005398313027178998
0 0.48192500000000005 0.5110684161199625 0.011075000000000017 0.0044329896907216665
0 0.4236 0.5062980318650422 0.011075000000000017 0.0029053420805997274
0 0.4597 0.3928959700093721 0.01927499999999995 0.018294283036551062
0 0.419675 0.33001874414245547 0.013662499999999937 0.015857544517338295