0 0.855625 0.23758200562324275 0.08625 0.06841611996251172
1 0.61875 0.6785379568884724 0.225 0.07685098406747891
0 0.9 0.18322399250234303 0.04125 0.03655107778819119
1 0.11875 0.49531396438612935 0.0425 0.06466729147141519
0 0.769375 0.24273664479850046 0.03875 0.031865042174320526
0 0.250625 0.3847235238987816 0.03625 0.05529522024367385
0 0.840625 0.16541705716963448 0.05125 0.04217432052483599
1 0.293125 0.5660731021555764 0.06375 0.07122774133083412
1 0.025625 0.5014058106841612 0.05125 0.1330834114339269
0 0.593125 0.42924086223055297 0.03625 0.033739456419868794
0 0.950625 0.20196813495782567 0.03625 0.029053420805998126
0 0.93625 0.30599812558575445 0.025 0.010309278350515464
0 0.59625 0.6424554826616682 0.045 0.014058106841611996
0 0.4625 0.5543580131208997 0.025 0.02717900656044986
0 0.594375 0.654639175257732 0.02875 0.010309278350515464
0 0.49 0.5660731021555764 0.035 0.007497656982193065
0 0.1675 0.3753514526710403 0.0325 0.023430178069353328
0 0.038125 0.4451733833177132 0.03375 0.020618556701030927
0 0.3675 0.8284910965323337 0.0475 0.016869728209934397
0 0.431875 0.7830365510777882 0.0375 0.013120899718837863
1 0.010625 0.6986879100281163 0.01875 0.03467666354264293
1 0.981875 0.48406747891283974 0.03625 0.07403936269915651
1 0.564375 0.4854732895970009 0.14875 0.06279287722586692
1 0.0425 0.3936269915651359 0.085 0.031865042174320526
1 0.13375 0.33598875351452673 0.2675 0.038425492033739454
1 0.766875 0.37722586691658855 0.36875 0.2867853795688847
1 0.72875 0.43064667291471415 0.42875 0.34114339268978444
1 0.966875 0.6747891283973758 0.06625 0.09090909090909091
0 0.32875 0.6701030927835051 0.03 0.029053420805998126
0 0.563125 0.6846298031865042 0.0225 0.006560449859418931
0 0.528125 0.6879100281162137 0.01125 0.019681349578256794
0 0.500625 0.5571696344892221 0.03 0.011246485473289597
0 0.505 0.5107778819119025 0.01 0.005623242736644799
0 0.518125 0.5112464854732895 0.01125 0.004686035613870665
0 0.57625 0.5060918462980318 0.01125 0.0028116213683223993
0 0.54 0.39268978444236174 0.01875 0.01874414245548266
0 0.580625 0.32989690721649484 0.01375 0.015932521087160263