0 0.07875 0.7952202436738519 0.02125 0.016869728209934397
0 0.4325 0.49625117150890347 0.05 0.04217432052483599
1 0.1725 0.47891283973758203 0.16 0.17057169634489222
0 0.425625 0.24931583880037486 0.03125 0.011283973758200528
0 0.456875 0.2713214620431115 0.0275 0.02155576382380506
0 0.274375 0.3055295220243674 0.01625 0.01218369259606373
0 0.251875 0.1545548266166823 0.0225 0.01108716026241798
0 0.335625 0.2769447047797563 0.02875 0.020618556701030927
0 0.319375 0.34629803186504216 0.0175 0.013120899718837863
0 0.09 0.4372071227741331 0.02625 0.022492970946579195
0 0.558125 0.37910028116213684 0.0175 0.01780693533270853
0 0.579225 0.56601686972821 0.12878749999999997 0.08423617619493919
0 0.10375 0.8144329896907216 0.03625 0.02530459231490159
0 0.25165 0.16537019681349577 0.024037500000000024 0.01097469540768508
0 0.36768749999999994 0.1663448922211809 0.033974999999999936 0.03409559512652296
0 0.35383749999999997 0.28498594189315835 0.012025000000000006 0.019784442361761963
0 0.42596249999999997 0.26118088097469544 0.036587499999999974 0.01058106841611993
0 0.5105 0.28870665417057173 0.035275000000000035 0.03389878163074036
0 0.37799999999999995 0.45710402999062794 0.015412500000000051 0.019203373945641995
0 0.3708125 0.48208997188378633 0.07682500000000005 0.07621368322399244
0 0.1813625 0.5194095595126523 0.05122500000000001 0.08659793814432992
0 0.21245 0.6075820056232427 0.05853749999999998 0.04506091846298025
0 0.21493749999999998 0.6332521087160262 0.047824999999999986 0.047413308341143316
0 0.036062500000000004 0.5015838800374883 0.014637499999999996 0.010974695407685132
0 0.042074999999999994 0.49149015932521084 0.004700000000000002 0.008425492033739466
0 0.004375 0.5074976569821931 0.00875 0.006560449859418931
0 0.0159375 0.5251921274601687 0.012024999999999997 0.0135238987816308
0 0.0267875 0.5391096532333646 0.00915 0.011555763823804993
0 0.005625 0.5529522024367385 0.01125 0.01874414245548266
0 0.0074375000000000005 0.5723055295220243 0.007625 0.00402999062792873
0 0.0079375 0.5750702905342081 0.004874999999999999 0.00262417994376753
0 0.0059375 0.6074507966260544 0.011875 0.014901593252108802
0 0.376875 0.7824179943767573 0.028225000000000052 0.02116213683223986
0 0.566075 0.7959325210871603 0.014412499999999965 0.011705716963448931
0 0.46216250000000003 0.6967478912839737 0.028225000000000052 0.021387066541705656
0 0.5539125 0.6126522961574509 0.05435000000000002 0.03557638238050612
0 0.6762999999999999 0.6143392689784443 0.011450000000000102 0.009231490159325126
0 0.8070625 0.5879100281162136 0.10050000000000012 0.009381443298969063
0 0.8734375 0.5693252108716027 0.021287499999999966 0.008388003748828534
0 0.8782625000000001 0.556157450796626 0.02041249999999991 0.012343017806935402
0 0.9541875000000001 0.606991565135895 0.03883749999999992 0.013327085285848198
0 0.7159749999999999 0.4995126522961575 0.08759999999999991 0.05718837863167758
0 0.6308375 0.5515276476101219 0.0864 0.05538894095595118
0 0.8959375 0.42406747891283975 0.05110000000000014 0.010702905342080562
0 0.8563124999999999 0.42329896907216497 0.0247999999999999 0.013383317713214595
0 0.8724625 0.43434864104967197 0.0503125 0.010421743205248364
0 0.6127625 0.3745641986879101 0.034950000000000044 0.03055295220243676
0 0.7391125 0.28386129334582944 0.011225000000000023 0.01610121836925956
0 0.7200624999999999 0.2723805060918463 0.020187500000000115 0.009943767572633565
0 0.72595 0.31402999062792875 0.02148750000000007 0.07785379568884729
0 0.754375 0.13075913776944706 0.0359375 0.036541705716963455
0 0.9355 0.13441424554826614 0.06685000000000002 0.02880974695407686
0 0.9350749999999999 0.10674789128397376 0.06824999999999988 0.029859418931583892
0 0.844075 0.7560074976569822 0.013112500000000011 0.008209934395501398
0 0.9962125000000001 0.8234957825679475 0.007562499999999943 0.011424554826616733
1 0.7491374999999999 0.7896532333645735 0.22651250000000003 0.08311152764761018
1 0.273725 0.803767572633552 0.05931249999999998 0.048865979381443395
1 0.1761625 0.8427085285848172 0.2729875 0.18361761949390823
1 0.0893875 0.7641518275538894 0.1787625 0.15906279287722588
1 0.32911250000000003 0.7209653233364574 0.369825 0.24608247422680407
1 0.2953 0.563514526710403 0.25818749999999996 0.24692596063730088