0 0.145625 0.8411433926897844 0.025 0.01874414245548266
0 0.4325 0.5042174320524836 0.05875 0.04779756326148079
1 0.171875 0.5178069353327085 0.19375 0.18744142455482662
0 0.374375 0.26101218369259604 0.03375 0.01499531396438613
0 0.41 0.27928772258669166 0.03125 0.02436738519212746
0 0.236875 0.3345829428303655 0.01875 0.014058106841611996
0 0.183125 0.18791002811621368 0.025 0.014058106841611996
0 0.29125 0.29896907216494845 0.0325 0.023430178069353328
0 0.289375 0.3692596063730084 0.02 0.01499531396438613
0 0.081875 0.485941893158388 0.03 0.02530459231490159
0 0.531875 0.3739456419868791 0.02125 0.019681349578256794
0 0.591875 0.555763823805061 0.145 0.09840674789128398
0 0.174375 0.8570759137769447 0.04125 0.029053420805998126
0 0.185 0.19868791002811623 0.02625 0.014058106841611996
0 0.3 0.18603561387066542 0.04125 0.03748828491096532
0 0.310625 0.3045923149015933 0.01625 0.020618556701030927
0 0.376875 0.2727272727272727 0.03875 0.01499531396438613
0 0.46625 0.2900656044985942 0.0425 0.03748828491096532
0 0.370625 0.471883786316776 0.01875 0.020618556701030927
0 0.36875 0.49765698219306465 0.09125 0.08434864104967198
0 0.189375 0.5567010309278351 0.06875 0.09184629803186505
0 0.238125 0.6401124648547329 0.0675 0.05154639175257732
0 0.24625 0.6649484536082474 0.0575 0.05248359887535145
0 0.041875 0.555763823805061 0.01625 0.01218369259606373
0 0.045625 0.5454545454545454 0.00625 0.008434864104967198
0 0.011875 0.5656044985941893 0.01 0.007497656982193065
0 0.026875 0.5815370196813496 0.015 0.01499531396438613
0 0.040625 0.5941893158388004 0.01125 0.01218369259606373
0 0.0225 0.6101218369259607 0.015 0.019681349578256794
0 0.02875 0.6293345829428304 0.00875 0.004686035613870665
0 0.029375 0.6316776007497656 0.005 0.0028116213683223993
0 0.034375 0.6640112464854733 0.015 0.015932521087160263
0 0.4375 0.7933458294283037 0.0325 0.02436738519212746
0 0.626875 0.7844423617619494 0.01625 0.013120899718837863
0 0.50375 0.6986879100281163 0.0325 0.02436738519212746
0 0.576875 0.604967197750703 0.06125 0.041237113402061855
0 0.698125 0.5923149015932521 0.01375 0.010309278350515464
0 0.821875 0.5506091846298032 0.10125 0.020618556701030927
0 0.883125 0.5248359887535146 0.0225 0.011246485473289597
0 0.885625 0.5112464854732895 0.0225 0.01499531396438613
0 0.970625 0.5524835988753515 0.04125 0.01780693533270853
0 0.713125 0.4742268041237113 0.09875 0.06654170571696345
0 0.64 0.5356138706654171 0.0975 0.06466729147141519
0 0.875 0.3786316776007498 0.0525 0.016869728209934397
0 0.835625 0.3823805060918463 0.0275 0.015932521087160263
0 0.854375 0.39128397375820057 0.05125 0.015932521087160263
0 0.585 0.3626991565135895 0.04125 0.03467666354264293
0 0.69125 0.25866916588566075 0.015 0.016869728209934397
0 0.67 0.2492970946579194 0.0225 0.01218369259606373
0 0.684375 0.28959700093720714 0.0375 0.07966260543580131
0 0.674375 0.10543580131208997 0.0425 0.04029990627928772
0 0.85375 0.08762886597938144 0.0725 0.03655107778819119
0 0.8475 0.060449859418931585 0.07375 0.03748828491096532
0 0.893125 0.7122774133083412 0.015 0.00937207122774133
1 0.80625 0.7567947516401125 0.24125 0.10871602624179943
1 0.34 0.8266166822867854 0.06875 0.05529522024367385
1 0.251875 0.8762886597938144 0.3075 0.21368322399250234
1 0.149375 0.8092783505154639 0.21 0.1780693533270853
1 0.3775 0.7385192127460168 0.41625 0.2867853795688847
1 0.31125 0.5866916588566073 0.30625 0.274601686972821