0 0.028125 0.7483598875351453 0.02375 0.01874414245548266
0 0.43375 0.48922211808809746 0.0575 0.046860356138706656
1 0.179375 0.4451733833177132 0.19 0.18556701030927836
0 0.473125 0.24414245548266167 0.0325 0.014058106841611996
0 0.5 0.2689784442361762 0.03125 0.02436738519212746
0 0.3125 0.2839737582005623 0.01875 0.014058106841611996
0 0.318125 0.13214620431115276 0.02375 0.013120899718837863
0 0.37875 0.2619493908153702 0.0325 0.023430178069353328
0 0.349375 0.3289597000937207 0.02 0.01499531396438613
0 0.105625 0.3950328022492971 0.03 0.02530459231490159
0 0.58 0.38612933458294285 0.02125 0.019681349578256794
0 0.56625 0.5735707591377694 0.14375 0.09653233364573571
0 0.049375 0.7699156513589503 0.04 0.029053420805998126
0 0.31625 0.1429240862230553 0.02625 0.013120899718837863
0 0.430625 0.15557638238050608 0.04 0.03748828491096532
0 0.395 0.2717900656044986 0.015 0.020618556701030927
0 0.47125 0.25585754451733833 0.03875 0.014058106841611996
0 0.549375 0.29194001874414244 0.04125 0.03748828491096532
0 0.386875 0.44470477975632616 0.01875 0.020618556701030927
0 0.375625 0.46860356138706655 0.09 0.08341143392689784
0 0.180625 0.485941893158388 0.06625 0.09090909090909091
0 0.195 0.5763823805060918 0.06625 0.05060918462980318
0 0.193125 0.6021555763823805 0.05625 0.05154639175257732
0 0.04 0.45313964386129335 0.01625 0.01218369259606373
0 0.048125 0.443767572633552 0.00625 0.008434864104967198
0 0.0075 0.4554826616682287 0.01 0.007497656982193065
0 0.01625 0.4742268041237113 0.015 0.01499531396438613
0 0.024375 0.48922211808809746 0.01125 0.01218369259606373
0 0.00375 0.5009372071227741 0.0075 0.019681349578256794
0 0.00125 0.5196813495782568 0.0025 0.004686035613870665
0 0.000625 0.5224929709465792 0.00125 0.0028116213683223993
0 0.325625 0.7666354264292409 0.0325 0.02436738519212746
0 0.510625 0.7999062792877226 0.01625 0.013120899718837863
0 0.42625 0.6907216494845361 0.0325 0.02436738519212746
0 0.5325 0.6171508903467666 0.06 0.041237113402061855
0 0.653125 0.6316776007497656 0.0125 0.010309278350515464
0 0.7875 0.6190253045923149 0.10125 0.019681349578256794
0 0.856875 0.6077788191190253 0.0225 0.010309278350515464
0 0.864375 0.5951265229615745 0.0225 0.014058106841611996
0 0.93 0.6532333645735707 0.04125 0.016869728209934397
0 0.71375 0.5220243673851921 0.0975 0.06560449859418932
0 0.62 0.5646672914714151 0.09625 0.06373008434864105
0 0.90625 0.4662605435801312 0.0525 0.015932521087160263
0 0.866875 0.4611059044048735 0.0275 0.015932521087160263
0 0.88125 0.47375820056232426 0.05125 0.015932521087160263
0 0.635 0.38753514526710403 0.04 0.033739456419868794
0 0.776875 0.3106841611996251 0.01375 0.016869728209934397
0 0.76 0.29756326148078727 0.02125 0.01218369259606373
0 0.758125 0.3392689784442362 0.03625 0.07966260543580131
0 0.820625 0.16073102155576383 0.0425 0.04029990627928772
0 0.981875 0.18275538894095594 0.03625 0.03561387066541706
0 0.983125 0.15604498594189317 0.03375 0.03655107778819119
0 0.793125 0.7895970009372071 0.015 0.00937207122774133
0 0.93125 0.8720712277413308 0.01 0.01218369259606373
1 0.693125 0.8130271790065604 0.24 0.10590440487347703
1 0.219375 0.7774133083411434 0.0675 0.05435801312089972
1 0.13375 0.8050609184629803 0.2675 0.2099343955014058
1 0.07375 0.7188378631677601 0.1475 0.17619493908153702
1 0.29 0.7010309278350515 0.4125 0.28209934395501407
1 0.285625 0.5417057169634489 0.30125 0.2717900656044986