0 0.32 0.48500468603561386 0.09625 0.07122774133083412
0 0.48875 0.598406747891284 0.07125 0.04967197750702906
0 0.466875 0.5365510777881912 0.06375 0.04217432052483599
0 0.838125 0.7853795688847235 0.075 0.04498594189315839
0 0.620625 0.521087160262418 0.075 0.04779756326148079
0 0.65625 0.49625117150890347 0.06875 0.04873477038425492
0 0.625625 0.4690721649484536 0.0725 0.05248359887535145
0 0.634375 0.15323336457357076 0.05125 0.04029990627928772
0 0.79 0.5154639175257731 0.0975 0.03655107778819119
0 0.90125 0.5510777881911902 0.03375 0.033739456419868794
0 0.606875 0.2600749765698219 0.04 0.03467666354264293
0 0.674375 0.1738519212746017 0.04625 0.04592314901593252
0 0.920625 0.24179943767572634 0.03375 0.03280224929709466
0 0.793125 0.8537956888472352 0.055 0.029053420805998126
0 0.790625 0.20524835988753515 0.12625 0.08434864104967198
1 0.91125 0.7347703842549204 0.12625 0.08153701968134958
0 0.4575 0.5674789128397376 0.05 0.026241799437675725
0 0.69875 0.3837863167760075 0.05875 0.029053420805998126
0 0.633125 0.32239925023430177 0.0475 0.038425492033739454
0 0.9425 0.49765698219306465 0.0275 0.046860356138706656
0 0.661875 0.4095595126522962 0.07875 0.04311152764761012
0 0.69875 0.4320524835988753 0.04375 0.03655107778819119
0 0.236875 0.5646672914714151 0.03625 0.026241799437675725
0 0.944375 0.4189315838800375 0.0375 0.06466729147141519
0 0.84875 0.6560449859418932 0.04 0.044048734770384255
0 0.698125 0.35660731021555764 0.055 0.030927835051546393
0 0.98375 0.3336457357075914 0.0325 0.03748828491096532
0 0.6275 0.4353327085285848 0.06625 0.03280224929709466
1 0.256875 0.4681349578256795 0.07375 0.05154639175257732
1 0.908125 0.6597938144329897 0.15375 0.08997188378631678
0 0.314375 0.25023430178069356 0.02875 0.022492970946579195
0 0.054375 0.19400187441424555 0.015 0.010309278350515464
0 0.496875 0.21227741330834116 0.0175 0.011246485473289597
0 0.77625 0.3406747891283974 0.01375 0.01874414245548266
0 0.441875 0.8266166822867854 0.04 0.02530459231490159
0 0.538125 0.7174320524835989 0.03875 0.023430178069353328
0 0.32 0.7867853795688847 0.01625 0.01218369259606373
0 0.9125 0.7108716026241799 0.02625 0.01874414245548266
0 0.935 0.8720712277413308 0.03125 0.01874414245548266
0 0.965 0.7225866916588566 0.0125 0.015932521087160263
0 0.4625 0.3856607310215558 0.0575 0.020618556701030927
0 0.475625 0.3983130271790066 0.07 0.02155576382380506
0 0.38875 0.4568884723523899 0.07625 0.022492970946579195
0 0.260625 0.4550140581068416 0.02125 0.011246485473289597
0 0.39 0.44329896907216493 0.2025 0.038425492033739454
0 0.1475 0.44189315838800375 0.28625 0.053420805998125584
1 0.9825 0.5970009372071228 0.0175 0.03748828491096532