0 0.319375 0.5107778819119025 0.095 0.07029053420805999
0 0.51375 0.598406747891284 0.07 0.04873477038425492
0 0.47625 0.5407685098406748 0.0625 0.041237113402061855
0 0.905 0.7314901593252109 0.07375 0.044048734770384255
0 0.62375 0.5037488284910965 0.07375 0.04779756326148079
0 0.6525 0.4742268041237113 0.0675 0.04779756326148079
0 0.615625 0.45173383317713217 0.0725 0.05154639175257732
0 0.54375 0.14058106841611998 0.05 0.03936269915651359
0 0.78875 0.47375820056232426 0.09625 0.03467666354264293
0 0.906875 0.49250234301780693 0.03375 0.033739456419868794
0 0.544375 0.2492970946579194 0.04 0.033739456419868794
0 0.58875 0.15510777881911902 0.04625 0.04592314901593252
0 0.8475 0.18650421743205248 0.0325 0.03280224929709466
0 0.8775 0.8055295220243673 0.05375 0.028116213683223992
0 0.71 0.16869728209934395 0.125 0.08341143392689784
1 0.950625 0.6710402999062793 0.09875 0.08059981255857544
0 0.475625 0.5721649484536082 0.05 0.02530459231490159
0 0.665625 0.35754451733833176 0.0575 0.029053420805998126
0 0.585625 0.3069353327085286 0.04625 0.038425492033739454
0 0.93375 0.4343955014058107 0.0275 0.04592314901593252
0 0.635625 0.3880037488284911 0.0775 0.04217432052483599
0 0.6775 0.40487347703842547 0.0425 0.03655107778819119
0 0.258125 0.6007497656982193 0.035 0.026241799437675725
0 0.915625 0.3570759137769447 0.03625 0.06466729147141519
0 0.8825 0.6030927835051546 0.04 0.04311152764761012
0 0.6575 0.33083411433926896 0.05375 0.02999062792877226
0 0.93875 0.26710402999062793 0.0425 0.03748828491096532
0 0.608125 0.41799437675726336 0.065 0.031865042174320526
1 0.253125 0.5037488284910965 0.07375 0.05154639175257732
1 0.9325 0.5979381443298969 0.135 0.08809746954076851
0 0.254375 0.28116213683223995 0.02875 0.022492970946579195
0 0.42375 0.21790065604498593 0.0175 0.011246485473289597
0 0.9675 0.2624179943767573 0.01625 0.020618556701030927
0 0.730625 0.30412371134020616 0.01375 0.01874414245548266
0 0.525625 0.8289597000937207 0.04 0.02530459231490159
0 0.5925 0.7080599812558576 0.03875 0.022492970946579195
0 0.396875 0.8074039362699157 0.01625 0.01218369259606373
0 0.958125 0.648078725398313 0.025 0.01874414245548266
0 0.43375 0.3931583880037488 0.0575 0.019681349578256794
0 0.45 0.4034676663542643 0.07 0.020618556701030927
0 0.379375 0.47375820056232426 0.07625 0.02155576382380506
0 0.25375 0.4901593252108716 0.02125 0.011246485473289597
0 0.3775 0.4597000937207123 0.2025 0.03561387066541706
0 0.14125 0.492970946579194 0.2825 0.05060918462980318
1 0.995 0.5257731958762887 0.01 0.03748828491096532