0 0.2325 0.46438612933458295 0.09875 0.07685098406747891
0 0.526875 0.6438612933458294 0.10375 0.07029053420805999
0 0.405 0.26991565135895035 0.0925 0.06091846298031865
1 0.301875 0.619962511715089 0.24125 0.1527647610121837
0 0.725 0.6260543580131209 0.09875 0.06841611996251172
0 0.41125 0.6958762886597938 0.08 0.09746954076850985
0 0.643125 0.4072164948453608 0.1075 0.1049671977507029
0 0.84875 0.5248359887535146 0.07 0.05435801312089972
0 0.44125 0.7867853795688847 0.08 0.1049671977507029
0 0.328125 0.4526710402999063 0.07 0.04217432052483599
0 0.03625 0.5313964386129335 0.0725 0.06935332708528585
0 0.328125 0.2572633552014995 0.085 0.05529522024367385
0 0.4275 0.5098406747891284 0.05375 0.04029990627928772
1 0.0525 0.40815370196813494 0.1025 0.14339268978444236
0 0.27875 0.30927835051546393 0.08125 0.05810684161199625
0 0.616875 0.1373008434864105 0.05 0.041237113402061855
0 0.436875 0.6227741330834115 0.05375 0.03748828491096532
0 0.375 0.43673851921274603 0.0525 0.04029990627928772
0 0.463125 0.4896907216494845 0.055 0.03748828491096532
1 0.170625 0.4835988753514527 0.19375 0.12652296157450796
1 0.935625 0.34957825679475163 0.12875 0.13120899718837864
0 0.384375 0.17478912839737581 0.06875 0.026241799437675725
0 0.196875 0.06607310215557638 0.075 0.03280224929709466
1 0.935625 0.457825679475164 0.12875 0.09465791940018745
0 0.53375 0.20337394564198688 0.0375 0.02999062792877226
0 0.124375 0.6916588566073102 0.04125 0.02717900656044986
1 0.9375 0.3936269915651359 0.125 0.09184629803186505
0 0.13125 0.6185567010309279 0.04625 0.029053420805998126
0 0.496875 0.3425492033739456 0.035 0.02999062792877226
0 0.714375 0.25445173383317715 0.02 0.023430178069353328
0 0.9275 0.3139643861293346 0.035 0.014058106841611996
0 0.24125 0.18228678537956888 0.02625 0.014058106841611996
0 0.065 0.26522961574507964 0.035 0.022492970946579195
0 0.24 0.19634489222118087 0.02375 0.01218369259606373
0 0.35125 0.6223055295220243 0.02625 0.023430178069353328
0 0.056875 0.3373945641986879 0.02625 0.01780693533270853
0 0.731875 0.7769447047797563 0.02875 0.022492970946579195
0 0.765 0.8678537956888472 0.02625 0.019681349578256794
0 0.441875 0.8641049671977507 0.015 0.011246485473289597
0 0.506875 0.7830365510777882 0.015 0.013120899718837863
0 0.470625 0.7005623242736645 0.025 0.01874414245548266
1 0.98 0.33083411433926896 0.01875 0.010309278350515464
1 0.98375 0.34395501405810686 0.01875 0.01780693533270853
1 0.94625 0.3865979381443299 0.02375 0.01780693533270853
0 0.75875 0.46579194001874413 0.01125 0.00937207122774133
0 0.8475 0.7211808809746955 0.01 0.005623242736644799
0 0.4075 0.8350515463917526 0.01375 0.011246485473289597
0 0.305 0.6424554826616682 0.015 0.03467666354264293
0 0.169375 0.528584817244611 0.02875 0.01218369259606373
0 0.164375 0.4423617619493908 0.01375 0.013120899718837863
0 0.264375 0.5014058106841612 0.05375 0.02436738519212746
0 0.27625 0.5126522961574508 0.06375 0.033739456419868794
0 0.046875 0.24461105904404873 0.0175 0.014058106841611996
1 0.05 0.2549203373945642 0.06125 0.053420805998125584