0 0.333125 0.7863167760074976 0.12125 0.04779756326148079
0 0.7075 0.11949390815370196 0.0775 0.05529522024367385
0 0.4175 0.22305529522024367 0.1175 0.05435801312089972
0 0.27125 0.7511715089034676 0.07625 0.03936269915651359
0 0.235 0.6016869728209935 0.04625 0.04217432052483599
0 0.360625 0.6822867853795689 0.11875 0.04498594189315839
0 0.67375 0.28350515463917525 0.04125 0.04967197750702906
0 0.215625 0.4343955014058107 0.055 0.04498594189315839
0 0.35875 0.6424554826616682 0.05625 0.031865042174320526
0 0.216875 0.8561387066541706 0.06625 0.03936269915651359
0 0.65875 0.6101218369259607 0.07375 0.028116213683223992
0 0.758125 0.5192127460168697 0.06875 0.02999062792877226
0 0.200625 0.3364573570759138 0.0525 0.04311152764761012
0 0.89875 0.26522961574507964 0.04375 0.029053420805998126
0 0.47125 0.5679475164011246 0.10625 0.038425492033739454
0 0.701875 0.25679475164011245 0.0575 0.08716026241799438
0 0.47875 0.6002811621368322 0.11 0.03936269915651359
0 0.873125 0.1541705716963449 0.0425 0.026241799437675725
0 0.656875 0.23149015932521086 0.02625 0.031865042174320526
0 0.76625 0.13120899718837864 0.02 0.01499531396438613
0 0.315625 0.23430178069353327 0.01875 0.015932521087160263
0 0.7975 0.577788191190253 0.0275 0.016869728209934397
0 0.703125 0.4873477038425492 0.02 0.02155576382380506
0 0.47875 0.35754451733833176 0.02 0.015932521087160263
0 0.203125 0.4662605435801312 0.015 0.01499531396438613
0 0.845625 0.7750702905342081 0.01375 0.007497656982193065
0 0.475 0.8331771321462043 0.02125 0.015932521087160263
0 0.54125 0.7249297094657919 0.025 0.016869728209934397
0 0.536875 0.6925960637300843 0.02 0.013120899718837863
0 0.46875 0.7999062792877226 0.02375 0.015932521087160263
0 0.0925 0.6579194001874414 0.0175 0.02530459231490159
0 0.505 0.7628865979381443 0.01875 0.015932521087160263
0 0.52125 0.8626991565135895 0.02125 0.013120899718837863
0 0.975625 0.6804123711340206 0.0125 0.008434864104967198
0 0.979375 0.3865979381443299 0.01 0.01780693533270853
0 0.974375 0.3983130271790066 0.02 0.020618556701030927
0 0.191875 0.46672914714151825 0.015 0.01780693533270853