0 0.66 0.788659793814433 0.1225 0.04967197750702906
0 0.30125 0.11668228678537956 0.07875 0.056232427366447985
0 0.58875 0.22446110590440488 0.1175 0.056232427366447985
0 0.7225 0.7539831302717901 0.0775 0.03936269915651359
0 0.7625 0.604967197750703 0.0475 0.04311152764761012
0 0.635 0.6836925960637301 0.12 0.04592314901593252
0 0.33125 0.28116213683223995 0.04125 0.05060918462980318
0 0.78625 0.4381443298969072 0.05625 0.04592314901593252
0 0.638125 0.6443298969072165 0.05625 0.03280224929709466
0 0.774375 0.8598875351452671 0.06625 0.04029990627928772
0 0.33875 0.6082474226804123 0.07375 0.028116213683223992
0 0.24125 0.5159325210871603 0.06875 0.030927835051546393
0 0.803125 0.3402061855670103 0.05375 0.044048734770384255
0 0.10625 0.2600749765698219 0.04375 0.029053420805998126
0 0.526875 0.5684161199625117 0.1075 0.03936269915651359
0 0.30375 0.25445173383317715 0.05875 0.08716026241799438
0 0.51875 0.6007497656982193 0.11125 0.04029990627928772
0 0.135 0.14901593252108716 0.04375 0.026241799437675725
0 0.349375 0.22914714151827553 0.02625 0.031865042174320526
0 0.2425 0.1274601686972821 0.02 0.01499531396438613
0 0.690625 0.2366447985004686 0.01875 0.015932521087160263
0 0.200625 0.5735707591377694 0.0275 0.016869728209934397
0 0.2975 0.4845360824742268 0.02 0.02155576382380506
0 0.524375 0.35754451733833176 0.02 0.015932521087160263
0 0.7975 0.4700093720712277 0.015 0.01499531396438613
0 0.148125 0.7703842549203374 0.01375 0.008434864104967198
0 0.5175 0.8336457357075914 0.02125 0.015932521087160263
0 0.45375 0.7239925023430178 0.025 0.016869728209934397
0 0.45875 0.6921274601686973 0.02 0.013120899718837863
0 0.52375 0.7999062792877226 0.02375 0.016869728209934397
0 0.90375 0.6635426429240863 0.0175 0.02530459231490159
0 0.48875 0.7628865979381443 0.02 0.015932521087160263
0 0.47 0.8626991565135895 0.02125 0.013120899718837863
0 0.02 0.6738519212746017 0.01375 0.008434864104967198
0 0.02375 0.380506091846298 0.01 0.01780693533270853
0 0.028125 0.3922211808809747 0.02 0.02155576382380506
0 0.80875 0.4709465791940019 0.015 0.01780693533270853