0 0.57 0.31208997188378634 0.08375 0.06560449859418932
0 0.648125 0.3106841611996251 0.0775 0.06373008434864105
0 0.774375 0.36082474226804123 0.065 0.046860356138706656
0 0.93625 0.37722586691658855 0.08375 0.06935332708528585
0 0.0925 0.3950328022492971 0.08 0.04967197750702906
0 0.4025 0.3158388003748828 0.04375 0.029053420805998126
0 0.48125 0.23336457357075913 0.035 0.031865042174320526
0 0.86375 0.42970946579194 0.04 0.041237113402061855
0 0.834375 0.3711340206185567 0.0375 0.04498594189315839
0 0.808125 0.26569821930646675 0.02375 0.020618556701030927
0 0.26375 0.24601686972820994 0.02625 0.019681349578256794
0 0.443125 0.2891283973758201 0.03 0.02436738519212746
0 0.58125 0.668697282099344 0.02 0.013120899718837863
0 0.15 0.37722586691658855 0.05625 0.03655107778819119
0 0.87625 0.6260543580131209 0.03125 0.015932521087160263
0 0.475625 0.2689784442361762 0.02875 0.02717900656044986
0 0.364375 0.33552014995313967 0.03625 0.02436738519212746
0 0.683125 0.5449859418931584 0.025 0.03467666354264293
0 0.648125 0.06513589503280225 0.01875 0.00937207122774133
0 0.666875 0.746954076850984 0.02 0.014058106841611996
0 0.796875 0.767572633552015 0.0175 0.01218369259606373
0 0.451875 0.6059044048734771 0.0425 0.030927835051546393
0 0.85 0.8425492033739457 0.01625 0.01218369259606373
0 0.568125 0.6349578256794751 0.03125 0.020618556701030927
0 0.765 0.12839737582005623 0.03875 0.01874414245548266
0 0.980625 0.14620431115276475 0.02375 0.020618556701030927
0 0.56375 0.1724461105904405 0.02 0.014058106841611996
0 0.859375 0.4554826616682287 0.03125 0.029053420805998126
0 0.96875 0.5042174320524836 0.045 0.033739456419868794
0 0.74625 0.5712277413308341 0.0275 0.03936269915651359
0 0.74625 0.5998125585754451 0.0175 0.014058106841611996
0 0.725 0.8266166822867854 0.01625 0.01218369259606373
0 0.431875 0.782099343955014 0.02 0.015932521087160263
0 0.350625 0.8936269915651359 0.03 0.020618556701030927
0 0.32 0.7380506091846298 0.02625 0.02155576382380506
0 0.080625 0.823336457357076 0.02875 0.01780693533270853
0 0.331875 0.5656044985941893 0.03375 0.03748828491096532
0 0.43875 0.6180880974695407 0.03875 0.030927835051546393
0 0.125625 0.5749765698219307 0.0325 0.031865042174320526
0 0.0925 0.5543580131208997 0.05 0.07497656982193064
0 0.008125 0.4653233364573571 0.01625 0.02717900656044986
0 0.25125 0.37300843486410495 0.04 0.02999062792877226
0 0.02125 0.32567947516401125 0.0425 0.04029990627928772
0 0.015625 0.18134957825679476 0.03125 0.03280224929709466
0 0.45125 0.4029990627928772 0.0175 0.015932521087160263