0 0.425625 0.31302717900656046 0.0825 0.06466729147141519
0 0.3475 0.3125585754451734 0.07625 0.06279287722586692
0 0.2225 0.36457357075913777 0.06375 0.04592314901593252
0 0.06125 0.3828491096532334 0.0825 0.06841611996251172
0 0.905 0.3898781630740394 0.07875 0.04873477038425492
0 0.593125 0.31443298969072164 0.0425 0.028116213683223992
0 0.5125 0.23336457357075913 0.03375 0.031865042174320526
0 0.134375 0.4344423617619494 0.03875 0.04039362699156516
0 0.1625 0.3753514526710403 0.03625 0.04498594189315839
0 0.18625 0.26991565135895035 0.02375 0.020618556701030927
0 0.73 0.24273664479850046 0.02625 0.019681349578256794
0 0.551875 0.2881911902530459 0.03 0.02436738519212746
0 0.4225 0.6696344892221181 0.02 0.013120899718837863
0 0.846875 0.3725398313027179 0.055 0.03561387066541706
0 0.126975 0.6307497656982193 0.030837499999999983 0.015482661668228662
0 0.51875 0.2685098406747891 0.0275 0.02717900656044986
0 0.631875 0.3336457357075914 0.03625 0.023430178069353328
0 0.318125 0.5473289597000938 0.02375 0.03467666354264293
0 0.34181249999999996 0.0671415182755389 0.01886250000000004 0.00931583880037488
0 0.33875 0.7492970946579194 0.02 0.014058106841611996
0 0.209375 0.7713214620431116 0.0175 0.01218369259606373
0 0.550625 0.6054826616682286 0.04125 0.030074976569821853
0 0.158125 0.8469634489222119 0.01625 0.011640112464854802
0 0.435 0.6358950328022493 0.03125 0.020618556701030927
0 0.2263375 0.13182755388940956 0.0379625 0.018303655107778847
0 0.011512500000000002 0.1526991565135895 0.023012499999999995 0.020243673851921298
0 0.428625 0.17339268978444236 0.019724999999999965 0.013992502343017812
0 0.139625 0.46014058106841615 0.030150000000000007 0.02840674789128392
0 0.0315875 0.5102999062792878 0.044225 0.033458294283036594
0 0.25522500000000004 0.5743392689784442 0.027025000000000007 0.03895032802249292
0 0.2560125 0.6028397375820056 0.017124999999999987 0.013955014058106936
0 0.282575 0.8294751640112464 0.016099999999999993 0.012005623242736593
0 0.5746875 0.7810777881911902 0.019212500000000007 0.015932521087160263
0 0.6587875 0.8915463917525773 0.029099999999999966 0.020581068416119997
0 0.68535 0.7357919400187442 0.025974999999999967 0.021405810684161124
0 0.9266875 0.817572633552015 0.028562499999999887 0.01708528584817246
0 0.669475 0.5632146204311154 0.03277500000000003 0.03701030927835052
0 0.563775 0.6170852858481723 0.03803749999999994 0.030749765698219255
0 0.8761875 0.5702436738519213 0.031699999999999874 0.031537019681349664
0 0.908725 0.5491658856607311 0.04783749999999998 0.07448922211808812
0 0.9916125 0.45897844423617623 0.016775000000000092 0.026869728209934357
0 0.7454999999999999 0.3697656982193065 0.03901250000000005 0.02959700093720716
0 0.976775 0.31941893158388 0.0464500000000001 0.039775070290534155
0 0.9809375 0.17534208059981257 0.038125 0.032727272727272744
0 0.5465875 0.40255857544517337 0.017137500000000045 0.015529522024367432