0 0.53875 0.3069353327085286 0.09375 0.07310215557638237
0 0.61625 0.2985004686035614 0.0875 0.07029053420805999
0 0.749375 0.33692596063730085 0.07125 0.05248359887535145
0 0.9125 0.338331771321462 0.095 0.07591377694470477
0 0.07875 0.4329896907216495 0.0875 0.056232427366447985
0 0.373125 0.3261480787253983 0.0475 0.031865042174320526
0 0.438125 0.23711340206185566 0.03875 0.03467666354264293
0 0.85 0.39690721649484534 0.04625 0.044048734770384255
0 0.81125 0.34114339268978444 0.04375 0.04873477038425492
0 0.768125 0.23945641986879102 0.0275 0.022492970946579195
0 0.224375 0.2694470477975633 0.03 0.022492970946579195
0 0.409375 0.29568884723523897 0.03375 0.02717900656044986
0 0.608125 0.6597938144329897 0.0225 0.01499531396438613
0 0.133125 0.41002811621368324 0.06125 0.041237113402061855
0 0.89375 0.5904404873477038 0.03375 0.01874414245548266
0 0.43875 0.2727272727272727 0.0325 0.02999062792877226
0 0.33875 0.34910965323336457 0.04 0.02717900656044986
0 0.68875 0.528116213683224 0.03 0.03655107778819119
0 0.57625 0.054826616682286784 0.02 0.011246485473289597
0 0.70625 0.7300843486410497 0.0225 0.015932521087160263
0 0.838125 0.7385192127460168 0.02 0.014058106841611996
0 0.469375 0.6096532333645736 0.04625 0.033739456419868794
0 0.903125 0.8078725398313027 0.01875 0.013120899718837863
0 0.589375 0.6279287722586692 0.035 0.023430178069353328
0 0.7025 0.10684161199625117 0.04125 0.022492970946579195
0 0.919375 0.1049671977507029 0.02625 0.022492970946579195
0 0.51 0.169165885660731 0.0225 0.015932521087160263
0 0.849375 0.4231490159325211 0.035 0.030927835051546393
0 0.965625 0.4611059044048735 0.05 0.03748828491096532
0 0.75625 0.5482661668228679 0.03375 0.041237113402061855
0 0.760625 0.5763823805060918 0.02 0.015932521087160263
0 0.77625 0.8036551077788191 0.01875 0.013120899718837863
0 0.478125 0.7863167760074976 0.0225 0.01780693533270853
0 0.415625 0.9044048734770385 0.0325 0.023430178069353328
0 0.36 0.753045923149016 0.03 0.02436738519212746
0 0.13625 0.8589503280224929 0.03125 0.019681349578256794
0 0.34375 0.5801312089971884 0.03875 0.04029990627928772
0 0.45875 0.6227741330834115 0.04375 0.03467666354264293
0 0.140625 0.6087160262417994 0.0375 0.03467666354264293
0 0.104375 0.5913776944704779 0.06125 0.07872539831302718
0 0.008125 0.5107778819119025 0.01625 0.028116213683223992
0 0.2325 0.3964386129334583 0.04375 0.033739456419868794
0 0.010625 0.37066541705716965 0.02125 0.044048734770384255
0 0.435625 0.40815370196813494 0.02 0.016869728209934397