0 0.22875 0.05716963448922212 0.09625 0.07591377694470477
0 0.169375 0.23617619493908154 0.06875 0.05435801312089972
0 0.2575 0.5838800374882849 0.03 0.020618556701030927
0 0.32125 0.3477038425492034 0.0375 0.022492970946579195
0 0.454375 0.795688847235239 0.03125 0.022492970946579195
0 0.463125 0.20290534208059982 0.045 0.031865042174320526
0 0.33125 0.18181818181818182 0.0425 0.03655107778819119
0 0.09875 0.3003748828491096 0.07375 0.06560449859418932
0 0.34125 0.46954076850984067 0.0275 0.02530459231490159
0 0.0175 0.10731021555763824 0.035 0.029053420805998126
0 0.57875 0.46016869728209936 0.03625 0.03280224929709466
0 0.354375 0.281630740393627 0.0425 0.02436738519212746
0 0.45 0.07029053420805999 0.03875 0.04592314901593252
0 0.5025 0.8266166822867854 0.03375 0.023430178069353328
0 0.949375 0.42642924086223055 0.08 0.059044048734770385
0 0.736875 0.41377694470477977 0.0475 0.04217432052483599
0 0.311875 0.7066541705716963 0.0325 0.023430178069353328
0 0.32 0.08528584817244611 0.0475 0.028116213683223992
0 0.80625 0.18275538894095594 0.045 0.029053420805998126
0 0.610625 0.9236176194939082 0.0425 0.041237113402061855
0 0.053125 0.6846298031865042 0.035 0.026241799437675725
0 0.08625 0.6958762886597938 0.03375 0.020618556701030927
1 0.043125 0.5974695407685099 0.07125 0.06279287722586692
1 0.12 0.6401124648547329 0.22625 0.22024367385192128
0 0.11625 0.9943767572633552 0.0325 0.011246485473289597
0 0.51125 0.5880974695407685 0.02625 0.02717900656044986
0 0.545 0.5576382380506092 0.0275 0.029053420805998126
0 0.930625 0.5220243673851921 0.045 0.02530459231490159
0 0.934375 0.5524835988753515 0.05125 0.029053420805998126
0 0.684375 0.8481724461105904 0.035 0.02717900656044986
0 0.9325 0.26569821930646675 0.03125 0.02999062792877226
0 0.885 0.11152764761012184 0.04375 0.02999062792877226
1 0.95375 0.528584817244611 0.0925 0.08809746954076851