0 0.3025 0.03561387066541706 0.08625 0.06841611996251172
0 0.215 0.20805998125585753 0.06125 0.04873477038425492
0 0.245625 0.5609184629803187 0.0275 0.01780693533270853
0 0.3475 0.33270852858481725 0.035 0.019681349578256794
0 0.406875 0.7891283973758201 0.02875 0.019681349578256794
0 0.511875 0.20196813495782567 0.04125 0.028116213683223992
0 0.384375 0.16869728209934395 0.0375 0.033739456419868794
0 0.134375 0.26522961574507964 0.065 0.05998125585754452
0 0.3475 0.4554826616682287 0.02375 0.023430178069353328
0 0.07908749999999999 0.06558575445173384 0.04433749999999999 0.02527647610121837
0 0.584375 0.4676663542642924 0.03125 0.02999062792877226
0 0.39125 0.26991565135895035 0.04 0.020618556701030927
0 0.52 0.06888472352389878 0.0325 0.04311152764761012
0 0.449375 0.8242736644798501 0.03 0.020618556701030927
0 0.958125 0.4681349578256795 0.0725 0.05248359887535145
0 0.749375 0.436269915651359 0.04125 0.038425492033739454
0 0.28 0.6879100281162137 0.02875 0.020618556701030927
0 0.38875 0.07180880974695408 0.04375 0.024601686972820995
0 0.8557375 0.21332708528584818 0.041487500000000066 0.02552014995313966
0 0.540625 0.9306466729147141 0.03625 0.038425492033739454
0 0.0265875 0.6424835988753514 0.031187499999999993 0.02385192127460173
0 0.0575 0.6567666354264292 0.0307 0.017553889409559528
1 0.030975000000000003 0.5549484536082474 0.061950000000000005 0.05794751640112458
1 0.1000375 0.6041986879100281 0.19491250000000002 0.20390815370196808
0 0.0383875 0.962605435801312 0.028725000000000004 0.022127460168697294
0 0.49700000000000005 0.5883973758200562 0.02217500000000001 0.024929709465791854
0 0.5349875000000001 0.5613308341143394 0.023250000000000028 0.026944704779756325
0 0.9236125 0.5611152764761013 0.041699999999999876 0.021640112464854658
0 0.9227875 0.5918556701030928 0.04767500000000013 0.02532333645735706
0 0.9918125000000001 0.7290065604498595 0.016374999999999886 0.02778819119025313
0 0.6261999999999999 0.8622680412371133 0.030887499999999974 0.02411433926897846
0 0.967575 0.30719775070290534 0.02681250000000006 0.027685098406747856
0 0.9455875 0.1494751640112465 0.040237500000000065 0.026691658856607327
1 0.9527875 0.570796626054358 0.09442499999999995 0.08007497656982199