0 0.68625 0.033739456419868794 0.0875 0.06747891283973759
0 0.778125 0.204311152764761 0.0625 0.04967197750702906
0 0.755625 0.5576382380506092 0.0275 0.01780693533270853
0 0.64875 0.33083411433926896 0.035 0.019681349578256794
0 0.6 0.7877225866916588 0.02875 0.019681349578256794
0 0.48125 0.20196813495782567 0.0425 0.029053420805998126
0 0.608125 0.16729147141518275 0.03875 0.03467666354264293
0 0.86 0.260543580131209 0.06625 0.06091846298031865
0 0.65125 0.4536082474226804 0.02375 0.023430178069353328
0 0.910625 0.05998125585754452 0.045 0.026241799437675725
0 0.415 0.46860356138706655 0.0325 0.02999062792877226
0 0.603125 0.2685098406747891 0.04 0.02155576382380506
0 0.47 0.06935332708528585 0.03375 0.04311152764761012
0 0.558125 0.823336457357076 0.03 0.020618556701030927
0 0.04125 0.4742268041237113 0.07375 0.053420805998125584
0 0.249375 0.4395501405810684 0.0425 0.03936269915651359
0 0.724375 0.6850984067478912 0.02875 0.020618556701030927
0 0.60125 0.07029053420805999 0.04375 0.02530459231490159
0 0.1375 0.21790065604498593 0.0425 0.026241799437675725
0 0.469375 0.9311152764761013 0.0375 0.038425492033739454
0 0.976875 0.6363636363636364 0.03125 0.02436738519212746
0 0.94625 0.6508903467666354 0.03125 0.01780693533270853
1 0.96875 0.5487347703842549 0.0625 0.059044048734770385
1 0.90125 0.598875351452671 0.1975 0.20618556701030927
0 0.9725 0.9564198687910028 0.02875 0.022492970946579195
0 0.505 0.5885660731021556 0.0225 0.02530459231490159
0 0.46625 0.5618556701030928 0.02375 0.02717900656044986
0 0.078125 0.5665417057169635 0.0425 0.022492970946579195
0 0.079375 0.5974695407685099 0.04875 0.026241799437675725
0 0.01375 0.7352389878163074 0.0175 0.028116213683223992
0 0.3825 0.8636363636363636 0.03125 0.02436738519212746
0 0.028125 0.3134957825679475 0.0275 0.028116213683223992
0 0.04625 0.15557638238050608 0.04125 0.02717900656044986
1 0.04875 0.5768509840674789 0.09625 0.08153701968134958