0 0.088125 0.331302717900656 0.06875 0.05529522024367385
0 0.255 0.4034676663542643 0.0675 0.05248359887535145
0 0.580625 0.351921274601687 0.04875 0.05529522024367385
0 0.419375 0.6119962511715089 0.08625 0.044048734770384255
0 0.536875 0.43486410496719774 0.05375 0.05060918462980318
0 0.651875 0.4803186504217432 0.075 0.08153701968134958
0 0.50125 0.34629803186504216 0.04125 0.03280224929709466
0 0.551875 0.683223992502343 0.0975 0.05248359887535145
0 0.4325 0.6715089034676663 0.04625 0.02999062792877226
0 0.914375 0.394095595126523 0.03375 0.04967197750702906
0 0.128125 0.43673851921274603 0.08875 0.06747891283973759
0 0.25875 0.232427366447985 0.0475 0.04029990627928772
0 0.35875 0.25585754451733833 0.04 0.031865042174320526
0 0.84375 0.5876288659793815 0.05 0.041237113402061855
0 0.684375 0.8069353327085286 0.0375 0.030927835051546393
0 0.93 0.8280224929709465 0.0475 0.04873477038425492
0 0.870625 0.8270852858481724 0.045 0.03655107778819119
0 0.2725 0.5552952202436738 0.07625 0.07029053420805999
0 0.535 0.7122774133083412 0.1475 0.059044048734770385
0 0.874375 0.3458294283036551 0.075 0.05716963448922212
0 0.90125 0.49109653233364575 0.0275 0.046860356138706656
0 0.929375 0.47563261480787256 0.0675 0.09090909090909091
0 0.89 0.584348641049672 0.06375 0.09465791940018745
0 0.864375 0.6354264292408622 0.02625 0.03936269915651359
0 0.87625 0.6466729147141518 0.01625 0.03280224929709466
0 0.82625 0.6513589503280225 0.0225 0.019681349578256794
0 0.86125 0.7033739456419869 0.01875 0.022492970946579195
0 0.845625 0.7010309278350515 0.02125 0.014058106841611996
0 0.8425 0.7244611059044048 0.01375 0.019681349578256794
0 0.7925 0.7010309278350515 0.01375 0.01218369259606373
0 0.854375 0.7652296157450796 0.02 0.022492970946579195
0 0.795 0.7769447047797563 0.1475 0.14620431115276475
0 0.83875 0.9006560449859419 0.02125 0.01499531396438613
0 0.77 0.8631677600749765 0.0125 0.00937207122774133
0 0.504375 0.8505154639175257 0.01625 0.011246485473289597
0 0.4075 0.6588566073102156 0.03125 0.019681349578256794
0 0.3 0.5688847235238987 0.0175 0.015932521087160263
0 0.296875 0.5749765698219307 0.0125 0.013120899718837863
0 0.381875 0.5365510777881912 0.14625 0.05060918462980318
0 0.27625 0.5801312089971884 0.015 0.013120899718837863
0 0.259375 0.598406747891284 0.0325 0.02999062792877226
0 0.201875 0.5749765698219307 0.01375 0.01218369259606373
0 0.128125 0.5079662605435802 0.015 0.011246485473289597
0 0.154375 0.5112464854732895 0.12 0.07591377694470477
0 0.114375 0.46719775070290537 0.0475 0.022492970946579195
0 0.12 0.4386129334582943 0.0175 0.008434864104967198
0 0.051875 0.5089034676663543 0.10375 0.10121836925960637
0 0.1425 0.6007497656982193 0.04 0.02999062792877226
0 0.14 0.654639175257732 0.11 0.09090909090909091
0 0.21625 0.7544517338331771 0.03125 0.028116213683223992
0 0.23 0.7788191190253045 0.03875 0.02999062792877226
0 0.155 0.7066541705716963 0.025 0.011246485473289597
0 0.154375 0.7286785379568884 0.01 0.00937207122774133
0 0.014375 0.5735707591377694 0.025 0.01874414245548266
0 0.003125 0.569821930646673 0.00625 0.013120899718837863
0 0.01375 0.549203373945642 0.01125 0.00937207122774133
0 0.606875 0.46344892221180883 0.03875 0.02999062792877226
0 0.56875 0.492970946579194 0.04625 0.13683223992502344
0 0.5725 0.4967197750702905 0.0075 0.013120899718837863
1 0.303125 0.5899718837863168 0.115 0.07778819119025304
1 0.065 0.6518275538894096 0.0375 0.044048734770384255
1 0.095625 0.6780693533270853 0.05 0.031865042174320526
1 0.06625 0.682755388940956 0.02375 0.030927835051546393