0 0.06375 0.3701968134957826 0.06125 0.04967197750702906
0 0.24125 0.42642924086223055 0.06 0.04779756326148079
0 0.55625 0.3458294283036551 0.04 0.05248359887535145
0 0.438125 0.6185567010309279 0.08125 0.03655107778819119
0 0.52625 0.4320524835988753 0.04625 0.046860356138706656
0 0.6475 0.46672914714151825 0.06375 0.07591377694470477
0 0.47625 0.34723523898781633 0.03625 0.02999062792877226
0 0.58125 0.6771321462043112 0.09125 0.044048734770384255
0 0.46085 0.6764198687910028 0.04283749999999998 0.02606373008434859
0 0.894375 0.3570759137769447 0.02625 0.04779756326148079
0 0.120625 0.47141518275538896 0.08 0.06091846298031865
0 0.216875 0.2563261480787254 0.04125 0.03655107778819119
0 0.32 0.2703842549203374 0.035 0.029053420805998126
0 0.855625 0.555763823805061 0.04375 0.03748828491096532
0 0.733125 0.7877225866916588 0.03375 0.028116213683223992
0 0.98 0.7863167760074976 0.04 0.04498594189315839
0 0.92125 0.7905342080599812 0.04 0.03280224929709466
0 0.283125 0.5754451733833177 0.06625 0.06466729147141519
0 0.569375 0.7075913776944704 0.14125 0.046860356138706656
0 0.8466750000000001 0.3126148078725398 0.06711250000000007 0.05113402061855676
0 0.8969374999999999 0.4542830365510778 0.020749999999999887 0.04524835988753512
0 0.9221625 0.4366260543580131 0.054124999999999944 0.08668228678537958
0 0.90065 0.547863167760075 0.04893750000000011 0.09057169634489232
0 0.8839625 0.6011340206185567 0.02001249999999999 0.03802249297094652
0 0.8973125000000001 0.6112746016869728 0.011100000000000136 0.03162136832239926
0 0.8481624999999999 0.6204592314901592 0.019637500000000044 0.0177132146204312
0 0.891375 0.6687160262417994 0.014812499999999887 0.021349578256794725
0 0.8756125 0.6680224929709465 0.019637500000000044 0.012174320524835996
0 0.8765375 0.6915182755388941 0.010362499999999955 0.018556701030927793
0 0.823125 0.672605435801312 0.011887499999999988 0.011330834114339192
0 0.8947125 0.731012183692596 0.016299999999999953 0.020787253983130333
0 0.8379625 0.7480880974695409 0.12683750000000005 0.13560449859418935
0 0.9010250000000001 0.8665791940018744 0.01852499999999992 0.013823805060918463
0 0.827025 0.8355857544517339 0.010737499999999898 0.008556701030927937
0 0.561625 0.847535145267104 0.014074999999999989 0.010215557638238136
0 0.43402500000000005 0.6662230552952203 0.028174999999999954 0.017469540768509935
0 0.31291250000000004 0.5868228678537957 0.015187500000000007 0.014414245548266268
0 0.3103125 0.592933458294283 0.01 0.012736644798500393
0 0.38895 0.5469165885660731 0.14128749999999995 0.03751640112464852
0 0.2912125 0.6000281162136832 0.013374999999999986 0.011902530459231533
0 0.2769375 0.6194845360824742 0.028575000000000017 0.027460168697282055
0 0.216475 0.6018369259606373 0.012224999999999965 0.011621368322399335
0 0.132275 0.5420618556701031 0.012962500000000005 0.010543580131208997
0 0.158975 0.5425960637300844 0.11013750000000001 0.06613870665417051
0 0.1122375 0.5028397375820056 0.04486250000000002 0.01832239925023426
0 0.11297499999999999 0.47390815370196815 0.016675000000000006 0.00717900656044983
0 0.0512 0.5503748828491096 0.1024 0.09281162136832237
0 0.16175 0.6324179943767573 0.035574999999999996 0.02718837863167759
0 0.1675 0.6862324273664481 0.09752499999999997 0.08307403936269925
0 0.259675 0.7785660731021556 0.02667499999999997 0.02580131208997186
0 0.27747499999999997 0.8015089034676663 0.034825000000000016 0.026616682286785466
0 0.1910625 0.7367291471415183 0.023712499999999963 0.009418931583879995
0 0.194025 0.7584161199625117 0.008875000000000029 0.008294283036550993
0 0.021925 0.6927835051546393 0.014825 0.006073102155576399
0 0.030074999999999998 0.6175632614807873 0.022975000000000002 0.016935332708528525
0 0.010225 0.6160356138706654 0.02045 0.011105904404873392
0 0.025075 0.5932333645735708 0.01 0.008322399250234404
0 0.0100375 0.6245079662605436 0.020075 0.006363636363636329
0 0.59985 0.4539362699156514 0.03467500000000001 0.027338331771321424
0 0.5668 0.48679475164011243 0.024825000000000017 0.13523898781630736
0 0.57125 0.4903280224929709 0.0056000000000000225 0.012905342080599796
1 0.31939999999999996 0.6073102155576382 0.10406249999999996 0.06850046860356131
1 0.0926125 0.690328022492971 0.03137499999999999 0.04156513589503272
1 0.127525 0.7137207122774133 0.045474999999999995 0.027572633552015065
1 0.0993125 0.7209746954076851 0.0187125 0.029793814432989656