0 0.959375 0.4287722586691659 0.07125 0.05716963448922212
0 0.771875 0.4611059044048735 0.07 0.05529522024367385
0 0.48 0.3406747891283974 0.05125 0.05716963448922212
0 0.53375 0.6246485473289597 0.08875 0.046860356138706656
0 0.49 0.42970946579194 0.05625 0.05248359887535145
0 0.3625 0.44798500468603564 0.08 0.08341143392689784
0 0.55875 0.3528584817244611 0.0425 0.03467666354264293
0 0.37875 0.6640112464854733 0.1 0.05529522024367385
0 0.4975 0.6790065604498594 0.04875 0.030927835051546393
0 0.145 0.3078725398313027 0.0375 0.05060918462980318
0 0.88 0.521087160262418 0.0925 0.07029053420805999
0 0.835 0.2970946579194002 0.04875 0.041237113402061855
0 0.730625 0.2970946579194002 0.04125 0.03280224929709466
0 0.136875 0.5084348641049672 0.05125 0.04217432052483599
0 0.20375 0.753045923149016 0.04 0.031865042174320526
0 0.020625 0.7310215557638238 0.04125 0.03748828491096532
0 0.69625 0.6026241799437676 0.08 0.07216494845360824
0 0.38375 0.6954076850984068 0.15 0.06466729147141519
0 0.201875 0.2703842549203374 0.0775 0.059044048734770385
0 0.119375 0.4034676663542643 0.03125 0.046860356138706656
0 0.09875 0.3828491096532334 0.07375 0.09278350515463918
0 0.094375 0.4948453608247423 0.06875 0.09559512652296158
0 0.09875 0.549671977507029 0.02875 0.04029990627928772
0 0.083125 0.5576382380506092 0.01875 0.03280224929709466
0 0.129375 0.5731021555763823 0.02375 0.019681349578256794
0 0.075625 0.6152764761012184 0.02 0.022492970946579195
0 0.09125 0.6166822867853796 0.0225 0.01499531396438613
0 0.085 0.6396438612933458 0.015 0.019681349578256794
0 0.141875 0.6279287722586692 0.01375 0.013120899718837863
0 0.0575 0.676194939081537 0.02125 0.022492970946579195
0 0.11 0.7000937207122774 0.15625 0.14995313964386128
0 0.02 0.8088097469540768 0.02125 0.015932521087160263
0 0.1 0.7877225866916588 0.0125 0.00937207122774133
0 0.35875 0.8341143392689785 0.01625 0.01218369259606373
0 0.52625 0.6724461105904405 0.03125 0.020618556701030927
0 0.664375 0.6096532333645736 0.01875 0.015932521087160263
0 0.665 0.6162136832239925 0.0125 0.014058106841611996
0 0.59875 0.5604498594189316 0.1475 0.05529522024367385
0 0.6825 0.6255857544517338 0.01625 0.013120899718837863
0 0.691875 0.6466729147141518 0.035 0.030927835051546393
0 0.755625 0.6373008434864105 0.015 0.013120899718837863
0 0.8525 0.5895032802249297 0.015 0.01218369259606373
0 0.82625 0.5862230552952202 0.12375 0.07966260543580131
0 0.88125 0.5534208059981256 0.04875 0.023430178069353328
0 0.8875 0.5248359887535146 0.0175 0.00937207122774133
0 0.930625 0.6082474226804123 0.1225 0.1049671977507029
0 0.8025 0.6743205248359887 0.04125 0.031865042174320526
0 0.784375 0.7268041237113402 0.115 0.09465791940018745
0 0.671875 0.8055295220243673 0.0325 0.029053420805998126
0 0.649375 0.8256794751640113 0.04 0.030927835051546393
0 0.749375 0.7731958762886598 0.025 0.01218369259606373
0 0.74125 0.7942830365510778 0.01125 0.00937207122774133
0 0.92625 0.7521087160262419 0.01625 0.007497656982193065
0 0.935625 0.6771321462043112 0.02625 0.019681349578256794
0 0.955625 0.6780693533270853 0.0225 0.014058106841611996
0 0.94625 0.6537019681349578 0.01125 0.00937207122774133
0 0.95375 0.6865042174320525 0.02125 0.008434864104967198
0 0.4125 0.4414245548266167 0.04 0.031865042174320526
0 0.4375 0.4784442361761949 0.05625 0.13683223992502344
0 0.431875 0.48125585754451733 0.00875 0.013120899718837863
1 0.653125 0.6293345829428304 0.11875 0.08059981255857544
1 0.856875 0.7403936269915652 0.04 0.04498594189315839
1 0.8175 0.7591377694470478 0.05125 0.03280224929709466
1 0.843125 0.7699156513589503 0.025 0.031865042174320526