0 0.218125 0.4831302717900656 0.10875 0.06654170571696345
1 0.0675 0.5543580131208997 0.04125 0.031865042174320526
0 0.37375 0.5037488284910965 0.06375 0.04592314901593252
0 0.784375 0.3528584817244611 0.035 0.02436738519212746
0 0.495 0.5623242736644799 0.0725 0.05248359887535145
0 0.094375 0.5074976569821931 0.03 0.02999062792877226
0 0.4125 0.3744142455482662 0.07125 0.07029053420805999
0 0.16375 0.4564198687910028 0.08875 0.046860356138706656
0 0.116875 0.6363636363636364 0.0325 0.026241799437675725
0 0.8875 0.1836925960637301 0.05625 0.04029990627928772
0 0.306875 0.5876288659793815 0.0825 0.08809746954076851
0 0.17625 0.6073102155576382 0.0325 0.02717900656044986
0 0.479375 0.1836925960637301 0.07875 0.04873477038425492
0 0.681875 0.25538894095595127 0.0225 0.015932521087160263
0 0.073125 0.39737582005623245 0.0375 0.02436738519212746
0 0.703125 0.2858481724461106 0.02375 0.01499531396438613
0 0.21125 0.44283036551077787 0.0625 0.033739456419868794
0 0.246875 0.3261480787253983 0.09 0.033739456419868794
0 0.890625 0.3294283036551078 0.025 0.015932521087160263
0 0.841875 0.2952202436738519 0.02375 0.01499531396438613
0 0.825 0.2436738519212746 0.02375 0.01874414245548266
0 0.859375 0.6354264292408622 0.0675 0.05435801312089972
0 0.9 0.5089034676663543 0.0675 0.044048734770384255
0 0.48625 0.5946579194001874 0.0625 0.04873477038425492
0 0.135625 0.3444236176194939 0.03375 0.023430178069353328
0 0.246875 0.31865042174320524 0.025 0.011246485473289597
0 0.368125 0.3022492970946579 0.02125 0.01499531396438613
0 0.3075 0.21415182755388942 0.0325 0.022492970946579195
0 0.51 0.25538894095595127 0.01625 0.006560449859418931
0 0.510625 0.2600749765698219 0.03 0.00937207122774133
0 0.60875 0.15979381443298968 0.07875 0.019681349578256794
0 0.755 0.14104967197750704 0.0325 0.02999062792877226
0 0.949375 0.22071227741330834 0.00875 0.01499531396438613
0 0.72375 0.2717900656044986 0.01875 0.01780693533270853
0 0.56375 0.3209934395501406 0.01875 0.007497656982193065
0 0.60625 0.32286785379568883 0.0725 0.016869728209934397
0 0.606875 0.3294283036551078 0.07375 0.015932521087160263
0 0.891875 0.4240862230552952 0.04 0.04967197750702906
0 0.87625 0.42127460168697284 0.0275 0.05529522024367385
0 0.858125 0.41799437675726336 0.03375 0.05529522024367385
0 0.849375 0.4104967197750703 0.0425 0.05154639175257732
0 0.988125 0.4536082474226804 0.02 0.019681349578256794
0 0.979375 0.48406747891283974 0.04125 0.038425492033739454
0 0.98125 0.5220243673851921 0.0375 0.041237113402061855
0 0.98125 0.5604498594189316 0.0375 0.05810684161199625
0 0.91 0.5121836925960638 0.01625 0.010309278350515464
0 0.78875 0.49109653233364575 0.015 0.010309278350515464
0 0.959375 0.6518275538894096 0.01625 0.014058106841611996
0 0.705 0.6813495782567948 0.0125 0.011246485473289597
0 0.6475 0.6368322399250235 0.0125 0.010309278350515464
0 0.555 0.5360824742268041 0.0325 0.01780693533270853
0 0.2725 0.5838800374882849 0.04125 0.04498594189315839
0 0.250625 0.5674789128397376 0.01625 0.010309278350515464
0 0.21 0.5004686035613871 0.01875 0.00937207122774133
1 0.476875 0.4704779756326148 0.14625 0.11527647610121837
1 0.578125 0.46016869728209936 0.11125 0.11246485473289597
1 0.674375 0.45735707591377694 0.24375 0.11808809746954077
1 0.791875 0.4250234301780694 0.17 0.1330834114339269
1 0.790625 0.5857544517338332 0.14625 0.10590440487347703
0 0.925625 0.3003748828491096 0.02625 0.014058106841611996
0 0.45125 0.654639175257732 0.0125 0.008434864104967198
0 0.46625 0.6822867853795689 0.01 0.006560449859418931
0 0.321875 0.6790065604498594 0.02 0.013120899718837863
0 0.34375 0.7225866916588566 0.01875 0.010309278350515464
0 0.166875 0.7132146204311153 0.02125 0.013120899718837863
0 0.1125 0.7624179943767573 0.02 0.01218369259606373
0 0.0625 0.6850984067478912 0.0175 0.011246485473289597