0 0.77375 0.44704779756326146 0.10125 0.05998125585754452
1 0.93875 0.4971883786316776 0.0375 0.029053420805998126
0 0.625 0.4873477038425492 0.0575 0.04217432052483599
0 0.18625 0.3917525773195876 0.0325 0.022492970946579195
0 0.519375 0.5609184629803187 0.0675 0.04779756326148079
0 0.90125 0.4550140581068416 0.02625 0.029053420805998126
0 0.556875 0.3650421743205248 0.0625 0.06654170571696345
0 0.82125 0.4133083411433927 0.08375 0.04029990627928772
0 0.909375 0.584348641049672 0.03 0.02436738519212746
0 0.045 0.23898781630740393 0.0525 0.03655107778819119
0 0.71 0.5609184629803187 0.0725 0.08341143392689784
0 0.84375 0.563730084348641 0.03 0.02530459231490159
0 0.4475 0.18603561387066542 0.07375 0.04311152764761012
0 0.264375 0.2830365510777882 0.02125 0.01499531396438613
0 0.896875 0.3434864104967198 0.035 0.02155576382380506
0 0.250625 0.3158388003748828 0.02125 0.014058106841611996
0 0.77125 0.4062792877225867 0.05875 0.02999062792877226
0 0.70875 0.29568884723523897 0.0875 0.02717900656044986
0 0.075625 0.38331771321462044 0.02375 0.01499531396438613
0 0.115625 0.3425492033739456 0.0225 0.013120899718837863
0 0.120625 0.2900656044985942 0.02125 0.016869728209934397
0 0.1775 0.6799437675726335 0.06125 0.05060918462980318
0 0.108125 0.5609184629803187 0.0625 0.04029990627928772
0 0.535625 0.5913776944704779 0.0575 0.04498594189315839
0 0.8225 0.2994376757263355 0.03125 0.020618556701030927
0 0.706875 0.28865979381443296 0.02375 0.00937207122774133
0 0.584375 0.2881911902530459 0.02 0.013120899718837863
0 0.623125 0.19353327085285849 0.03 0.020618556701030927
0 0.433125 0.260543580131209 0.01625 0.004686035613870665
0 0.434375 0.2647610121836926 0.02875 0.007497656982193065
0 0.314375 0.1790065604498594 0.0775 0.014058106841611996
0 0.165625 0.1794751640112465 0.02875 0.02717900656044986
0 0.226875 0.3045923149015933 0.01625 0.015932521087160263
0 0.39625 0.3322399250234302 0.01875 0.005623242736644799
0 0.354375 0.3392689784442362 0.07125 0.011246485473289597
0 0.355 0.3458294283036551 0.07375 0.010309278350515464
0 0.096875 0.4765698219306467 0.03375 0.04779756326148079
0 0.11125 0.47141518275538896 0.02 0.05435801312089972
0 0.128125 0.46579194001874413 0.02625 0.053420805998125584
0 0.135 0.45735707591377694 0.035 0.04967197750702906
0 0.00875 0.5178069353327085 0.0175 0.01874414245548266
0 0.021875 0.5473289597000938 0.04125 0.03561387066541706
0 0.025 0.5857544517338332 0.045 0.038425492033739454
0 0.03 0.6237113402061856 0.05125 0.05435801312089972
0 0.099375 0.5656044985941893 0.015 0.00937207122774133
0 0.21375 0.5290534208059982 0.015 0.00937207122774133
0 0.0825 0.7094657919400188 0.015 0.013120899718837863
0 0.34 0.7052483598875351 0.01125 0.010309278350515464
0 0.38625 0.6541705716963448 0.01125 0.00937207122774133
0 0.454375 0.542642924086223 0.03125 0.01499531396438613
0 0.743125 0.5529522024367385 0.03625 0.04217432052483599
0 0.76125 0.5337394564198688 0.015 0.00937207122774133
0 0.785625 0.46251171508903466 0.0175 0.007497656982193065
1 0.515625 0.4681349578256795 0.1325 0.10590440487347703
1 0.41375 0.47141518275538896 0.0975 0.10590440487347703
1 0.318125 0.48078725398313027 0.2325 0.10121836925960637
1 0.195625 0.46438612933458295 0.155 0.12277413308341144
1 0.23375 0.6223055295220243 0.135 0.09653233364573571
0 0.034375 0.358950328022493 0.025 0.013120899718837863
0 0.58375 0.6462043111527648 0.01125 0.007497656982193065
0 0.575625 0.6752577319587629 0.00875 0.005623242736644799
0 0.716875 0.6532333645735707 0.01875 0.011246485473289597
0 0.705 0.6986879100281163 0.0175 0.008434864104967198
0 0.8775 0.6663542642924086 0.01875 0.011246485473289597
0 0.9425 0.7080599812558576 0.0175 0.011246485473289597
0 0.97375 0.6251171508903468 0.01625 0.010309278350515464