0 0.77625 0.45407685098406747 0.09875 0.05716963448922212
1 0.9386249999999999 0.5084910965323336 0.03599999999999994 0.027994376757263253
0 0.625625 0.49068416119962505 0.05625 0.04042174320524841
0 0.19125 0.3837863167760075 0.03125 0.02155576382380506
0 0.51625 0.5613870665417057 0.065 0.04592314901593252
0 0.903125 0.4653233364573571 0.025 0.028116213683223992
0 0.5633625 0.36644798500468606 0.05921250000000001 0.06466729147141519
0 0.825 0.4217432052483599 0.0825 0.038425492033739454
0 0.905 0.5951265229615745 0.02875 0.023430178069353328
0 0.057625 0.2273008434864105 0.05025 0.035670103092783505
0 0.707225 0.5665417057169635 0.06821249999999993 0.08153701968134958
0 0.840625 0.5725304592314902 0.02875 0.02443298969072159
0 0.461875 0.1846298031865042 0.07125 0.041237113402061855
0 0.274375 0.2769447047797563 0.02 0.014058106841611996
0 0.9037125 0.3540299906279288 0.03382499999999993 0.021087160262417994
0 0.259375 0.30927835051546393 0.02125 0.013120899718837863
0 0.775625 0.4133083411433927 0.0575 0.028116213683223992
0 0.718125 0.3013120899718838 0.08625 0.02530459231490159
0 0.08125 0.37207122774133083 0.0225 0.014058106841611996
0 0.123375 0.3327647610121837 0.021750000000000005 0.012867853795688864
0 0.130775 0.2801593252108716 0.0203125 0.01673851921274603
0 0.169375 0.6715089034676663 0.05875 0.04873477038425492
0 0.105625 0.5506091846298032 0.06125 0.038425492033739454
0 0.53125 0.5923149015932521 0.055 0.04311152764761012
0 0.83175 0.307825679475164 0.030825000000000102 0.02002811621368323
0 0.716825 0.29404873477038423 0.023799999999999953 0.008884723523898798
0 0.5938875 0.2903936269915652 0.019512500000000016 0.012708528584817193
0 0.6374625 0.19702905342080598 0.02927500000000002 0.020009372071227764
0 0.4445 0.2590159325210872 0.015999999999999945 0.004648547328959734
0 0.4451625 0.2634020618556701 0.028687500000000057 0.0066354264292409005
0 0.3292125 0.17444236176194938 0.07747500000000002 0.011602624179943764
0 0.1810125 0.1710684161199625 0.02770000000000003 0.026907216494845343
0 0.0028875 0.27029053420806 0.005775 0.014386129334582965
0 0.235975 0.29734770384254916 0.015987500000000026 0.015895032802249333
0 0.4038875 0.32940955951265233 0.01832499999999996 0.005370196813495799
0 0.362125 0.3355482661668228 0.07112499999999997 0.009409559512652262
0 0.3624625 0.3423149015932521 0.07321250000000007 0.008406747891283999
0 0.0979875 0.4658481724461106 0.031425000000000015 0.04673851921274602
0 0.11268750000000001 0.46134020618556704 0.017399999999999985 0.0542549203373946
0 0.1298875 0.4560731021555764 0.024362500000000013 0.05325210871602624
0 0.137075 0.44767572633552016 0.03337499999999999 0.04848172446110592
0 0.0082375 0.5049015932521087 0.0164625 0.017956888472352467
0 0.019762500000000002 0.5348453608247422 0.039525000000000005 0.03473289597000932
0 0.0216 0.5730552952202437 0.0432 0.03697282099343959
0 0.024275 0.6112746016869728 0.0485375 0.05325210871602618
0 0.0963125 0.5550234301780694 0.014662499999999988 0.008622305529522067
0 0.21258749999999998 0.5214432989690722 0.013987499999999996 0.009119025304592332
0 0.0732625 0.6984536082474226 0.014675000000000002 0.012380506091846332
0 0.33055 0.7010871602624179 0.011324999999999932 0.01014058106841606
0 0.37932499999999997 0.6509746954076852 0.010637499999999989 0.009128397375820064
0 0.4523375 0.5414807872539831 0.030462500000000007 0.01462043111527639
0 0.7407250000000001 0.5592877225866917 0.034462499999999924 0.04170571696344892
0 0.7595999999999999 0.5406091846298032 0.014762499999999932 0.008865979381443333
0 0.7873375 0.4702155576382381 0.017324999999999875 0.007366447985004698
1 0.517175 0.46844423617619496 0.12792500000000004 0.10289597000937209
1 0.41509999999999997 0.4689409559512652 0.09224999999999994 0.1039081537019682
1 0.31920000000000004 0.4759606373008435 0.22789999999999996 0.09488284910965324
1 0.197225 0.45628865979381444 0.14972500000000002 0.11868791002811625
1 0.22797499999999998 0.6151452671040301 0.13033749999999997 0.09361761949390825
0 0.0412 0.3469821930646673 0.0244125 0.012089971883786296
0 0.5768875 0.6482380506091846 0.01137500000000003 0.006944704779756403
0 0.5674375 0.6769634489222118 0.008824999999999932 0.005735707591377592
0 0.7097125 0.6586223055295221 0.01821249999999992 0.011096532333645659
0 0.6958625 0.7039737582005623 0.017237499999999954 0.008434864104967198
0 0.8697624999999999 0.6763448922211809 0.018862499999999897 0.010852858481724393
0 0.93235 0.7193720712277414 0.017549999999999955 0.01088097469540759
0 0.9677125 0.6374695407685098 0.015250000000000057 0.00985004686035613