0 0.4 0.5411392405063291 0.15 0.08579465541490858
0 0.05125 0.5650492264416315 0.1025 0.07243319268635724
0 0.711875 0.26652601969057665 0.1675 0.046413502109704644
0 0.75875 0.47362869198312235 0.055 0.03234880450070324
0 0.64625 0.5530942334739803 0.20625 0.05063291139240506
0 0.05875 0.4219409282700422 0.055 0.029535864978902954
0 0.7075 0.8185654008438819 0.05 0.026722925457102673
0 0.914375 0.6023206751054853 0.07625 0.03164556962025317
0 0.673125 0.7056962025316456 0.0525 0.02461322081575246
1 0.91125 0.8143459915611815 0.06875 0.02531645569620253
0 0.74625 0.380098452883263 0.04625 0.029535864978902954
0 0.8325 0.2851617440225035 0.05125 0.03305203938115331
0 0.055 0.4437412095639944 0.055 0.035864978902953586
0 0.01625 0.7341772151898734 0.0325 0.02531645569620253
0 0.88625 0.7162447257383966 0.16 0.056962025316455694
0 0.0875 0.3744725738396624 0.04125 0.02461322081575246
0 0.450625 0.24226441631504922 0.0225 0.011954992967651195
0 0.995625 0.3871308016877637 0.00875 0.02461322081575246
0 0.815625 0.3691983122362869 0.02625 0.014767932489451477
0 0.62125 0.6118143459915611 0.0325 0.014064697609001406
0 0.494375 0.35794655414908577 0.01875 0.012658227848101266
0 0.17125 0.42791842475386777 0.02375 0.013361462728551337
0 0.04 0.3171589310829817 0.02125 0.023206751054852322
0 0.214375 0.36322081575246135 0.02125 0.012658227848101266
0 0.14875 0.5935302390998594 0.01625 0.014064697609001406
0 0.12 0.569971870604782 0.01875 0.011954992967651195
0 0.06625 0.6659634317862166 0.02875 0.016877637130801686
0 0.141875 0.7872714486638537 0.02375 0.012658227848101266
0 0.11125 0.7056962025316456 0.01875 0.012658227848101266
0 0.11 0.6469760900140648 0.01875 0.015471167369901548
0 0.968125 0.26758087201125175 0.06375 0.03727144866385373
0 0.686875 0.39556962025316456 0.0975 0.03234880450070324
0 0.708125 0.3917018284106892 0.03375 0.013361462728551337
0 0.676875 0.3853727144866385 0.035 0.014064697609001406
0 0.936875 0.5428973277074542 0.12625 0.09142053445850915
0 0.874375 0.48980309423347396 0.04 0.026019690576652602
0 0.864375 0.5038677918424754 0.09 0.10056258790436005