0 0.60375 0.5379746835443038 0.15625 0.08931082981715893
0 0.95 0.55098452883263 0.1 0.07524613220815753
0 0.26625 0.27285513361462727 0.17 0.051336146272855133
0 0.239375 0.48136427566807316 0.0575 0.03375527426160337
0 0.35875 0.5573136427566807 0.20875 0.05625879043600562
0 0.93375 0.4092827004219409 0.0575 0.030942334739803096
0 0.3225 0.8241912798874824 0.0525 0.027426160337552744
0 0.09625 0.6146272855133614 0.07875 0.03375527426160337
0 0.34625 0.710618846694796 0.05375 0.026019690576652602
1 0.11875 0.8263009845288326 0.07 0.026722925457102673
0 0.2425 0.38748241912798875 0.04875 0.030942334739803096
0 0.148125 0.29535864978902954 0.05375 0.03375527426160337
0 0.939375 0.43073136427566805 0.0575 0.03727144866385373
0 0.993125 0.7194092827004219 0.01375 0.026722925457102673
0 0.134375 0.7271448663853727 0.1625 0.06118143459915612
0 0.900625 0.36251758087201125 0.04375 0.026019690576652602
0 0.525 0.24120956399437413 0.02375 0.011954992967651195
0 0.173125 0.37869198312236285 0.0275 0.015471167369901548
0 0.389375 0.6153305203938115 0.03375 0.015471167369901548
0 0.4925 0.35794655414908577 0.01875 0.013361462728551337
0 0.821875 0.4180731364275668 0.02375 0.013361462728551337
0 0.941875 0.3037974683544304 0.02375 0.02390998593530239
0 0.7725 0.3547819971870605 0.02125 0.012658227848101266
0 0.859375 0.5829817158931083 0.0175 0.014064697609001406
0 0.88625 0.5587201125175809 0.01875 0.012658227848101266
0 0.94875 0.6529535864978903 0.03 0.017580872011251757
0 0.884375 0.7760196905766527 0.02375 0.012658227848101266
0 0.906875 0.6940928270042194 0.01875 0.013361462728551337
0 0.903125 0.6353727144866386 0.02 0.01617440225035162
0 0.021875 0.2819971870604782 0.04375 0.03938115330520394
0 0.30375 0.4011954992967651 0.1 0.034458509142053444
0 0.2825 0.3980309423347398 0.03375 0.014064697609001406
0 0.3125 0.3906469760900141 0.03625 0.014767932489451477
0 0.066875 0.5555555555555556 0.13375 0.09423347398030943
0 0.125 0.5010548523206751 0.0425 0.026722925457102673
0 0.13625 0.5147679324894515 0.09875 0.1019690576652602