0 0.591875 0.5467651195499297 0.13625 0.07805907172995781
0 0.9422375 0.5915189873417721 0.1069749999999999 0.0663080168776371
0 0.3325 0.255239099859353 0.16161249999999996 0.03722925457102668
0 0.2475 0.45850914205344584 0.05 0.029535864978902954
0 0.34465 0.5440646976090013 0.20003749999999998 0.03940225035161742
0 0.9534874999999999 0.4484388185654008 0.050437499999999885 0.02654008438818566
0 0.234375 0.8045007032348804 0.04625 0.02390998593530239
0 0.0691 0.5775175808720112 0.0718125 0.02781293952180025
0 0.289375 0.6944444444444444 0.04875 0.02180028129395218
1 0.0326 0.7885724331926863 0.0652 0.021596343178621684
0 0.27723749999999997 0.36625175808720106 0.04166249999999998 0.027362869198312254
0 0.209375 0.2668776371308017 0.04625 0.030239099859353025
0 0.953125 0.470112517580872 0.04875 0.03304500703234881
0 0.9425 0.7619549929676512 0.04 0.023206751054852322
0 0.075625 0.6923347398030942 0.15125 0.04852320675105485
0 0.9337875 0.3995428973277074 0.03742500000000007 0.02271448663853724
0 0.596875 0.24648382559774965 0.02125 0.010548523206751054
0 0.015 0.3582981715893108 0.03 0.023206751054852322
0 0.210625 0.3512658227848101 0.02375 0.013361462728551337
0 0.35875 0.6040787623066104 0.03 0.012658227848101266
0 0.531875 0.3590014064697609 0.01625 0.011954992967651195
0 0.840625 0.4475738396624473 0.02125 0.011891701828410747
0 0.99125 0.345196905766526 0.0175 0.022320675105485237
0 0.8096375 0.3806540084388185 0.018712500000000035 0.011385372714486678
0 0.8319124999999999 0.6135724331926864 0.01375 0.013361462728551337
0 0.8651375 0.5921237693389592 0.01625 0.011251758087201125
0 0.900625 0.6905766526019691 0.02625 0.015471167369901548
0 0.803125 0.8066104078762306 0.02125 0.011251758087201125
0 0.848125 0.7274964838255977 0.01625 0.011954992967651195
0 0.860625 0.6692686357243319 0.01625 0.014718706047820017
0 0.0723125 0.24144866385372712 0.0674375 0.033832630098452894
0 0.3337375 0.385056258790436 0.09306250000000002 0.026884669479606202
0 0.313325 0.38002812939521796 0.03143750000000001 0.011385372714486678
0 0.3454625 0.3755414908579465 0.03290000000000006 0.012201125175808656
0 0.05625 0.5172292545710268 0.1125 0.0850914205344585
0 0.129575 0.4679043600562588 0.036024999999999995 0.02381153305203931
0 0.1365875 0.4824613220815752 0.07275000000000002 0.09669479606188466