0 0.604375 0.3650421743205248 0.07875 0.05716963448922212
0 0.44875 0.49203373945641987 0.06625 0.04311152764761012
0 0.1625 0.4606373008434864 0.04875 0.03655107778819119
0 0.841875 0.6635426429240863 0.07 0.04217432052483599
0 0.32625 0.36879100281162136 0.035 0.029053420805998126
0 0.0125 0.35941893158388005 0.025 0.04592314901593252
0 0.204375 0.5754451733833177 0.0525 0.05154639175257732
0 0.523125 0.40112464854732893 0.03875 0.01874414245548266
0 0.454375 0.42736644798500467 0.045 0.029053420805998126
0 0.274375 0.7005623242736645 0.065 0.04029990627928772
0 0.089375 0.5276476101218369 0.08125 0.04498594189315839
0 0.91125 0.604967197750703 0.0575 0.03655107778819119
0 0.2475 0.2952202436738519 0.03125 0.00937207122774133
0 0.28375 0.506560449859419 0.0575 0.03561387066541706
0 0.788125 0.32427366447985007 0.05 0.022492970946579195
0 0.1225 0.42830365510777885 0.0475 0.02436738519212746
0 0.60625 0.2563261480787254 0.03375 0.014058106841611996
0 0.330625 0.5238987816307404 0.0575 0.04029990627928772
0 0.06625 0.422680412371134 0.0275 0.031865042174320526
0 0.080625 0.6452671040299907 0.05125 0.03655107778819119
0 0.081875 0.4526710402999063 0.08375 0.02999062792877226
0 0.0525 0.563261480787254 0.0525 0.03467666354264293
0 0.09125 0.47141518275538896 0.05625 0.02436738519212746
0 0.9875 0.6649484536082474 0.025 0.07591377694470477
0 0.855 0.3692596063730084 0.02875 0.022492970946579195
0 0.968125 0.36035613870665417 0.01125 0.006560449859418931
0 0.77875 0.42783505154639173 0.0275 0.06373008434864105
0 0.80375 0.44283036551077787 0.0175 0.029053420805998126
0 0.8725 0.48500468603561386 0.055 0.013120899718837863
0 0.875 0.5 0.05625 0.015932521087160263
0 0.916875 0.514526710402999 0.085 0.01874414245548266
0 0.77375 0.6930646672914714 0.01375 0.010309278350515464
0 0.66 0.7000937207122774 0.015 0.011246485473289597
0 0.599375 0.5290534208059982 0.0925 0.030927835051546393
0 0.479375 0.5243673851921274 0.01625 0.007497656982193065
0 0.47875 0.5182755388940956 0.01875 0.008434864104967198
0 0.5225 0.41424554826616683 0.0325 0.01218369259606373
0 0.66875 0.36082474226804123 0.0525 0.04779756326148079
0 0.490625 0.3289597000937207 0.025 0.022492970946579195
0 0.571875 0.2666354264292409 0.0225 0.02155576382380506
0 0.59875 0.26569821930646675 0.015 0.005623242736644799
0 0.626875 0.2647610121836926 0.0325 0.010309278350515464
0 0.2475 0.30178069353327086 0.03 0.00937207122774133
0 0.170625 0.2952202436738519 0.01625 0.006560449859418931
0 0.135625 0.30412371134020616 0.02375 0.019681349578256794
0 0.128125 0.3336457357075914 0.00875 0.007497656982193065
0 0.046875 0.3669165885660731 0.02625 0.02155576382380506
0 0.25375 0.3673851921274602 0.0175 0.022492970946579195
0 0.229375 0.5398313027179007 0.02625 0.03467666354264293
0 0.120625 0.5796626054358013 0.0175 0.01218369259606373
0 0.095 0.6176194939081537 0.04 0.03561387066541706
0 0.05375 0.6326148078725399 0.0125 0.007497656982193065
0 0.2325 0.7197750702905342 0.0125 0.008434864104967198
0 0.854375 0.555763823805061 0.00625 0.00937207122774133
1 0.88875 0.4329896907216495 0.1425 0.10965323336457357
1 0.660625 0.4681349578256795 0.16875 0.1134020618556701
1 0.76875 0.5407685098406748 0.18375 0.1246485473289597
1 0.545 0.6597938144329897 0.1475 0.1302717900656045