0 0.639375 0.38425492033739456 0.07875 0.05716963448922212
0 0.451875 0.4845360824742268 0.06625 0.04311152764761012
0 0.18125 0.4090909090909091 0.04875 0.03655107778819119
0 0.789375 0.7132146204311153 0.07 0.04217432052483599
0 0.366875 0.3444236176194939 0.035 0.029053420805998126
0 0.05 0.2849109653233365 0.05125 0.04592314901593252
0 0.19 0.5276476101218369 0.0525 0.05154639175257732
0 0.55 0.40674789128397376 0.03875 0.01874414245548266
0 0.475625 0.4217432052483599 0.045 0.029053420805998126
0 0.22375 0.6611996251171509 0.065 0.04029990627928772
0 0.090625 0.4629803186504217 0.08125 0.04498594189315839
0 0.873125 0.6668228678537957 0.0575 0.03655107778819119
0 0.31 0.260543580131209 0.03125 0.00937207122774133
0 0.28625 0.47282099343955014 0.0575 0.03561387066541706
0 0.830625 0.37300843486410495 0.05 0.022492970946579195
0 0.150625 0.3711340206185567 0.0475 0.02436738519212746
0 0.67125 0.27835051546391754 0.03375 0.014058106841611996
0 0.3275 0.4967197750702905 0.0575 0.04029990627928772
0 0.096875 0.35660731021555764 0.0275 0.031865042174320526
0 0.05 0.5768509840674789 0.05125 0.03655107778819119
0 0.104375 0.38847235238987815 0.08375 0.02999062792877226
0 0.045 0.49203373945641987 0.0525 0.03467666354264293
0 0.108125 0.40815370196813494 0.05625 0.02436738519212746
0 0.945625 0.7399250234301781 0.055 0.07591377694470477
0 0.883125 0.42736644798500467 0.02875 0.022492970946579195
0 0.995625 0.436269915651359 0.00875 0.006560449859418931
0 0.7925 0.47282099343955014 0.0275 0.06373008434864105
0 0.813125 0.4915651358950328 0.0175 0.029053420805998126
0 0.868125 0.5431115276476102 0.055 0.013120899718837863
0 0.866875 0.5585754451733833 0.05625 0.015932521087160263
0 0.90375 0.5791940018744143 0.085 0.01874414245548266
0 0.714375 0.7314901593252109 0.01375 0.010309278350515464
0 0.60125 0.7207122774133083 0.015 0.011246485473289597
0 0.58875 0.5440487347703843 0.0925 0.030927835051546393
0 0.473125 0.520618556701031 0.01625 0.007497656982193065
0 0.474375 0.514526710402999 0.01875 0.008434864104967198
0 0.545625 0.4198687910028116 0.0325 0.01218369259606373
0 0.70375 0.39034676663542645 0.0525 0.04779756326148079
0 0.538125 0.331302717900656 0.025 0.022492970946579195
0 0.635 0.2830365510777882 0.0225 0.02155576382380506
0 0.661875 0.28631677600749766 0.015 0.005623242736644799
0 0.68875 0.28959700093720714 0.0325 0.010309278350515464
0 0.308125 0.2666354264292409 0.03 0.00937207122774133
0 0.234375 0.24835988753514526 0.01625 0.006560449859418931
0 0.198125 0.25164011246485474 0.02375 0.019681349578256794
0 0.1825 0.27928772258669166 0.00875 0.007497656982193065
0 0.09375 0.29896907216494845 0.02625 0.02155576382380506
0 0.29625 0.33177132146204313 0.0175 0.022492970946579195
0 0.224375 0.4967197750702905 0.02625 0.03467666354264293
0 0.106875 0.5187441424554826 0.0175 0.01218369259606373
0 0.07125 0.5520149953139644 0.04 0.03561387066541706
0 0.026875 0.5604498594189316 0.0125 0.007497656982193065
0 0.1775 0.6733833177132146 0.0125 0.008434864104967198
0 0.83125 0.6096532333645736 0.00625 0.00937207122774133
1 0.89875 0.4948453608247423 0.1425 0.10965323336457357
1 0.66625 0.4939081537019681 0.16875 0.1134020618556701
1 0.75125 0.5815370196813496 0.18375 0.1246485473289597
1 0.5 0.6635426429240863 0.1475 0.1302717900656045