0 0.3775 0.3739456419868791 0.0725 0.05154639175257732
0 0.55 0.48828491096532334 0.06125 0.038425492033739454
0 0.83 0.4343955014058107 0.045 0.03280224929709466
0 0.1825 0.6893158388003748 0.065 0.03748828491096532
0 0.654375 0.3556701030927835 0.03125 0.02717900656044986
0 0.9775 0.32146204311152765 0.045 0.04217432052483599
0 0.804375 0.5520149953139644 0.04625 0.04779756326148079
0 0.46332500000000004 0.4033364573570759 0.036637499999999934 0.016166822867853797
0 0.535 0.4240862230552952 0.04125 0.026241799437675725
0 0.7525 0.6818181818181818 0.06 0.03561387066541706
0 0.9125 0.49531396438612935 0.07625 0.03936269915651359
0 0.105625 0.6366073102155576 0.05375 0.032736644798500525
0 0.7225 0.27672914714151825 0.03 0.007066541705716929
0 0.71625 0.4896907216494845 0.05375 0.031865042174320526
0 0.18875 0.3477038425492034 0.0475 0.01874414245548266
0 0.865625 0.3992502343017807 0.045 0.020618556701030927
0 0.360625 0.2661761949390815 0.0325 0.01125585754451733
0 0.671875 0.5103092783505154 0.0525 0.03655107778819119
0 0.920625 0.3889409559512652 0.02375 0.02999062792877226
0 0.9370875 0.6115463917525773 0.047050000000000126 0.033392689784442466
0 0.9090625 0.42002811621368324 0.08021250000000009 0.024058106841611956
0 0.9538500000000001 0.5276476101218369 0.0485499999999999 0.030927835051546393
0 0.9025 0.4395501405810684 0.05375 0.020618556701030927
0 0.023125 0.703842549203374 0.045 0.07310215557638237
0 0.1289875 0.39774133083411434 0.02563749999999999 0.02023430178069356
0 0.0146875 0.3979568884723524 0.010700000000000003 0.005866916588566065
0 0.212975 0.44994376757263355 0.018299999999999983 0.06291471415182755
0 0.1900125 0.46695407685098406 0.014074999999999989 0.02805060918462981
0 0.1277125 0.5141986879100281 0.0541 0.008491096532333594
0 0.1270125 0.5294095595126523 0.05438749999999999 0.011452671040299931
0 0.08755 0.5472727272727274 0.08426249999999999 0.012089971883786401
0 0.2544875 0.713477038425492 0.012437499999999985 0.009756326148078802
0 0.3686 0.7113870665417057 0.013100000000000023 0.0104873477038426
0 0.40549999999999997 0.5368416119962511 0.08950000000000002 0.023898781630740395
0 0.523875 0.5224461105904405 0.01603750000000005 0.005829428303655133
0 0.5235375 0.5162980318650422 0.017349999999999994 0.006813495782567931
0 0.4656625 0.41661668228678533 0.03146249999999995 0.00962511715089033
0 0.3125375 0.37480787253983133 0.046575000000000026 0.043945641986879086
0 0.485675 0.3290909090909091 0.02166250000000005 0.021349578256794725
0 0.3960375 0.2734489222118088 0.020374999999999942 0.019906279287722595
0 0.36908749999999996 0.2746766635426429 0.014562499999999971 0.004892221180881001
0 0.341325 0.2760449859418932 0.03113749999999996 0.008163074039362733
0 0.7232375000000001 0.282933458294283 0.02876249999999999 0.007478912839737599
0 0.799075 0.27044985941893157 0.016187500000000056 0.0051640112464854645
0 0.83485 0.27671977507029055 0.0207374999999999 0.01826616682286786
0 0.8466 0.30538894095595126 0.008174999999999955 0.006522961574508
0 0.93215 0.3319587628865979 0.023149999999999976 0.019540768509840697
0 0.7262875 0.34862230552952206 0.01397500000000008 0.021574507966260526
0 0.774725 0.5184629803186505 0.022324999999999876 0.033458294283036594
0 0.8881 0.5493908153701968 0.015649999999999976 0.011387066541705803
0 0.919 0.5851546391752578 0.03610000000000014 0.03314901593252099
0 0.962325 0.5970571696344892 0.011674999999999897 0.006850984067478862
0 0.79645 0.6976194939081537 0.011049999999999898 0.0076194939081538045
0 0.15505000000000002 0.5831958762886598 0.004937499999999986 0.009475164011246392
1 0.104075 0.4638519212746016 0.12932500000000002 0.10048734770384252
1 0.3357 0.4807122774133083 0.15563749999999998 0.10188378631677604
1 0.238575 0.5614058106841612 0.16948750000000004 0.11204311152764757
1 0.47740000000000005 0.662464854732896 0.131425 0.1206279287722587