1 0.179375 0.41611996251171507 0.12 0.07966260543580131
1 0.30125 0.36363636363636365 0.115 0.07966260543580131
0 0.84 0.5735707591377694 0.1275 0.09559512652296158
0 0.76875 0.4526710402999063 0.065 0.04967197750702906
0 0.8075 0.682755388940956 0.055 0.04029990627928772
0 0.6725 0.7211808809746955 0.0625 0.04029990627928772
0 0.870625 0.6715089034676663 0.0525 0.04029990627928772
0 0.7375 0.619962511715089 0.06375 0.041237113402061855
0 0.501875 0.32849109653233366 0.07625 0.05810684161199625
0 0.393125 0.22024367385192128 0.1275 0.07216494845360824
0 0.930625 0.4320524835988753 0.05125 0.04592314901593252
0 0.8525 0.3139643861293346 0.0675 0.05716963448922212
0 0.57375 0.25164011246485474 0.0775 0.06091846298031865
0 0.916875 0.5154639175257731 0.04375 0.03467666354264293
0 0.5375 0.4240862230552952 0.02 0.01499531396438613
0 0.06625 0.47797563261480785 0.0575 0.03936269915651359
0 0.903125 0.8514526710402999 0.03375 0.02436738519212746
1 0.39625 0.6016869728209935 0.185 0.12277413308341144
0 0.5425 0.6752577319587629 0.04125 0.03467666354264293
1 0.445625 0.6949390815370197 0.12625 0.08622305529522024
0 0.59625 0.46954076850984067 0.115 0.06654170571696345
0 0.345625 0.5581068416119962 0.0425 0.033739456419868794
0 0.628125 0.5904404873477038 0.02 0.01499531396438613
0 0.819375 0.7582005623242737 0.01375 0.011246485473289597
0 0.191875 0.60543580131209 0.01375 0.00937207122774133
0 0.330625 0.6513589503280225 0.04 0.02155576382380506
0 0.2 0.4662605435801312 0.0475 0.028116213683223992
0 0.246875 0.39878163074039363 0.0425 0.030927835051546393
0 0.16375 0.422680412371134 0.01375 0.01218369259606373
0 0.030625 0.4240862230552952 0.04625 0.11433926897844424
0 0.460625 0.3467666354264292 0.03 0.022492970946579195
0 0.39 0.19775070290534208 0.02625 0.014058106841611996
0 0.181875 0.2521087160262418 0.0475 0.03467666354264293
0 0.970625 0.5716963448922212 0.045 0.03561387066541706
0 0.9225 0.5852858481724461 0.065 0.08809746954076851
0 0.561875 0.4901593252108716 0.04125 0.031865042174320526
0 0.52875 0.485941893158388 0.035 0.028116213683223992
0 0.524375 0.5093720712277413 0.04125 0.02999062792877226
0 0.56625 0.6771321462043112 0.02 0.01218369259606373
0 0.459375 0.7516401124648547 0.0175 0.01218369259606373
0 0.466875 0.8359887535145267 0.01625 0.01218369259606373
0 0.79 0.7924086223055296 0.0125 0.010309278350515464
0 0.853125 0.8083411433926898 0.015 0.00937207122774133
0 0.93375 0.8786316776007498 0.02 0.02436738519212746
1 0.273125 0.619962511715089 0.1925 0.12371134020618557
1 0.1775 0.5918462980318651 0.1125 0.07872539831302718
1 0.27 0.5435801312089972 0.18125 0.08059981255857544