1 0.170625 0.4372071227741331 0.1125 0.07310215557638237
1 0.28625 0.3767572633552015 0.1075 0.07310215557638237
0 0.8475 0.5510777881911902 0.1175 0.08903467666354264
0 0.761875 0.4353327085285848 0.06 0.046860356138706656
0 0.8275 0.662136832239925 0.05125 0.03655107778819119
0 0.6975 0.7089971883786317 0.05875 0.03748828491096532
0 0.88875 0.6466729147141518 0.04875 0.03748828491096532
0 0.75 0.6040299906279287 0.06 0.038425492033739454
0 0.481875 0.3289597000937207 0.07125 0.05435801312089972
0 0.360625 0.2282099343955014 0.12125 0.06466729147141519
0 0.92125 0.40393626991565135 0.0475 0.04311152764761012
0 0.829375 0.2914714151827554 0.0625 0.05435801312089972
0 0.545 0.2478912839737582 0.07125 0.05716963448922212
0 0.916875 0.4878163074039363 0.04 0.031865042174320526
0 0.52875 0.4217432052483599 0.0175 0.013120899718837863
0 0.065 0.506560449859419 0.05375 0.03561387066541706
0 0.9425 0.823805060918463 0.03125 0.022492970946579195
1 0.40875 0.6082474226804123 0.17375 0.11246485473289597
0 0.563125 0.6719775070290535 0.03875 0.03280224929709466
1 0.46875 0.6977507029053421 0.1175 0.07966260543580131
0 0.5925 0.46344892221180883 0.10875 0.05998125585754452
0 0.353125 0.5679475164011246 0.03875 0.031865042174320526
0 0.638125 0.5820056232427366 0.01875 0.014058106841611996
0 0.848125 0.7366447985004686 0.0125 0.010309278350515464
0 0.205625 0.6251171508903468 0.01375 0.008434864104967198
0 0.34875 0.6616682286785379 0.03875 0.01874414245548266
0 0.1975 0.485941893158388 0.045 0.02530459231490159
0 0.23625 0.415651358950328 0.03875 0.028116213683223992
0 0.155625 0.4451733833177132 0.0125 0.01218369259606373
0 0.02375 0.4550140581068416 0.03375 0.1134020618556701
0 0.443125 0.3500468603561387 0.0275 0.020618556701030927
0 0.355 0.20618556701030927 0.025 0.01218369259606373
0 0.154375 0.2736644798500469 0.045 0.031865042174320526
0 0.9925 0.338331771321462 0.015 0.026241799437675725
0 0.976875 0.5407685098406748 0.04125 0.033739456419868794
0 0.930625 0.5571696344892221 0.055 0.08528584817244611
0 0.560625 0.485941893158388 0.03875 0.029053420805998126
0 0.526875 0.48406747891283974 0.0325 0.026241799437675725
0 0.525 0.5079662605435802 0.03875 0.028116213683223992
0 0.58625 0.6724461105904405 0.02 0.010309278350515464
0 0.48875 0.753045923149016 0.01625 0.011246485473289597
0 0.50625 0.8369259606373008 0.015 0.011246485473289597
0 0.823125 0.7727272727272727 0.01125 0.010309278350515464
0 0.8875 0.7839737582005624 0.015 0.008434864104967198
0 0.97625 0.8486410496719775 0.0175 0.023430178069353328
1 0.288125 0.6344892221180881 0.18125 0.11246485473289597
1 0.189375 0.612933458294283 0.105 0.07310215557638237
1 0.275625 0.5585754451733833 0.17375 0.07029053420805999