1 0.83205 0.4460918462980319 0.10911249999999996 0.07032802249297092
1 0.7192000000000001 0.38255857544517335 0.10465000000000003 0.07086223055295221
0 0.150625 0.5421743205248359 0.11375 0.08622305529522024
0 0.24125 0.42830365510777885 0.0575 0.04498594189315839
0 0.165 0.6532333645735707 0.05 0.03561387066541706
0 0.293125 0.703842549203374 0.0575 0.03561387066541706
0 0.104375 0.6363636363636364 0.0475 0.03655107778819119
0 0.245 0.5974695407685099 0.05875 0.03655107778819119
0 0.52625 0.3294283036551078 0.06875 0.05248359887535145
0 0.651875 0.23195876288659795 0.11875 0.061855670103092786
0 0.08375 0.3931583880037488 0.045 0.04217432052483599
0 0.180625 0.2830365510777882 0.06 0.05248359887535145
0 0.466875 0.24695407685098406 0.06875 0.05529522024367385
0 0.08375 0.47703842549203374 0.03875 0.030927835051546393
0 0.475 0.42127460168697284 0.0175 0.013120899718837863
0 0.934375 0.5178069353327085 0.0525 0.03467666354264293
0 0.0429125 0.8120899718837863 0.03 0.02155576382380506
1 0.58625 0.6105904404873477 0.16875 0.1077788191190253
0 0.429075 0.6701030927835051 0.03685000000000002 0.031865042174320526
1 0.52215 0.6986691658856607 0.11454999999999999 0.07664479850046858
0 0.409375 0.4611059044048735 0.10625 0.05716963448922212
0 0.64375 0.5716963448922212 0.0375 0.030927835051546393
0 0.35814999999999997 0.5781911902530459 0.017925000000000038 0.013842549203373928
0 0.1411625 0.727244611059044 0.012025000000000006 0.009925023430177992
0 0.7884125000000001 0.6326616682286785 0.013100000000000023 0.008388003748828534
0 0.643475 0.6657357075913777 0.03758749999999999 0.017835051546391728
0 0.8031625 0.49386129334582946 0.04353749999999991 0.023898781630740395
0 0.7676000000000001 0.42271790065604503 0.038062500000000055 0.027460168697282055
0 0.8464375 0.4540112464854733 0.011674999999999897 0.011593252108716031
0 0.9783124999999999 0.4676476101218369 0.028087500000000033 0.11233364573570755
0 0.5640375 0.351668228678538 0.027099999999999937 0.019793814432989696
0 0.65845 0.2102717900656045 0.024749999999999942 0.011593252108716031
0 0.85595 0.2828491096532334 0.043075000000000044 0.03085285848172442
0 0.01125 0.32567947516401125 0.0225 0.02530459231490159
0 0.021362499999999996 0.5281818181818182 0.039474999999999996 0.0322774133083412
0 0.067025 0.54601686972821 0.05137500000000001 0.08362699156513591
0 0.4402625 0.4844142455482662 0.037312500000000026 0.028528584817244663
0 0.4738 0.4833364573570759 0.031175000000000067 0.025679475164011277
0 0.4745125 0.5071415182755389 0.037312500000000026 0.026916588566073128
0 0.4056625 0.669925023430178 0.019037500000000023 0.010168697282099258
0 0.499725 0.7532802249297095 0.015474999999999994 0.010702905342080668
0 0.4782 0.8366354264292409 0.014762499999999932 0.01088097469540759
0 0.1645375 0.7638894095595127 0.010450000000000017 0.0098125585754452
0 0.0994875 0.7737019681349578 0.014037499999999987 0.008388003748828534
0 0.00795 0.8361012183692597 0.0159 0.023364573570759196
1 0.7056999999999999 0.6397563261480788 0.17601249999999993 0.10796626054358018
1 0.8049625 0.6207778819119025 0.10216250000000002 0.07001874414245551
1 0.7213625 0.5642268041237113 0.17140000000000008 0.06561387066541705