1 0.880625 0.3723004694835681 0.23875 0.13615023474178403
0 0.573125 0.5370892018779343 0.09375 0.09295774647887324
1 0.525625 0.7220657276995305 0.28 0.11549295774647887
0 0.54375 0.5915492957746479 0.05875 0.059154929577464786
0 0.530625 0.4582159624413146 0.06 0.046009389671361506
0 0.551875 0.41455399061032866 0.05375 0.036619718309859155
0 0.57625 0.36666666666666664 0.0475 0.051643192488262914
1 0.258125 0.668075117370892 0.1625 0.13990610328638498
0 0.36375 0.2516431924882629 0.05375 0.07136150234741784
1 0.745 0.44553990610328637 0.09875 0.06009389671361502
0 0.6325 0.33192488262910796 0.05 0.036619718309859155
1 0.895 0.532394366197183 0.08 0.06854460093896714
1 0.82 0.5131455399061032 0.07375 0.11267605633802817
0 0.40125 0.12206572769953052 0.03625 0.03286384976525822
0 0.56375 0.4779342723004695 0.04375 0.06103286384976526
1 0.979375 0.5427230046948357 0.04125 0.03474178403755868
1 0.126875 0.19436619718309858 0.13125 0.13615023474178403
0 0.3125 0.06338028169014084 0.0175 0.015023474178403756
0 0.596875 0.1863849765258216 0.03375 0.030985915492957747
0 0.6875 0.17370892018779344 0.0375 0.020657276995305163
0 0.544375 0.16572769953051644 0.02875 0.01784037558685446
0 0.5875 0.23333333333333334 0.01625 0.011267605633802818
0 0.56625 0.17183098591549295 0.01375 0.010328638497652582
0 0.3525 0.3741784037558685 0.03 0.020657276995305163
0 0.59625 0.6455399061032864 0.025 0.01971830985915493
0 0.348125 0.5713615023474179 0.025 0.01971830985915493
0 0.35125 0.5197183098591549 0.02625 0.022535211267605635
0 0.361875 0.4572769953051643 0.01875 0.016901408450704224
0 0.62875 0.528169014084507 0.01875 0.011267605633802818
0 0.671875 0.44647887323943664 0.0225 0.016901408450704224
0 0.46875 0.444131455399061 0.01125 0.010328638497652582
0 0.711875 0.18169014084507043 0.01125 0.008450704225352112
0 0.660625 0.17652582159624414 0.00625 0.008450704225352112
0 0.880625 0.2976525821596244 0.0225 0.027230046948356807
0 0.94375 0.3084507042253521 0.01375 0.01971830985915493
0 0.851875 0.3314553990610329 0.01375 0.009389671361502348
0 0.823125 0.45258215962441317 0.01875 0.006572769953051643
0 0.980625 0.5516431924882629 0.02875 0.006572769953051643
0 0.975625 0.5464788732394367 0.02 0.005633802816901409
0 0.831875 0.5023474178403756 0.0075 0.004694835680751174
0 0.775 0.5990610328638498 0.015 0.005633802816901409
0 0.761875 0.6868544600938967 0.0125 0.005633802816901409
0 0.544375 0.6028169014084507 0.0175 0.011267605633802818
0 0.569375 0.5206572769953052 0.01625 0.009389671361502348
0 0.38375 0.27793427230046946 0.0175 0.023474178403755867
0 0.374375 0.27511737089201876 0.0075 0.007511737089201878
1 0.10625 0.055868544600938964 0.07 0.08826291079812207