1 0.8539875000000001 0.334112676056338 0.2214500000000001 0.11434741784037557
0 0.5794375 0.5289859154929577 0.07876249999999999 0.08568075117370892
1 0.5665 0.7170234741784037 0.26660000000000006 0.08877934272300465
0 0.5605125000000001 0.5859154929577465 0.048974999999999935 0.054460093896713614
0 0.5225625 0.45539906103286387 0.05237499999999997 0.04131455399061033
0 0.5355875 0.409906103286385 0.04875 0.03195305164319246
0 0.5507625 0.360093896713615 0.038462499999999976 0.04788732394366197
1 0.29164999999999996 0.6917183098591548 0.14004999999999998 0.12624413145539912
0 0.3189875 0.268131455399061 0.041387500000000015 0.0678967136150235
1 0.7325499999999999 0.4204788732394366 0.09013749999999987 0.050732394366197156
0 0.5999875 0.31990610328638497 0.044012500000000045 0.03224413145539909
1 0.89685 0.4906197183098591 0.06878749999999996 0.061708920187793455
1 0.8193375 0.47950234741784037 0.053774999999999976 0.10837558685446005
0 0.332125 0.13601877934272302 0.03067499999999999 0.029671361502347438
0 0.5592374999999999 0.4714835680751174 0.033937499999999975 0.057981220657277
1 0.9823999999999999 0.4919906103286385 0.0352000000000001 0.03145539906103286
1 0.074075 0.23622535211267606 0.10830000000000001 0.1263474178403756
0 0.23375 0.08732394366197183 0.015 0.013145539906103286
0 0.538125 0.17934272300469484 0.02875 0.028169014084507043
0 0.6253375 0.15738028169014084 0.03517500000000005 0.01736150234741785
0 0.481875 0.1643192488262911 0.02625 0.015023474178403756
0 0.53695 0.2268169014084507 0.015 0.009389671361502348
0 0.505 0.168075117370892 0.0125 0.009389671361502348
0 0.33081249999999995 0.3908920187793427 0.02662499999999998 0.018225352112676025
0 0.6225 0.6342723004694836 0.0225 0.01784037558685446
0 0.3625 0.5863849765258216 0.0225 0.01784037558685446
0 0.35625 0.5352112676056338 0.0225 0.020657276995305163
0 0.355625 0.4723004694835681 0.01625 0.015023474178403756
0 0.6325 0.5145539906103287 0.0175 0.009389671361502348
0 0.6602750000000001 0.4291079812206573 0.02053750000000008 0.015023474178403756
0 0.45875 0.447887323943662 0.01 0.009389671361502348
0 0.6508499999999999 0.16243192488262911 0.009637500000000045 0.00788732394366195
0 0.5992375 0.16307981220657278 0.005349999999999966 0.00788732394366195
0 0.8396750000000001 0.25985915492957745 0.01842500000000001 0.025098591549295793
0 0.90415 0.2640469483568075 0.009850000000000136 0.01898591549295777
0 0.8171875 0.29646009389671363 0.011999999999999886 0.00852582159624417
0 0.81105 0.4193521126760564 0.017750000000000057 0.004460093896713615
0 0.9855375 0.5009765258215962 0.028249999999999886 0.003765258215962433
0 0.9795999999999999 0.4965164319248826 0.02006249999999994 0.003962441314554016
0 0.8291249999999999 0.46785915492957747 0.007387500000000102 0.004159624413145493
0 0.790625 0.5695868544600939 0.014449999999999932 0.004056338028168955
0 0.7940875 0.6577558685446009 0.011437500000000114 0.004056338028168955
0 0.5630625 0.5972676056338029 0.015499999999999972 0.009521126760563475
0 0.5723875 0.5130234741784038 0.015137500000000017 0.008197183098591566
0 0.343675 0.2924131455399061 0.013375000000000057 0.021953051643192483
0 0.33417499999999994 0.29056338028169015 0.006337500000000063 0.007145539906103299
1 0.027487499999999998 0.1012394366197183 0.054974999999999996 0.08312676056338027