1 0.17125 0.30704225352112674 0.23625 0.13145539906103287
0 0.416875 0.5225352112676056 0.09 0.09107981220657277
1 0.40375 0.7107981220657277 0.2775 0.10892018779342723
0 0.428125 0.5807511737089202 0.05625 0.05821596244131456
0 0.48375 0.4539906103286385 0.0575 0.04507042253521127
0 0.476875 0.40751173708920185 0.0525 0.03568075117370892
0 0.46875 0.3568075117370892 0.045 0.05070422535211268
1 0.680625 0.7070422535211267 0.15625 0.13615023474178403
0 0.7125 0.28356807511737087 0.05 0.07042253521126761
1 0.28 0.4028169014084507 0.09625 0.05727699530516432
0 0.425625 0.3131455399061033 0.04875 0.03568075117370892
1 0.106875 0.4596244131455399 0.0775 0.06666666666666667
1 0.185 0.4544600938967136 0.06875 0.11173708920187793
0 0.7175 0.1511737089201878 0.035 0.03192488262910798
0 0.445 0.4671361502347418 0.04125 0.06009389671361502
1 0.02125 0.4539906103286385 0.04 0.03380281690140845
1 0.94875 0.2708920187793427 0.1025 0.13427230046948357
0 0.8225 0.11032863849765258 0.01625 0.014084507042253521
0 0.506875 0.1779342723004695 0.0325 0.03004694835680751
0 0.423125 0.14929577464788732 0.0375 0.01971830985915493
0 0.565 0.1676056338028169 0.02875 0.016901408450704224
0 0.50125 0.22535211267605634 0.01625 0.010328638497652582
0 0.54125 0.16948356807511736 0.01375 0.010328638497652582
0 0.68375 0.40469483568075115 0.02875 0.020657276995305163
0 0.359375 0.6239436619718309 0.025 0.01971830985915493
0 0.625 0.5967136150234742 0.025 0.01971830985915493
0 0.638125 0.5464788732394367 0.025 0.022535211267605635
0 0.6475 0.4835680751173709 0.01875 0.01596244131455399
0 0.36625 0.504225352112676 0.01875 0.010328638497652582
0 0.350625 0.4169014084507042 0.0225 0.016901408450704224
0 0.548125 0.4516431924882629 0.01125 0.010328638497652582
0 0.396875 0.15258215962441316 0.01125 0.008450704225352112
0 0.448125 0.1572769953051643 0.00625 0.008450704225352112
0 0.195625 0.23427230046948358 0.02125 0.02629107981220657
0 0.130625 0.23380281690140844 0.0125 0.01971830985915493
0 0.213125 0.2727699530516432 0.0125 0.009389671361502348
0 0.201875 0.39530516431924884 0.01875 0.005633802816901409
0 0.016875 0.4629107981220657 0.02875 0.005633802816901409
0 0.02375 0.45868544600938965 0.02 0.005633802816901409
0 0.176875 0.4422535211267606 0.0075 0.004694835680751174
0 0.20125 0.5464788732394367 0.015 0.005633802816901409
0 0.185625 0.6338028169014085 0.0125 0.004694835680751174
0 0.42375 0.5915492957746479 0.01625 0.010328638497652582
0 0.42625 0.5070422535211268 0.01625 0.009389671361502348
0 0.684375 0.3056338028169014 0.01625 0.022535211267605635
0 0.69375 0.3046948356807512 0.0075 0.007511737089201878