0 0.9025 0.7694470477975632 0.0925 0.07872539831302718
0 0.76125 0.9428303655107779 0.09125 0.07778819119025304
0 0.603125 0.32286785379568883 0.03375 0.030927835051546393
0 0.63625 0.22071227741330834 0.03625 0.028116213683223992
0 0.354375 0.25164011246485474 0.065 0.07310215557638237
0 0.80875 0.38425492033739456 0.03375 0.03280224929709466
0 0.1425 0.7680412371134021 0.12125 0.05154639175257732
0 0.070625 0.8462980318650422 0.12125 0.04967197750702906
0 0.085625 0.619493908153702 0.01875 0.011246485473289597
0 0.07375 0.43580131208997186 0.025 0.01874414245548266
0 0.370625 0.3641049671977507 0.02625 0.031865042174320526
0 0.108125 0.45829428303655106 0.045 0.028116213683223992
0 0.479375 0.1232427366447985 0.03 0.02717900656044986
0 0.57125 0.22211808809746955 0.015 0.02155576382380506
0 0.515625 0.25773195876288657 0.02875 0.03936269915651359
0 0.084375 0.09372071227741331 0.0725 0.05529522024367385
0 0.9925 0.260543580131209 0.015 0.026241799437675725
0 0.530625 0.28537956888472354 0.0325 0.038425492033739454
0 0.606875 0.3908153701968135 0.0325 0.029053420805998126
0 0.245625 0.1162136832239925 0.015 0.015932521087160263
0 0.234375 0.1134020618556701 0.01 0.011246485473289597
0 0.405625 0.1850984067478913 0.0375 0.01874414245548266
0 0.365 0.24742268041237114 0.015 0.020618556701030927
0 0.4 0.2891283973758201 0.04 0.019681349578256794
0 0.2625 0.25023430178069356 0.01375 0.011246485473289597
0 0.254375 0.2450796626054358 0.01375 0.010309278350515464
0 0.18875 0.29756326148078727 0.0125 0.014058106841611996
0 0.538125 0.246485473289597 0.01875 0.01499531396438613
0 0.553125 0.2774133083411434 0.02 0.016869728209934397
0 0.7425 0.31115276476101217 0.03 0.00937207122774133
0 0.95 0.2282099343955014 0.0375 0.01874414245548266
0 0.938125 0.15463917525773196 0.0375 0.01780693533270853
0 0.876875 0.1358950328022493 0.02125 0.015932521087160263
0 0.85875 0.14479850046860357 0.0275 0.03467666354264293
0 0.7375 0.12699156513589505 0.02125 0.010309278350515464
0 0.80125 0.5295220243673852 0.03875 0.02999062792877226
0 0.885 0.584348641049672 0.035 0.010309278350515464
0 0.6875 0.6035613870665417 0.02625 0.02155576382380506
0 0.6275 0.6363636363636364 0.0325 0.01218369259606373
0 0.82875 0.6776007497656982 0.0175 0.019681349578256794
0 0.8275 0.6968134957825679 0.01625 0.010309278350515464
0 0.82375 0.8280224929709465 0.02 0.008434864104967198
0 0.814375 0.8444236176194939 0.02 0.011246485473289597
0 0.28125 0.865979381443299 0.03375 0.04967197750702906
0 0.304375 0.8528584817244611 0.0225 0.022492970946579195
0 0.005 0.7104029990627929 0.01 0.011246485473289597
0 0.089375 0.5623242736644799 0.07625 0.026241799437675725
0 0.269375 0.4746954076850984 0.0425 0.023430178069353328
0 0.2275 0.4746954076850984 0.05625 0.02717900656044986
1 0.2175 0.41424554826616683 0.13625 0.10590440487347703
0 0.713125 0.43908153701968133 0.0175 0.004686035613870665
0 0.74375 0.43908153701968133 0.01875 0.004686035613870665
1 0.78625 0.48406747891283974 0.055 0.09372071227741331
1 0.596875 0.4793814432989691 0.35875 0.1021555763823805
1 0.39875 0.47563261480787256 0.05125 0.09559512652296158
0 0.47875 0.5374882849109653 0.02 0.005623242736644799
1 0.65375 0.5834114339268979 0.0525 0.09184629803186505
1 0.459375 0.5801312089971884 0.35875 0.1049671977507029
1 0.265625 0.5763823805060918 0.055 0.09465791940018745
1 0.146875 0.6790065604498594 0.05625 0.09559512652296158
1 0.33875 0.6841611996251171 0.36125 0.1021555763823805
1 0.53875 0.6888472352389878 0.05375 0.09278350515463918