0 0.915 0.7586691658856607 0.08875 0.07685098406747891
0 0.781875 0.9358013120899719 0.0875 0.07591377694470477
0 0.595 0.3203186504217432 0.0325 0.03039362699156509
0 0.623125 0.21751640112464854 0.03509999999999998 0.02717900656044986
0 0.343125 0.25538894095595127 0.06125 0.07122774133083412
0 0.803125 0.3764667291471415 0.0325 0.031865042174320526
0 0.155 0.7774133083411434 0.11875 0.04873477038425492
0 0.0868125 0.8575445173383318 0.11888749999999998 0.046860356138706656
0 0.09125 0.6302717900656045 0.01875 0.010309278350515464
0 0.070725 0.44704779756326146 0.02463750000000001 0.01780693533270853
0 0.36460000000000004 0.36771321462043116 0.02543750000000003 0.03120899718837859
0 0.10625 0.46860356138706655 0.04375 0.02717900656044986
0 0.461875 0.12417994376757263 0.02875 0.026241799437675725
0 0.558125 0.22021555763823805 0.01375 0.021611996251171512
0 0.5043375 0.2572633552014995 0.027412499999999937 0.038425492033739454
0 0.065625 0.1049671977507029 0.07 0.053420805998125584
0 0.9875 0.2478912839737582 0.025 0.02530459231490159
0 0.52035 0.2849109653233365 0.030687499999999944 0.03748828491096532
0 0.601875 0.3880506091846298 0.03125 0.028013120899718826
0 0.22769999999999999 0.12316776007497655 0.014187500000000028 0.015445173383317717
0 0.2165375 0.12050609184629804 0.009450000000000004 0.01062792877225866
0 0.3909 0.18794751640112464 0.03616249999999994 0.018209934395501413
0 0.3530125 0.25109653233364576 0.013837500000000063 0.02023430178069356
0 0.39005 0.29205248359887537 0.03926249999999996 0.018575445173383366
0 0.2510375 0.2566729147141518 0.013549999999999968 0.011105904404873499
0 0.24275 0.25173383317713216 0.013887500000000018 0.009840674789128397
0 0.1793375 0.3056232427366448 0.011512499999999974 0.014142455482661699
0 0.526025 0.24577319587628868 0.01822500000000005 0.014161199625117164
0 0.542775 0.2759512652296157 0.019325000000000047 0.016682286785379526
0 0.7333750000000001 0.30510777881911905 0.029724999999999967 0.008556701030927831
0 0.937 0.21672914714151828 0.03716250000000002 0.017947516401124627
0 0.9219499999999999 0.14343955014058107 0.03615000000000009 0.01694470477975631
0 0.8598874999999999 0.1263261480787254 0.020262500000000044 0.015173383317713212
0 0.8419625000000001 0.1358294283036551 0.026349999999999908 0.03418931583880038
0 0.7202 0.12088097469540768 0.020275000000000033 0.009859418931583876
0 0.8027249999999999 0.5218369259606372 0.03784999999999997 0.02868791002811612
0 0.888975 0.5743205248359887 0.03513749999999988 0.00943767572633546
0 0.69245 0.5986691658856607 0.025674999999999955 0.02110590440487346
0 0.6335999999999999 0.6329053420805998 0.03245000000000005 0.01135895032802239
0 0.8367125 0.6690440487347704 0.016537500000000024 0.019212746016869727
0 0.83655 0.6880599812558575 0.01552500000000009 0.009568884723523933
0 0.8390875 0.8195501405810685 0.019925000000000068 0.008294283036550993
0 0.8299500000000001 0.8357919400187441 0.019925000000000068 0.010337394564198661
0 0.298225 0.8714339268978445 0.031487499999999995 0.04873477038425492
0 0.3207125 0.8578537956888472 0.02161249999999999 0.022005623242736663
0 0.013425 0.7235707591377694 0.014562500000000003 0.010590440487347662
0 0.09223750000000001 0.5730552952202437 0.07544999999999999 0.024545454545454596
0 0.268275 0.48074976569821937 0.041225000000000026 0.022530459231490125
0 0.2263375 0.481883786316776 0.054750000000000014 0.025313964386129328
1 0.21364999999999998 0.4218931583880038 0.13153750000000003 0.10213683223992504
0 0.7098625 0.4334489222118088 0.01788749999999993 0.004536082474226834
0 0.740475 0.4326897844423618 0.01821249999999992 0.004536082474226834
1 0.785625 0.4764198687910028 0.05102499999999992 0.09198687910028114
1 0.5956125 0.47692596063730086 0.35405000000000003 0.09249297094657924
1 0.3979625 0.4784442361761949 0.04736249999999998 0.09401124648547324
0 0.4807125 0.537938144329897 0.01958749999999995 0.005032802249296992
1 0.6576000000000001 0.5795126522961574 0.04866250000000001 0.09020618556701031
1 0.4631 0.5813120899718838 0.3550999999999999 0.0953795688847235
1 0.2693125 0.5823055295220244 0.05075000000000003 0.09325210871602624
1 0.15515 0.6880787253983129 0.05241250000000001 0.09437675726335525
1 0.3472 0.6882099343955015 0.35736249999999997 0.0925960637300843
1 0.5473875 0.6879287722586691 0.04898749999999993 0.09198687910028125