0 0.899375 0.5051546391752577 0.09875 0.07216494845360824
0 0.963125 0.5923149015932521 0.07375 0.08434864104967198
0 0.1175 0.3908153701968135 0.05875 0.03748828491096532
0 0.129375 0.5613870665417057 0.08125 0.059044048734770385
0 0.14 0.4339268978444236 0.0525 0.04029990627928772
0 0.23125 0.5899718837863168 0.0675 0.05810684161199625
0 0.71 0.53514526710403 0.08125 0.046860356138706656
0 0.24875 0.3983130271790066 0.05375 0.04217432052483599
0 0.32875 0.48687910028116216 0.0525 0.03561387066541706
0 0.26 0.3673851921274602 0.0475 0.033739456419868794
0 0.549375 0.556232427366448 0.0375 0.030927835051546393
0 0.98375 0.6925960637300843 0.0325 0.05998125585754452
0 0.675 0.5604498594189316 0.06875 0.04311152764761012
0 0.09625 0.5187441424554826 0.03125 0.02530459231490159
0 0.758125 0.31021555763823805 0.035 0.01499531396438613
0 0.549375 0.27647610121836924 0.02875 0.016869728209934397
0 0.518125 0.2492970946579194 0.02 0.011246485473289597
0 0.406875 0.23851921274601687 0.02875 0.01780693533270853
0 0.218125 0.211340206185567 0.01 0.016869728209934397
0 0.0775 0.3289597000937207 0.0325 0.022492970946579195
0 0.31375 0.2366447985004686 0.015 0.010309278350515464
0 0.263125 0.2268041237113402 0.0175 0.013120899718837863
0 0.788125 0.5946579194001874 0.03125 0.01874414245548266
0 0.915625 0.5435801312089972 0.0325 0.020618556701030927
0 0.823125 0.3711340206185567 0.02875 0.01780693533270853
0 0.88375 0.6382380506091846 0.0325 0.01874414245548266
0 0.6975 0.3336457357075914 0.03 0.016869728209934397
0 0.740625 0.5679475164011246 0.0275 0.010309278350515464
0 0.735625 0.3898781630740394 0.01375 0.01218369259606373
0 0.448125 0.569821930646673 0.02875 0.020618556701030927
0 0.466875 0.34629803186504216 0.025 0.019681349578256794
0 0.345625 0.48406747891283974 0.02375 0.03467666354264293
0 0.468125 0.5801312089971884 0.01875 0.01218369259606373
0 0.365625 0.5178069353327085 0.02375 0.016869728209934397
0 0.491875 0.3542642924086223 0.02375 0.015932521087160263
0 0.0175 0.43767572633552015 0.0225 0.013120899718837863
0 0.274375 0.5173383317713215 0.02375 0.020618556701030927
0 0.04625 0.4147141518275539 0.02375 0.014058106841611996
0 0.333125 0.5782567947516402 0.01 0.010309278350515464
0 0.195 0.49250234301780693 0.01625 0.005623242736644799
0 0.929375 0.7577319587628866 0.035 0.01874414245548266
0 0.889375 0.6850984067478912 0.0325 0.019681349578256794
0 0.751875 0.6893158388003748 0.0225 0.01874414245548266
0 0.05 0.732427366447985 0.01875 0.01218369259606373
0 0.219375 0.7347703842549204 0.0175 0.007497656982193065
0 0.97875 0.3898781630740394 0.0375 0.09840674789128398
0 0.58125 0.31302717900656046 0.10625 0.038425492033739454
0 0.4775 0.29756326148078727 0.145 0.05435801312089972
0 0.2575 0.22305529522024367 0.0125 0.010309278350515464
0 0.20875 0.21649484536082475 0.0125 0.01874414245548266
0 0.110625 0.32567947516401125 0.00625 0.010309278350515464
0 0.28875 0.3500468603561387 0.0175 0.010309278350515464
0 0.385 0.415651358950328 0.0225 0.016869728209934397
0 0.378125 0.4090909090909091 0.03125 0.022492970946579195
0 0.551875 0.5126522961574508 0.0175 0.005623242736644799
0 0.73625 0.5609184629803187 0.02 0.006560449859418931
0 0.504375 0.6059044048734771 0.00875 0.005623242736644799
0 0.329375 0.5506091846298032 0.0125 0.007497656982193065
0 0.370625 0.598406747891284 0.01625 0.004686035613870665
0 0.32625 0.6499531396438613 0.00875 0.008434864104967198
0 0.335625 0.6611996251171509 0.00875 0.00937207122774133
0 0.1825 0.6330834114339269 0.0175 0.010309278350515464
0 0.12125 0.6110590440487348 0.015 0.010309278350515464
0 0.026875 0.5899718837863168 0.0175 0.010309278350515464
0 0.185625 0.5018744142455482 0.01 0.007497656982193065
1 0.333125 0.612933458294283 0.06625 0.16494845360824742
1 0.50875 0.6658856607310215 0.06625 0.16869728209934395