0 0.8975 0.5257731958762887 0.09875 0.07216494845360824
0 0.954375 0.6166822867853796 0.075 0.08434864104967198
0 0.12875 0.37066541705716965 0.05875 0.03748828491096532
0 0.124375 0.5417057169634489 0.08125 0.059044048734770385
0 0.146875 0.41518275538894095 0.0525 0.04029990627928772
0 0.22375 0.5759137769447048 0.0675 0.05810684161199625
0 0.70625 0.5463917525773195 0.08125 0.046860356138706656
0 0.25875 0.3851921274601687 0.05375 0.04217432052483599
0 0.33 0.4775070290534208 0.0525 0.03561387066541706
0 0.2725 0.35520149953139646 0.0475 0.033739456419868794
0 0.544375 0.5590440487347704 0.0375 0.030927835051546393
0 0.97 0.717900656044986 0.0425 0.05998125585754452
0 0.66875 0.569821930646673 0.06875 0.04311152764761012
0 0.095 0.4971883786316776 0.03125 0.02530459231490159
0 0.775 0.32427366447985007 0.035 0.01499531396438613
0 0.57 0.2797563261480787 0.02875 0.016869728209934397
0 0.541875 0.2507029053420806 0.02 0.011246485473289597
0 0.43125 0.23430178069353327 0.02875 0.01780693533270853
0 0.245625 0.19728209934395502 0.01 0.016869728209934397
0 0.094375 0.30740393626991563 0.0325 0.022492970946579195
0 0.33875 0.22774133083411435 0.015 0.010309278350515464
0 0.289375 0.21508903467666354 0.0175 0.013120899718837863
0 0.77875 0.6096532333645736 0.03125 0.01874414245548266
0 0.910625 0.5651358950328023 0.0325 0.020618556701030927
0 0.834375 0.38847235238987815 0.02875 0.01780693533270853
0 0.87 0.6579194001874414 0.0325 0.01874414245548266
0 0.7125 0.3444236176194939 0.03 0.016869728209934397
0 0.73375 0.5805998125585754 0.0275 0.010309278350515464
0 0.745625 0.40253045923149017 0.01375 0.01218369259606373
0 0.441875 0.5670103092783505 0.02875 0.020618556701030927
0 0.48125 0.344892221180881 0.025 0.019681349578256794
0 0.3475 0.47563261480787256 0.02375 0.03467666354264293
0 0.460625 0.5782567947516402 0.01875 0.01218369259606373
0 0.364375 0.5103092783505154 0.02375 0.016869728209934397
0 0.505625 0.3542642924086223 0.02375 0.015932521087160263
0 0.024375 0.41237113402061853 0.0225 0.013120899718837863
0 0.273125 0.5051546391752577 0.02375 0.020618556701030927
0 0.055625 0.39128397375820057 0.02375 0.014058106841611996
0 0.32625 0.5693533270852859 0.01 0.010309278350515464
0 0.19625 0.4765698219306467 0.01625 0.005623242736644799
0 0.904375 0.7797563261480788 0.035 0.01874414245548266
0 0.87125 0.7052483598875351 0.0325 0.019681349578256794
0 0.73375 0.7019681349578257 0.0225 0.01874414245548266
0 0.029375 0.7085285848172446 0.01875 0.01218369259606373
0 0.198125 0.7193064667291471 0.0175 0.007497656982193065
0 0.984375 0.4147141518275539 0.03125 0.09840674789128398
0 0.598125 0.3177132146204311 0.10625 0.038425492033739454
0 0.49625 0.2970946579194002 0.145 0.05435801312089972
0 0.28375 0.211340206185567 0.0125 0.010309278350515464
0 0.23625 0.20196813495782567 0.0125 0.01874414245548266
0 0.1275 0.3055295220243674 0.00625 0.010309278350515464
0 0.303125 0.3392689784442362 0.0175 0.010309278350515464
0 0.393125 0.41002811621368324 0.0225 0.016869728209934397
0 0.386875 0.4029990627928772 0.03125 0.022492970946579195
0 0.550625 0.5154639175257731 0.0175 0.005623242736644799
0 0.73 0.5731021555763823 0.02 0.006560449859418931
0 0.494375 0.6059044048734771 0.00875 0.005623242736644799
0 0.325 0.5417057169634489 0.0125 0.007497656982193065
0 0.361875 0.5913776944704779 0.01625 0.004686035613870665
0 0.3125 0.64058106841612 0.00875 0.008434864104967198
0 0.32125 0.6522961574507966 0.00875 0.00937207122774133
0 0.17125 0.6162136832239925 0.0175 0.010309278350515464
0 0.111875 0.5909090909090909 0.015 0.010309278350515464
0 0.019375 0.5646672914714151 0.0175 0.010309278350515464
0 0.18625 0.4854732895970009 0.01 0.007497656982193065
1 0.323125 0.6035613870665417 0.06625 0.16494845360824742
1 0.493125 0.6658856607310215 0.06625 0.16869728209934395