0 0.915625 0.29128175519630484 0.135 0.06351039260969978
0 0.21125 0.3853926096997691 0.1025 0.05369515011547344
0 0.486875 0.5542725173210161 0.08875 0.04157043879907621
0 0.684375 0.331986143187067 0.0725 0.037528868360277134
0 0.346875 0.539838337182448 0.095 0.04330254041570439
0 0.310625 0.7442263279445728 0.07875 0.03579676674364896
0 0.52875 0.2840646651270208 0.05 0.02424942263279446
0 0.834375 0.5617782909930716 0.07875 0.049653579676674366
0 0.039375 0.7670323325635104 0.0675 0.04041570438799076
0 0.571875 0.48123556581986143 0.08875 0.034064665127020784
0 0.81125 0.730080831408776 0.1 0.04561200923787529
0 0.391875 0.2846420323325635 0.0475 0.022517321016166283
0 0.90125 0.7231524249422633 0.0875 0.04907621247113164
0 0.56125 0.38799076212471134 0.07 0.030600461893764433
0 0.348125 0.3062933025404157 0.05125 0.03002309468822171
0 0.461875 0.45265588914549654 0.09625 0.03002309468822171
0 0.58125 0.5378175519630485 0.06 0.07274826789838337
0 0.316875 0.6394341801385681 0.05625 0.022517321016166283
0 0.793125 0.8643187066974596 0.06875 0.03233256351039261
0 0.570625 0.6420323325635104 0.04375 0.01789838337182448
0 0.410625 0.3501732101616628 0.06 0.01674364896073903
0 0.286875 0.39145496535796764 0.04375 0.019630484988452657
0 0.27375 0.33169745958429564 0.04375 0.018475750577367205
0 0.583125 0.6662817551963048 0.05375 0.04387990762124711
0 0.28375 0.5840069284064665 0.01 0.004618937644341801
0 0.004375 0.5207852193995381 0.00875 0.010392609699769052
0 0.258125 0.48123556581986143 0.11875 0.054272517321016164
0 0.245625 0.47026558891454967 0.12625 0.059468822170900694
0 0.449375 0.32996535796766746 0.0475 0.01558891454965358