0 0.10875 0.2814665127020785 0.12875 0.06062355658198614
0 0.80125 0.39260969976905313 0.0975 0.05196304849884527
0 0.5075 0.5545612009237876 0.08375 0.03983833718244804
0 0.335 0.3279445727482679 0.06875 0.036374133949191687
0 0.648125 0.5435912240184757 0.09 0.040993071593533485
0 0.66125 0.7485565819861432 0.075 0.034064665127020784
0 0.495625 0.28377598152424943 0.0475 0.023094688221709007
0 0.15875 0.5536951501154734 0.07375 0.04792147806004619
0 0.93 0.7780023094688222 0.0625 0.03926096997690531
0 0.43 0.47950346420323325 0.08625 0.03175519630484989
0 0.163125 0.7222863741339491 0.09625 0.04387990762124711
0 0.631875 0.28752886836027713 0.045 0.021362586605080832
0 0.07375 0.7130484988452656 0.0825 0.04734411085450346
0 0.45125 0.3865473441108545 0.0675 0.029445727482678985
0 0.67375 0.3103348729792148 0.04875 0.028868360277136258
0 0.543125 0.4535219399538106 0.09375 0.028290993071593534
0 0.414375 0.535796766743649 0.05125 0.07159353348729793
0 0.6675 0.6437644341801386 0.05375 0.020785219399538105
0 0.16625 0.8565242494226328 0.06625 0.03117782909930716
0 0.41375 0.6400115473441108 0.0425 0.01674364896073903
0 0.60625 0.35248267898383373 0.05875 0.01558891454965358
0 0.725 0.3966512702078522 0.04125 0.018475750577367205
0 0.745 0.33747113163972287 0.0425 0.017321016166281754
0 0.99375 0.6587759815242494 0.0125 0.018475750577367205
0 0.398125 0.663972286374134 0.05 0.04330254041570439
0 0.991875 0.6238452655889145 0.01625 0.04676674364896074
0 0.70625 0.589203233256351 0.01 0.0040415704387990765
0 0.99375 0.5331986143187067 0.0125 0.009815242494226328
0 0.743125 0.48700923787528866 0.11375 0.05196304849884527
0 0.7575 0.47632794457274824 0.12125 0.05658198614318707
0 0.569375 0.33140877598152424 0.04625 0.014434180138568129