0 0.1256125 0.2754041570438799 0.12376250000000003 0.05889145496535797
0 0.809375 0.39751732101616627 0.09375 0.05023094688221709
0 0.503125 0.5545612009237876 0.08125 0.03868360277136259
0 0.348125 0.3253464203233256 0.06625 0.03521939953810624
0 0.645 0.5459006928406467 0.0875 0.03983833718244804
0 0.6425 0.750866050808314 0.0725 0.032909930715935336
0 0.511875 0.28377598152424943 0.04625 0.022517321016166283
0 0.155 0.5482101616628176 0.07 0.04676674364896074
0 0.90875 0.7846420323325635 0.06 0.03810623556581986
0 0.431875 0.4783487297921478 0.08375 0.030600461893764433
0 0.14625 0.7168013856812933 0.0925 0.04214780600461894
0 0.648125 0.28983833718244806 0.04375 0.020785219399538105
0 0.0579 0.7061200923787528 0.07921249999999999 0.046189376443418015
0 0.46 0.38596997690531176 0.065 0.028290993071593534
0 0.688125 0.3132217090069284 0.04625 0.028290993071593534
0 0.546875 0.4543879907621247 0.09125 0.026558891454965358
0 0.411875 0.5343533487297921 0.04625 0.0710161662817552
0 0.65625 0.6463625866050808 0.0525 0.02020785219399538
0 0.139375 0.851039260969977 0.06375 0.03002309468822171
0 0.403125 0.6385681293302541 0.04125 0.016166281755196306
0 0.6175 0.3542147806004619 0.0575 0.014434180138568129
0 0.7325 0.4004041570438799 0.04 0.01789838337182448
0 0.756875 0.3415127020785219 0.04125 0.01674364896073903
0 0.988125 0.6666974595842956 0.02375 0.018169745958429444
0 0.001875 0.2485565819861432 0.00375 0.013279445727482679
0 0.385725 0.6623267898383373 0.04647499999999994 0.04234411085450355
0 0.9882375 0.6319168591224018 0.02352499999999992 0.0466166281755195
0 0.6996625000000001 0.5924884526558892 0.009862500000000125 0.004099307159353296
0 0.9930875 0.5411374133949192 0.013824999999999931 0.00965357967667438
0 0.74425 0.49102193995381066 0.10998750000000002 0.049982678983833684
0 0.7592625 0.4805831408775982 0.11661249999999995 0.05489607390300227
0 0.58225 0.3326270207852194 0.04527500000000004 0.013614318706697418