0 0.219375 0.5267104029990628 0.115 0.08997188378631678
0 0.605625 0.2858481724461106 0.05 0.05060918462980318
0 0.500625 0.22867853795688847 0.09 0.05998125585754452
0 0.073125 0.7736644798500468 0.06375 0.046860356138706656
0 0.63625 0.7572633552014996 0.08125 0.06841611996251172
0 0.22 0.8289597000937207 0.085 0.03655107778819119
0 0.301875 0.5399718837863168 0.0725 0.04800374882849112
0 0.7725 0.5834114339268979 0.04625 0.030927835051546393
0 0.321875 0.32755388940955954 0.1375 0.056232427366447985
0 0.6925 0.14479850046860357 0.0475 0.023430178069353328
0 0.34 0.5585754451733833 0.02625 0.019681349578256794
0 0.7825 0.3697282099343955 0.035 0.028116213683223992
0 0.015625 0.7689784442361762 0.03125 0.03467666354264293
0 0.01625 0.5759137769447048 0.0325 0.044048734770384255
0 0.014375 0.647610121836926 0.02875 0.041237113402061855
1 0.8515874999999999 0.3365510777881912 0.12432500000000005 0.15295220243673857
0 0.7572 0.44559512652296157 0.04625 0.035107778819119057
0 0.7406 0.14727272727272725 0.039524999999999866 0.025895032802249293
0 0.18170000000000003 0.18373008434864105 0.033887500000000015 0.01164948453608248
0 0.2384125 0.3281818181818182 0.020162499999999993 0.019212746016869727
0 0.3120625 0.3045923149015933 0.03728749999999998 0.0101499531396439
0 0.2364375 0.36493908153701965 0.08214999999999996 0.04460168697282103
0 0.20522500000000002 0.3725117150890347 0.008299999999999983 0.010299906279287731
0 0.2397375 0.4097938144329897 0.06501249999999999 0.04198687910028112
0 0.353825 0.38174320524835986 0.028487499999999954 0.013439550140581099
0 0.35712499999999997 0.39131208997188377 0.022962500000000007 0.014273664479850064
0 0.1153 0.5703467666354264 0.08788750000000001 0.08814432989690717
0 0.024024999999999998 0.5461012183692596 0.048049999999999995 0.03041237113402066
0 0.37956249999999997 0.6346110590440487 0.018400000000000034 0.010937207122774201
0 0.24085 0.581668228678538 0.015349999999999966 0.0072633552014995315
0 0.2113875 0.7201686972820993 0.011912499999999967 0.007310215557638195
0 0.899325 0.8522211808809748 0.11512499999999988 0.03585754451733832
0 0.8826125 0.8204029990627929 0.032475000000000025 0.03238987816307399
0 0.8415125 0.8207310215557638 0.04259999999999991 0.033711340206185596
0 0.9345 0.6131958762886598 0.009600000000000079 0.02680412371134012
0 0.7731375 0.41454545454545455 0.021062499999999887 0.013917525773195898
0 0.9015125 0.3841986879100281 0.008712500000000034 0.01455482661668226
1 0.7970875 0.4069821930646673 0.21933750000000005 0.10363636363636368
1 0.8248125000000001 0.5246485473289596 0.16053750000000008 0.14700093720712273
1 0.8001625 0.5120149953139644 0.2281375 0.19368322399250237
1 0.7722249999999999 0.639203373945642 0.320025 0.13746016869728217
1 0.8735875 0.8047703842549204 0.14544999999999988 0.07761012183692591
1 0.7911374999999999 0.7558013120899719 0.31034999999999996 0.1517806935332709