0 0.21875 0.5229615745079662 0.1175 0.09184629803186505
0 0.610625 0.2872539831302718 0.05125 0.05154639175257732
0 0.506875 0.22867853795688847 0.09125 0.06091846298031865
0 0.066875 0.7680412371134021 0.065 0.04779756326148079
0 0.63 0.7591377694470478 0.0825 0.06935332708528585
0 0.2125 0.8252108716026242 0.08625 0.03748828491096532
0 0.30125 0.5374882849109653 0.07375 0.04873477038425492
0 0.770625 0.5871602624179943 0.0475 0.031865042174320526
0 0.325625 0.3252108716026242 0.13875 0.05810684161199625
0 0.700625 0.1471415182755389 0.0475 0.02436738519212746
0 0.33875 0.5567010309278351 0.02625 0.019681349578256794
0 0.785625 0.373477038425492 0.03625 0.028116213683223992
0 0.0125 0.7624179943767573 0.025 0.03467666354264293
0 0.015625 0.5693533270852859 0.03125 0.044048734770384255
0 0.013125 0.6410496719775071 0.02625 0.041237113402061855
1 0.855625 0.34114339268978444 0.1275 0.15463917525773196
0 0.758125 0.44892221180880976 0.0475 0.03561387066541706
0 0.74875 0.15042174320524837 0.04 0.026241799437675725
0 0.189375 0.1794751640112465 0.03375 0.01218369259606373
0 0.2425 0.3247422680412371 0.02 0.019681349578256794
0 0.316875 0.3022492970946579 0.0375 0.010309278350515464
0 0.239375 0.3612933458294283 0.08375 0.04592314901593252
0 0.208125 0.36879100281162136 0.00875 0.010309278350515464
0 0.241875 0.4062792877225867 0.06625 0.04311152764761012
0 0.356875 0.38003748828491096 0.02875 0.014058106841611996
0 0.359375 0.38940955951265227 0.02375 0.01499531396438613
0 0.11375 0.5651358950328023 0.09 0.08903467666354264
0 0.02375 0.5393626991565136 0.0475 0.030927835051546393
0 0.37625 0.6330834114339269 0.01875 0.011246485473289597
0 0.23875 0.5782567947516402 0.015 0.007497656982193065
0 0.20625 0.7164948453608248 0.0125 0.007497656982193065
0 0.89125 0.8575445173383318 0.11625 0.03748828491096532
0 0.875 0.8252108716026242 0.03375 0.03280224929709466
0 0.83375 0.8252108716026242 0.04375 0.03467666354264293
0 0.931875 0.6190253045923149 0.01 0.02717900656044986
0 0.775 0.41799437675726336 0.02125 0.014058106841611996
0 0.904375 0.38940955951265227 0.00875 0.01499531396438613
1 0.799375 0.41096532333645736 0.22125 0.10684161199625117
1 0.824375 0.5290534208059982 0.16375 0.14901593252108716
1 0.8 0.5159325210871603 0.2325 0.19681349578256796
1 0.76875 0.6429240862230553 0.32375 0.1415182755388941
1 0.86625 0.8097469540768509 0.1475 0.07966260543580131
1 0.785 0.7596063730084348 0.31375 0.15557638238050608