0 0.7825 0.4896907216494845 0.13375 0.10402999062792877
0 0.34625 0.302717900656045 0.06125 0.056232427366447985
0 0.43625 0.23289597000937207 0.1025 0.07122774133083412
0 0.973125 0.7141518275538894 0.05375 0.05435801312089972
0 0.425625 0.7713214620431116 0.09625 0.07778819119025304
0 0.851875 0.7877225866916588 0.0925 0.046860356138706656
0 0.704375 0.5135895032802249 0.0825 0.05716963448922212
0 0.25125 0.6176194939081537 0.0525 0.03655107778819119
0 0.635625 0.3069353327085286 0.14875 0.07310215557638237
0 0.228125 0.17525773195876287 0.0525 0.029053420805998126
0 0.67125 0.5370196813495782 0.03 0.022492970946579195
0 0.191875 0.408622305529522 0.04125 0.031865042174320526
0 0.98625 0.5112464854732895 0.0275 0.04779756326148079
1 0.115625 0.3847235238987816 0.1575 0.1668228678537957
0 0.234375 0.47985004686035615 0.05375 0.04029990627928772
0 0.18125 0.18416119962511715 0.045 0.030927835051546393
0 0.74 0.1471415182755389 0.03625 0.015932521087160263
0 0.718125 0.29662605435801315 0.02375 0.02155576382380506
0 0.64 0.2830365510777882 0.03875 0.01499531396438613
0 0.728125 0.33270852858481725 0.09125 0.05435801312089972
0 0.760625 0.33598875351452673 0.01 0.011246485473289597
0 0.735625 0.37722586691658855 0.07375 0.04967197750702906
0 0.616875 0.36457357075913777 0.03125 0.016869728209934397
0 0.615625 0.3744142455482662 0.02625 0.016869728209934397
0 0.895 0.5192127460168697 0.1075 0.09840674789128398
0 0.97625 0.4831302717900656 0.0475 0.03655107778819119
0 0.65 0.6166822867853796 0.02125 0.013120899718837863
0 0.774375 0.5468603561387066 0.01625 0.00937207122774133
0 0.835 0.6794751640112465 0.01375 0.008434864104967198
0 0.188125 0.8987816307403936 0.12125 0.05060918462980318
0 0.1975 0.8655107778819119 0.04 0.03655107778819119
0 0.238125 0.8603561387066542 0.05 0.038425492033739454
0 0.098125 0.6682286785379569 0.01625 0.02717900656044986
0 0.21125 0.45126522961574506 0.02375 0.016869728209934397
0 0.0775 0.4381443298969072 0.0125 0.015932521087160263
1 0.185625 0.44704779756326146 0.24 0.1302717900656045
1 0.185625 0.5665417057169635 0.1925 0.16588566073102157
1 0.206875 0.5510777881911902 0.27 0.22024367385192128
1 0.264375 0.6724461105904405 0.3475 0.17713214620431114
1 0.2025 0.8486410496719775 0.16125 0.09559512652296158
1 0.2725 0.7895970009372071 0.34125 0.190253045923149