0 0.778125 0.48641049671977504 0.09875 0.06935332708528585
1 0.276875 0.5670103092783505 0.22375 0.1527647610121837
0 0.13 0.5782567947516402 0.09 0.07029053420805999
1 0.365 0.49250234301780693 0.23375 0.1583880037488285
1 0.49875 0.6246485473289597 0.165 0.11152764761012184
0 0.11875 0.7924086223055296 0.0575 0.04029990627928772
0 0.216875 0.3444236176194939 0.06625 0.05060918462980318
0 0.326875 0.26710402999062793 0.0725 0.05529522024367385
0 0.176875 0.7188378631677601 0.0625 0.04311152764761012
0 0.226875 0.8261480787253983 0.0575 0.04311152764761012
1 0.399375 0.3655107778819119 0.11875 0.08434864104967198
0 0.581875 0.38753514526710403 0.0425 0.03655107778819119
0 0.130625 0.41002811621368324 0.04 0.031865042174320526
0 0.506875 0.485941893158388 0.06625 0.05060918462980318
0 0.841875 0.5482661668228679 0.055 0.03280224929709466
0 0.2075 0.4784442361761949 0.06125 0.041237113402061855
0 0.645625 0.5421743205248359 0.07625 0.07029053420805999
0 0.51375 0.5229615745079662 0.07125 0.05154639175257732
0 0.881875 0.6776007497656982 0.055 0.03936269915651359
0 0.02 0.6040299906279287 0.04 0.04967197750702906
0 0.9325 0.6260543580131209 0.06 0.04217432052483599
0 0.91125 0.6616682286785379 0.04625 0.03467666354264293
1 0.53375 0.41940018744142454 0.17375 0.12558575445173384
0 0.803125 0.3322399250234302 0.03375 0.020618556701030927
0 0.748125 0.2980318650421743 0.0225 0.031865042174320526
0 0.136875 0.45595126522961577 0.0375 0.02530459231490159
0 0.12125 0.47797563261480785 0.04 0.023430178069353328
0 0.183125 0.4901593252108716 0.035 0.020618556701030927
0 0.215 0.5032802249297095 0.0375 0.02717900656044986
0 0.20875 0.3992502343017807 0.045 0.02717900656044986
0 0.251875 0.6007497656982193 0.015 0.011246485473289597
0 0.57375 0.4906279287722587 0.03125 0.028116213683223992
0 0.86625 0.43908153701968133 0.03625 0.023430178069353328
0 0.945 0.4133083411433927 0.025 0.01780693533270853
0 0.6825 0.5740393626991566 0.05375 0.02155576382380506
0 0.68 0.5473289597000938 0.01625 0.01499531396438613
0 0.259375 0.6616682286785379 0.03125 0.01874414245548266
0 0.00375 0.8322399250234301 0.0075 0.011246485473289597
0 0.05875 0.6841611996251171 0.02125 0.014058106841611996
0 0.261875 0.6419868791002812 0.03875 0.02999062792877226
0 0.039375 0.7319587628865979 0.015 0.011246485473289597
0 0.1325 0.7455482661668229 0.01625 0.010309278350515464
0 0.1275 0.6705716963448922 0.02 0.01218369259606373
0 0.396875 0.7108716026241799 0.03125 0.020618556701030927
0 0.41 0.6982193064667291 0.0275 0.016869728209934397
0 0.285625 0.8973758200562324 0.01875 0.014058106841611996
0 0.615 0.7122774133083412 0.0475 0.02999062792877226
0 0.60875 0.6940018744142455 0.01875 0.01218369259606373
0 0.741875 0.761012183692596 0.035 0.026241799437675725
0 0.903125 0.831302717900656 0.0325 0.023430178069353328
0 0.79125 0.8153701968134958 0.025 0.016869728209934397
0 0.775 0.9109653233364574 0.02625 0.019681349578256794
0 0.7175 0.8345829428303655 0.0225 0.016869728209934397
0 0.63375 0.8163074039362699 0.015 0.014058106841611996
0 0.646875 0.823336457357076 0.02125 0.011246485473289597
0 0.708125 0.8472352389878163 0.015 0.014058106841611996
0 0.684375 0.7089971883786317 0.02625 0.01874414245548266
0 0.6275 0.9517338331771321 0.02 0.01499531396438613
1 0.66625 0.32989690721649484 0.15625 0.1246485473289597
0 0.715 0.34910965323336457 0.025 0.04498594189315839
0 0.97125 0.3828491096532334 0.015 0.007497656982193065
0 0.975 0.3786316776007498 0.01625 0.010309278350515464
1 0.926875 0.5098406747891284 0.14625 0.14620431115276475
0 0.89625 0.647610121836926 0.05625 0.038425492033739454
0 0.820625 0.648078725398313 0.01875 0.013120899718837863
0 0.675625 0.5613870665417057 0.05625 0.022492970946579195
1 0.626875 0.521087160262418 0.115 0.07685098406747891
0 0.499375 0.45032802249297094 0.0475 0.01780693533270853
0 0.53625 0.42033739456419866 0.01875 0.026241799437675725
0 0.386875 0.38144329896907214 0.01875 0.010309278350515464
0 0.3675 0.3776944704779756 0.0475 0.023430178069353328
0 0.42125 0.37066541705716965 0.04375 0.04967197750702906
0 0.3425 0.2633552014995314 0.01875 0.01499531396438613
0 0.243125 0.6358950328022493 0.0275 0.02530459231490159
1 0.305 0.5754451733833177 0.0875 0.08622305529522024
1 0.3775 0.49343955014058105 0.05 0.03561387066541706
0 0.48375 0.6551077788191191 0.01 0.011246485473289597
0 0.68625 0.6916588566073102 0.02375 0.016869728209934397
0 0.61875 0.654639175257732 0.15625 0.1162136832239925
0 0.645 0.9386129334582943 0.015 0.015932521087160263
0 0.630625 0.9353327085285849 0.01875 0.01499531396438613