0 0.77125 0.45032802249297094 0.0875 0.059044048734770385
1 0.295625 0.5951265229615745 0.19625 0.12933458294283037
0 0.15375 0.6251171508903468 0.0775 0.06091846298031865
1 0.365625 0.5103092783505154 0.20625 0.1330834114339269
1 0.5275 0.6227741330834115 0.14625 0.09372071227741331
0 0.1925 0.837394564198688 0.05 0.03467666354264293
0 0.185625 0.3837863167760075 0.05625 0.044048734770384255
0 0.275625 0.2933458294283037 0.0625 0.04779756326148079
0 0.2325 0.7577319587628866 0.055 0.03655107778819119
0 0.30625 0.8566073102155577 0.05 0.03748828491096532
1 0.37 0.3809746954076851 0.10375 0.07216494845360824
0 0.554375 0.3786316776007498 0.03625 0.031865042174320526
0 0.115625 0.4592314901593252 0.03375 0.028116213683223992
0 0.50375 0.4854732895970009 0.05625 0.044048734770384255
0 0.8475 0.5028116213683224 0.05 0.02717900656044986
0 0.206875 0.5168697282099344 0.05375 0.03467666354264293
0 0.653125 0.5224929709465792 0.0625 0.06373008434864105
0 0.519375 0.521087160262418 0.0625 0.044048734770384255
0 0.9175 0.6251171508903468 0.0475 0.033739456419868794
0 0.981875 0.31443298969072164 0.03625 0.03936269915651359
0 0.03375 0.6672914714151827 0.0675 0.041237113402061855
0 0.955 0.5679475164011246 0.0525 0.03561387066541706
0 0.9425 0.60543580131209 0.04 0.02999062792877226
1 0.515 0.41611996251171507 0.15125 0.10684161199625117
0 0.76 0.2952202436738519 0.03 0.016869728209934397
0 0.6975 0.2685098406747891 0.01625 0.030927835051546393
0 0.131875 0.5037488284910965 0.0325 0.02155576382380506
0 0.121875 0.5276476101218369 0.03625 0.01874414245548266
0 0.185625 0.5313964386129335 0.03125 0.016869728209934397
0 0.22 0.5402999062792877 0.0325 0.023430178069353328
0 0.19 0.4386129334582943 0.04 0.022492970946579195
0 0.279375 0.6312089971883786 0.01375 0.010309278350515464
0 0.570625 0.48125585754451733 0.02625 0.02530459231490159
0 0.84625 0.3922211808809747 0.0325 0.019681349578256794
0 0.918125 0.35660731021555764 0.02125 0.01499531396438613
0 0.696875 0.549203373945642 0.05125 0.01499531396438613
0 0.688125 0.5229615745079662 0.01375 0.013120899718837863
0 0.300625 0.6907216494845361 0.02875 0.01499531396438613
0 0.08375 0.8922211808809747 0.015 0.00937207122774133
0 0.108125 0.738987816307404 0.01875 0.01218369259606373
0 0.298125 0.6710402999062793 0.03375 0.026241799437675725
0 0.1 0.788191190253046 0.0125 0.00937207122774133
0 0.195 0.7895970009372071 0.015 0.008434864104967198
0 0.1725 0.7164948453608248 0.0175 0.010309278350515464
0 0.4475 0.7207122774133083 0.0275 0.016869728209934397
0 0.4575 0.7071227741330834 0.025 0.014058106841611996
0 0.38125 0.9189315838800375 0.01625 0.01218369259606373
0 0.6625 0.6940018744142455 0.0425 0.02530459231490159
0 0.651875 0.6771321462043112 0.01625 0.010309278350515464
0 0.79875 0.725398313027179 0.03 0.022492970946579195
0 0.97375 0.7741330834114339 0.0275 0.020618556701030927
0 0.86 0.7727272727272727 0.0225 0.014058106841611996
0 0.86625 0.8687910028116214 0.0225 0.016869728209934397
0 0.791875 0.8013120899718837 0.01875 0.01499531396438613
0 0.705 0.7942830365510778 0.0125 0.01218369259606373
0 0.719375 0.7994376757263355 0.01875 0.00937207122774133
0 0.785 0.8149015932521088 0.0125 0.01218369259606373
0 0.73 0.6818181818181818 0.0225 0.015932521087160263
0 0.73 0.9283036551077788 0.0175 0.013120899718837863
1 0.624375 0.3106841611996251 0.1325 0.10965323336457357
0 0.676875 0.3233364573570759 0.015 0.04311152764761012
0 0.936875 0.3233364573570759 0.01375 0.006560449859418931
0 0.939375 0.31865042174320524 0.015 0.008434864104967198
1 0.931875 0.4536082474226804 0.13625 0.13120899718837864
0 0.925 0.5937207122774133 0.05 0.031865042174320526
0 0.850625 0.6040299906279287 0.01625 0.011246485473289597
0 0.6875 0.5374882849109653 0.0525 0.01499531396438613
1 0.63 0.5042174320524836 0.10125 0.06466729147141519
0 0.488125 0.450796626054358 0.045 0.01218369259606373
0 0.516875 0.41658856607310213 0.01375 0.02436738519212746
0 0.36125 0.3978444236176195 0.0175 0.008434864104967198
0 0.34125 0.39690721649484534 0.04375 0.01780693533270853
0 0.3925 0.3828491096532334 0.03375 0.04592314901593252
0 0.290625 0.28772258669165884 0.01625 0.013120899718837863
0 0.278125 0.6672914714151827 0.0225 0.022492970946579195
1 0.325 0.5998125585754451 0.07125 0.07778819119025304
1 0.378125 0.5093720712277413 0.04375 0.02999062792877226
0 0.52 0.6551077788191191 0.00875 0.010309278350515464
0 0.7275 0.6649484536082474 0.02125 0.01499531396438613
0 0.653125 0.6368322399250235 0.135 0.10028116213683223
0 0.744375 0.9128397375820057 0.0125 0.014058106841611996
0 0.73 0.9114339268978444 0.01625 0.013120899718837863