0 0.7710250000000001 0.4505154639175258 0.08706250000000011 0.05865979381443302
1 0.295625 0.5951827553889409 0.19625 0.12933458294283037
0 0.1539 0.6251733833177132 0.07721249999999999 0.060759137769446976
1 0.365625 0.5101780693533271 0.20643749999999997 0.1330834114339269
1 0.5273 0.6227460168697282 0.1459375 0.09393626991565138
0 0.1925 0.837394564198688 0.05 0.03467666354264293
0 0.18536249999999999 0.3837863167760075 0.05677500000000002 0.044048734770384255
0 0.27555 0.2933458294283037 0.06213749999999998 0.04762886597938149
0 0.2325 0.7577319587628866 0.055 0.03655107778819119
0 0.30625 0.8566073102155577 0.05 0.03748828491096532
1 0.36988750000000004 0.38080599812558574 0.10332499999999996 0.07216494845360824
0 0.554375 0.3786316776007498 0.03625 0.031865042174320526
0 0.115475 0.45941893158388003 0.03346250000000001 0.027731958762886626
0 0.5037125 0.48538894095595125 0.05655000000000001 0.04394564198687914
0 0.8475374999999999 0.5029428303655108 0.04991250000000008 0.02688847235238993
0 0.206875 0.5168697282099344 0.05375 0.03467666354264293
0 0.652975 0.5225117150890347 0.06287499999999994 0.06352389878163071
0 0.5191125 0.5210028116213683 0.06192499999999995 0.04427366447985005
0 0.9175 0.6251171508903468 0.0475 0.033739456419868794
0 0.982125 0.314601686972821 0.035737499999999894 0.039531396438612885
0 0.03375 0.6672914714151827 0.0675 0.041237113402061855
0 0.955 0.5679475164011246 0.0525 0.03561387066541706
0 0.9425 0.60543580131209 0.04 0.02999062792877226
1 0.5148125 0.41609184629803186 0.15166250000000006 0.10723523898781627
0 0.7599250000000001 0.29507966260543583 0.030449999999999876 0.017150890346766593
0 0.6976875 0.26867853795688845 0.015674999999999953 0.030599812558575423
0 0.1319125 0.5037488284910965 0.03280000000000001 0.02155576382380506
0 0.121875 0.5276476101218369 0.03625 0.01874414245548266
0 0.185625 0.5313964386129335 0.03125 0.016869728209934397
0 0.220225 0.5401874414245548 0.0325 0.023430178069353328
0 0.19 0.4386129334582943 0.04 0.022492970946579195
0 0.279225 0.6313683223992502 0.013462499999999978 0.009990627928772335
0 0.570625 0.48125585754451733 0.02625 0.02530459231490159
0 0.84625 0.3922211808809747 0.0325 0.019681349578256794
0 0.9183875 0.3564386129334583 0.02177500000000009 0.015388940955951226
0 0.6966500000000001 0.5490909090909091 0.0508250000000001 0.01499531396438613
0 0.688125 0.5229615745079662 0.01375 0.013120899718837863
0 0.300625 0.6907216494845361 0.02875 0.01499531396438613
0 0.08375 0.8922211808809747 0.015 0.00937207122774133
0 0.108125 0.738987816307404 0.01875 0.01218369259606373
0 0.298125 0.6709746954076851 0.03375 0.026382380506091933
0 0.1 0.788191190253046 0.0125 0.00937207122774133
0 0.195 0.7895970009372071 0.015 0.008434864104967198
0 0.1725 0.7164948453608248 0.0175 0.010309278350515464
0 0.4475 0.7208528584817244 0.0275 0.017150890346766593
0 0.4575 0.7071227741330834 0.025 0.014058106841611996
0 0.3810625 0.9190440487347704 0.01625 0.01218369259606373
0 0.662475 0.6938894095595126 0.04243750000000006 0.025079662605435794
0 0.651875 0.6771321462043112 0.01625 0.010309278350515464
0 0.79875 0.725398313027179 0.03 0.022492970946579195
0 0.9740125000000001 0.7739643861293346 0.02758749999999992 0.020618556701030927
0 0.86 0.7727272727272727 0.0225 0.014058106841611996
0 0.8661 0.8687628865979382 0.02221249999999998 0.016813495782567998
0 0.791875 0.8013120899718837 0.01875 0.01499531396438613
0 0.705 0.7942830365510778 0.0125 0.01218369259606373
0 0.719375 0.7994376757263355 0.01875 0.00937207122774133
0 0.78515 0.8149015932521088 0.0125 0.01218369259606373
0 0.73 0.6818181818181818 0.0225 0.015932521087160263
0 0.729925 0.928116213683224 0.0175 0.013120899718837863
1 0.6245125 0.3109090909090909 0.1328125 0.1092408622305529
0 0.6766125 0.3235332708528585 0.015362499999999954 0.04346766635426429
0 0.9366875 0.32312089971883784 0.01321249999999992 0.006138706654170529
0 0.939425 0.3185848172446111 0.015149999999999863 0.008209934395501398
1 0.93195 0.4535801312089972 0.13610000000000014 0.1309184629803187
0 0.9247 0.5939268978444237 0.04993750000000006 0.03210871602624179
0 0.8504 0.6042361761949391 0.016062499999999886 0.011490159325210863
0 0.6872750000000001 0.5376476101218369 0.052962499999999864 0.015454545454545464
1 0.6299 0.5043392689784443 0.10177499999999995 0.06492033739456418
0 0.48788750000000003 0.4509465791940019 0.045087500000000065 0.012155576382380531
0 0.517125 0.41665417057169635 0.0134375 0.02469540768509843
0 0.36103749999999996 0.3980318650421743 0.01738749999999996 0.008209934395501398
0 0.34136249999999996 0.3969540768509841 0.043987499999999964 0.017610121836925927
0 0.3923625 0.38295220243673855 0.03387500000000003 0.04569821930646672
0 0.29036249999999997 0.2876007497656982 0.016287499999999965 0.012895970009372064
0 0.278375 0.667357075913777 0.022224999999999967 0.022717900656044995
1 0.3252125 0.5998781630740394 0.07103750000000002 0.07802249297094659
1 0.3779625 0.5092877225866916 0.04377499999999998 0.029971883786316794
0 0.519875 0.6549953139643861 0.008387500000000046 0.010178069353326992
0 0.7276250000000001 0.6647235238987816 0.0211375000000001 0.014789128397375794
0 0.652875 0.6366073102155576 0.13496250000000004 0.10036551077788183
0 0.744325 0.9129522024367385 0.011899999999999977 0.014133083411433859
0 0.7297 0.9115463917525773 0.016512500000000045 0.012980318650421659