0 0.47375 0.44189315838800375 0.07125 0.04779756326148079
0 0.581875 0.5093720712277413 0.07625 0.06841611996251172
0 0.25125 0.4629803186504217 0.05625 0.04779756326148079
0 0.25875 0.3556701030927835 0.0875 0.03561387066541706
0 0.38125 0.5014058106841612 0.11375 0.07778819119025304
0 0.495625 0.34629803186504216 0.03625 0.026241799437675725
0 0.405 0.3776944704779756 0.04 0.02530459231490159
0 0.218125 0.5552952202436738 0.0525 0.029053420805998126
0 0.16875 0.6804123711340206 0.06125 0.03936269915651359
0 0.114375 0.42736644798500467 0.09625 0.06373008434864105
0 0.5575 0.3402061855670103 0.03625 0.02530459231490159
0 0.36125 0.6415182755388941 0.08 0.031865042174320526
0 0.93 0.2858481724461106 0.05625 0.04217432052483599
0 0.360625 0.549671977507029 0.07 0.033739456419868794
0 0.465625 0.6007497656982193 0.045 0.038425492033739454
1 0.8525 0.44048734770384257 0.21125 0.12839737582005623
0 0.26375 0.6382380506091846 0.03125 0.01874414245548266
0 0.2225 0.5004686035613871 0.0425 0.023430178069353328
0 0.721875 0.3022492970946579 0.02625 0.014058106841611996
0 0.06 0.38753514526710403 0.05125 0.03561387066541706
0 0.246875 0.6846298031865042 0.02875 0.015932521087160263
0 0.750625 0.3392689784442362 0.01625 0.011246485473289597
0 0.375 0.4606373008434864 0.04375 0.05248359887535145
0 0.218125 0.604967197750703 0.03375 0.019681349578256794
0 0.1525 0.5538894095595126 0.03875 0.028116213683223992
0 0.286875 0.5998125585754451 0.01875 0.011246485473289597
0 0.054375 0.4854732895970009 0.05375 0.04311152764761012
0 0.134375 0.5876288659793815 0.07625 0.044048734770384255
0 0.8 0.5740393626991566 0.0675 0.05435801312089972
0 0.869375 0.514058106841612 0.025 0.011246485473289597
0 0.781875 0.24133083411433928 0.10625 0.026241799437675725
0 0.89875 0.28865979381443296 0.04 0.030927835051546393
0 0.771875 0.3416119962511715 0.01875 0.00937207122774133
0 0.760625 0.34957825679475163 0.015 0.007497656982193065
0 0.76625 0.33692596063730085 0.0075 0.004686035613870665
0 0.691875 0.31115276476101217 0.01625 0.007497656982193065
0 0.6075 0.26804123711340205 0.02125 0.010309278350515464
0 0.65875 0.2624179943767573 0.0125 0.004686035613870665
0 0.20875 0.3294283036551078 0.03625 0.014058106841611996
0 0.0475 0.3467666354264292 0.0625 0.016869728209934397
0 0.005625 0.4034676663542643 0.01125 0.04779756326148079
0 0.159375 0.46860356138706655 0.0925 0.05998125585754452
0 0.235 0.5712277413308341 0.04875 0.02999062792877226
0 0.408125 0.5552952202436738 0.015 0.00937207122774133
0 0.484375 0.47141518275538896 0.02375 0.016869728209934397
0 0.74 0.44095595126522963 0.0125 0.010309278350515464
0 0.62375 0.49953139643861294 0.00875 0.006560449859418931
0 0.629375 0.5023430178069354 0.00875 0.005623242736644799
0 0.674375 0.5192127460168697 0.06625 0.033739456419868794
0 0.588125 0.584348641049672 0.01625 0.015932521087160263
0 0.6175 0.6035613870665417 0.015 0.00937207122774133
0 0.62375 0.6419868791002812 0.0125 0.007497656982193065
0 0.76 0.6012183692596064 0.0675 0.053420805998125584
0 0.87875 0.5918462980318651 0.01375 0.008434864104967198
0 0.883125 0.5267104029990628 0.0125 0.008434864104967198
0 0.9725 0.492970946579194 0.02 0.00937207122774133
0 0.8575 0.506560449859419 0.0275 0.011246485473289597
1 0.63875 0.48078725398313027 0.1025 0.07966260543580131
1 0.66625 0.46672914714151825 0.1825 0.12558575445173384
1 0.7725 0.4676663542642924 0.1675 0.14807872539831302
0 0.6 0.47891283973758203 0.0175 0.01218369259606373
1 0.023125 0.6241799437675727 0.0125 0.01780693533270853