0 0.4825 0.4400187441424555 0.06625 0.04311152764761012
0 0.58 0.5159325210871603 0.0675 0.06373008434864105
0 0.258125 0.44329896907216493 0.05125 0.044048734770384255
0 0.280625 0.3373945641986879 0.085 0.029053420805998126
0 0.381875 0.49203373945641987 0.105 0.07029053420805999
0 0.5175 0.3467666354264292 0.03375 0.02436738519212746
0 0.4225 0.37066541705716965 0.0375 0.022492970946579195
0 0.211875 0.5328022492970946 0.05 0.02530459231490159
0 0.145625 0.6537019681349578 0.05625 0.03561387066541706
0 0.12625 0.39737582005623245 0.08875 0.05716963448922212
0 0.579375 0.34536082474226804 0.03375 0.023430178069353328
0 0.3425 0.6298031865042174 0.0775 0.026241799437675725
0 0.9575 0.32052483598875353 0.05125 0.038425492033739454
0 0.354375 0.5384254920337395 0.0675 0.028116213683223992
0 0.451875 0.5974695407685099 0.04 0.03561387066541706
1 0.85875 0.46860356138706655 0.1975 0.11433926897844424
0 0.24625 0.6190253045923149 0.03 0.016869728209934397
0 0.22375 0.4784442361761949 0.04 0.020618556701030927
0 0.748125 0.32052483598875353 0.02375 0.01218369259606373
0 0.078125 0.3537956888472352 0.0475 0.031865042174320526
0 0.2225 0.6640112464854733 0.02625 0.014058106841611996
0 0.77125 0.3598875351452671 0.015 0.010309278350515464
0 0.38125 0.45126522961574506 0.0375 0.05060918462980318
0 0.205 0.5824742268041238 0.03125 0.01780693533270853
0 0.146875 0.5262417994376757 0.03625 0.02530459231490159
0 0.274375 0.5829428303655108 0.0175 0.00937207122774133
0 0.05875 0.450796626054358 0.04875 0.03936269915651359
0 0.124375 0.5585754451733833 0.07125 0.03936269915651359
0 0.788125 0.5970009372071228 0.06125 0.05060918462980318
0 0.865625 0.542642924086223 0.02375 0.00937207122774133
0 0.99125 0.7263355201499532 0.0175 0.026241799437675725
0 0.81625 0.2647610121836926 0.105 0.01780693533270853
0 0.925625 0.3209934395501406 0.0375 0.029053420805998126
0 0.7925 0.36363636363636365 0.0175 0.007497656982193065
0 0.78 0.3711340206185567 0.015 0.006560449859418931
0 0.7875 0.358950328022493 0.00625 0.004686035613870665
0 0.716875 0.3270852858481724 0.01625 0.006560449859418931
0 0.639375 0.2774133083411434 0.02 0.008434864104967198
0 0.69125 0.27647610121836924 0.0125 0.0037488284910965324
0 0.234375 0.30740393626991563 0.035 0.011246485473289597
0 0.07125 0.31208997188378634 0.06125 0.01218369259606373
0 0.0125 0.3641049671977507 0.025 0.04592314901593252
0 0.165625 0.44189315838800375 0.08625 0.05435801312089972
0 0.22625 0.5501405810684161 0.045 0.026241799437675725
0 0.40125 0.5477975632614808 0.01375 0.008434864104967198
0 0.488125 0.4700093720712277 0.02125 0.01499531396438613
0 0.746875 0.4597000937207123 0.01125 0.00937207122774133
0 0.623125 0.5089034676663543 0.0075 0.005623242736644799
0 0.628125 0.5126522961574508 0.00875 0.004686035613870665
0 0.670625 0.5328022492970946 0.0625 0.02999062792877226
0 0.57625 0.5909090909090909 0.01375 0.01499531396438613
0 0.6025 0.612464854732896 0.01375 0.008434864104967198
0 0.603125 0.6508903467666354 0.01125 0.006560449859418931
0 0.744375 0.6208997188378632 0.06125 0.04873477038425492
0 0.86375 0.6208997188378632 0.0125 0.007497656982193065
0 0.876875 0.5567010309278351 0.01125 0.007497656982193065
0 0.97125 0.5299906279287723 0.01875 0.008434864104967198
0 0.854375 0.5346766635426429 0.02625 0.00937207122774133
1 0.64125 0.49203373945641987 0.09375 0.07403936269915651
1 0.67 0.47985004686035615 0.16875 0.1134020618556701
1 0.775 0.48922211808809746 0.15125 0.1387066541705717
0 0.6025 0.48687910028116216 0.01625 0.010309278350515464
1 0.008125 0.5862230552952202 0.01 0.016869728209934397