0 0.515 0.43952202436738524 0.06375 0.04118088097469546
0 0.420625 0.5178069353327085 0.065 0.061855670103092786
0 0.739375 0.4372071227741331 0.04875 0.04311152764761012
0 0.711875 0.33177132146204313 0.08375 0.02717900656044986
0 0.6179749999999999 0.4889409559512653 0.10221249999999998 0.06804123711340203
0 0.4755 0.3473008434864105 0.032249999999999945 0.023561387066541692
0 0.57125 0.36879100281162136 0.03625 0.02155576382380506
0 0.7893000000000001 0.5252108716026241 0.04889999999999986 0.02417057169634486
0 0.86125 0.6443298969072165 0.055 0.033739456419868794
0 0.8686375 0.38780693533270855 0.08648750000000006 0.05491096532333649
0 0.41332500000000005 0.3476663542642924 0.0325 0.022492970946579195
0 0.66375 0.6255857544517338 0.07625 0.02436738519212746
0 0.034125 0.33264292408622304 0.0495 0.03735707591377696
0 0.6475 0.5344611059044049 0.06625 0.02675726335520146
0 0.5525 0.5960637300843487 0.03875 0.03467666354264293
1 0.14004999999999998 0.47801312089971887 0.1925875 0.10972820993439554
0 0.759375 0.612464854732896 0.02875 0.015932521087160263
0 0.775 0.47141518275538896 0.03875 0.019681349578256794
0 0.24375 0.32715089034676664 0.02375 0.011433926897844466
0 0.9147124999999999 0.34261480787253984 0.04567499999999995 0.030796626054358026
0 0.785 0.6565135895032802 0.02625 0.013120899718837863
0 0.22219999999999998 0.3671227741330834 0.01436250000000001 0.009775070290534161
0 0.61625 0.44798500468603564 0.035 0.04967197750702906
0 0.798575 0.5745079662605436 0.030362499999999955 0.016869728209934397
0 0.85395 0.5169915651358951 0.034812499999999885 0.024442361761949322
0 0.7295 0.5767572633552015 0.017249999999999942 0.009184629803186461
0 0.938875 0.4390440487347704 0.047037500000000135 0.03831302717900656
0 0.878125 0.5487347703842549 0.07 0.03748828491096532
0 0.216875 0.6044985941893158 0.05875 0.04873477038425492
0 0.1367375 0.5522774133083411 0.023475000000000003 0.008847235238987868
0 0.01375 0.739456419868791 0.0275 0.02530459231490159
0 0.17301249999999999 0.2730365510777882 0.1048375 0.015473289597000929
0 0.06602500000000001 0.33211808809746957 0.035662500000000014 0.027731958762886626
0 0.20147500000000002 0.37130271790065605 0.017337500000000006 0.007328959700093768
0 0.21401250000000002 0.37835988753514527 0.014549999999999983 0.006035613870665468
0 0.2060875 0.3663261480787254 0.006412499999999995 0.004442361761949399
0 0.27505 0.3330834114339269 0.015837500000000018 0.006373008434864063
0 0.3506625 0.28130271790065603 0.02012500000000003 0.008163074039362733
0 0.29862500000000003 0.2814620431115276 0.012412500000000009 0.003017806935332734
0 0.7566875000000001 0.30048734770384256 0.03490000000000009 0.010562324273664462
0 0.9199124999999999 0.3011340206185567 0.06060000000000002 0.010253045923149066
0 0.984375 0.3514526710402999 0.03125 0.04498594189315839
0 0.8312375 0.4332895970009372 0.08332500000000011 0.05196813495782572
0 0.7758625000000001 0.5427460168697282 0.04411249999999996 0.025473289597000997
0 0.6009625 0.5453233364573571 0.013912499999999994 0.007825679475163926
0 0.51025 0.46983130271790063 0.020974999999999966 0.014564198687909993
0 0.2516 0.4663917525773196 0.010925000000000011 0.0089690721649485
0 0.3774375 0.5122492970946579 0.007262499999999932 0.0055951265229616
0 0.37262500000000004 0.5160168697282099 0.007912500000000051 0.004789128397375726
0 0.33075000000000004 0.5371321462043112 0.061274999999999975 0.028059981255857597
0 0.4282125 0.5926148078725398 0.013262500000000017 0.014732895970009397
0 0.40271250000000003 0.6150234301780694 0.013262500000000017 0.008153701968135
0 0.4039 0.6534864104967197 0.010912500000000023 0.006054358013120934
0 0.261125 0.627460168697282 0.059100000000000034 0.04747891283973766
0 0.14182499999999998 0.6305154639175258 0.011987500000000005 0.007010309278350533
0 0.1258625 0.5665979381443298 0.010912499999999986 0.0073477038425491265
0 0.03055 0.5421930646672914 0.018200000000000004 0.00799437675726333
0 0.1473875 0.5437207122774133 0.025687500000000016 0.009119025304592332
1 0.3587625 0.495651358950328 0.09010000000000001 0.07136832239925027
1 0.329175 0.48448922211808815 0.16355000000000003 0.10916588566073104
1 0.22436250000000002 0.49639175257731954 0.14450000000000002 0.13475164011246482
0 0.3968625 0.48938144329896904 0.015600000000000024 0.010299906279287731
1 0.9955124999999999 0.5732895970009373 0.00897500000000008 0.016616682286785398