1 0.471875 0.36785379568884724 0.10625 0.08434864104967198
0 0.230625 0.7413308341143393 0.08125 0.06560449859418932
0 0.646875 0.7952202436738519 0.03625 0.023430178069353328
0 0.50125 0.7680412371134021 0.03125 0.02436738519212746
0 0.46 0.7029053420805998 0.03 0.02155576382380506
0 0.25125 0.6485473289597001 0.03375 0.02436738519212746
0 0.120625 0.9568884723523898 0.05875 0.04217432052483599
1 0.341875 0.5079662605435802 0.11875 0.08716026241799438
1 0.574375 0.2422680412371134 0.055 0.056232427366447985
0 0.418125 0.7450796626054358 0.03 0.022492970946579195
0 0.360625 0.7249297094657919 0.03 0.023430178069353328
0 0.355 0.6602624179943768 0.055 0.02436738519212746
0 0.10625 0.9906279287722587 0.06 0.01874414245548266
0 0.924375 0.5299906279287723 0.07125 0.09746954076850985
1 0.750625 0.5234301780693533 0.1825 0.1893158388003749
1 0.851875 0.8622305529522024 0.04375 0.04498594189315839
1 0.725 0.7511715089034676 0.135 0.1049671977507029
0 0.18875 0.22492970946579194 0.0275 0.030927835051546393
0 0.045 0.7019681349578257 0.0325 0.026241799437675725
1 0.809375 0.31537019681349576 0.1575 0.18744142455482662
0 0.67375 0.37488284910965325 0.05125 0.04217432052483599
0 0.153125 0.14901593252108716 0.0375 0.031865042174320526
0 0.4375 0.6330834114339269 0.03375 0.022492970946579195
0 0.2175 0.5112464854732895 0.0575 0.02717900656044986
0 0.090625 0.17853795688847235 0.045 0.04311152764761012
0 0.136875 0.47797563261480785 0.06125 0.031865042174320526
0 0.086875 0.7366447985004686 0.0275 0.029053420805998126
0 0.9725 0.4817244611059044 0.025 0.020618556701030927
0 0.1625 0.2614807872539831 0.0275 0.030927835051546393
1 0.3375 0.7624179943767573 0.10375 0.08622305529522024
1 0.0775 0.5501405810684161 0.04375 0.04217432052483599
1 0.0275 0.5679475164011246 0.05 0.06560449859418932
1 0.084375 0.41705716963448924 0.125 0.09653233364573571
1 0.0225 0.3556701030927835 0.045 0.14526710402999063
1 0.01 0.23008434864104968 0.02 0.1733833177132146
1 0.5875 0.5749765698219307 0.3175 0.246485473289597
1 0.79875 0.7488284910965324 0.06375 0.09090909090909091
1 0.821875 0.895032802249297 0.0725 0.09653233364573571
1 0.88375 0.7380506091846298 0.1225 0.2155576382380506
1 0.929375 0.6808809746954076 0.09 0.1190253045923149
1 0.959375 0.7408622305529522 0.08 0.11152764761012184
1 0.841875 0.5487347703842549 0.055 0.07403936269915651
1 0.655625 0.44095595126522963 0.05625 0.05154639175257732
1 0.6275 0.35941893158388005 0.04625 0.031865042174320526
1 0.650625 0.35098406747891286 0.0475 0.05248359887535145
1 0.424375 0.031865042174320526 0.07625 0.061855670103092786
0 0.004375 0.14620431115276475 0.00875 0.02436738519212746
0 0.21375 0.1105904404873477 0.03875 0.023430178069353328
0 0.268125 0.22727272727272727 0.02875 0.02530459231490159
0 0.21875 0.30599812558575445 0.04 0.029053420805998126
0 0.2225 0.33177132146204313 0.04 0.031865042174320526
0 0.259375 0.36644798500468606 0.02 0.01874414245548266
0 0.165 0.3416119962511715 0.04375 0.03280224929709466
0 0.160625 0.36457357075913777 0.03125 0.03748828491096532
0 0.20125 0.42736644798500467 0.0475 0.038425492033739454
0 0.2725 0.5149953139643861 0.03875 0.03467666354264293
0 0.335625 0.5271790065604499 0.01125 0.02155576382380506
0 0.208125 0.5576382380506092 0.03 0.02155576382380506
0 0.285 0.5688847235238987 0.07 0.03280224929709466
0 0.336875 0.5590440487347704 0.02625 0.01218369259606373
0 0.14875 0.6738519212746017 0.0125 0.01218369259606373
0 0.02875 0.6082474226804123 0.0325 0.02155576382380506
0 0.028125 0.5154639175257731 0.02875 0.015932521087160263
0 0.0075 0.514526710402999 0.015 0.016869728209934397
0 0.006875 0.4465791940018744 0.01375 0.019681349578256794
0 0.08875 0.422680412371134 0.03375 0.02717900656044986
0 0.00625 0.34817244611059045 0.0125 0.01780693533270853
0 0.02875 0.41705716963448924 0.0125 0.008434864104967198
0 0.296875 0.7549203373945642 0.01375 0.01874414245548266
0 0.314375 0.7806935332708529 0.0125 0.00937207122774133
0 0.993125 0.6143392689784443 0.0125 0.013120899718837863
0 0.993125 0.5923149015932521 0.01375 0.01499531396438613
0 0.98 0.5445173383317713 0.01625 0.015932521087160263
0 0.94875 0.5932521087160263 0.0225 0.02530459231490159
0 0.9375 0.4835988753514527 0.03625 0.029053420805998126
0 0.93875 0.5032802249297095 0.01375 0.014058106841611996
0 0.938125 0.4386129334582943 0.00875 0.01218369259606373
0 0.71375 0.43767572633552015 0.00875 0.00937207122774133
0 0.851875 0.3561387066541706 0.01875 0.02155576382380506
0 0.86 0.33083411433926896 0.02875 0.02530459231490159
0 0.828125 0.25164011246485474 0.025 0.02436738519212746
0 0.80125 0.22211808809746955 0.0275 0.01874414245548266
0 0.813125 0.2169634489222118 0.01 0.01218369259606373
0 0.52125 0.11246485473289597 0.0275 0.023430178069353328
1 0.634375 0.6246485473289597 0.03875 0.02436738519212746