1 0.5125 0.3669165885660731 0.105 0.08341143392689784
0 0.165 0.689784442361762 0.08 0.06466729147141519
0 0.554375 0.8125585754451734 0.03625 0.023430178069353328
0 0.420625 0.7614807872539832 0.03 0.023430178069353328
0 0.400625 0.6911902530459232 0.03 0.020618556701030927
0 0.213125 0.6026241799437676 0.0325 0.023430178069353328
0 0.01125 0.8809746954076851 0.0225 0.041237113402061855
1 0.343125 0.48125585754451733 0.1175 0.08622305529522024
1 0.65 0.2614807872539831 0.05375 0.056232427366447985
0 0.34625 0.7249297094657919 0.03 0.02155576382380506
0 0.296875 0.6954076850984068 0.02875 0.023430178069353328
0 0.310625 0.6316776007497656 0.055 0.023430178069353328
0 0.904375 0.6007497656982193 0.06875 0.09653233364573571
1 0.7375 0.5651358950328023 0.17875 0.18744142455482662
1 0.734375 0.9123711340206185 0.04375 0.04498594189315839
1 0.644375 0.7825679475164011 0.1325 0.10402999062792877
0 0.279375 0.1794751640112465 0.02625 0.030927835051546393
0 0.005625 0.619962511715089 0.01125 0.02530459231490159
1 0.856875 0.37207122774133083 0.15375 0.18650421743205248
0 0.70625 0.4072164948453608 0.05 0.04217432052483599
0 0.266875 0.09934395501405811 0.03625 0.031865042174320526
0 0.399375 0.619493908153702 0.03375 0.02155576382380506
0 0.22125 0.46344892221180883 0.05625 0.026241799437675725
0 0.198125 0.1176194939081537 0.04375 0.04311152764761012
0 0.1525 0.4175257731958763 0.06125 0.031865042174320526
0 0.02625 0.6611996251171509 0.0275 0.029053420805998126
0 0.965625 0.5618556701030928 0.025 0.020618556701030927
0 0.2425 0.21087160262417995 0.02625 0.030927835051546393
1 0.2625 0.7282099343955014 0.1025 0.08528584817244611
1 0.073125 0.4775070290534208 0.04375 0.041237113402061855
1 0.021875 0.485941893158388 0.04375 0.06466729147141519
1 0.12 0.34910965323336457 0.12375 0.09465791940018745
1 0.059375 0.2755388940955951 0.08125 0.14432989690721648
1 0.07375 0.14948453608247422 0.0775 0.1733833177132146
1 0.563125 0.5880974695407685 0.3125 0.24273664479850046
1 0.71625 0.7928772258669166 0.06125 0.08997188378631678
1 0.695 0.9390815370196813 0.07 0.09559512652296158
1 0.8025 0.7970946579194002 0.1175 0.21462043111527648
1 0.864375 0.7488284910965324 0.0875 0.11808809746954077
1 0.875 0.8120899718837863 0.0775 0.1105904404873477
1 0.81875 0.604967197750703 0.0525 0.07403936269915651
1 0.669375 0.46860356138706655 0.055 0.05154639175257732
1 0.66625 0.3847235238987816 0.045 0.030927835051546393
1 0.69125 0.380506091846298 0.04625 0.05248359887535145
1 0.566875 0.030927835051546393 0.075 0.061855670103092786
0 0.11125 0.06982193064667291 0.0325 0.02436738519212746
0 0.338125 0.07263355201499531 0.03875 0.022492970946579195
0 0.35625 0.19540768509840675 0.02875 0.02436738519212746
0 0.284375 0.2633552014995314 0.03875 0.029053420805998126
0 0.28 0.2891283973758201 0.03875 0.031865042174320526
0 0.305625 0.3294283036551078 0.02 0.01874414245548266
0 0.22125 0.2891283973758201 0.0425 0.031865042174320526
0 0.21 0.3106841611996251 0.03 0.03655107778819119
0 0.230625 0.3786316776007498 0.04625 0.03748828491096532
0 0.27375 0.4761012183692596 0.03875 0.033739456419868794
0 0.33125 0.4985941893158388 0.01 0.020618556701030927
0 0.198125 0.507029053420806 0.03 0.02155576382380506
0 0.27 0.5309278350515464 0.07 0.031865042174320526
0 0.323125 0.5299906279287723 0.02625 0.01218369259606373
0 0.105625 0.6101218369259607 0.0125 0.01218369259606373
0 0.0125 0.5262417994376757 0.025 0.02155576382380506
0 0.035625 0.43580131208997186 0.02875 0.01499531396438613
0 0.015 0.43064667291471415 0.0175 0.016869728209934397
0 0.031875 0.36457357075913777 0.02125 0.019681349578256794
0 0.1225 0.3556701030927835 0.0325 0.026241799437675725
0 0.060625 0.2685098406747891 0.02 0.01780693533270853
0 0.065625 0.33973758200562326 0.0125 0.008434864104967198
0 0.225625 0.7141518275538894 0.01375 0.01874414245548266
0 0.235 0.7422680412371134 0.01125 0.00937207122774133
0 0.91 0.8819119025304593 0.02375 0.026241799437675725
0 0.94625 0.6944704779756327 0.0125 0.013120899718837863
0 0.955625 0.6733833177132146 0.01875 0.01499531396438613
0 0.95375 0.6241799437675727 0.01625 0.015932521087160263
0 0.976875 0.6551077788191191 0.01125 0.019681349578256794
0 0.90875 0.6668228678537957 0.0225 0.02530459231490159
0 0.93125 0.5581068416119962 0.035 0.029053420805998126
0 0.926875 0.5768509840674789 0.01375 0.014058106841611996
0 0.945625 0.514058106841612 0.00875 0.01218369259606373
0 0.726875 0.4751640112464855 0.00875 0.00937207122774133
0 0.885625 0.4189315838800375 0.01875 0.020618556701030927
0 0.901875 0.3959700093720712 0.02875 0.02530459231490159
0 0.894375 0.31302717900656046 0.02375 0.02436738519212746
0 0.876875 0.2797563261480787 0.02625 0.01874414245548266
0 0.89 0.2769447047797563 0.01 0.01218369259606373
0 0.636875 0.1260543580131209 0.0275 0.023430178069353328
1 0.59375 0.6438612933458294 0.03875 0.023430178069353328