0 0.05125 0.34957825679475163 0.09875 0.09653233364573571
0 0.605 0.35238987816307404 0.02625 0.01780693533270853
0 0.664375 0.4104967197750703 0.025 0.022492970946579195
0 0.13875 0.5679475164011246 0.05625 0.041237113402061855
0 0.090625 0.436269915651359 0.125 0.09840674789128398
0 0.103125 0.5529522024367385 0.025 0.026241799437675725
0 0.6475 0.3013120899718838 0.025 0.020618556701030927
0 0.079375 0.5074976569821931 0.03875 0.04217432052483599
0 0.2275 0.604967197750703 0.0125 0.008434864104967198
0 0.163125 0.6925960637300843 0.02125 0.02155576382380506
0 0.02625 0.7000937207122774 0.02375 0.01780693533270853
0 0.005 0.6522961574507966 0.01 0.01499531396438613
0 0.445 0.6401124648547329 0.01875 0.010309278350515464
0 0.809375 0.5313964386129335 0.025 0.022492970946579195
0 0.578125 0.09606373008434864 0.02375 0.020618556701030927
0 0.8025 0.21930646672914714 0.0125 0.026241799437675725
0 0.49125 0.14104967197750704 0.03125 0.028116213683223992
1 0.225625 0.14432989690721648 0.0475 0.01874414245548266
1 0.171875 0.2511715089034677 0.13625 0.1162136832239925
1 0.448125 0.2839737582005623 0.05 0.05435801312089972
1 0.245625 0.5 0.1425 0.12277413308341144
1 0.4075 0.4606373008434864 0.0725 0.04779756326148079
1 0.52875 0.5182755388940956 0.04375 0.03280224929709466
1 0.54875 0.5276476101218369 0.2825 0.21743205248359887
1 0.66 0.5857544517338332 0.1675 0.12277413308341144
1 0.716875 0.6616682286785379 0.16125 0.1302717900656045
1 0.52 0.7347703842549204 0.13875 0.09559512652296158
0 0.79125 0.7806935332708529 0.0175 0.01218369259606373
0 0.789375 0.8177132146204311 0.03125 0.028116213683223992
1 0.843125 0.4732895970009372 0.09375 0.1021555763823805