0 0.048125 0.3556701030927835 0.09625 0.09559512652296158
0 0.60125 0.35098406747891286 0.02625 0.01780693533270853
0 0.6625 0.40815370196813494 0.025 0.022492970946579195
0 0.140625 0.5726335520149953 0.055 0.04029990627928772
0 0.089375 0.4414245548266167 0.1225 0.09653233364573571
0 0.104375 0.5581068416119962 0.025 0.026241799437675725
0 0.643125 0.2994376757263355 0.025 0.020618556701030927
0 0.0798875 0.5131583880037488 0.03806249999999999 0.04166822867853799
0 0.2299 0.6082942830365511 0.011937500000000014 0.007956888472352399
0 0.167625 0.6970103092783505 0.020925000000000013 0.021096532333645727
0 0.030887500000000002 0.7061574507966261 0.023075 0.017572633552014997
0 0.006875 0.6588566073102156 0.01375 0.01499531396438613
0 0.44817500000000005 0.6407122774133083 0.018799999999999956 0.009906279287722527
0 0.81025 0.527572633552015 0.02476249999999993 0.0217338331771322
0 0.5686625 0.09502343017806936 0.023499999999999945 0.019850046860356144
0 0.7957 0.21534208059981258 0.011912499999999967 0.026232427366447993
0 0.4830625 0.14138706654170574 0.030349999999999967 0.027863167760074994
1 0.217275 0.14780693533270853 0.04746250000000003 0.01823805060918461
1 0.1659125 0.25544517338331774 0.133925 0.11412371134020617
1 0.44325000000000003 0.284817244611059 0.048412500000000025 0.054151827553889385
1 0.24575 0.5031771321462043 0.13953749999999998 0.12055295220243668
1 0.4066625 0.4616401124648547 0.07099999999999994 0.046466729147141554
1 0.5290625 0.5179568884723523 0.042762500000000044 0.03201499531396446
1 0.5493875 0.5272352389878162 0.27770000000000006 0.21358950328022497
1 0.6621625 0.5835707591377695 0.16513750000000008 0.12089034676663543
1 0.7205875 0.658659793814433 0.15786249999999996 0.1285848172446111
1 0.5252125 0.7345454545454545 0.13606250000000003 0.09360824742268052
0 0.79785 0.7766073102155576 0.017075000000000104 0.011499531396438596
0 0.7967749999999999 0.8138238050609184 0.031200000000000047 0.028163074039362655
1 0.8427 0.46860356138706655 0.09108750000000015 0.10109653233364568