0 0.055 0.34395501405810686 0.10125 0.09840674789128398
0 0.608125 0.3537956888472352 0.0275 0.01874414245548266
0 0.666875 0.41237113402061853 0.02625 0.023430178069353328
0 0.1375 0.563261480787254 0.05625 0.04217432052483599
0 0.0925 0.43064667291471415 0.1275 0.09934395501405811
0 0.101875 0.5477975632614808 0.02625 0.02717900656044986
0 0.6525 0.30318650421743204 0.02625 0.02155576382380506
0 0.079375 0.5023430178069354 0.04 0.04217432052483599
0 0.225 0.6012183692596064 0.0125 0.008434864104967198
0 0.15875 0.6883786316776007 0.0225 0.02155576382380506
0 0.021875 0.6935332708528584 0.02375 0.01780693533270853
0 0.00375 0.6457357075913777 0.0075 0.01499531396438613
0 0.441875 0.6391752577319587 0.01875 0.010309278350515464
0 0.80875 0.5356138706654171 0.02625 0.022492970946579195
0 0.5875 0.09700093720712277 0.025 0.020618556701030927
0 0.80875 0.22305529522024367 0.01375 0.026241799437675725
0 0.5 0.14104967197750704 0.03125 0.029053420805998126
1 0.23375 0.14058106841611998 0.04875 0.019681349578256794
1 0.1775 0.24695407685098406 0.13875 0.11715089034676664
1 0.453125 0.28350515463917525 0.05125 0.05529522024367385
1 0.245625 0.4967197750702905 0.145 0.12371134020618557
1 0.40875 0.4592314901593252 0.0725 0.04873477038425492
1 0.528125 0.5187441424554826 0.04375 0.03280224929709466
1 0.548125 0.528584817244611 0.2875 0.2211808809746954
1 0.658125 0.5876288659793815 0.17125 0.12558575445173384
1 0.713125 0.6644798500468604 0.16375 0.1330834114339269
1 0.514375 0.7352389878163074 0.14 0.09746954076850985
0 0.785 0.7844423617619494 0.0175 0.01218369259606373
0 0.781875 0.8214620431115276 0.0325 0.029053420805998126
1 0.84375 0.4775070290534208 0.09625 0.10309278350515463