0 0.48 0.17713214620431114 0.08375 0.061855670103092786
0 0.539375 0.08528584817244611 0.06125 0.05998125585754452
0 0.335625 0.38706654170571697 0.10125 0.07216494845360824
0 0.96625 0.682755388940956 0.0675 0.09184629803186505
0 0.71875 0.34637300843486407 0.0625 0.03546391752577323
0 0.944375 0.2985004686035614 0.0825 0.06091846298031865
0 0.520625 0.3795688847235239 0.03375 0.02436738519212746
0 0.739375 0.18556701030927836 0.05375 0.04498594189315839
0 0.546875 0.4723523898781631 0.0275 0.023430178069353328
0 0.8725 0.6030927835051546 0.04125 0.07872539831302718
0 0.14125 0.11996251171508904 0.12 0.07310215557638237
0 0.625 0.8631677600749765 0.095 0.08716026241799438
0 0.635 0.39737582005623245 0.0675 0.04873477038425492
0 0.551875 0.25585754451733833 0.02875 0.03561387066541706
0 0.383125 0.19400187441424555 0.035 0.033739456419868794
0 0.67875 0.8327085285848173 0.175 0.12089971883786317
0 0.754375 0.03936269915651359 0.045 0.030927835051546393
0 0.96625 0.3983130271790066 0.05625 0.04311152764761012
0 0.429375 0.5955951265229615 0.04 0.02999062792877226
0 0.760975 0.6994939081537019 0.05321249999999992 0.035866916588566056
0 0.284375 0.5346766635426429 0.03625 0.02530459231490159
0 0.54625 0.7596063730084348 0.025 0.02155576382380506
0 0.2621 0.10477038425492034 0.02887500000000003 0.023851921274601676
0 0.2178125 0.23248359887535144 0.01957500000000003 0.012839737582005612
0 0.2138875 0.2440393626991565 0.016637500000000003 0.011012183692596064
0 0.1696 0.26202436738519214 0.01615000000000002 0.007338331771321501
0 0.49103749999999996 0.4571883786316776 0.01644999999999996 0.00858481724461103
0 0.16057500000000002 0.6031958762886598 0.012875000000000015 0.008847235238987868
0 0.2473125 0.5952858481724461 0.031112499999999984 0.031105904404873527
0 0.054725 0.6708997188378631 0.017162500000000004 0.015548266166822792
0 0.0532875 0.6875257731958763 0.036474999999999994 0.025201499531396533
0 0.1539625 0.7398125585754451 0.013949999999999995 0.008584817244611135
0 0.2710875 0.7800374882849109 0.015024999999999978 0.013945641986879203
0 0.38177500000000003 0.850693533270853 0.02825000000000003 0.021180880974695324
0 0.150025 0.9248359887535145 0.006075000000000017 0.018238050609184663
0 0.7759 0.6794845360824742 0.022537499999999967 0.011799437675726259
0 0.57955 0.6304123711340206 0.033974999999999936 0.016091846298031932
0 0.9835250000000001 0.7714526710402999 0.032937499999999884 0.04987816307403939
0 0.7943125000000001 0.5273102155576382 0.018600000000000137 0.01313964386129333
0 0.98335 0.35221180880974695 0.03330000000000013 0.03834114339268976
0 0.99175 0.39967197750702904 0.016487500000000068 0.05282099343955016
0 0.7211750000000001 0.3236551077788191 0.0296875 0.01609184629803183