0 0.4875 0.17713214620431114 0.085 0.06279287722586692
0 0.54875 0.08575445173383317 0.0625 0.06091846298031865
0 0.338125 0.3847235238987816 0.1025 0.07310215557638237
0 0.961875 0.6888472352389878 0.07 0.09278350515463918
0 0.7225 0.34910965323336457 0.06375 0.03655107778819119
0 0.94875 0.30412371134020616 0.08375 0.061855670103092786
0 0.523125 0.38003748828491096 0.03375 0.02436738519212746
0 0.746875 0.1888472352389878 0.055 0.04592314901593252
0 0.5475 0.47282099343955014 0.0275 0.023430178069353328
0 0.87 0.6077788191190253 0.0425 0.07966260543580131
0 0.15 0.11527647610121837 0.12125 0.07497656982193064
0 0.61625 0.8645735707591378 0.0975 0.08809746954076851
0 0.6375 0.3992502343017807 0.06875 0.04967197750702906
0 0.5575 0.25679475164011245 0.03 0.03561387066541706
0 0.39 0.19259606373008434 0.03625 0.033739456419868794
0 0.67125 0.8350515463917526 0.1775 0.12277413308341144
0 0.765 0.042642924086223055 0.04625 0.031865042174320526
0 0.96875 0.4044048734770384 0.0575 0.044048734770384255
0 0.426875 0.5946579194001874 0.04125 0.030927835051546393
0 0.75625 0.7029053420805998 0.05375 0.03655107778819119
0 0.28375 0.5318650421743205 0.03625 0.026241799437675725
0 0.54 0.7600749765698219 0.025 0.02155576382380506
0 0.27125 0.10168697282099344 0.03 0.02436738519212746
0 0.224375 0.22867853795688847 0.02 0.013120899718837863
0 0.22 0.24039362699156513 0.0175 0.011246485473289597
0 0.175 0.25773195876288657 0.01625 0.007497656982193065
0 0.491875 0.4568884723523899 0.01625 0.008434864104967198
0 0.158125 0.598875351452671 0.0125 0.00937207122774133
0 0.245 0.5918462980318651 0.03125 0.031865042174320526
0 0.050625 0.6649484536082474 0.0175 0.015932521087160263
0 0.04875 0.6818181818181818 0.0375 0.02530459231490159
0 0.148125 0.7352389878163074 0.01375 0.008434864104967198
0 0.264375 0.7769447047797563 0.015 0.014058106841611996
0 0.37375 0.8491096532333646 0.02875 0.02155576382380506
0 0.14 0.9203373945641987 0.00625 0.01874414245548266
0 0.771875 0.683223992502343 0.0225 0.01218369259606373
0 0.57625 0.6312089971883786 0.03375 0.016869728209934397
0 0.976875 0.7778819119025304 0.03375 0.05060918462980318
0 0.79375 0.5309278350515464 0.01875 0.013120899718837863
0 0.985 0.3584817244611059 0.03 0.038425492033739454
0 0.9925 0.4062792877225867 0.015 0.053420805998125584
0 0.725 0.32661668228678536 0.03 0.016869728209934397