0 0.535 0.1780693533270853 0.08625 0.06373008434864105
0 0.48 0.08434864104967198 0.06375 0.061855670103092786
0 0.669375 0.39128397375820057 0.105 0.07497656982193064
0 0.030625 0.6701030927835051 0.06125 0.09372071227741331
0 0.28875 0.3406747891283974 0.06375 0.03748828491096532
0 0.065 0.2867853795688847 0.085 0.06279287722586692
0 0.485 0.37910028116213684 0.035 0.02530459231490159
0 0.275625 0.1794751640112465 0.05625 0.04592314901593252
0 0.454375 0.4709465791940019 0.02875 0.02436738519212746
0 0.123125 0.5932521087160263 0.045 0.07966260543580131
0 0.87625 0.12980318650421743 0.12375 0.07591377694470477
0 0.358125 0.8598875351452671 0.09875 0.08997188378631678
0 0.37 0.394095595126523 0.07 0.05060918462980318
0 0.459375 0.25445173383317715 0.03 0.03655107778819119
0 0.63125 0.19728209934395502 0.03625 0.03467666354264293
0 0.305625 0.8280224929709465 0.18 0.12558575445173384
0 0.2675 0.03280224929709466 0.04625 0.031865042174320526
0 0.03875 0.38612933458294285 0.05875 0.04498594189315839
0 0.56625 0.5974695407685099 0.04125 0.030927835051546393
0 0.23 0.6925960637300843 0.055 0.03748828491096532
0 0.71375 0.5402999062792877 0.0375 0.026241799437675725
0 0.441875 0.7582005623242737 0.02625 0.022492970946579195
0 0.75625 0.11105904404873478 0.03 0.02436738519212746
0 0.794375 0.23992502343017807 0.02 0.013120899718837863
0 0.798125 0.25164011246485474 0.0175 0.011246485473289597
0 0.84125 0.27085285848172447 0.01625 0.007497656982193065
0 0.51125 0.45735707591377694 0.01625 0.00937207122774133
0 0.834375 0.6119962511715089 0.01375 0.00937207122774133
0 0.748125 0.6016869728209935 0.0325 0.031865042174320526
0 0.936875 0.6822867853795689 0.0175 0.015932521087160263
0 0.9375 0.6991565135895033 0.0375 0.026241799437675725
0 0.834375 0.7488284910965324 0.01375 0.00937207122774133
0 0.715625 0.7858481724461106 0.01625 0.014058106841611996
0 0.601875 0.8537956888472352 0.02875 0.02155576382380506
0 0.83 0.9339268978444236 0.0075 0.01874414245548266
0 0.215625 0.6719775070290535 0.0225 0.01218369259606373
0 0.414375 0.6283973758200563 0.035 0.016869728209934397
0 0.010625 0.7582005623242737 0.02125 0.05060918462980318
0 0.204375 0.5196813495782568 0.01875 0.014058106841611996
0 0.02375 0.33973758200562326 0.035 0.03936269915651359
0 0.013125 0.38706654170571697 0.01875 0.053420805998125584
0 0.286875 0.3181818181818182 0.03 0.016869728209934397