0 0.754375 0.8436269915651359 0.09125 0.03720712277413313
0 0.57125 0.7286785379568884 0.035 0.02530459231490159
0 0.51375 0.6419868791002812 0.03375 0.02436738519212746
0 0.094375 0.5880974695407685 0.08625 0.07497656982193064
0 0.964375 0.8139643861293346 0.07125 0.04498594189315839
0 0.7509250000000001 0.6477225866916588 0.07830000000000012 0.041968134957825656
0 0.638125 0.8286035613870666 0.04 0.02530459231490159
0 0.03 0.5670103092783505 0.05875 0.09465791940018745
0 0.7279125000000001 0.5913308341143393 0.07956250000000012 0.07674789128397386
0 0.9780125 0.4122867853795689 0.028600000000000136 0.021162136832239963
0 0.891875 0.45088097469540767 0.03375 0.02017806935332706
0 0.8325 0.24228678537956888 0.12 0.040271790065604524
0 0.50125 0.7380506091846298 0.035 0.029053420805998126
0 0.3591625 0.3080693533270853 0.040812499999999974 0.06333645735707595
0 0.6766125 0.7004779756326148 0.02552500000000009 0.018566073102155526
0 0.615625 0.4873477038425492 0.03875 0.06747891283973759
0 0.365625 0.8270852858481724 0.03375 0.01874414245548266
0 0.035625 0.7494845360824742 0.07125 0.05095595126522951
0 0.7989125 0.2098406747891284 0.14092500000000002 0.021368322399250246
0 0.8843000000000001 0.7582661668228678 0.030149999999999864 0.017938144329897
0 0.7775 0.4788003748828491 0.1575 0.09754451733833176
0 0.9880875 0.35657919400187443 0.021912499999999967 0.012858481724461131
0 0.835725 0.18592314901593252 0.11939999999999998 0.02425492033739456
0 0.6895874999999999 0.18285848172446112 0.016299999999999953 0.009662605435801315
0 0.5358375 0.17812558575445173 0.02112499999999997 0.01077788191190253
0 0.4203 0.1631115276476101 0.01631249999999994 0.014676663542642947
0 0.532875 0.20023430178069354 0.019637500000000044 0.007150890346766631
0 0.3199625 0.21038425492033738 0.02483749999999997 0.01243673851921273
0 0.2915875 0.19342080599812558 0.011862500000000012 0.006326148078725398
0 0.2902875 0.17478912839737581 0.016674999999999968 0.011893158388003746
0 0.3545875 0.271340206185567 0.03662499999999994 0.015210871602624196
0 0.378625 0.31846298031865045 0.009650000000000034 0.02321462043111526
0 0.3688125 0.3069353327085286 0.009362500000000011 0.010262417994376799
0 0.4097 0.3825398313027179 0.04487499999999997 0.06827553889409561
0 0.43901249999999997 0.6057544517338332 0.022549999999999955 0.012689784442361728
0 0.451475 0.5979475164011246 0.031675000000000036 0.00940018744142453
0 0.0632 0.3704592314901593 0.018450000000000008 0.02169634489222116
0 0.7315875 0.5473945641986879 0.057150000000000034 0.07181818181818171
0 0.6307375 0.49540768509840677 0.008487499999999955 0.026307403936269857
1 0.39776249999999996 0.5155670103092783 0.24489999999999995 0.17297094657919396
1 0.15489999999999998 0.4382849109653233 0.2288375 0.2332052483598875
1 0.268175 0.5518744142455483 0.29957500000000004 0.13213683223992503