0 0.23 0.8369259606373008 0.0925 0.03936269915651359
0 0.418125 0.7268041237113402 0.03625 0.026241799437675725
0 0.479375 0.6415182755388941 0.035 0.02530459231490159
0 0.90125 0.598875351452671 0.09 0.07685098406747891
0 0.02875 0.8013120899718837 0.0575 0.046860356138706656
0 0.2425 0.6410496719775071 0.08 0.044048734770384255
0 0.346875 0.8247422680412371 0.04125 0.026241799437675725
0 0.966875 0.5791940018744143 0.0625 0.09653233364573571
0 0.268125 0.5852858481724461 0.0825 0.07872539831302718
0 0.02625 0.39971883786316775 0.03 0.02155576382380506
0 0.110625 0.44048734770384257 0.035 0.020618556701030927
0 0.18 0.2338331771321462 0.12125 0.04311152764761012
0 0.4875 0.7380506091846298 0.03625 0.02999062792877226
0 0.649375 0.31208997188378634 0.04375 0.06466729147141519
0 0.314375 0.6958762886597938 0.02625 0.019681349578256794
0 0.385 0.4845360824742268 0.04125 0.06841611996251172
0 0.619375 0.8303655107778819 0.035 0.019681349578256794
0 0.9525 0.7614807872539832 0.07375 0.05248359887535145
0 0.215 0.20196813495782567 0.14125 0.02530459231490159
0 0.10375 0.7478912839737581 0.03125 0.01874414245548266
0 0.22375 0.47141518275538896 0.1625 0.10121836925960637
0 0.01875 0.34395501405810686 0.0225 0.013120899718837863
0 0.179375 0.17713214620431114 0.12 0.02717900656044986
0 0.325 0.1780693533270853 0.01625 0.010309278350515464
0 0.479375 0.17760074976569823 0.02125 0.011246485473289597
0 0.595625 0.16541705716963448 0.0175 0.01499531396438613
0 0.48125 0.19962511715089035 0.02 0.007497656982193065
0 0.693125 0.21508903467666354 0.025 0.013120899718837863
0 0.7225 0.1991565135895033 0.0125 0.006560449859418931
0 0.725 0.18041237113402062 0.0175 0.01218369259606373
0 0.65625 0.27507029053420806 0.0375 0.015932521087160263
0 0.63 0.3219306466729147 0.01125 0.023430178069353328
0 0.64 0.3106841611996251 0.01 0.010309278350515464
0 0.595625 0.3851921274601687 0.0475 0.06935332708528585
0 0.55625 0.6073102155576382 0.02375 0.013120899718837863
0 0.54375 0.5993439550140581 0.0325 0.010309278350515464
0 0.9425 0.38191190253045926 0.02 0.022492970946579195
0 0.26625 0.5412371134020618 0.06 0.07310215557638237
0 0.369375 0.49203373945641987 0.01 0.026241799437675725
1 0.60125 0.5182755388940956 0.2525 0.1790065604498594
1 0.8475 0.4475164011246485 0.24 0.23898781630740393
1 0.729375 0.5581068416119962 0.305 0.13964386129334583