0 0.315 0.6710402999062793 0.11375 0.07216494845360824
0 0.34625 0.5093720712277413 0.06125 0.05154639175257732
0 0.69 0.5885660731021556 0.085 0.07966260543580131
0 0.505625 0.6799437675726335 0.07625 0.05060918462980318
0 0.733125 0.5548266166822868 0.05375 0.05716963448922212
0 0.48375 0.394095595126523 0.09125 0.03467666354264293
0 0.209375 0.6747891283973758 0.04375 0.03280224929709466
0 0.57875 0.7553889409559512 0.0425 0.033739456419868794
0 0.25125 0.5880974695407685 0.04375 0.03280224929709466
0 0.629375 0.4817244611059044 0.04875 0.029053420805998126
0 0.330625 0.40112464854732893 0.035 0.02717900656044986
0 0.695 0.6668228678537957 0.0575 0.04592314901593252
0 0.311875 0.5477975632614808 0.0625 0.029053420805998126
0 0.058125 0.8814432989690721 0.0425 0.030927835051546393
0 0.36375 0.316776007497657 0.03625 0.02530459231490159
0 0.663125 0.42221180880974696 0.0275 0.01874414245548266
0 0.461875 0.4985941893158388 0.035 0.053420805998125584
0 0.47625 0.6410496719775071 0.015 0.01218369259606373
0 0.721875 0.3650421743205248 0.0275 0.019681349578256794
0 0.16 0.32052483598875353 0.0425 0.029053420805998126
0 0.89 0.5534208059981256 0.04125 0.06091846298031865
0 0.34375 0.8130271790065604 0.015 0.01218369259606373
0 0.219375 0.6082474226804123 0.035 0.02717900656044986
0 0.299375 0.41799437675726336 0.0375 0.029053420805998126
0 0.54625 0.5 0.02375 0.02155576382380506
0 0.57875 0.4372071227741331 0.0275 0.020618556701030927
0 0.773125 0.35098406747891286 0.04125 0.033739456419868794
0 0.951875 0.36082474226804123 0.02625 0.015932521087160263
0 0.566875 0.5838800374882849 0.04 0.030927835051546393
0 0.663125 0.6925960637300843 0.0275 0.019681349578256794
0 0.736875 0.4456419868791003 0.0175 0.01218369259606373
0 0.849375 0.37207122774133083 0.015 0.01218369259606373
0 0.875 0.35660731021555764 0.0275 0.01874414245548266
1 0.90125 0.46157450796626054 0.0425 0.030927835051546393
1 0.904375 0.4526710402999063 0.13125 0.08997188378631678
1 0.958125 0.5618556701030928 0.08375 0.10121836925960637
1 0.939375 0.6012183692596064 0.1125 0.09184629803186505
1 0.85375 0.6255857544517338 0.1325 0.09746954076850985
1 0.796875 0.6457357075913777 0.14625 0.10028116213683223
0 0.848125 0.7005623242736645 0.13 0.020618556701030927
0 0.70375 0.6757263355201499 0.01375 0.011246485473289597
0 0.8425 0.788191190253046 0.01375 0.00937207122774133
0 0.635625 0.7099343955014058 0.0125 0.011246485473289597
0 0.501875 0.6644798500468604 0.0325 0.023430178069353328
0 0.458125 0.8134957825679475 0.015 0.01218369259606373
0 0.348125 0.7680412371134021 0.01375 0.01218369259606373
0 0.326875 0.6555763823805061 0.04 0.04311152764761012
0 0.215 0.7661668228678538 0.02 0.01218369259606373
0 0.114375 0.9250234301780693 0.01625 0.007497656982193065
0 0.041875 0.6921274601686973 0.0175 0.014058106841611996
0 0.019375 0.7193064667291471 0.03875 0.030927835051546393
0 0.00875 0.7399250234301781 0.0175 0.03467666354264293
0 0.02 0.5721649484536082 0.015 0.013120899718837863
0 0.01375 0.5862230552952202 0.0175 0.014058106841611996
0 0.269375 0.4967197750702905 0.01125 0.01780693533270853
0 0.055625 0.4564198687910028 0.03 0.01874414245548266
0 0.053125 0.4465791940018744 0.02 0.006560449859418931
0 0.18875 0.4329896907216495 0.01125 0.006560449859418931
0 0.1975 0.43673851921274603 0.02375 0.00937207122774133
0 0.779375 0.42549203373945643 0.01875 0.01218369259606373
0 0.7275 0.8570759137769447 0.01625 0.00937207122774133
0 0.553125 0.8753514526710403 0.0125 0.010309278350515464