0 0.7 0.6611996251171509 0.12 0.07685098406747891
0 0.654375 0.5014058106841612 0.065 0.05435801312089972
0 0.31875 0.5979381443298969 0.0925 0.08341143392689784
0 0.51125 0.6799437675726335 0.08 0.053420805998125584
0 0.2725 0.5670103092783505 0.05875 0.059044048734770385
0 0.50625 0.3931583880037488 0.09375 0.03936269915651359
0 0.80625 0.6593252108716027 0.04625 0.03467666354264293
0 0.445 0.7591377694470478 0.045 0.03561387066541706
0 0.75625 0.5745079662605436 0.04625 0.03467666354264293
0 0.369375 0.4887535145267104 0.05125 0.030927835051546393
0 0.66 0.3922211808809747 0.0375 0.028116213683223992
0 0.32125 0.676663542642924 0.06125 0.04873477038425492
0 0.691875 0.5379568884723523 0.06375 0.031865042174320526
0 0.976875 0.8570759137769447 0.045 0.03280224929709466
0 0.61875 0.31021555763823805 0.0375 0.02717900656044986
0 0.33 0.43064667291471415 0.02875 0.019681349578256794
0 0.538125 0.4967197750702905 0.03875 0.05435801312089972
0 0.536875 0.6396438612933458 0.01625 0.01218369259606373
0 0.26625 0.3767572633552015 0.02875 0.020618556701030927
0 0.8225 0.30318650421743204 0.045 0.030927835051546393
0 0.11625 0.5735707591377694 0.04625 0.061855670103092786
0 0.685 0.8041237113402062 0.01625 0.01218369259606373
0 0.79 0.5932521087160263 0.0375 0.028116213683223992
0 0.6925 0.4076850984067479 0.04 0.030927835051546393
0 0.45375 0.5023430178069354 0.02625 0.022492970946579195
0 0.415625 0.44189315838800375 0.02875 0.02155576382380506
0 0.21375 0.3655107778819119 0.04375 0.03561387066541706
0 0.03625 0.3847235238987816 0.0275 0.01780693533270853
0 0.44125 0.5871602624179943 0.0425 0.03280224929709466
0 0.355 0.7005623242736645 0.03 0.02155576382380506
0 0.25875 0.45829428303655106 0.01875 0.013120899718837863
0 0.139375 0.3908153701968135 0.01625 0.01218369259606373
0 0.1125 0.3767572633552015 0.02875 0.020618556701030927
1 0.09625 0.48266166822867856 0.045 0.03280224929709466
1 0.0925 0.4742268041237113 0.1375 0.09653233364573571
1 0.04875 0.5857544517338332 0.0925 0.10402999062792877
1 0.07125 0.6237113402061856 0.12 0.09746954076850985
1 0.15875 0.6438612933458294 0.14 0.10309278350515463
1 0.2175 0.6607310215557638 0.15375 0.10684161199625117
0 0.17125 0.718369259606373 0.13 0.02717900656044986
0 0.313125 0.6860356138706654 0.01375 0.011246485473289597
0 0.185 0.8055295220243673 0.015 0.010309278350515464
0 0.384375 0.7164948453608248 0.01375 0.01218369259606373
0 0.513125 0.6640112464854733 0.035 0.02436738519212746
0 0.570625 0.8106841611996252 0.01625 0.013120899718837863
0 0.67625 0.7596063730084348 0.015 0.01218369259606373
0 0.6875 0.6462043111527648 0.04375 0.04498594189315839
0 0.80875 0.7507029053420806 0.02125 0.013120899718837863
0 0.924375 0.9039362699156513 0.01625 0.008434864104967198
0 0.975 0.6677600749765699 0.01875 0.01499531396438613
0 0.989375 0.6930646672914714 0.02125 0.03280224929709466
0 0.985 0.5468603561387066 0.015 0.014058106841611996
0 0.99125 0.5604498594189316 0.0175 0.01499531396438613
0 0.73 0.4845360824742268 0.0125 0.01780693533270853
0 0.939375 0.43345829428303656 0.03125 0.019681349578256794
0 0.940625 0.4231490159325211 0.02 0.007497656982193065
0 0.804375 0.41658856607310213 0.0125 0.007497656982193065
0 0.79625 0.4208059981255858 0.02375 0.011246485473289597
0 0.214375 0.44048734770384257 0.01875 0.013120899718837863
0 0.30625 0.8678537956888472 0.01625 0.010309278350515464
0 0.481875 0.8772258669165885 0.01375 0.011246485473289597