0 0.4125625 0.1652863849765258 0.026262499999999987 0.02624413145539905
0 0.5465875 0.2745258215962441 0.044325000000000045 0.03686384976525821
0 0.6153625 0.5611267605633803 0.048312499999999974 0.08100469483568074
0 0.723425 0.18623474178403757 0.02782499999999999 0.025154929577464808
0 0.6351749999999999 0.3616619718309859 0.02166249999999998 0.06665727699530517
0 0.224375 0.2431924882629108 0.01125 0.007511737089201878
0 0.22375 0.2516431924882629 0.025 0.007511737089201878
0 0.175625 0.23990610328638498 0.01875 0.010328638497652582
0 0.2812875 0.32692018779342724 0.0074125000000000085 0.009070422535211238
0 0.4689625 0.22811267605633803 0.027912500000000052 0.02453521126760563
0 0.4753 0.32906103286384975 0.026912499999999964 0.02487323943661973
0 0.36125 0.15586854460093896 0.0225 0.018779342723004695
0 0.34375 0.1511737089201878 0.015 0.011267605633802818
0 0.711 0.2547417840375587 0.02916249999999991 0.02522065727699532
0 0.8242875 0.12536150234741783 0.020749999999999887 0.017089201877934262
0 0.283125 0.360093896713615 0.01875 0.01596244131455399
0 0.32808750000000003 0.3971830985915493 0.021187500000000022 0.013145539906103286
0 0.09949999999999999 0.48018779342723 0.033162500000000004 0.015643192488262934
0 0.51 0.5206572769953052 0.0225 0.027230046948356807
0 0.594375 0.48544600938967136 0.04125 0.011267605633802818
0 0.595 0.38729577464788734 0.05 0.012262910798122015
0 0.545 0.5117370892018779 0.015 0.03755868544600939
0 0.381125 0.41831924882629107 0.02207499999999996 0.012328638497652578
0 0.3483375 0.4092394366197183 0.0175 0.012206572769953052
0 0.584375 0.5267605633802817 0.00875 0.007511737089201878
0 0.209375 0.6807511737089202 0.01125 0.007511737089201878
0 0.8193874999999999 0.5730422535211267 0.013725000000000022 0.0126291079812207
0 0.9925 0.4619718309859155 0.015 0.005633802816901409
0 0.8360875 0.3901971830985915 0.005024999999999977 0.00937089201877936
0 0.8609 0.3685446009389671 0.005200000000000102 0.010009389671361472
0 0.8575624999999999 0.2896807511737089 0.009512499999999875 0.015154929577464777
0 0.8632375 0.22543661971830986 0.006500000000000057 0.01438497652582159
0 0.829575 0.12271361502347418 0.012375000000000113 0.010319248826291089
0 0.8431125 0.1200093896713615 0.014387499999999989 0.012450704225352105
0 0.406 0.33371830985915496 0.008837500000000062 0.009136150234741802
0 0.17145 0.3951549295774648 0.008537499999999981 0.008751173708920234
0 0.5947875 0.6576431924882629 0.037524999999999975 0.049051643192488274
0 0.5266125 0.6756525821596244 0.013262500000000017 0.014863849765258147
0 0.50915 0.6693708920187793 0.018725000000000023 0.013352112676056363
0 0.431425 0.6331361502347418 0.021287499999999966 0.013211267605633743
0 0.31896250000000004 0.6192676056338028 0.012837500000000012 0.007539906103286359
0 0.2688875 0.5385821596244131 0.022950000000000016 0.010460093896713709
0 0.2304 0.5349953051643193 0.011000000000000015 0.006309859154929603
0 0.157075 0.5109859154929578 0.01137500000000001 0.006582159624413137
0 0.15109999999999998 0.5023568075117371 0.01522500000000001 0.00645070422535201
0 0.0598625 0.4735680751173709 0.013587500000000006 0.006319248826291097
0 0.06915 0.48344600938967136 0.023349999999999992 0.006798122065727708
0 0.6344 0.5963286384976526 0.030912500000000023 0.07196244131455408
1 0.21795 0.5156713615023475 0.33817499999999995 0.13314553990610326
1 0.3882625 0.6205539906103287 0.2924625 0.13683568075117372
1 0.04129999999999999 0.2992018779342723 0.0825875 0.0506666666666667
0 0.008374999999999999 0.1964319248826291 0.0149125 0.022920187793427253
0 0.122125 0.22813145539906104 0.011387499999999981 0.011755868544600923
0 0.174 0.21566197183098593 0.014025000000000034 0.01064788732394364
0 0.201425 0.21088262910798122 0.011387500000000017 0.009276995305164315
0 0.251075 0.22372769953051644 0.011212500000000035 0.007906103286384992
0 0.271475 0.1856901408450704 0.008737500000000011 0.011248826291079829
0 0.2979 0.15932394366197183 0.016000000000000014 0.010882629107981196