0 0.540625 0.160093896713615 0.03 0.028169014084507043
0 0.4225 0.2793427230046948 0.04875 0.04037558685446009
0 0.39375 0.5699530516431925 0.05875 0.08450704225352113
0 0.234375 0.2056338028169014 0.03125 0.027230046948356807
0 0.34625 0.3732394366197183 0.03125 0.0676056338028169
0 0.738125 0.22300469483568075 0.0125 0.008450704225352112
0 0.74 0.23145539906103285 0.02625 0.009389671361502348
0 0.78625 0.215962441314554 0.02 0.012206572769953052
0 0.693125 0.3107981220657277 0.00875 0.009389671361502348
0 0.493125 0.2272300469483568 0.03125 0.02629107981220657
0 0.500625 0.32816901408450705 0.03 0.027230046948356807
0 0.59 0.14694835680751173 0.025 0.020657276995305163
0 0.606875 0.14084507042253522 0.01625 0.012206572769953052
0 0.25625 0.2727699530516432 0.0325 0.027230046948356807
0 0.125625 0.15305164319248826 0.0225 0.018779342723004695
0 0.69625 0.3436619718309859 0.02125 0.016901408450704224
0 0.656875 0.38403755868544603 0.0225 0.015023474178403756
0 0.895625 0.4488262910798122 0.035 0.01784037558685446
0 0.493125 0.5211267605633803 0.02625 0.02910798122065728
0 0.404375 0.49295774647887325 0.0425 0.014084507042253521
0 0.39 0.39530516431924884 0.05125 0.01596244131455399
0 0.456875 0.5150234741784038 0.02 0.038497652582159626
0 0.606875 0.40938967136150234 0.02375 0.014084507042253521
0 0.638125 0.3976525821596244 0.01875 0.013145539906103286
0 0.42 0.5333333333333333 0.01 0.008450704225352112
0 0.814375 0.6568075117370892 0.0125 0.008450704225352112
0 0.1925 0.5976525821596245 0.015 0.014084507042253521
0 0.00625 0.5009389671361503 0.0125 0.006572769953051643
0 0.150625 0.41737089201877936 0.00625 0.009389671361502348
0 0.1225 0.3976525821596244 0.00625 0.010328638497652582
0 0.115 0.3187793427230047 0.01125 0.01596244131455399
0 0.100625 0.25539906103286386 0.00875 0.015023474178403756
0 0.12 0.15070422535211267 0.01375 0.011267605633802818
0 0.105625 0.1488262910798122 0.01625 0.013145539906103286
0 0.570625 0.32723004694835683 0.01 0.009389671361502348
0 0.811875 0.3699530516431925 0.01 0.009389671361502348
0 0.4275 0.6643192488262911 0.04375 0.051643192488262914
0 0.498125 0.6769953051643193 0.015 0.01596244131455399
0 0.514375 0.6690140845070423 0.02 0.015023474178403756
0 0.586875 0.6272300469483568 0.0225 0.015023474178403756
0 0.696875 0.604225352112676 0.01375 0.008450704225352112
0 0.735 0.5201877934272301 0.02375 0.012206572769953052
0 0.773125 0.5136150234741784 0.01125 0.007511737089201878
0 0.8425 0.484037558685446 0.0125 0.007511737089201878
0 0.8475 0.4751173708920188 0.01625 0.007511737089201878
0 0.93375 0.43896713615023475 0.015 0.007511737089201878
0 0.92625 0.4497652582159624 0.02375 0.008450704225352112
0 0.38 0.6065727699530516 0.04125 0.07417840375586854
1 0.7825 0.4934272300469484 0.355 0.15868544600938966
1 0.628125 0.6112676056338028 0.31 0.15868544600938966
1 0.928125 0.2643192488262911 0.08875 0.05727699530516432
0 0.946875 0.1596244131455399 0.0175 0.024413145539906103
0 0.838125 0.2 0.0125 0.012206572769953052
0 0.784375 0.19154929577464788 0.015 0.011267605633802818
0 0.756875 0.1892018779342723 0.0125 0.010328638497652582
0 0.709375 0.2056338028169014 0.0125 0.008450704225352112
0 0.68375 0.16948356807511736 0.01 0.012206572769953052
0 0.65375 0.14553990610328638 0.0175 0.012206572769953052