0 0.389375 0.16901408450704225 0.0275 0.027230046948356807
0 0.530625 0.2727699530516432 0.04625 0.038497652582159626
0 0.619375 0.5563380281690141 0.05375 0.08262910798122065
0 0.70125 0.1779342723004695 0.03 0.02629107981220657
0 0.625625 0.3563380281690141 0.02625 0.0676056338028169
0 0.206875 0.2544600938967136 0.01125 0.007511737089201878
0 0.206875 0.26291079812206575 0.025 0.008450704225352112
0 0.158125 0.25305164319248824 0.02 0.011267605633802818
0 0.269375 0.33568075117370894 0.0075 0.009389671361502348
0 0.45 0.2295774647887324 0.03 0.02535211267605634
0 0.463125 0.33004694835680753 0.02875 0.02629107981220657
0 0.3375 0.1619718309859155 0.02375 0.01971830985915493
0 0.319375 0.15774647887323945 0.01625 0.012206572769953052
0 0.69375 0.24694835680751173 0.03125 0.02629107981220657
0 0.7975 0.11314553990610329 0.0225 0.01784037558685446
0 0.27375 0.36901408450704226 0.02 0.016901408450704224
0 0.32125 0.4042253521126761 0.0225 0.014084507042253521
0 0.09875 0.49577464788732395 0.03375 0.016901408450704224
0 0.51125 0.5201877934272301 0.02375 0.028169014084507043
0 0.593125 0.48169014084507045 0.0425 0.013145539906103286
0 0.586875 0.3835680751173709 0.05125 0.014084507042253521
0 0.545625 0.5098591549295775 0.0175 0.038497652582159626
0 0.375625 0.42300469483568076 0.0225 0.013145539906103286
0 0.3425 0.4154929577464789 0.01875 0.013145539906103286
0 0.58625 0.5234741784037559 0.00875 0.007511737089201878
0 0.2225 0.692018779342723 0.01125 0.007511737089201878
0 0.82375 0.5605633802816902 0.015 0.013145539906103286
0 0.989375 0.44272300469483566 0.015 0.006572769953051643
0 0.828125 0.3769953051643192 0.00625 0.009389671361502348
0 0.85125 0.3544600938967136 0.00625 0.010328638497652582
0 0.8425 0.27605633802816903 0.01 0.01596244131455399
0 0.84375 0.21173708920187792 0.0075 0.015023474178403756
0 0.803125 0.11032863849765258 0.0125 0.010328638497652582
0 0.81625 0.10704225352112676 0.015 0.013145539906103286
0 0.394375 0.33755868544600937 0.01 0.009389671361502348
0 0.164375 0.407981220657277 0.00875 0.009389671361502348
0 0.605625 0.6535211267605634 0.04125 0.05070422535211268
0 0.53875 0.6741784037558686 0.01375 0.015023474178403756
0 0.52125 0.6685446009389672 0.02 0.014084507042253521
0 0.440625 0.6356807511737089 0.0225 0.014084507042253521
0 0.3275 0.6262910798122066 0.01375 0.008450704225352112
0 0.271875 0.5474178403755868 0.02375 0.011267605633802818
0 0.233125 0.5455399061032864 0.01125 0.006572769953051643
0 0.158125 0.5244131455399061 0.01125 0.006572769953051643
0 0.151875 0.515962441314554 0.01625 0.006572769953051643
0 0.05875 0.49107981220657276 0.01375 0.006572769953051643
0 0.06875 0.5004694835680751 0.02375 0.007511737089201878
0 0.640625 0.5910798122065728 0.03625 0.07323943661971831
1 0.219375 0.5267605633802817 0.3475 0.14647887323943662
1 0.396875 0.6248826291079812 0.30125 0.14835680751173708
1 0.035625 0.31690140845070425 0.07125 0.05352112676056338
0 0.10375 0.2431924882629108 0.0125 0.012206572769953052
0 0.154375 0.22863849765258215 0.015 0.011267605633802818
0 0.181875 0.22300469483568075 0.0125 0.009389671361502348
0 0.231875 0.23380281690140844 0.01125 0.008450704225352112
0 0.25 0.19530516431924883 0.01 0.011267605633802818
0 0.274375 0.1676056338028169 0.01625 0.011267605633802818