0 0.684375 0.204311152764761 0.0925 0.07685098406747891
0 0.471875 0.41611996251171507 0.12125 0.11715089034676664
0 0.366875 0.48078725398313027 0.11625 0.12933458294283037
0 0.143125 0.4240862230552952 0.05625 0.03936269915651359
1 0.44875 0.8228678537956888 0.12125 0.07216494845360824
0 0.06375 0.8013120899718837 0.035 0.023430178069353328
0 0.306875 0.612464854732896 0.05625 0.04592314901593252
0 0.101875 0.4498594189315839 0.06375 0.04592314901593252
0 0.453125 0.17525773195876287 0.04375 0.03280224929709466
0 0.578125 0.7633552014995314 0.065 0.046860356138706656
0 0.115625 0.7497656982193065 0.03875 0.02530459231490159
0 0.026875 0.6452671040299907 0.0425 0.028116213683223992
0 0.625 0.45454545454545453 0.0575 0.03655107778819119
0 0.076875 0.7066541705716963 0.03625 0.023430178069353328
0 0.111875 0.3622305529522024 0.05125 0.03467666354264293
0 0.476875 0.6644798500468604 0.0325 0.026241799437675725
0 0.31625 0.3247422680412371 0.185 0.15557638238050608
0 0.055 0.5567010309278351 0.04625 0.03467666354264293
0 0.3 0.5388940955951266 0.01875 0.013120899718837863
0 0.090625 0.49250234301780693 0.0325 0.033739456419868794
0 0.529375 0.5955951265229615 0.02375 0.01780693533270853
0 0.55375 0.7207122774133083 0.04125 0.02999062792877226
0 0.36 0.6073102155576382 0.03875 0.03561387066541706
0 0.7475 0.358950328022493 0.02625 0.016869728209934397
0 0.1425 0.6279287722586692 0.0675 0.05154639175257732
0 0.858125 0.22211808809746955 0.0475 0.022492970946579195
0 0.96875 0.32427366447985007 0.0625 0.07122774133083412
0 0.9 0.40112464854732893 0.06 0.044048734770384255
0 0.9675 0.43158388003748827 0.065 0.06654170571696345
0 0.869375 0.5023430178069354 0.05625 0.03936269915651359
0 0.82125 0.5220243673851921 0.0525 0.038425492033739454
0 0.6 0.5581068416119962 0.055 0.038425492033739454
0 0.6025 0.5820056232427366 0.00875 0.007497656982193065
0 0.708125 0.5651358950328023 0.01375 0.011246485473289597
0 0.71 0.5585754451733833 0.015 0.008434864104967198
0 0.879375 0.6485473289597001 0.04375 0.029053420805998126
0 0.871875 0.6724461105904405 0.04625 0.023430178069353328
0 0.9025 0.6916588566073102 0.1275 0.08059981255857544
0 0.940625 0.6921274601686973 0.0225 0.022492970946579195
0 0.893125 0.7225866916588566 0.0175 0.015932521087160263
0 0.908125 0.7338331771321462 0.0175 0.01780693533270853
0 0.861875 0.7399250234301781 0.0225 0.015932521087160263
0 0.801875 0.7357075913776945 0.01875 0.01499531396438613
0 0.85375 0.7230552952202437 0.02125 0.019681349578256794
0 0.81125 0.7966260543580131 0.03375 0.020618556701030927
0 0.824375 0.8191190253045924 0.01375 0.005623242736644799
0 0.68375 0.8191190253045924 0.02125 0.013120899718837863
0 0.96375 0.7094657919400188 0.00625 0.004686035613870665
0 0.966875 0.6588566073102156 0.01125 0.005623242736644799
0 0.6975 0.6940018744142455 0.1125 0.07497656982193064
0 0.44875 0.823805060918463 0.015 0.011246485473289597
0 0.55375 0.8683223992502344 0.0125 0.010309278350515464
0 0.39375 0.7375820056232427 0.02875 0.02436738519212746
0 0.1125 0.6157450796626054 0.05625 0.04217432052483599
0 0.05125 0.5791940018744143 0.04875 0.03467666354264293
0 0.016875 0.4526710402999063 0.03 0.029053420805998126
0 0.01625 0.42221180880974696 0.0225 0.05060918462980318
0 0.035 0.31865042174320524 0.0275 0.020618556701030927
0 0.5275 0.2104029990627929 0.04125 0.029053420805998126
0 0.518125 0.2727272727272727 0.04125 0.029053420805998126
0 0.725625 0.36785379568884724 0.0225 0.023430178069353328
0 0.746875 0.3781630740393627 0.025 0.02530459231490159
0 0.5175 0.6044985941893158 0.025 0.01780693533270853
0 0.528125 0.6110590440487348 0.0225 0.016869728209934397
1 0.78125 0.7656982193064668 0.0575 0.04873477038425492
1 0.730625 0.8045923149015932 0.04875 0.04029990627928772
1 0.959375 0.6391752577319587 0.05375 0.04498594189315839
1 0.9725 0.6743205248359887 0.01375 0.014058106841611996
1 0.67 0.6063730084348641 0.1875 0.1302717900656045
1 0.6475 0.5595126522961574 0.3075 0.1733833177132146
1 0.685 0.48406747891283974 0.31375 0.1387066541705717
0 0.014375 0.810215557638238 0.01375 0.011246485473289597
0 0.005625 0.8191190253045924 0.0075 0.007497656982193065
0 0.010625 0.8214620431115276 0.00625 0.008434864104967198