0 0.568125 0.1780693533270853 0.09875 0.07966260543580131
0 0.4425 0.42549203373945643 0.13 0.1218369259606373
0 0.365 0.5089034676663543 0.12625 0.1330834114339269
0 0.12875 0.5009372071227741 0.05875 0.04217432052483599
1 0.569375 0.8209934395501406 0.125 0.07778819119025304
0 0.19125 0.8795688847235239 0.03625 0.02436738519212746
0 0.355625 0.648078725398313 0.06 0.04873477038425492
0 0.09875 0.5342080599812559 0.0675 0.04779756326148079
0 0.335625 0.19775070290534208 0.04625 0.03467666354264293
0 0.671875 0.7371134020618557 0.06875 0.04967197750702906
0 0.2225 0.8195876288659794 0.04125 0.02717900656044986
0 0.09875 0.7371134020618557 0.04375 0.02999062792877226
0 0.60375 0.43064667291471415 0.06 0.03936269915651359
0 0.169375 0.7858481724461106 0.0375 0.02436738519212746
0 0.07625 0.4475164011246485 0.05375 0.03655107778819119
0 0.538125 0.6630740393626992 0.03375 0.028116213683223992
0 0.259375 0.3697282099343955 0.1975 0.16307403936269915
0 0.093125 0.6462043111527648 0.04875 0.03655107778819119
0 0.321875 0.5787253983130272 0.02 0.014058106841611996
0 0.10375 0.577788191190253 0.03625 0.03467666354264293
0 0.563125 0.5857544517338332 0.025 0.01874414245548266
0 0.633125 0.7010309278350515 0.04375 0.031865042174320526
0 0.404375 0.6321462043111528 0.04125 0.03748828491096532
0 0.68625 0.3134957825679475 0.0275 0.01874414245548266
0 0.20375 0.6968134957825679 0.07125 0.05435801312089972
0 0.741875 0.15885660731021556 0.04875 0.02436738519212746
0 0.90125 0.2310215557638238 0.09875 0.07497656982193064
0 0.848125 0.32239925023430177 0.0625 0.04592314901593252
0 0.931875 0.33598875351452673 0.08625 0.06935332708528585
0 0.855625 0.4259606373008435 0.05875 0.041237113402061855
0 0.816875 0.4550140581068416 0.05625 0.041237113402061855
0 0.6175 0.53514526710403 0.0575 0.04029990627928772
0 0.62875 0.5576382380506092 0.00875 0.007497656982193065
0 0.72375 0.5196813495782568 0.01375 0.01218369259606373
0 0.72375 0.5131208997188379 0.015 0.008434864104967198
0 0.919375 0.5641986879100281 0.04625 0.030927835051546393
0 0.920625 0.5890346766635426 0.0475 0.02530459231490159
0 0.945625 0.6007497656982193 0.10875 0.08622305529522024
0 0.99125 0.5937207122774133 0.0175 0.023430178069353328
0 0.96 0.6326148078725399 0.01875 0.016869728209934397
0 0.97875 0.6401124648547329 0.01875 0.01874414245548266
0 0.93625 0.6560449859418932 0.02375 0.016869728209934397
0 0.876875 0.6640112464854733 0.02 0.015932521087160263
0 0.921875 0.6415182755388941 0.0225 0.020618556701030927
0 0.90875 0.7207122774133083 0.035 0.022492970946579195
0 0.929375 0.739456419868791 0.01375 0.006560449859418931
0 0.79375 0.7689784442361762 0.02125 0.014058106841611996
0 0.76125 0.6457357075913777 0.1175 0.07966260543580131
0 0.569375 0.8214620431115276 0.015 0.011246485473289597
0 0.686875 0.8430178069353327 0.0125 0.011246485473289597
0 0.485 0.7507029053420806 0.03125 0.02530459231490159
0 0.17 0.6911902530459232 0.06 0.044048734770384255
0 0.0975 0.669165885660731 0.05125 0.03655107778819119
0 0.055 0.7413308341143393 0.02375 0.05716963448922212
0 0.03 0.6387066541705717 0.01125 0.00937207122774133
0 0.018125 0.5543580131208997 0.0325 0.02999062792877226
0 0.01 0.5248359887535146 0.02 0.05060918462980318
0 0.42 0.21602624179943766 0.04375 0.030927835051546393
0 0.43375 0.2778819119025305 0.04375 0.030927835051546393
0 0.668125 0.3261480787253983 0.025 0.02436738519212746
0 0.6925 0.33177132146204313 0.02625 0.026241799437675725
0 0.555 0.5970009372071228 0.02625 0.01874414245548266
0 0.568125 0.6007497656982193 0.02375 0.01780693533270853
1 0.868125 0.697282099343955 0.06125 0.05060918462980318
1 0.83375 0.7450796626054358 0.05125 0.04217432052483599
1 0.981875 0.5384254920337395 0.03625 0.04779756326148079
1 0.7025 0.5670103092783505 0.1975 0.13776944704779756
1 0.66375 0.5267104029990628 0.31875 0.18650421743205248
1 0.671875 0.4465791940018744 0.32125 0.1527647610121837
0 0.129375 0.9203373945641987 0.0125 0.013120899718837863
0 0.1475 0.8983130271790065 0.015 0.01218369259606373
0 0.141875 0.9086223055295221 0.0075 0.007497656982193065
0 0.1475 0.9100281162136832 0.0075 0.008434864104967198
0 0.10875 0.851921274601687 0.0125 0.013120899718837863