0 0.358125 0.19165885660731022 0.08375 0.07029053420805999
0 0.539375 0.4189315838800375 0.10625 0.10965323336457357
0 0.635 0.49109653233364575 0.1 0.1218369259606373
0 0.865625 0.4526710402999063 0.05125 0.03561387066541706
1 0.50625 0.8252108716026242 0.1125 0.06373008434864105
0 0.891875 0.8336457357075914 0.0325 0.020618556701030927
0 0.676525 0.6271602624179944 0.05068749999999994 0.04250234301780685
0 0.903125 0.48125585754451733 0.05875 0.041237113402061855
0 0.591875 0.18088097469540768 0.04 0.02999062792877226
0 0.385625 0.7558575445173383 0.06 0.04217432052483599
0 0.8475 0.7783505154639175 0.03625 0.022492970946579195
0 0.95 0.6813495782567948 0.03875 0.02530459231490159
0 0.381875 0.4451733833177132 0.05375 0.03280224929709466
0 0.891875 0.7385192127460168 0.03375 0.020618556701030927
0 0.905 0.3931583880037488 0.0475 0.030927835051546393
0 0.5 0.6654170571696345 0.02875 0.02436738519212746
0 0.706875 0.3402061855670103 0.16625 0.14339268978444236
0 0.934375 0.5912652296157451 0.0425 0.031649484536082455
0 0.69375 0.5543580131208997 0.0175 0.01218369259606373
0 0.908125 0.5248359887535146 0.02875 0.031865042174320526
0 0.4574875 0.5928022492970947 0.021212500000000033 0.01596063730084346
0 0.415625 0.7150890346766635 0.0375 0.02717900656044986
0 0.6245125 0.6177975632614808 0.034724999999999964 0.03314901593252099
0 0.27335 0.34037488284910966 0.024724999999999966 0.015332708528584831
0 0.8375 0.6551077788191191 0.06125 0.046860356138706656
0 0.1826375 0.19575445173383318 0.04506250000000001 0.018697282099343945
0 0.0425 0.2872539831302718 0.085 0.06466729147141519
0 0.1158625 0.3704029990627929 0.05471250000000001 0.03981255857544519
0 0.036412499999999993 0.394526710402999 0.0728125 0.060927835051546385
0 0.13235 0.47340206185567013 0.05149999999999998 0.03528584817244614
0 0.1774125 0.4969353327085286 0.048275000000000005 0.03528584817244614
0 0.392375 0.5500843486410497 0.050900000000000035 0.034292408622305454
0 0.38634999999999997 0.5734208059981256 0.007912500000000051 0.006701030927835137
0 0.284225 0.548406747891284 0.012037499999999994 0.010824742268041195
0 0.282675 0.5418369259606373 0.01375 0.006963448922211868
0 0.1018 0.6178444236176195 0.04096250000000001 0.025904404873477133
0 0.1063875 0.6423711340206185 0.044025 0.019943767572633525
0 0.0727625 0.6592127460168697 0.11800000000000001 0.07196813495782564
0 0.035 0.6565791940018745 0.019262499999999995 0.020862230552952193
0 0.0779625 0.6903842549203374 0.015900000000000008 0.015126522961574601
0 0.0613 0.7003561387066541 0.014975000000000006 0.017188378631677523
0 0.10668749999999999 0.710215557638238 0.020787499999999993 0.013983130271790134
0 0.1669125 0.7106747891283973 0.016512499999999992 0.0135238987816308
0 0.11738749999999999 0.6941705716963449 0.018949999999999995 0.018566073102155526
0 0.1488875 0.7706091846298032 0.031800000000000016 0.018341143392689725
0 0.132675 0.7918088097469541 0.012837500000000012 0.004817244611059138
0 0.27285 0.8030459231490159 0.01926250000000003 0.012146204311152799
0 0.009475 0.6718181818181819 0.005500000000000001 0.004582942830365605
0 0.013300000000000001 0.6215089034676663 0.011312500000000001 0.004358013120899804
0 0.2763625 0.6776663542642924 0.10393750000000004 0.06761949390815379
0 0.5061 0.8258481724461105 0.013149999999999978 0.010084348641049663
0 0.3952875 0.8622961574507967 0.010999999999999944 0.00962511715089033
0 0.5726 0.7448266166822868 0.026287499999999967 0.022689784442361798
0 0.8694375 0.6453420805998126 0.051362499999999894 0.03827553889409552
0 0.935475 0.614058106841612 0.044025000000000036 0.03163074039362699
0 0.994375 0.6794751640112465 0.01125 0.056232427366447985
0 0.9952500000000001 0.5754358013120899 0.009499999999999887 0.008022492970946529
0 0.986875 0.4906279287722587 0.02625 0.02717900656044986
0 0.9920375 0.4605998125585754 0.015912500000000024 0.04973758200562329
0 0.9876125 0.3560824742268041 0.024774999999999922 0.018566073102155526
0 0.51305 0.20971883786316778 0.037974999999999995 0.02627928772258671
0 0.5137875 0.27255857544517337 0.037974999999999995 0.026560449859418963
0 0.29395 0.3507216494845361 0.019724999999999965 0.021902530459231493
0 0.27149999999999996 0.3596157450796626 0.02155000000000001 0.023823805060918423
0 0.4681375 0.6025398313027178 0.022574999999999932 0.016241799437675657
0 0.456275 0.6080131208997188 0.020300000000000012 0.015557638238050524
1 0.1833 0.7422586691658857 0.05177500000000002 0.044807872539831255
1 0.22829999999999998 0.7848547328959701 0.043787499999999965 0.03725398313027179
1 0.023799999999999998 0.6022211808809748 0.047599999999999996 0.04194939081537019
1 0.0059125 0.6362230552952203 0.011812499999999998 0.013027179006560535
1 0.3158625 0.5925773195876288 0.17235 0.11749765698219296
1 0.345 0.5477225866916589 0.2880625 0.15124648547328953
1 0.3184125 0.4695595126522961 0.299 0.11590440487347706
0 0.962075 0.8658294283036552 0.010112499999999898 0.012268041237113326
0 0.9394499999999999 0.8465323336457357 0.012687500000000114 0.010337394564198661
0 0.9470875 0.8560449859418932 0.00625 0.0067572633552015334
0 0.9421250000000001 0.8581068416119962 0.005512500000000102 0.00786316776007507
0 0.9664875 0.7955763823805061 0.010112499999999898 0.011583880037488191