0 0.44 0.5960637300843487 0.1 0.07497656982193064
0 0.624375 0.5196813495782568 0.08625 0.06279287722586692
0 0.0075 0.7703842549203374 0.015 0.05810684161199625
0 0.265 0.6865042174320525 0.0875 0.05435801312089972
0 0.445625 0.7146204311152765 0.10375 0.07310215557638237
0 0.68125 0.5599812558575445 0.0575 0.05435801312089972
0 0.678125 0.6119962511715089 0.0625 0.05716963448922212
0 0.693125 0.7952202436738519 0.06125 0.05154639175257732
0 0.935 0.6682286785379569 0.06875 0.05248359887535145
0 0.34875 0.612933458294283 0.07 0.04873477038425492
0 0.68875 0.6551077788191191 0.05375 0.038425492033739454
0 0.64875 0.7061855670103093 0.055 0.04217432052483599
0 0.970625 0.5412371134020618 0.04625 0.038425492033739454
0 0.639375 0.7596063730084348 0.05625 0.04311152764761012
0 0.4325 0.5051546391752577 0.0625 0.044048734770384255
0 0.054375 0.6387066541705717 0.055 0.04311152764761012
0 0.196875 0.3692596063730084 0.05125 0.046860356138706656
0 0.6475 0.23477038425492033 0.04625 0.02999062792877226
0 0.7025 0.20196813495782567 0.0525 0.03467666354264293
0 0.155625 0.3598875351452671 0.05875 0.033739456419868794
0 0.1175 0.08434864104967198 0.045 0.02436738519212746
0 0.45375 0.8359887535145267 0.0575 0.04498594189315839
0 0.965 0.627460168697282 0.04 0.05248359887535145
0 0.176875 0.29194001874414244 0.02625 0.022492970946579195
0 0.675625 0.3373945641986879 0.03375 0.02717900656044986
0 0.505 0.2774133083411434 0.0225 0.015932521087160263
0 0.46125 0.2685098406747891 0.025 0.029053420805998126
0 0.8525 0.3561387066541706 0.0225 0.01499531396438613
0 0.86375 0.36176194939081535 0.01875 0.013120899718837863
0 0.150625 0.3064667291471415 0.03 0.02155576382380506
0 0.106875 0.5056232427366448 0.02875 0.01780693533270853
0 0.440625 0.34395501405810686 0.02 0.016869728209934397
0 0.564375 0.5037488284910965 0.02375 0.01780693533270853
0 0.845 0.41705716963448924 0.0225 0.019681349578256794
0 0.81375 0.450796626054358 0.0225 0.01780693533270853
0 0.946875 0.5927835051546392 0.025 0.01874414245548266
0 0.708125 0.7146204311152765 0.02375 0.016869728209934397
0 0.68625 0.8495782567947516 0.02125 0.013120899718837863
0 0.170625 0.18603561387066542 0.04375 0.02717900656044986
0 0.34625 0.4034676663542643 0.05875 0.03655107778819119
0 0.65125 0.3261480787253983 0.04375 0.038425492033739454
0 0.680625 0.6180880974695407 0.02 0.015932521087160263
0 0.683125 0.5520149953139644 0.025 0.01780693533270853