0 0.45125 0.5993439550140581 0.09375 0.07029053420805999
0 0.625625 0.5112464854732895 0.08125 0.05810684161199625
0 0.023125 0.8031865042174321 0.04625 0.05435801312089972
0 0.2875 0.7010309278350515 0.08375 0.04967197750702906
0 0.470625 0.7174320524835989 0.09625 0.06747891283973759
0 0.6875 0.5477975632614808 0.0525 0.05154639175257732
0 0.690625 0.6002811621368322 0.0575 0.053420805998125584
0 0.726875 0.781630740393627 0.05625 0.04873477038425492
0 0.9525 0.6391752577319587 0.065 0.04873477038425492
0 0.3625 0.6223055295220243 0.065 0.04498594189315839
0 0.705625 0.6419868791002812 0.05 0.03561387066541706
0 0.6725 0.6958762886597938 0.05125 0.03936269915651359
0 0.97375 0.5103092783505154 0.0425 0.03655107778819119
0 0.66875 0.7497656982193065 0.0525 0.04029990627928772
0 0.43375 0.5093720712277413 0.05875 0.04029990627928772
0 0.071875 0.6672914714151827 0.05125 0.04029990627928772
0 0.183125 0.38940955951265227 0.04625 0.04498594189315839
0 0.61625 0.22633552014995315 0.0425 0.028116213683223992
0 0.666875 0.18978444236176195 0.05 0.031865042174320526
0 0.140625 0.38331771321462044 0.05625 0.02999062792877226
0 0.07125 0.11105904404873478 0.0425 0.022492970946579195
0 0.4925 0.837394564198688 0.0525 0.04217432052483599
0 0.978125 0.5965323336457357 0.035 0.05060918462980318
0 0.15375 0.3139643861293346 0.02375 0.02155576382380506
0 0.65625 0.32661668228678536 0.03125 0.02530459231490159
0 0.479375 0.2778819119025305 0.02125 0.01499531396438613
0 0.434375 0.2717900656044986 0.02125 0.028116213683223992
0 0.834375 0.3336457357075914 0.02125 0.014058106841611996
0 0.84625 0.3388003748828491 0.0175 0.01218369259606373
0 0.129375 0.32989690721649484 0.0275 0.019681349578256794
0 0.109375 0.5309278350515464 0.0275 0.015932521087160263
0 0.423125 0.34817244611059045 0.01875 0.015932521087160263
0 0.564375 0.49953139643861294 0.0225 0.016869728209934397
0 0.83375 0.3950328022492971 0.02125 0.01874414245548266
0 0.80625 0.4301780693533271 0.02125 0.016869728209934397
0 0.955625 0.563261480787254 0.0225 0.01780693533270853
0 0.731875 0.7000937207122774 0.0225 0.015932521087160263
0 0.72625 0.8359887535145267 0.02 0.01218369259606373
0 0.135625 0.20852858481724462 0.04125 0.02530459231490159
0 0.335625 0.41377694470477977 0.055 0.033739456419868794
0 0.630625 0.31724461105904406 0.04 0.03655107778819119
0 0.69375 0.6059044048734771 0.01875 0.014058106841611996
0 0.68875 0.5398313027179007 0.0225 0.016869728209934397