0 0.15125 0.71890372452565 0.12375 0.060435699226985246
0 0.059375 0.1876317638791286 0.11875 0.07308503162333099
0 0.205625 0.33274771609276177 0.09625 0.05270555165144062
0 0.729375 0.20765987350667603 0.0675 0.035137034434293744
0 0.286875 0.38334504567814476 0.09625 0.05340829234012649
0 0.07125 0.24455375966268447 0.0825 0.04778636683063949
0 0.29 0.2765284609978918 0.05375 0.04356992269852424
0 0.200625 0.38018271257905834 0.05875 0.04146170063246662
0 0.501875 0.37350667603654253 0.06625 0.04146170063246662
0 0.905625 0.6665495432185523 0.0725 0.03724525650035137
0 0.038125 0.46205200281096276 0.07625 0.03865073787772312
0 0.38375 0.4089950808151792 0.08625 0.0421644413211525
0 0.853125 0.5737877723120168 0.05375 0.028109627547434995
0 0.374375 0.38299367533380185 0.06875 0.024595924104005622
0 0.895 0.5850316233309909 0.055 0.030920590302178495
0 0.441875 0.5495432185523542 0.03625 0.046380885453267746
0 0.468125 0.5625439212930429 0.0325 0.03232607167955025
0 0.278125 0.5895994378074491 0.05625 0.030920590302178495
0 0.564375 0.20414617006324667 0.0375 0.018973998594518624
0 0.608125 0.25193253689388617 0.03875 0.020379479971890373
0 0.476875 0.15319747013352072 0.02 0.011243851018973999
0 0.66 0.32501756851721714 0.04 0.018271257905832748
0 0.699375 0.3000702740688686 0.01625 0.009838369641602248
0 0.225 0.5534082923401265 0.025 0.013352073085031623
0 0.31625 0.43745607870695713 0.01875 0.009135628952916374
0 0.173125 0.5776528460997892 0.02375 0.009135628952916374
0 0.65875 0.6033028812368236 0.02125 0.012649332396345749
0 0.5125 0.6096275474349965 0.02125 0.011946591707659873
0 0.63 0.567111735769501 0.0175 0.019676739283204497
0 0.760625 0.5063246661981728 0.0225 0.012649332396345749
0 0.95875 0.3573436401967674 0.01625 0.011946591707659873
0 0.915625 0.359451862262825 0.015 0.010541110330288124
0 0.645 0.7800421644413211 0.01625 0.009838369641602248
0 0.880625 0.774771609276177 0.02 0.011946591707659873
0 0.00125 0.4792691496837667 0.0025 0.008432888264230498
0 0.981875 0.3151791988756149 0.005 0.008432888264230498