0 0.171875 0.7287420941672523 0.12875 0.06324666198172874
0 0.04625 0.2016865776528461 0.0925 0.0758959943780745
0 0.190625 0.34153197470133523 0.1 0.054813773717498245
0 0.701875 0.20133520730850316 0.07125 0.036542515811665496
0 0.27625 0.39002108222066056 0.1 0.05551651440618412
0 0.048125 0.25755446240337315 0.08625 0.049894588896697116
0 0.269375 0.28285312719606465 0.0575 0.044975404075895994
0 0.19 0.38896697118763174 0.0625 0.04286718200983837
0 0.49 0.37385804638088543 0.07 0.04286718200983837
0 0.920625 0.6542515811665496 0.075 0.03865073787772312
0 0.0375 0.47575544624033733 0.075 0.040758959943780745
0 0.375625 0.4125087842586086 0.09 0.044975404075895994
0 0.86 0.5632466619817288 0.05625 0.029515108924806747
0 0.36375 0.38685874912157414 0.07 0.02600140548137737
0 0.9025 0.573436401967674 0.0575 0.03232607167955025
0 0.446875 0.5513000702740689 0.04125 0.04708362614195362
0 0.474375 0.5635980323260716 0.03625 0.03302881236823612
0 0.286875 0.5959241040056219 0.05875 0.03232607167955025
0 0.536875 0.20274068868587491 0.04 0.020379479971890373
0 0.585 0.24912157413914265 0.04125 0.02108222066057625
0 0.445 0.15425158116654955 0.02 0.011243851018973999
0 0.64375 0.320449754040759 0.0425 0.019676739283204497
0 0.68 0.29444834855938157 0.01625 0.009838369641602248
0 0.230625 0.5614898102600141 0.02625 0.014054813773717497
0 0.310625 0.4430780042164441 0.01875 0.009135628952916374
0 0.180625 0.5871398453970484 0.02375 0.009838369641602248
0 0.668125 0.5983836964160225 0.0225 0.013352073085031623
0 0.523125 0.6092761770906535 0.0225 0.012649332396345749
0 0.63625 0.5632466619817288 0.02 0.019676739283204497
0 0.760625 0.49859451862262827 0.02375 0.013352073085031623
0 0.945 0.3439915671117358 0.0175 0.011946591707659873
0 0.901875 0.3471539002108222 0.015 0.010541110330288124
0 0.670625 0.775474349964863 0.01625 0.009838369641602248
0 0.905625 0.7631763879128601 0.02125 0.011946591707659873
0 0.000625 0.49402670414617006 0.00125 0.008432888264230498
0 0.96375 0.30147575544624033 0.005 0.008432888264230498