1 0.73625 0.48219306466729145 0.22875 0.14526710402999063
1 0.695 0.3191190253045923 0.23875 0.16026241799437677
1 0.93 0.4034676663542643 0.14 0.17150890346766634
0 0.12625 0.26382380506091846 0.05625 0.026241799437675725
1 0.924375 0.5721649484536082 0.15125 0.1640112464854733
0 0.320625 0.6438612933458294 0.05125 0.059044048734770385
0 0.35875 0.5271790065604499 0.0875 0.03936269915651359
0 0.335625 0.4854732895970009 0.06 0.04873477038425492
0 0.30375 0.33270852858481725 0.0525 0.02717900656044986
0 0.24875 0.6593252108716027 0.10375 0.053420805998125584
0 0.219375 0.4372071227741331 0.03625 0.053420805998125584
0 0.3575 0.3809746954076851 0.04875 0.059044048734770385
0 0.555 0.37066541705716965 0.055 0.02530459231490159
0 0.256875 0.28350515463917525 0.05125 0.03467666354264293
0 0.3975 0.40815370196813494 0.06625 0.04311152764761012
0 0.946875 0.7685098406747891 0.04875 0.02999062792877226
0 0.07375 0.4119025304592315 0.055 0.08247422680412371
0 0.905625 0.20618556701030927 0.0425 0.030927835051546393
0 0.046875 0.5032802249297095 0.035 0.03748828491096532
0 0.416875 0.28772258669165884 0.0325 0.02530459231490159
0 0.318125 0.7802249297094658 0.01375 0.01218369259606373
0 0.554375 0.253514526710403 0.03625 0.02717900656044986
0 0.4275 0.44329896907216493 0.05125 0.029053420805998126
0 0.168125 0.3725398313027179 0.035 0.02436738519212746
0 0.9775 0.26288659793814434 0.045 0.02530459231490159
1 0.046875 0.7717900656044986 0.09375 0.06466729147141519
1 0.135625 0.5735707591377694 0.2225 0.16026241799437677
0 0.12625 0.2380506091846298 0.055 0.02436738519212746
0 0.54625 0.3556701030927835 0.03875 0.00937207122774133
0 0.54625 0.34629803186504216 0.02125 0.01218369259606373
0 0.511875 0.4133083411433927 0.02375 0.01218369259606373
0 0.499375 0.4231490159325211 0.03875 0.00937207122774133
0 0.564375 0.514058106841612 0.08875 0.015932521087160263
0 0.540625 0.5243673851921274 0.09 0.01499531396438613
0 0.588125 0.5332708528584817 0.08625 0.016869728209934397
0 0.634375 0.5506091846298032 0.04375 0.02999062792877226
0 0.5175 0.5599812558575445 0.04875 0.022492970946579195
0 0.459375 0.5501405810684161 0.015 0.01218369259606373
0 0.660625 0.6063730084348641 0.01125 0.00937207122774133
0 0.570625 0.7141518275538894 0.01375 0.01218369259606373
0 0.421875 0.7155576382380506 0.01 0.01218369259606373
0 0.4375 0.816776007497657 0.0075 0.006560449859418931
0 0.613125 0.6462043111527648 0.0125 0.011246485473289597
0 0.898125 0.5417057169634489 0.015 0.010309278350515464
0 0.78375 0.18181818181818182 0.1075 0.02436738519212746
0 0.013125 0.683223992502343 0.02625 0.02436738519212746