1 0.2644125 0.47921274601686975 0.22596250000000004 0.14272727272727276
1 0.309375 0.316776007497657 0.235 0.15745079662605435
1 0.0703125 0.39842549203373945 0.139375 0.1694095595126523
0 0.879375 0.2689409559512652 0.05625 0.02537019681349583
1 0.07375 0.5665417057169635 0.1475 0.16213683223992503
0 0.67625 0.6462043111527648 0.05 0.05810684161199625
0 0.640625 0.5290534208059982 0.08625 0.038425492033739454
0 0.664375 0.4878163074039363 0.05875 0.04779756326148079
0 0.7 0.33515463917525773 0.0525 0.02696344892221179
0 0.7475 0.662605435801312 0.1025 0.05248359887535145
0 0.781875 0.4409934395501406 0.035 0.05333645735707589
0 0.6452375 0.3828491096532334 0.047037500000000065 0.05810684161199625
0 0.448125 0.3701968134957826 0.055 0.02435801312089973
0 0.7483625 0.2867853795688847 0.05078750000000014 0.033739456419868794
0 0.6046374999999999 0.4095595126522962 0.06552499999999994 0.04217432052483599
0 0.046875 0.7624179943767573 0.0475 0.029053420805998126
0 0.9282125000000001 0.4174882849109653 0.05356249999999989 0.08162136832239927
0 0.10125 0.20103092783505155 0.04125 0.02999062792877226
0 0.953125 0.5093720712277413 0.03375 0.03748828491096532
0 0.588125 0.28865979381443296 0.0325 0.02530459231490159
0 0.675625 0.7825679475164011 0.01375 0.01218369259606373
0 0.4514 0.25280224929709466 0.03528750000000002 0.026682286785379594
0 0.57375 0.444311152764761 0.05 0.027956888472352427
0 0.835 0.3766729147141519 0.035 0.024189315838800324
0 0.025625 0.25679475164011245 0.05 0.02436738519212746
1 0.9499375000000001 0.7774882849109653 0.10012499999999988 0.06318650421743212
1 0.8625 0.5784629803186504 0.2191749999999999 0.1576007497656983
0 0.8797875000000001 0.24321462043111527 0.05481249999999989 0.02333645735707589
0 0.4571375 0.35522961574507966 0.038499999999999944 0.008594189315838762
0 0.45738750000000006 0.34577319587628863 0.021187500000000057 0.01193064667291473
0 0.490275 0.4133177132146204 0.023824999999999933 0.01193064667291473
0 0.5023875 0.4231208997188379 0.03816249999999997 0.009156513589503264
0 0.43536250000000004 0.5132146204311153 0.0879625 0.015126522961574601
0 0.45887500000000003 0.5236082474226804 0.08960000000000008 0.013636363636363594
0 0.41137500000000005 0.5321462043111527 0.08648750000000006 0.015304592314901526
0 0.36465000000000003 0.5490253045923148 0.04346249999999998 0.029044048734770393
0 0.48136249999999997 0.559784442361762 0.04838750000000005 0.02163074039362692
0 0.5394749999999999 0.5506935332708529 0.014237499999999983 0.01160262417994387
0 0.33704999999999996 0.6041986879100281 0.010849999999999938 0.00937207122774133
0 0.424625 0.7131302717900656 0.013837500000000063 0.011921274601686998
0 0.5732875 0.7163636363636364 0.009712499999999978 0.011630740393627069
0 0.5552375 0.8175445173383318 0.007437500000000057 0.006569821930646665
0 0.3836625 0.6448078725398313 0.012475000000000023 0.01081537019681346
0 0.10099999999999999 0.5363261480787254 0.015337500000000013 0.010477975632614867
0 0.2239125 0.17809746954076852 0.10708750000000002 0.022539831302717913
0 0.9847875 0.6896157450796626 0.03041249999999991 0.023570759137769532