1 0.736875 0.5042174320524836 0.25 0.16494845360824742
1 0.7225 0.338331771321462 0.2625 0.18088097469540768
1 0.929375 0.443767572633552 0.14125 0.18275538894095594
0 0.1675 0.23149015932521086 0.06 0.030927835051546393
1 0.91 0.6105904404873477 0.17625 0.17619493908153702
0 0.298125 0.6265229615745079 0.06 0.06279287722586692
0 0.355625 0.514058106841612 0.0925 0.046860356138706656
0 0.339375 0.4709465791940019 0.0675 0.053420805998125584
0 0.3325 0.3158388003748828 0.0575 0.031865042174320526
0 0.225 0.6354264292408622 0.11125 0.06279287722586692
0 0.231875 0.41237113402061853 0.045 0.056232427366447985
0 0.378125 0.36879100281162136 0.0575 0.06279287722586692
0 0.575625 0.3767572633552015 0.05875 0.02999062792877226
0 0.29375 0.26288659793814434 0.05625 0.038425492033739454
0 0.413125 0.39971883786316775 0.0725 0.04873477038425492
0 0.9 0.8069353327085286 0.0525 0.033739456419868794
0 0.09125 0.373477038425492 0.06875 0.08622305529522024
0 0.950625 0.24554826616682288 0.04625 0.033739456419868794
0 0.049375 0.4620431115276476 0.04 0.04029990627928772
0 0.451875 0.281630740393627 0.0375 0.028116213683223992
0 0.27375 0.7614807872539832 0.01625 0.013120899718837863
0 0.59375 0.2600749765698219 0.04 0.02999062792877226
0 0.4375 0.4372071227741331 0.055 0.03280224929709466
0 0.19125 0.3430178069353327 0.03875 0.02717900656044986
0 0.99375 0.30880974695407687 0.0125 0.029053420805998126
1 0.029375 0.7272727272727273 0.05875 0.07310215557638237
1 0.12625 0.5398313027179007 0.24625 0.1790065604498594
0 0.171875 0.20618556701030927 0.05875 0.029053420805998126
0 0.569375 0.3612933458294283 0.04 0.01218369259606373
0 0.570625 0.351921274601687 0.02375 0.014058106841611996
0 0.525625 0.41518275538894095 0.02625 0.014058106841611996
0 0.511875 0.42361761949390814 0.04 0.013120899718837863
0 0.56125 0.5196813495782568 0.09 0.02436738519212746
0 0.53625 0.5276476101218369 0.09125 0.022492970946579195
0 0.581875 0.5412371134020618 0.08875 0.02436738519212746
0 0.625 0.5627928772258669 0.04875 0.033739456419868794
0 0.5075 0.5609184629803187 0.0525 0.026241799437675725
0 0.45125 0.5459231490159325 0.01625 0.013120899718837863
0 0.641875 0.619962511715089 0.0125 0.010309278350515464
0 0.535 0.7188378631677601 0.01625 0.013120899718837863
0 0.3875 0.7066541705716963 0.01125 0.01218369259606373
0 0.38625 0.8088097469540768 0.00875 0.007497656982193065
0 0.588125 0.6555763823805061 0.01375 0.01218369259606373
0 0.888125 0.577788191190253 0.0175 0.01218369259606373
0 0.833125 0.2099343955014058 0.11 0.033739456419868794