0 0.473125 0.5529522024367385 0.13625 0.059044048734770385
0 0.855625 0.6030927835051546 0.12875 0.07122774133083412
0 0.050012499999999994 0.6018369259606373 0.08373749999999999 0.062492970946579254
0 0.019375 0.2619493908153702 0.0375 0.061855670103092786
0 0.1 0.8767572633552015 0.08875 0.05248359887535145
0 0.054375 0.7071227741330834 0.03875 0.02717900656044986
0 0.9155625000000001 0.2985754451733833 0.020462499999999863 0.01558575445173383
0 0.7318250000000001 0.4845360824742268 0.0823875000000001 0.07778819119025304
0 0.303375 0.15257731958762888 0.013325000000000031 0.020046860356138695
0 0.2025 0.13823805060918462 0.07625 0.07591377694470477
0 0.85375 0.5407685098406748 0.09125 0.07685098406747891
0 0.0175 0.32146204311152765 0.035 0.05248359887535145
0 0.0837125 0.4437207122774133 0.092575 0.05227741330834112
0 0.45542499999999997 0.22597938144329896 0.006574999999999989 0.013795688847235265
0 0.4681125 0.22845360824742267 0.015474999999999994 0.01971883786316778
0 0.7752875 0.37879100281162137 0.0811375000000001 0.12611996251171514
0 0.799025 0.4693533270852859 0.11345 0.16973758200562325
0 0.9347125 0.47175257731958764 0.011512500000000045 0.008884723523898798
0 0.6888875 0.7154920337394564 0.10487500000000004 0.07358950328022491
0 0.25015 0.47865042174320527 0.07418750000000003 0.05432989690721652
0 0.3062125 0.46986879100281165 0.10121249999999997 0.0862136832239925
0 0.41371250000000004 0.48013120899718836 0.10587500000000005 0.07558575445173386
0 0.1200625 0.480253045923149 0.073875 0.03380506091846298
0 0.019637500000000002 0.5978069353327086 0.039275000000000004 0.06518275538894092
0 0.1944125 0.6023992502343017 0.0497625 0.03133083411433933
0 0.02125 0.6729147141518276 0.0425 0.028116213683223992
0 0.018525 0.9030552952202436 0.03705 0.026073102155576323
0 0.8931375 0.12153701968134958 0.015749999999999886 0.014948453608247411
0 0.9272 0.3060168697282099 0.024749999999999942 0.019962511715088994