0 0.465625 0.5506091846298032 0.14375 0.06935332708528585
0 0.839375 0.6302717900656045 0.1375 0.08059981255857544
0 0.041875 0.5656044985941893 0.08375 0.06841611996251172
0 0.055 0.225398313027179 0.04625 0.06466729147141519
0 0.049375 0.8434864104967198 0.095 0.059044048734770385
0 0.028125 0.6710402999062793 0.0425 0.02999062792877226
0 0.94125 0.3322399250234302 0.0225 0.016869728209934397
0 0.7325 0.5028116213683224 0.0925 0.08341143392689784
0 0.353125 0.13917525773195877 0.01625 0.020618556701030927
0 0.254375 0.11668228678537956 0.08625 0.08153701968134958
0 0.84625 0.5684161199625117 0.10125 0.08341143392689784
0 0.045 0.28444236176194937 0.0425 0.05529522024367385
0 0.09375 0.4114339268978444 0.09875 0.059044048734770385
0 0.49375 0.22399250234301782 0.00875 0.014058106841611996
0 0.50625 0.22727272727272727 0.01875 0.020618556701030927
0 0.790625 0.40112464854732893 0.09875 0.13214620431115276
0 0.801875 0.492970946579194 0.13625 0.1780693533270853
0 0.93625 0.5060918462980318 0.0125 0.00937207122774133
0 0.6575 0.7291471415182755 0.115 0.08153701968134958
0 0.254375 0.4592314901593252 0.08125 0.05998125585754452
0 0.31125 0.4550140581068416 0.1125 0.09372071227741331
0 0.416875 0.4732895970009372 0.11625 0.08341143392689784
0 0.125 0.450796626054358 0.07875 0.03936269915651359
0 0.01625 0.5595126522961574 0.0325 0.06747891283973759
0 0.181875 0.577788191190253 0.05375 0.03467666354264293
0 0.01125 0.634020618556701 0.0225 0.030927835051546393
0 0.94375 0.15463917525773196 0.0175 0.015932521087160263
0 0.951875 0.3406747891283974 0.0275 0.02155576382380506