0 0.5375 0.549203373945642 0.1475 0.07403936269915651
0 0.17 0.6433926897844423 0.1425 0.08528584817244611
0 0.95875 0.5473289597000938 0.0825 0.07122774133083412
0 0.925 0.20852858481724462 0.05 0.06560449859418932
0 0.961875 0.8247422680412371 0.07625 0.061855670103092786
0 0.980625 0.6518275538894096 0.03875 0.030927835051546393
0 0.0475 0.34957825679475163 0.02375 0.01780693533270853
0 0.2675 0.5117150890346767 0.0975 0.08622305529522024
0 0.621875 0.13402061855670103 0.0175 0.02155576382380506
0 0.718125 0.1077788191190253 0.09125 0.08434864104967198
0 0.159375 0.5815370196813496 0.10625 0.08622305529522024
0 0.939375 0.26710402999062793 0.045 0.056232427366447985
0 0.899375 0.39550140581068416 0.1025 0.06279287722586692
0 0.486875 0.22399250234301782 0.00875 0.014058106841611996
0 0.475 0.2282099343955014 0.02 0.02155576382380506
0 0.2025 0.41237113402061853 0.10625 0.13402061855670103
0 0.198125 0.5046860356138707 0.1475 0.18088097469540768
0 0.065 0.5229615745079662 0.01375 0.010309278350515464
0 0.358125 0.7347703842549204 0.11875 0.08528584817244611
0 0.7425 0.4493908153701968 0.085 0.06279287722586692
0 0.685 0.4475164011246485 0.1175 0.09746954076850985
0 0.58125 0.4704779756326148 0.12 0.08716026241799438
0 0.87125 0.43580131208997186 0.08 0.04217432052483599
0 0.984375 0.5398313027179007 0.03125 0.06935332708528585
0 0.823125 0.5651358950328023 0.05625 0.03655107778819119
0 0.9925 0.6143392689784443 0.015 0.03280224929709466
0 0.0325 0.1724461105904405 0.01875 0.016869728209934397
0 0.0375 0.3584817244611059 0.02875 0.022492970946579195