0 0.8498625 0.49417721518987345 0.07875 0.06719409282700418
1 0.7228249999999999 0.6211954992967651 0.25316249999999996 0.1840014064697608
1 0.62235 0.6159563994374121 0.32567499999999994 0.1277004219409282
0 0.039375 0.6251758087201125 0.06125 0.03234880450070324
0 0.940625 0.1540084388185654 0.08125 0.04219409282700422
0 0.046875 0.5386779184247539 0.06375 0.026722925457102673
1 0.5125375 0.5307102672292545 0.11006249999999994 0.11798171589310828
0 0.119375 0.7018284106891702 0.04625 0.02109704641350211
0 0.22875 0.5850914205344585 0.07 0.0970464135021097
0 0.85885 0.26068213783403654 0.04048750000000013 0.06715893108298171
0 0.35375 0.22784810126582278 0.1075 0.07876230661040788
0 0.27285 0.47364978902953586 0.11431249999999998 0.0823136427566807
0 0.7263875 0.33263009845288327 0.04278750000000002 0.03234880450070324
0 0.1215625 0.43266526019690577 0.113125 0.12021800281293955
0 0.14625 0.2552742616033755 0.04 0.016877637130801686
0 0.0575 0.32032348804500704 0.04 0.0189873417721519
0 0.23125 0.25492264416315047 0.025 0.013361462728551337
0 0.355 0.1940928270042194 0.0375 0.015471167369901548
0 0.535 0.32454289732770747 0.0225 0.014767932489451477
0 0.5 0.18073136427566808 0.05 0.009845288326300985
0 0.5975 0.27918424753867793 0.02 0.014064697609001406
0 0.645 0.6104078762306611 0.0225 0.012658227848101266
0 0.731875 0.6536568213783404 0.01875 0.01617440225035162
0 0.826875 0.5225035161744023 0.02875 0.015471167369901548
0 0.156875 0.7559774964838256 0.02625 0.014064697609001406
0 0.591875 0.8111814345991561 0.01875 0.011954992967651195
0 0.828125 0.7746132208157525 0.02625 0.010548523206751054
0 0.8725 0.6831926863572433 0.025 0.011954992967651195
0 0.5064125 0.8273206751054852 0.021774999999999947 0.008298171589310958
1 0.45386249999999995 0.5309001406469761 0.14042500000000005 0.11719409282700428
1 0.3431125 0.5829676511954993 0.2122 0.07428973277074549
1 0.3451875 0.6236568213783404 0.21628749999999997 0.06130098452883268
1 0.8884000000000001 0.54098452883263 0.17753749999999996 0.1892616033755275
1 0.96875 0.4549929676511955 0.0625 0.08720112517580872
1 0.948175 0.4413150492264416 0.10365000000000009 0.11434599156118137
0 0.9806125 0.22863572433192686 0.01947499999999991 0.004915611814345998
0 0.7358625000000001 0.38359353023909987 0.028387500000000045 0.009289732770745454
1 0.6826375 0.3329606188466948 0.29776250000000004 0.13357243319268639
1 0.8039749999999999 0.3548945147679325 0.2096875 0.17394514767932492
1 0.9194 0.30642756680731364 0.16120000000000004 0.1706258790436006
0 0.43532499999999996 0.20639240506329115 0.0575 0.03761603375527427
0 0.4232 0.23224331926863573 0.07144999999999996 0.03359353023909985
0 0.2784625 0.5786146272855134 0.169475 0.11825597749648388
0 0.4432 0.47676511954992973 0.024025000000000032 0.01045710267229247