0 0.85 0.5045710267229254 0.085 0.06962025316455696
1 0.71125 0.6276371308016878 0.27 0.19127988748241911
1 0.61125 0.6195499296765119 0.3375 0.1371308016877637
0 0.03 0.6114627285513361 0.06 0.034458509142053444
0 0.965 0.1670182841068917 0.07 0.04430379746835443
0 0.04375 0.5253164556962026 0.06625 0.028832630098452883
1 0.509375 0.5309423347398031 0.12125 0.1209563994374121
0 0.10125 0.690225035161744 0.04875 0.02250351617440225
0 0.22125 0.5770042194092827 0.07875 0.09915611814345991
0 0.880625 0.2714486638537271 0.04625 0.06821378340365682
0 0.379375 0.2239803094233474 0.115 0.08157524613220815
0 0.275625 0.4669479606188467 0.12125 0.08579465541490858
0 0.741875 0.339662447257384 0.04625 0.03375527426160337
0 0.128125 0.42158931082981715 0.12375 0.12306610407876231
0 0.169375 0.2450773558368495 0.04125 0.01828410689170183
0 0.075 0.30766526019690577 0.04125 0.020393811533052038
0 0.254375 0.24718706047819972 0.02625 0.014064697609001406
0 0.38375 0.19022503516174402 0.03875 0.016877637130801686
0 0.55125 0.3259493670886076 0.02375 0.015471167369901548
0 0.53 0.1810829817158931 0.05125 0.011251758087201125
0 0.618125 0.2823488045007032 0.02125 0.014767932489451477
0 0.634375 0.6146272855133614 0.02375 0.013361462728551337
0 0.7175 0.6603375527426161 0.02 0.016877637130801686
0 0.824375 0.5319971870604782 0.03 0.01617440225035162
0 0.13375 0.7454289732770746 0.0275 0.014767932489451477
0 0.5625 0.8132911392405063 0.02 0.012658227848101266
0 0.801875 0.7837552742616034 0.0275 0.011251758087201125
0 0.855 0.6937412095639943 0.02625 0.012658227848101266
0 0.47625 0.8270042194092827 0.0225 0.009142053445850914
1 0.45125 0.5295358649789029 0.15125 0.1209563994374121
1 0.335625 0.5780590717299579 0.21875 0.08016877637130802
1 0.33375 0.6188466947960619 0.22125 0.06751054852320675
1 0.88375 0.5523909985935302 0.195 0.1940928270042194
1 0.96875 0.46835443037974683 0.0625 0.08860759493670886
1 0.948125 0.45464135021097046 0.10375 0.11744022503516174
0 0.9975 0.24331926863572434 0.005 0.005625879043600563
0 0.74625 0.3906469760900141 0.02875 0.009845288326300985
1 0.698125 0.33860759493670883 0.31 0.1420534458509142
1 0.816875 0.3639240506329114 0.225 0.180028129395218
1 0.924375 0.3189170182841069 0.15125 0.1751054852320675
0 0.4625 0.2049929676511955 0.06125 0.03938115330520394
0 0.448125 0.23030942334739804 0.075 0.035864978902953586
0 0.27125 0.5720815752461322 0.18 0.12306610407876231
0 0.445625 0.4750351617440225 0.025 0.011251758087201125