0 0.151875 0.5218002812939522 0.095 0.07243319268635724
1 0.309375 0.6374824191279888 0.29625 0.20182841068917018
1 0.4075 0.6244725738396625 0.35375 0.1518987341772152
0 0.97625 0.5879043600562588 0.0475 0.03656821378340366
0 0.011875 0.19198312236286919 0.02375 0.04781997187060478
0 0.958125 0.5028129395218003 0.07 0.03164556962025317
1 0.495 0.5312939521800282 0.13875 0.12517580872011252
0 0.926875 0.670182841068917 0.05125 0.02461322081575246
0 0.789375 0.5629395218002813 0.09375 0.10126582278481013
0 0.085625 0.2911392405063291 0.05625 0.06962025316455696
0 0.5775 0.2190576652601969 0.12625 0.08649789029535865
0 0.718125 0.4560478199718706 0.13375 0.09071729957805907
0 0.234375 0.3519690576652602 0.05 0.035161744022503515
0 0.858125 0.40365682137834036 0.14125 0.1279887482419128
0 0.79 0.229957805907173 0.04375 0.01969057665260197
0 0.89375 0.28727144866385373 0.04375 0.02180028129395218
0 0.705625 0.23628691983122363 0.0275 0.015471167369901548
0 0.568125 0.18565400843881857 0.04125 0.01828410689170183
0 0.421875 0.3291139240506329 0.02625 0.01617440225035162
0 0.42125 0.18389592123769338 0.0525 0.013361462728551337
0 0.34875 0.2890295358649789 0.02375 0.015471167369901548
0 0.38375 0.620604781997187 0.025 0.014064697609001406
0 0.308125 0.670182841068917 0.0225 0.017580872011251757
0 0.181875 0.5478199718706048 0.0325 0.017580872011251757
0 0.903125 0.7267932489451476 0.03 0.01617440225035162
0 0.48625 0.8154008438818565 0.02125 0.013361462728551337
0 0.243125 0.7974683544303798 0.02875 0.012658227848101266
0 0.17625 0.710618846694796 0.0275 0.014064697609001406
0 0.574375 0.8245428973277075 0.02375 0.009845288326300985
1 0.553125 0.5270745428973277 0.1675 0.12728551336146274
1 0.675625 0.569971870604782 0.22875 0.090014064697609
1 0.68375 0.6104078762306611 0.22875 0.07735583684950774
1 0.125625 0.5710267229254571 0.2225 0.2011251758087201
1 0.033125 0.49226441631504925 0.06625 0.09142053445850915
1 0.05375 0.47714486638537273 0.1075 0.12165963431786217
0 0.2375 0.4033052039381153 0.03 0.011251758087201125
1 0.278125 0.3488045007032349 0.3275 0.15541490857946555
1 0.163125 0.380098452883263 0.25125 0.18846694796061886
1 0.06875 0.3410689170182841 0.1375 0.18143459915611815
0 0.49125 0.20428973277074544 0.06625 0.04149085794655415
0 0.51 0.2289029535864979 0.07875 0.03867791842475387
0 0.73875 0.560478199718706 0.1975 0.13009845288326302
0 0.550625 0.47257383966244726 0.02625 0.011954992967651195