0 0.899375 0.30412371134020616 0.0825 0.07216494845360824
0 0.84 0.2900656044985942 0.0675 0.059044048734770385
0 0.83125 0.351921274601687 0.11125 0.059044048734770385
0 0.7775 0.3322399250234302 0.0725 0.05435801312089972
0 0.71375 0.35941893158388005 0.065 0.06466729147141519
1 0.86625 0.5365510777881912 0.2225 0.09934395501405811
1 0.16625 0.683223992502343 0.3025 0.11996251171508904
0 0.67125 0.3289597000937207 0.06125 0.053420805998125584
0 0.64375 0.31302717900656046 0.05875 0.029053420805998126
1 0.44125 0.662605435801312 0.2675 0.12371134020618557
0 0.21375 0.44611059044048734 0.03375 0.026241799437675725
0 0.21625 0.4700093720712277 0.035 0.02436738519212746
1 0.67125 0.6190253045923149 0.24 0.08903467666354264
0 0.644375 0.29475164011246485 0.03125 0.016869728209934397
0 0.614375 0.3477038425492034 0.0425 0.05716963448922212
0 0.7 0.33598875351452673 0.02375 0.022492970946579195