0 0.064375 0.3537956888472352 0.08375 0.07310215557638237
0 0.120625 0.3322399250234302 0.06875 0.05998125585754452
0 0.141875 0.39268978444236174 0.1125 0.05998125585754452
0 0.190625 0.3669165885660731 0.07375 0.05529522024367385
0 0.259375 0.3865979381443299 0.06625 0.06560449859418932
1 0.145625 0.5791940018744143 0.225 0.1021555763823805
1 0.8575 0.6415182755388941 0.285 0.12277413308341144
0 0.295 0.35098406747891286 0.0625 0.053420805998125584
0 0.31875 0.3322399250234302 0.06 0.02999062792877226
1 0.591875 0.6537019681349578 0.27 0.1274601686972821
0 0.77125 0.41283973758200565 0.03375 0.026241799437675725
0 0.77375 0.4372071227741331 0.035 0.02436738519212746
1 0.355625 0.6377694470477976 0.24125 0.09184629803186505
0 0.315 0.31443298969072164 0.03125 0.016869728209934397
0 0.355 0.3631677600749766 0.04375 0.05716963448922212
0 0.268125 0.3612933458294283 0.02375 0.022492970946579195