1 0.41375 0.22352389878163073 0.14375 0.10871602624179943
0 0.33590000000000003 0.10138706654170572 0.045712500000000024 0.034086223055295226
0 0.69 0.7521087160262419 0.02375 0.015932521087160263
0 0.713125 0.7193064667291471 0.02125 0.015932521087160263
0 0.534375 0.8163074039362699 0.0275 0.02530459231490159
0 0.8425 0.030927835051546393 0.095 0.04592314901593252
0 0.3825 0.5220243673851921 0.125 0.03280224929709466
0 0.5640125 0.15387066541705718 0.04096249999999998 0.025595126522961576
0 0.26997499999999997 0.02472352389878163 0.0458625 0.030337394564198684
0 0.6106750000000001 0.046494845360824745 0.03998750000000001 0.024104967197750703
0 0.7058625000000001 0.008256794751640113 0.03608749999999986 0.016513589503280225
0 0.9272125 0.012277413308341145 0.04242500000000007 0.02007497656982193
0 0.864925 0.15647610121836927 0.02311250000000001 0.019034676663542645
0 0.6924875 0.15908153701968136 0.020812500000000112 0.012089971883786296
0 0.9839249999999999 0.3042642924086223 0.010374999999999943 0.009165885660730996
0 0.7746500000000001 0.26681349578256797 0.03547500000000014 0.03955014058106846
0 0.7555625 0.2954451733833177 0.021200000000000045 0.017553889409559528
0 0.7303000000000001 0.32638238050609186 0.023899999999999862 0.014648547328959696
0 0.8255750000000001 0.3917619493908154 0.023125 0.0106279287722587
0 0.8670375 0.4334020618556701 0.015787500000000135 0.007713214620431132
0 0.6348125 0.45583880037488284 0.023512499999999933 0.021349578256794725
0 0.4770375 0.5570665417057169 0.054375 0.03175257731958773
0 0.6689499999999999 0.6183880037488285 0.018487499999999955 0.013823805060918463
0 0.5896750000000001 0.621265229615745 0.09912499999999995 0.12716963448922217
0 0.5950875 0.892286785379569 0.02582499999999996 0.014957825679475198
0 0.99265 0.9255295220243673 0.014699999999999989 0.024189315838800324
1 0.936875 0.8327085285848173 0.12625 0.16213683223992503
1 0.19708749999999997 0.4048359887535145 0.06454999999999998 0.04432052483598872
1 0.19394999999999998 0.3613870665417057 0.068275 0.04857544517338336
1 0.19521249999999998 0.37641049671977506 0.07266249999999999 0.07815370196813494
1 0.1499375 0.2963167760074977 0.05919999999999998 0.08849109653233361
1 0.035275 0.15502343017806935 0.058575 0.046907216494845375
1 0.035437500000000004 0.12074976569821931 0.060137499999999997 0.03149953139643862
1 0.090975 0.5976382380506091 0.07949999999999999 0.05301780693533265
0 0.09258749999999999 0.48686035613870665 0.019624999999999986 0.013945641986879203
0 0.193075 0.7506841611996251 0.02581249999999997 0.017150890346766593
0 0.08555 0.8353701968134958 0.026187499999999996 0.015192127460168731
0 0.3901125 0.9353701968134958 0.02981250000000003 0.029653233364573664
0 0.9680500000000001 0.22399250234301782 0.021712499999999864 0.009981255857544497