1 0.605625 0.22727272727272727 0.15125 0.11433926897844424
0 0.691875 0.10824742268041238 0.0475 0.03561387066541706
0 0.2925 0.7441424554826617 0.025 0.016869728209934397
0 0.271875 0.7108716026241799 0.0225 0.016869728209934397
0 0.44375 0.8144329896907216 0.02875 0.026241799437675725
0 0.19 0.02155576382380506 0.0975 0.04311152764761012
0 0.615625 0.5267104029990628 0.1275 0.03748828491096532
0 0.46 0.15182755388940955 0.0425 0.02717900656044986
0 0.763125 0.03420805998125586 0.0475 0.031865042174320526
0 0.42125 0.042642924086223055 0.04125 0.02530459231490159
0 0.32875 0.004686035613870665 0.0375 0.00937207122774133
0 0.106875 0.0032802249297094657 0.04375 0.006560449859418931
0 0.159375 0.14245548266166824 0.025 0.019681349578256794
0 0.331875 0.15182755388940955 0.02125 0.013120899718837863
0 0.030625 0.28537956888472354 0.01125 0.00937207122774133
0 0.241875 0.2563261480787254 0.03875 0.041237113402061855
0 0.259375 0.2858481724461106 0.0225 0.01874414245548266
0 0.281875 0.3177132146204311 0.025 0.015932521087160263
0 0.1825 0.37910028116213684 0.02375 0.011246485473289597
0 0.138125 0.4189315838800375 0.01625 0.008434864104967198
0 0.36875 0.450796626054358 0.025 0.022492970946579195
0 0.51875 0.5581068416119962 0.05625 0.033739456419868794
0 0.323125 0.6115276476101218 0.02 0.01499531396438613
0 0.401875 0.6176194939081537 0.1075 0.13120899718837864
0 0.3775 0.8880037488284911 0.02625 0.015932521087160263
1 0.054375 0.8144329896907216 0.10875 0.1668228678537957
1 0.809375 0.41705716963448924 0.0675 0.046860356138706656
1 0.815 0.373477038425492 0.07125 0.05154639175257732
1 0.813125 0.38847235238987815 0.0775 0.08059981255857544
1 0.86375 0.31021555763823805 0.065 0.09090909090909091
1 0.97875 0.1733833177132146 0.0425 0.04873477038425492
1 0.979375 0.13964386129334583 0.04125 0.033739456419868794
1 0.901875 0.6134020618556701 0.0825 0.056232427366447985
0 0.9075 0.5028116213683224 0.02 0.01499531396438613
0 0.78875 0.7624179943767573 0.0275 0.01780693533270853
0 0.890625 0.8509840674789129 0.0275 0.015932521087160263
0 0.579375 0.9390815370196813 0.03125 0.030927835051546393
0 0.051875 0.20618556701030927 0.0225 0.011246485473289597