1 0.369375 0.23336457357075913 0.16 0.12089971883786317
0 0.2725 0.11949390815370196 0.05125 0.038425492033739454
0 0.729375 0.7328959700093721 0.02625 0.01780693533270853
0 0.746875 0.6982193064667291 0.02375 0.01780693533270853
0 0.585625 0.8106841611996252 0.03125 0.02717900656044986
0 0.763125 0.01499531396438613 0.10125 0.02999062792877226
0 0.386875 0.5328022492970946 0.13 0.044048734770384255
0 0.5075 0.15042174320524837 0.045 0.029053420805998126
0 0.194375 0.04920337394564199 0.05 0.03467666354264293
0 0.53625 0.039831302717900655 0.04375 0.02717900656044986
0 0.80625 0.12558575445173384 0.02625 0.020618556701030927
0 0.635625 0.14386129334582942 0.0225 0.014058106841611996
0 0.94875 0.2614807872539831 0.01125 0.010309278350515464
0 0.735 0.2436738519212746 0.04125 0.04217432052483599
0 0.720625 0.2736644798500469 0.02375 0.019681349578256794
0 0.700625 0.3064667291471415 0.02625 0.016869728209934397
0 0.805625 0.3626991565135895 0.025 0.013120899718837863
0 0.85375 0.4001874414245548 0.0175 0.00937207122774133
0 0.626875 0.443767572633552 0.02625 0.023430178069353328
0 0.48625 0.5585754451733833 0.05875 0.03655107778819119
0 0.686875 0.6021555763823805 0.02 0.01499531396438613
0 0.60875 0.6119962511715089 0.11875 0.13495782567947517
0 0.658125 0.880506091846298 0.0275 0.016869728209934397
1 0.955625 0.7900656044985942 0.08875 0.1724461105904405
1 0.18375 0.4329896907216495 0.07125 0.04967197750702906
1 0.17375 0.39034676663542645 0.07625 0.05435801312089972
1 0.1775 0.4053420805998126 0.085 0.08434864104967198
1 0.119375 0.32989690721649484 0.07375 0.09278350515463918
1 0.0075 0.2000937207122774 0.015 0.05154639175257732
1 0.11 0.6344892221180881 0.0875 0.05998125585754452
0 0.09375 0.5243673851921274 0.02125 0.015932521087160263
0 0.23625 0.7769447047797563 0.02875 0.019681349578256794
0 0.143125 0.8706654170571696 0.02875 0.01780693533270853
0 0.461875 0.9423617619493908 0.035 0.031865042174320526
0 0.92 0.18322399250234303 0.02375 0.01218369259606373