1 0.756875 0.5937207122774133 0.25875 0.14995313964386128
0 0.39375 0.725398313027179 0.0525 0.04217432052483599
0 0.25625 0.5107778819119025 0.0625 0.04498594189315839
0 0.086875 0.5979381443298969 0.0425 0.02999062792877226
0 0.056875 0.549671977507029 0.0625 0.044048734770384255
0 0.05 0.4765698219306467 0.04 0.030927835051546393
0 0.125625 0.37066541705716965 0.04125 0.033739456419868794
0 0.329375 0.6930646672914714 0.0475 0.030927835051546393
0 0.118125 0.5749765698219307 0.04625 0.02999062792877226
1 0.565 0.45220243673851923 0.29125 0.1640112464854733
0 0.20125 0.6302717900656045 0.0475 0.030927835051546393
0 0.6975 0.20759137769447047 0.07375 0.03936269915651359
0 0.1675 0.44329896907216493 0.0675 0.03561387066541706
0 0.44875 0.5623242736644799 0.0475 0.03467666354264293
0 0.96 0.6518275538894096 0.06375 0.04311152764761012
1 0.69 0.5267104029990628 0.27125 0.14339268978444236
0 0.78625 0.2778819119025305 0.04625 0.03655107778819119
0 0.385625 0.5004686035613871 0.0425 0.030927835051546393
0 0.0075 0.4386129334582943 0.015 0.04311152764761012
1 0.489375 0.3631677600749766 0.14375 0.09465791940018745
1 0.9775 0.4784442361761949 0.045 0.08153701968134958
0 0.303125 0.4690721649484536 0.135 0.06654170571696345
0 0.63125 0.3626991565135895 0.14 0.06747891283973759
1 0.89875 0.7249297094657919 0.11125 0.056232427366447985
0 0.820625 0.35754451733833176 0.0425 0.03467666354264293
0 0.40625 0.6026241799437676 0.05 0.033739456419868794
0 0.141875 0.3013120899718838 0.03375 0.026241799437675725
0 0.234375 0.3584817244611059 0.03125 0.031865042174320526
0 0.1625 0.6152764761012184 0.03125 0.02999062792877226
0 0.2075 0.6569821930646673 0.03875 0.028116213683223992
0 0.174375 0.6607310215557638 0.04 0.02999062792877226
0 0.04625 0.5759137769447048 0.03625 0.020618556701030927
0 0.068125 0.5234301780693533 0.0425 0.026241799437675725
0 0.240625 0.6504217432052484 0.0325 0.01874414245548266
0 0.59375 0.3392689784442362 0.0275 0.019681349578256794
0 0.331875 0.49765698219306465 0.0375 0.023430178069353328
0 0.248125 0.9142455482661668 0.0375 0.029053420805998126
0 0.21375 0.8903467666354264 0.035 0.02717900656044986
0 0.15875 0.7333645735707591 0.0375 0.029053420805998126
0 0.271875 0.8092783505154639 0.035 0.02717900656044986
0 0.205625 0.7713214620431116 0.0375 0.028116213683223992
0 0.07375 0.7900656044985942 0.02 0.01218369259606373
0 0.351875 0.9044048734770385 0.0175 0.010309278350515464
0 0.1725 0.8753514526710403 0.01875 0.010309278350515464
0 0.30875 0.7160262417994376 0.02 0.010309278350515464
0 0.385625 0.8434864104967198 0.0175 0.010309278350515464
0 0.364375 0.8865979381443299 0.01875 0.011246485473289597
0 0.8475 0.6508903467666354 0.03625 0.02436738519212746
0 0.81375 0.6494845360824743 0.04 0.023430178069353328
0 0.763125 0.8163074039362699 0.05625 0.01874414245548266
0 0.79375 0.7666354264292409 0.02 0.013120899718837863
0 0.111875 0.41518275538894095 0.04875 0.02530459231490159
0 0.255 0.6115276476101218 0.02 0.00937207122774133
0 0.200625 0.6185567010309279 0.04375 0.020618556701030927
0 0.864375 0.7460168697282099 0.0125 0.006560449859418931
1 0.93875 0.5937207122774133 0.1225 0.07403936269915651
1 0.973125 0.5407685098406748 0.05375 0.056232427366447985
0 0.56125 0.21321462043111528 0.045 0.03655107778819119
0 0.546875 0.2047797563261481 0.0475 0.03561387066541706
0 0.5825 0.49203373945641987 0.015 0.010309278350515464
0 0.674375 0.5585754451733833 0.01625 0.00937207122774133
0 0.431875 0.6091846298031866 0.045 0.028116213683223992