1 0.755 0.5970009372071228 0.25625 0.1471415182755389
0 0.38875 0.7239925023430178 0.0525 0.041237113402061855
0 0.25625 0.5079662605435802 0.0625 0.044048734770384255
0 0.084375 0.5927835051546392 0.04125 0.029053420805998126
0 0.055625 0.5435801312089972 0.0625 0.04311152764761012
0 0.050625 0.4704779756326148 0.03875 0.02999062792877226
0 0.12875 0.3655107778819119 0.04125 0.03280224929709466
0 0.325 0.6907216494845361 0.04625 0.030927835051546393
0 0.116875 0.569821930646673 0.045 0.02999062792877226
1 0.56625 0.4526710402999063 0.28875 0.16026241799437677
0 0.198125 0.6265229615745079 0.04625 0.02999062792877226
0 0.704375 0.2104029990627929 0.0725 0.038425492033739454
0 0.16875 0.43908153701968133 0.06625 0.03467666354264293
0 0.446875 0.5613870665417057 0.0475 0.03467666354264293
0 0.95625 0.6574507966260543 0.06375 0.04217432052483599
1 0.689375 0.5290534208059982 0.27 0.14058106841611998
0 0.791875 0.281630740393627 0.045 0.03655107778819119
0 0.385625 0.4990627928772259 0.04125 0.02999062792877226
0 0.0075 0.4320524835988753 0.015 0.04311152764761012
1 0.4925 0.3631677600749766 0.1425 0.09372071227741331
1 0.978125 0.4845360824742268 0.04375 0.08059981255857544
0 0.30375 0.46672914714151825 0.13375 0.06560449859418932
0 0.634375 0.36457357075913777 0.13875 0.06654170571696345
1 0.89375 0.7300843486410497 0.11 0.05529522024367385
0 0.82375 0.36176194939081535 0.0425 0.033739456419868794
0 0.404375 0.6012183692596064 0.04875 0.033739456419868794
0 0.146875 0.29662605435801315 0.03375 0.026241799437675725
0 0.2375 0.35520149953139646 0.03125 0.030927835051546393
0 0.16 0.6105904404873477 0.03 0.029053420805998126
0 0.20375 0.6532333645735707 0.03875 0.02717900656044986
0 0.170625 0.6565135895032802 0.03875 0.029053420805998126
0 0.045 0.569821930646673 0.03625 0.019681349578256794
0 0.0675 0.5178069353327085 0.0425 0.026241799437675725
0 0.236875 0.6471415182755389 0.0325 0.01874414245548266
0 0.5975 0.3402061855670103 0.0275 0.01874414245548266
0 0.3325 0.49531396438612935 0.0375 0.022492970946579195
0 0.23875 0.9109653233364574 0.03625 0.029053420805998126
0 0.205 0.8865979381443299 0.035 0.02717900656044986
0 0.153125 0.7286785379568884 0.03625 0.029053420805998126
0 0.265 0.8064667291471416 0.035 0.02717900656044986
0 0.199375 0.767572633552015 0.0375 0.028116213683223992
0 0.0675 0.7844423617619494 0.02 0.01218369259606373
0 0.3425 0.9025304592314901 0.0175 0.010309278350515464
0 0.16375 0.8706654170571696 0.01875 0.010309278350515464
0 0.30375 0.7136832239925024 0.02 0.010309278350515464
0 0.3775 0.8416119962511716 0.0175 0.010309278350515464
0 0.355 0.8847235238987816 0.01875 0.011246485473289597
0 0.84375 0.6551077788191191 0.03625 0.02436738519212746
0 0.810625 0.6537019681349578 0.03875 0.022492970946579195
0 0.755625 0.8195876288659794 0.055 0.01780693533270853
0 0.7875 0.7703842549203374 0.01875 0.013120899718837863
0 0.11375 0.41002811621368324 0.04875 0.02436738519212746
0 0.2525 0.6082474226804123 0.01875 0.00937207122774133
0 0.198125 0.6148078725398313 0.04375 0.019681349578256794
0 0.85875 0.7507029053420806 0.0125 0.006560449859418931
1 0.938125 0.5998125585754451 0.12375 0.07216494845360824
1 0.973125 0.5463917525773195 0.05375 0.056232427366447985
0 0.568125 0.21415182755388942 0.045 0.03561387066541706
0 0.55375 0.2057169634489222 0.04625 0.03561387066541706
0 0.5825 0.492970946579194 0.015 0.010309278350515464
0 0.6725 0.5609184629803187 0.01625 0.00937207122774133
0 0.429375 0.6082474226804123 0.045 0.028116213683223992