0 0.14088541666666668 0.6609375 0.19166666666666668 0.19635416666666666
0 0.8921875 0.5947916666666667 0.14114583333333333 0.15520833333333334
0 0.7575520833333333 0.16979166666666667 0.18177083333333333 0.18020833333333333
0 0.7677083333333333 0.7625 0.15416666666666667 0.12604166666666666
0 0.6997395833333333 0.3015625 0.15416666666666667 0.14635416666666667
0 0.7479166666666667 0.5744791666666667 0.14895833333333333 0.14114583333333333
0 0.3841145833333333 0.26276041666666666 0.1546875 0.11614583333333334
0 0.2596354166666667 0.184375 0.16302083333333334 0.15625
0 0.25546875 0.5265625 0.11145833333333334 0.1375
0 0.7658854166666667 0.43411458333333336 0.11875 0.13229166666666667
0 0.2752604166666667 0.3768229166666667 0.12552083333333333 0.14739583333333334
0 0.56015625 0.8533854166666667 0.15833333333333333 0.1546875
0 0.4557291666666667 0.36770833333333336 0.13385416666666666 0.1125
0 0.6122395833333333 0.6786458333333333 0.14322916666666666 0.1234375
0 0.4908854166666667 0.5848958333333333 0.12447916666666667 0.11510416666666666
0 0.6002604166666666 0.3734375 0.10625 0.12291666666666666
0 0.32395833333333335 0.65 0.13020833333333334 0.12760416666666666
0 0.6307291666666667 0.51796875 0.11197916666666667 0.12916666666666668
0 0.3450520833333333 0.8005208333333333 0.15104166666666666 0.1359375
0 0.3815104166666667 0.4890625 0.103125 0.13697916666666668
0 0.46145833333333336 0.69921875 0.13229166666666667 0.10677083333333333
0 0.5421875 0.2359375 0.1296875 0.10625
0 0.49270833333333336 0.1109375 0.15625 0.103125
0 0.9010416666666666 0.3796875 0.1 0.15520833333333334
0 0.11067708333333333 0.403125 0.12708333333333333 0.20052083333333334