0 0.8846354166666667 0.5825520833333333 0.19166666666666668 0.19635416666666666
0 0.1359375 0.67421875 0.14114583333333333 0.15520833333333334
0 0.17942708333333332 0.23046875 0.18177083333333333 0.18020833333333333
0 0.29270833333333335 0.8125 0.15416666666666667 0.12604166666666666
0 0.2635416666666667 0.34739583333333335 0.15416666666666667 0.14635416666666667
0 0.27291666666666664 0.6244791666666667 0.14895833333333333 0.14114583333333333
0 0.5640625 0.24401041666666667 0.1546875 0.11614583333333334
0 0.66953125 0.14114583333333333 0.16302083333333334 0.15625
0 0.74453125 0.475 0.11145833333333334 0.1375
0 0.22630208333333332 0.4908854166666667 0.11875 0.13229166666666667
0 0.6942708333333333 0.3328125 0.12552083333333333 0.14739583333333334
0 0.5145833333333333 0.8583333333333333 0.15833333333333333 0.1546875
0 0.5158854166666667 0.3614583333333333 0.13385416666666666 0.1125
0 0.42734375 0.6979166666666666 0.14322916666666666 0.1234375
0 0.5265625 0.58125 0.12447916666666667 0.11510416666666666
0 0.37552083333333336 0.3971354166666667 0.10625 0.12291666666666666
0 0.703125 0.61015625 0.13020833333333334 0.12760416666666666
0 0.37578125 0.5447916666666667 0.11197916666666667 0.12916666666666668
0 0.7140625 0.7619791666666667 0.15104166666666666 0.1359375
0 0.6135416666666667 0.46484375 0.103125 0.13697916666666668
0 0.5791666666666667 0.68671875 0.13229166666666667 0.10677083333333333
0 0.40390625 0.25026041666666665 0.1296875 0.10625
0 0.42630208333333336 0.11796875 0.15625 0.103125
0 0.0828125 0.46588541666666666 0.1 0.15520833333333334
0 0.8606770833333334 0.32447916666666665 0.12708333333333333 0.20052083333333334