0 0.25104166666666666 0.20026041666666666 0.16979166666666667 0.15885416666666666
0 0.26223958333333336 0.79609375 0.1390625 0.1140625
0 0.3065104166666667 0.3263020833333333 0.14114583333333333 0.13541666666666666
0 0.2640625 0.59609375 0.13229166666666667 0.13177083333333334
0 0.7356770833333334 0.21015625 0.1484375 0.14270833333333333
0 0.3958333333333333 0.6997395833333333 0.13072916666666667 0.11145833333333334
0 0.6161458333333333 0.27760416666666665 0.14322916666666666 0.10885416666666667
0 0.48723958333333334 0.8643229166666667 0.14270833333333333 0.14010416666666667
0 0.1265625 0.6263020833333334 0.12760416666666666 0.14010416666666667
0 0.7419270833333333 0.5265625 0.103125 0.12760416666666666
0 0.8682291666666667 0.6559895833333333 0.178125 0.18177083333333333
0 0.6729166666666667 0.6559895833333333 0.1203125 0.1171875
0 0.725 0.38125 0.11614583333333334 0.13541666666666666
0 0.23776041666666667 0.45807291666666666 0.1046875 0.12135416666666667
0 0.4583333333333333 0.24739583333333334 0.121875 0.09427083333333333
0 0.540625 0.7171875 0.12239583333333333 0.09583333333333334
0 0.11171875 0.4088541666666667 0.08697916666666666 0.14375
0 0.69765625 0.7989583333333333 0.1375 0.12395833333333334
0 0.5091145833333334 0.12994791666666666 0.14635416666666667 0.0890625
0 0.8684895833333334 0.42135416666666664 0.109375 0.18645833333333334
0 0.6268229166666667 0.5041666666666667 0.096875 0.12708333333333333
0 0.5138020833333333 0.60234375 0.11979166666666667 0.10364583333333334
0 0.39088541666666665 0.5286458333333334 0.10208333333333333 0.11979166666666667
0 0.40338541666666666 0.390625 0.1046875 0.11354166666666667
0 0.5528645833333333 0.3809895833333333 0.1203125 0.10260416666666666