0 0.32 0.156 0.192 0.15866666666666668
0 0.25533333333333336 0.8046666666666666 0.17466666666666666 0.152
0 0.6246666666666667 0.886 0.18933333333333333 0.17333333333333334
0 0.582 0.696 0.156 0.14266666666666666
0 0.5206666666666667 0.12733333333333333 0.2 0.184
0 0.43333333333333335 0.6806666666666666 0.12533333333333332 0.14
0 0.414 0.328 0.14666666666666667 0.148
0 0.6906666666666667 0.44466666666666665 0.14133333333333334 0.15333333333333332
0 0.31266666666666665 0.4613333333333333 0.15066666666666667 0.17466666666666666
0 0.124 0.45466666666666666 0.19066666666666668 0.196
0 0.702 0.17533333333333334 0.17466666666666666 0.18133333333333335
0 0.43533333333333335 0.8766666666666667 0.15066666666666667 0.13733333333333334
0 0.5653333333333334 0.3233333333333333 0.16133333333333333 0.13066666666666665
0 0.18266666666666667 0.27 0.17466666666666666 0.16666666666666666
0 0.136 0.6573333333333333 0.184 0.15333333333333332
0 0.872 0.63 0.14933333333333335 0.17466666666666666
0 0.796 0.796 0.18666666666666668 0.15333333333333332
0 0.8853333333333333 0.43266666666666664 0.18133333333333335 0.204
0 0.8273333333333334 0.276 0.184 0.164
0 0.314 0.6133333333333333 0.13733333333333334 0.10533333333333333
0 0.6866666666666666 0.5866666666666667 0.09866666666666667 0.11333333333333333