0 0.7206666666666667 0.18066666666666667 0.17733333333333334 0.13866666666666666
0 0.706 0.8326666666666667 0.16133333333333333 0.13333333333333333
0 0.3293333333333333 0.868 0.17333333333333334 0.15333333333333332
0 0.39466666666666667 0.6846666666666666 0.14266666666666666 0.12666666666666668
0 0.5246666666666666 0.12733333333333333 0.18133333333333335 0.164
0 0.544 0.6873333333333334 0.112 0.128
0 0.6066666666666667 0.34 0.132 0.13333333333333333
0 0.31733333333333336 0.422 0.12666666666666668 0.14
0 0.6906666666666667 0.4846666666666667 0.132 0.16133333333333333
0 0.8786666666666667 0.5006666666666667 0.17066666666666666 0.17733333333333334
0 0.3393333333333333 0.15333333333333332 0.156 0.164
0 0.518 0.882 0.13733333333333334 0.12266666666666666
0 0.45666666666666667 0.31666666666666665 0.148 0.11466666666666667
0 0.8426666666666667 0.31066666666666665 0.15866666666666668 0.14933333333333335
0 0.842 0.7006666666666667 0.16933333333333334 0.13466666666666666
0 0.11466666666666667 0.5833333333333334 0.13066666666666665 0.16133333333333333
0 0.17066666666666666 0.758 0.17333333333333334 0.13333333333333333
0 0.126 0.38666666666666666 0.16 0.18666666666666668
0 0.20266666666666666 0.238 0.168 0.14533333333333334
0 0.6713333333333333 0.6353333333333333 0.128 0.09066666666666667
0 0.30466666666666664 0.5633333333333334 0.08666666666666667 0.104