0 0.874 0.38666666666666666 0.15466666666666667 0.14266666666666666
0 0.25133333333333335 0.7353333333333333 0.18 0.17333333333333334
0 0.362 0.36866666666666664 0.152 0.13466666666666666
0 0.814 0.266 0.14533333333333334 0.136
0 0.13666666666666666 0.618 0.16 0.17733333333333334
0 0.18266666666666667 0.3446666666666667 0.13466666666666666 0.14533333333333334
0 0.874 0.546 0.19333333333333333 0.17733333333333334
0 0.7 0.40066666666666667 0.12133333333333333 0.12
0 0.31 0.5166666666666667 0.164 0.15733333333333333
0 0.29333333333333333 0.25266666666666665 0.12533333333333332 0.13466666666666666
0 0.61 0.784 0.2 0.17466666666666666
0 0.6866666666666666 0.20866666666666667 0.16133333333333333 0.132
0 0.6493333333333333 0.55 0.184 0.16266666666666665
0 0.4186666666666667 0.2 0.144 0.132
0 0.12533333333333332 0.46066666666666667 0.15333333333333332 0.14266666666666666
0 0.47733333333333333 0.608 0.16266666666666665 0.16266666666666665
0 0.402 0.794 0.184 0.168
0 0.6253333333333333 0.31666666666666665 0.14266666666666666 0.14266666666666666
0 0.768 0.7 0.18133333333333335 0.20133333333333334
0 0.5006666666666667 0.29333333333333333 0.13466666666666666 0.12666666666666668
0 0.5586666666666666 0.17533333333333334 0.13333333333333333 0.11733333333333333