0 0.532 0.86 0.15333333333333332 0.132
0 0.274 0.20866666666666667 0.19733333333333333 0.16666666666666666
0 0.172 0.3446666666666667 0.16933333333333334 0.18133333333333335
0 0.6133333333333333 0.14533333333333334 0.136 0.15466666666666667
0 0.6766666666666666 0.3333333333333333 0.16266666666666665 0.14533333333333334
0 0.7086666666666667 0.6006666666666667 0.14133333333333334 0.15066666666666667
0 0.444 0.14133333333333334 0.15066666666666667 0.12533333333333332
0 0.7506666666666667 0.188 0.14266666666666666 0.13866666666666666
0 0.734 0.4653333333333333 0.152 0.13333333333333333
0 0.7993333333333333 0.7346666666666667 0.13866666666666666 0.148
0 0.29133333333333333 0.5333333333333333 0.14666666666666667 0.13866666666666666
0 0.15 0.612 0.144 0.14
0 0.33266666666666667 0.39666666666666667 0.14266666666666666 0.15466666666666667
0 0.6153333333333333 0.6826666666666666 0.13066666666666665 0.14533333333333334
0 0.67 0.822 0.14533333333333334 0.14266666666666666
0 0.11933333333333333 0.4726666666666667 0.15066666666666667 0.15066666666666667
0 0.366 0.8393333333333334 0.164 0.14533333333333334
0 0.5693333333333334 0.2886666666666667 0.12933333333333333 0.14666666666666667
0 0.8886666666666667 0.4706666666666667 0.13333333333333333 0.164
0 0.8693333333333333 0.6126666666666667 0.13866666666666666 0.144
0 0.43333333333333335 0.314 0.132 0.15466666666666667
0 0.37333333333333335 0.6626666666666666 0.14266666666666666 0.17066666666666666
0 0.22466666666666665 0.72 0.17733333333333334 0.148
0 0.8506666666666667 0.312 0.152 0.16266666666666665
0 0.4846666666666667 0.7073333333333334 0.12533333333333332 0.128