0 0.5433333333333333 0.8586666666666667 0.14933333333333335 0.128
0 0.6606666666666666 0.168 0.19333333333333333 0.16
0 0.7886666666666666 0.28 0.164 0.176
0 0.31533333333333335 0.17666666666666667 0.132 0.15066666666666667
0 0.292 0.37333333333333335 0.15866666666666668 0.14
0 0.31666666666666665 0.642 0.13733333333333334 0.14666666666666667
0 0.4806666666666667 0.138 0.148 0.12133333333333333
0 0.19 0.24666666666666667 0.13866666666666666 0.13466666666666666
0 0.264 0.5146666666666667 0.148 0.12933333333333333
0 0.256 0.792 0.13466666666666666 0.144
0 0.7113333333333334 0.4886666666666667 0.144 0.13333333333333333
0 0.866 0.5366666666666666 0.14 0.136
0 0.642 0.36466666666666664 0.13866666666666666 0.15066666666666667
0 0.42533333333333334 0.7026666666666667 0.12666666666666668 0.14133333333333334
0 0.40066666666666667 0.85 0.14133333333333334 0.13866666666666666
0 0.8666666666666667 0.394 0.14533333333333334 0.14533333333333334
0 0.702 0.804 0.16 0.14
0 0.388 0.308 0.124 0.14266666666666666
0 0.114 0.552 0.12933333333333333 0.16
0 0.162 0.6866666666666666 0.13466666666666666 0.14
0 0.5266666666666666 0.304 0.128 0.15066666666666667
0 0.6573333333333333 0.6326666666666667 0.13733333333333334 0.168
0 0.8146666666666667 0.658 0.17333333333333334 0.14266666666666666
0 0.118 0.38866666666666666 0.14666666666666667 0.15866666666666668
0 0.558 0.7 0.12133333333333333 0.124