0 0.7213333333333334 0.7353556485355649 0.164 0.1903765690376569
0 0.38666666666666666 0.7876569037656904 0.15333333333333332 0.18619246861924685
0 0.7673333333333333 0.25418410041841005 0.15333333333333332 0.1589958158995816
0 0.23133333333333334 0.7228033472803347 0.14 0.17573221757322174
0 0.548 0.7928870292887029 0.16533333333333333 0.1903765690376569
0 0.42133333333333334 0.6255230125523012 0.12933333333333333 0.16527196652719664
0 0.22866666666666666 0.2217573221757322 0.11866666666666667 0.1297071129707113
0 0.31266666666666665 0.5606694560669456 0.13733333333333334 0.17154811715481172
0 0.2693333333333333 0.4361924686192469 0.14533333333333334 0.1401673640167364
0 0.8773333333333333 0.46129707112970714 0.13733333333333334 0.15271966527196654
0 0.3433333333333333 0.17573221757322174 0.108 0.13179916317991633
0 0.6626666666666666 0.5575313807531381 0.13466666666666666 0.1903765690376569
0 0.7106666666666667 0.41736401673640167 0.13333333333333333 0.15481171548117154
0 0.4033333333333333 0.27405857740585776 0.108 0.12761506276150628
0 0.6366666666666667 0.3169456066945607 0.12266666666666666 0.14853556485355648
0 0.834 0.5857740585774058 0.172 0.16527196652719664
0 0.8593333333333333 0.34205020920502094 0.14533333333333334 0.15271966527196654
0 0.5273333333333333 0.2709205020920502 0.10533333333333333 0.14225941422594143
0 0.14666666666666667 0.33263598326359833 0.14 0.16108786610878661
0 0.11066666666666666 0.46548117154811713 0.128 0.18200836820083682
0 0.5646666666666667 0.6171548117154811 0.12666666666666668 0.16108786610878661
0 0.14533333333333334 0.6014644351464435 0.136 0.17154811715481172
0 0.4886666666666667 0.14435146443514643 0.124 0.12343096234309624
0 0.31 0.3253138075313807 0.14533333333333334 0.13389121338912133
0 0.6453333333333333 0.17677824267782427 0.16266666666666665 0.1297071129707113