0 0.27066666666666667 0.7165271966527197 0.16933333333333334 0.20292887029288703
0 0.6033333333333334 0.797071129707113 0.15866666666666668 0.19665271966527198
0 0.24133333333333334 0.23221757322175732 0.15733333333333333 0.1694560669456067
0 0.7613333333333333 0.7447698744769874 0.14533333333333334 0.18619246861924685
0 0.44266666666666665 0.7876569037656904 0.17066666666666666 0.20292887029288703
0 0.574 0.6317991631799164 0.13333333333333333 0.17364016736401675
0 0.7806666666666666 0.24476987447698745 0.12266666666666666 0.1401673640167364
0 0.6853333333333333 0.5753138075313807 0.14266666666666666 0.18200836820083682
0 0.732 0.45502092050209203 0.14933333333333335 0.15271966527196654
0 0.12466666666666666 0.4309623430962343 0.14266666666666666 0.16317991631799164
0 0.6666666666666666 0.1893305439330544 0.112 0.1401673640167364
0 0.3353333333333333 0.5439330543933054 0.14 0.200836820083682
0 0.292 0.4006276150627615 0.13866666666666666 0.16527196652719664
0 0.6046666666666667 0.2824267782426778 0.112 0.13598326359832635
0 0.36933333333333335 0.3064853556485356 0.12666666666666668 0.15690376569037656
0 0.16333333333333333 0.5585774058577406 0.176 0.1799163179916318
0 0.14666666666666667 0.3127615062761506 0.15066666666666667 0.16527196652719664
0 0.4806666666666667 0.2688284518828452 0.10933333333333334 0.1506276150627615
0 0.8586666666666667 0.3608786610878661 0.144 0.17154811715481172
0 0.8893333333333333 0.497907949790795 0.13333333333333333 0.1903765690376569
0 0.43133333333333335 0.6119246861924686 0.13066666666666665 0.1694560669456067
0 0.8506666666666667 0.6307531380753139 0.14133333333333334 0.18200836820083682
0 0.5233333333333333 0.14644351464435146 0.12666666666666668 0.13179916317991633
0 0.696 0.3410041841004184 0.14933333333333335 0.14644351464435146
0 0.36533333333333334 0.16527196652719664 0.16533333333333333 0.14225941422594143