0 0.2866666666666667 0.8373333333333334 0.14266666666666666 0.12666666666666668
0 0.8186666666666667 0.24866666666666667 0.14266666666666666 0.136
0 0.8613333333333333 0.6666666666666666 0.148 0.14933333333333335
0 0.4086666666666667 0.12 0.12 0.13066666666666665
0 0.6866666666666666 0.15866666666666668 0.13866666666666666 0.13466666666666666
0 0.11333333333333333 0.636 0.132 0.12266666666666666
0 0.2786666666666667 0.164 0.14266666666666666 0.13866666666666666
0 0.12133333333333333 0.37 0.14266666666666666 0.12133333333333333
0 0.378 0.2833333333333333 0.12933333333333333 0.13066666666666665
0 0.696 0.622 0.128 0.11866666666666667
0 0.7753333333333333 0.7766666666666666 0.124 0.13066666666666665
0 0.3913333333333333 0.8746666666666667 0.10533333333333333 0.10666666666666667
0 0.6153333333333333 0.30666666666666664 0.12 0.116
0 0.18133333333333335 0.246 0.12 0.11866666666666667
0 0.6666666666666666 0.842 0.10933333333333334 0.12266666666666666
0 0.306 0.6286666666666667 0.116 0.124
0 0.6986666666666667 0.3893333333333333 0.12533333333333332 0.12
0 0.18 0.7646666666666667 0.11466666666666667 0.12
0 0.51 0.2653333333333333 0.10933333333333334 0.11066666666666666
0 0.382 0.6913333333333334 0.12133333333333333 0.12666666666666668
0 0.6046666666666667 0.7046666666666667 0.10266666666666667 0.10533333333333333
0 0.49266666666666664 0.7246666666666667 0.092 0.10933333333333334
0 0.8853333333333333 0.5146666666666667 0.124 0.12
0 0.2633333333333333 0.5073333333333333 0.13066666666666665 0.11866666666666667
0 0.09266666666666666 0.49666666666666665 0.12933333333333333 0.14266666666666666
0 0.284 0.38133333333333336 0.11733333333333333 0.11466666666666667
0 0.5426666666666666 0.11266666666666666 0.124 0.12666666666666668
0 0.8833333333333333 0.38666666666666666 0.12666666666666668 0.1
0 0.7326666666666667 0.49866666666666665 0.11333333333333333 0.10933333333333334
0 0.5326666666666666 0.876 0.12666666666666668 0.10666666666666667