0 0.7833333333333333 0.7806666666666666 0.152 0.13733333333333334
0 0.13333333333333333 0.32666666666666666 0.15333333333333332 0.14666666666666667
0 0.18533333333333332 0.7433333333333333 0.15866666666666668 0.16
0 0.5033333333333333 0.10933333333333334 0.12933333333333333 0.13866666666666666
0 0.24133333333333334 0.20933333333333334 0.148 0.144
0 0.9073333333333333 0.5453333333333333 0.14 0.132
0 0.64 0.12266666666666666 0.152 0.148
0 0.84 0.288 0.15066666666666667 0.132
0 0.57 0.2613333333333333 0.13866666666666666 0.14
0 0.336 0.6626666666666666 0.136 0.128
0 0.294 0.8313333333333334 0.13333333333333333 0.13866666666666666
0 0.69 0.8406666666666667 0.11333333333333333 0.11466666666666667
0 0.344 0.338 0.12933333333333333 0.124
0 0.7533333333333333 0.18133333333333335 0.128 0.12666666666666668
0 0.414 0.8706666666666667 0.11866666666666667 0.13066666666666665
0 0.718 0.5813333333333334 0.12533333333333332 0.13333333333333333
0 0.2813333333333333 0.43666666666666665 0.13333333333333333 0.12933333333333333
0 0.872 0.686 0.12266666666666666 0.128
0 0.43733333333333335 0.274 0.11733333333333333 0.11866666666666667
0 0.658 0.66 0.13066666666666665 0.13466666666666666
0 0.444 0.7226666666666667 0.11066666666666666 0.112
0 0.5573333333333333 0.7173333333333334 0.1 0.116
0 0.128 0.6006666666666667 0.132 0.12933333333333333
0 0.732 0.454 0.13866666666666666 0.128
0 0.896 0.4046666666666667 0.14 0.152
0 0.684 0.336 0.12533333333333332 0.12266666666666666
0 0.37133333333333335 0.132 0.13333333333333333 0.136
0 0.10133333333333333 0.47533333333333333 0.13333333333333333 0.10933333333333334
0 0.2733333333333333 0.5506666666666666 0.12133333333333333 0.11866666666666667
0 0.5526666666666666 0.874 0.13333333333333333 0.116