0 0.44266666666666665 0.12254901960784313 0.112 0.11624649859943978
0 0.16733333333333333 0.677170868347339 0.104 0.10224089635854341
0 0.164 0.3242296918767507 0.10933333333333334 0.11204481792717087
0 0.7306666666666667 0.46568627450980393 0.11066666666666666 0.10784313725490197
0 0.31266666666666665 0.1568627450980392 0.096 0.09663865546218488
0 0.21733333333333332 0.7640056022408963 0.1 0.1134453781512605
0 0.22666666666666666 0.2338935574229692 0.096 0.09943977591036414
0 0.86 0.6708683473389355 0.10133333333333333 0.09943977591036414
0 0.8806666666666667 0.40756302521008403 0.10133333333333333 0.08123249299719888
0 0.32466666666666666 0.8291316526610645 0.09066666666666667 0.10504201680672269
0 0.3406666666666667 0.6400560224089635 0.09733333333333333 0.1092436974789916
0 0.31733333333333336 0.37745098039215685 0.10266666666666667 0.10084033613445378
0 0.48 0.6981792717086834 0.08666666666666667 0.1092436974789916
0 0.7966666666666666 0.7822128851540616 0.09066666666666667 0.11064425770308123
0 0.4513333333333333 0.8704481792717087 0.11066666666666666 0.12184873949579832
0 0.57 0.30952380952380953 0.11466666666666667 0.10364145658263306
0 0.436 0.2913165266106443 0.10533333333333333 0.10364145658263306
0 0.8413333333333334 0.30532212885154064 0.09466666666666666 0.09103641456582633
0 0.888 0.5350140056022409 0.1 0.12044817927170869
0 0.572 0.12394957983193278 0.108 0.09803921568627451
0 0.6693333333333333 0.36134453781512604 0.09066666666666667 0.09663865546218488
0 0.692 0.8585434173669467 0.09333333333333334 0.10784313725490197
0 0.12133333333333333 0.44467787114845936 0.108 0.11904761904761904
0 0.688 0.16316526610644258 0.08933333333333333 0.09523809523809523
0 0.13533333333333333 0.5630252100840336 0.11866666666666667 0.08683473389355742
0 0.774 0.21638655462184875 0.088 0.08683473389355742
0 0.284 0.507703081232493 0.09733333333333333 0.09943977591036414
0 0.69 0.6057422969187675 0.10266666666666667 0.10504201680672269
0 0.5686666666666667 0.8697478991596639 0.084 0.10644257703081232
0 0.6006666666666667 0.6974789915966386 0.08533333333333333 0.0896358543417367