0 0.5826666666666667 0.12815126050420167 0.12 0.12464985994397759
0 0.82 0.7009803921568627 0.11066666666666666 0.1092436974789916
0 0.8473333333333334 0.3494397759103641 0.11733333333333333 0.12044817927170869
0 0.272 0.4488795518207283 0.11733333333333333 0.11624649859943978
0 0.7093333333333334 0.1715686274509804 0.10266666666666667 0.10364145658263306
0 0.7646666666666667 0.7843137254901961 0.108 0.12044817927170869
0 0.79 0.2549019607843137 0.10266666666666667 0.10644257703081232
0 0.12933333333333333 0.6435574229691877 0.108 0.10644257703081232
0 0.12666666666666668 0.3802521008403361 0.10666666666666667 0.08823529411764706
0 0.6526666666666666 0.8410364145658263 0.09733333333333333 0.11204481792717087
0 0.6493333333333333 0.6512605042016807 0.104 0.11624649859943978
0 0.6906666666666667 0.3907563025210084 0.10933333333333334 0.10784313725490197
0 0.5066666666666667 0.6988795518207283 0.09333333333333334 0.11484593837535013
0 0.18533333333333332 0.7598039215686274 0.09866666666666667 0.11764705882352941
0 0.524 0.873249299719888 0.11866666666666667 0.13025210084033614
0 0.44266666666666665 0.30462184873949577 0.12133333333333333 0.11204481792717087
0 0.578 0.296218487394958 0.112 0.11204481792717087
0 0.172 0.280812324929972 0.1 0.09803921568627451
0 0.11066666666666666 0.5063025210084033 0.108 0.12745098039215685
0 0.4533333333333333 0.11974789915966387 0.11466666666666667 0.10644257703081232
0 0.3406666666666667 0.3487394957983193 0.09733333333333333 0.10364145658263306
0 0.2846666666666667 0.8438375350140056 0.1 0.11484593837535013
0 0.882 0.4726890756302521 0.116 0.12745098039215685
0 0.3353333333333333 0.15056022408963585 0.096 0.10084033613445378
0 0.8593333333333333 0.5889355742296919 0.124 0.0938375350140056
0 0.24533333333333332 0.19677871148459383 0.09333333333333334 0.09243697478991597
0 0.7146666666666667 0.523109243697479 0.104 0.10644257703081232
0 0.30333333333333334 0.5917366946778712 0.10933333333333334 0.11204481792717087
0 0.4066666666666667 0.8641456582633054 0.09066666666666667 0.11204481792717087
0 0.38666666666666666 0.6897759103641457 0.09066666666666667 0.09523809523809523