0 0.2955729166666667 0.5966145833333333 0.103125 0.1171875
0 0.7963541666666667 0.20260416666666667 0.12083333333333333 0.13697916666666668
0 0.48776041666666664 0.17994791666666668 0.1 0.08072916666666667
0 0.3497395833333333 0.11276041666666667 0.15520833333333334 0.12135416666666667
0 0.4513020833333333 0.9205729166666666 0.15625 0.14583333333333334
0 0.6713541666666667 0.6572916666666667 0.1484375 0.12760416666666666
0 0.6385416666666667 0.5575520833333333 0.07135416666666666 0.078125
0 0.89375 0.6934895833333333 0.12291666666666666 0.1328125
0 0.696875 0.7703125 0.13541666666666666 0.1140625
0 0.8138020833333334 0.5411458333333333 0.08802083333333334 0.10052083333333334
0 0.6677083333333333 0.11536458333333334 0.10520833333333333 0.1
0 0.7130208333333333 0.8861979166666667 0.109375 0.08802083333333334
0 0.9104166666666667 0.46015625 0.1203125 0.1
0 0.5208333333333334 0.0859375 0.10364583333333334 0.08958333333333333
0 0.73203125 0.27369791666666665 0.08541666666666667 0.09166666666666666
0 0.19895833333333332 0.22578125 0.12447916666666667 0.10625
0 0.19114583333333332 0.40651041666666665 0.09375 0.09895833333333333
0 0.41302083333333334 0.7940104166666667 0.08958333333333333 0.08333333333333333
0 0.5497395833333333 0.8169270833333333 0.121875 0.0953125
0 0.9161458333333333 0.56875 0.08697916666666666 0.09947916666666666
0 0.6223958333333334 0.20572916666666666 0.09791666666666667 0.09739583333333333
0 0.10416666666666667 0.3567708333333333 0.09791666666666667 0.125
0 0.31276041666666665 0.74375 0.0828125 0.08072916666666667
0 0.59453125 0.9208333333333333 0.09635416666666667 0.07864583333333333
0 0.3299479166666667 0.36432291666666666 0.121875 0.096875
0 0.8208333333333333 0.8130208333333333 0.10677083333333333 0.08802083333333334
0 0.7359375 0.5375 0.07604166666666666 0.08645833333333333
0 0.44817708333333334 0.37578125 0.07239583333333334 0.06666666666666667
0 0.215625 0.6427083333333333 0.09791666666666667 0.12864583333333332
0 0.5880208333333333 0.284375 0.09010416666666667 0.0828125
0 0.18411458333333333 0.7625 0.09270833333333334 0.10520833333333333
0 0.43671875 0.48385416666666664 0.06614583333333333 0.0625
0 0.7875 0.6661458333333333 0.08854166666666667 0.08645833333333333
0 0.30364583333333334 0.8432291666666667 0.121875 0.11979166666666667
0 0.24791666666666667 0.3 0.08020833333333334 0.08072916666666667
0 0.5747395833333333 0.4588541666666667 0.0625 0.06666666666666667
0 0.38307291666666665 0.43411458333333336 0.08020833333333334 0.08020833333333334
0 0.17994791666666668 0.52265625 0.08333333333333333 0.08854166666666667
0 0.3763020833333333 0.6815104166666667 0.0765625 0.075
0 0.8890625 0.3377604166666667 0.1078125 0.14375
0 0.28151041666666665 0.47604166666666664 0.0671875 0.07447916666666667
0 0.47317708333333336 0.72265625 0.07447916666666667 0.06302083333333333
0 0.3578125 0.22265625 0.11927083333333334 0.103125
0 0.06432291666666666 0.5140625 0.09427083333333333 0.13854166666666667
0 0.4192708333333333 0.6138020833333333 0.07135416666666666 0.08020833333333334
0 0.36484375 0.5270833333333333 0.07395833333333333 0.08541666666666667
0 0.5848958333333333 0.6252604166666667 0.06927083333333334 0.05625
0 0.45546875 0.2833333333333333 0.1625 0.1
0 0.6723958333333333 0.3333333333333333 0.06145833333333333 0.06822916666666666
0 0.615625 0.39453125 0.0625 0.0671875
0 0.49557291666666664 0.4317708333333333 0.06927083333333334 0.05625
0 0.48385416666666664 0.56640625 0.07083333333333333 0.06770833333333333
0 0.49895833333333334 0.6458333333333334 0.07135416666666666 0.057291666666666664
0 0.6565104166666667 0.46796875 0.0625 0.07552083333333333
0 0.10546875 0.6567708333333333 0.0890625 0.11145833333333334
0 0.5638020833333334 0.7190104166666667 0.06197916666666667 0.0578125
0 0.73515625 0.43072916666666666 0.08020833333333334 0.11041666666666666
0 0.8111979166666666 0.39348958333333334 0.07760416666666667 0.14166666666666666
0 0.56796875 0.55078125 0.06510416666666667 0.06041666666666667
0 0.5356770833333333 0.36171875 0.07708333333333334 0.058854166666666666