0 0.27838541666666666 0.5442708333333334 0.09322916666666667 0.109375
0 0.859375 0.2830729166666667 0.109375 0.128125
0 0.565625 0.18645833333333334 0.09427083333333333 0.07239583333333334
0 0.4479166666666667 0.08776041666666666 0.146875 0.1078125
0 0.35078125 0.8963541666666667 0.1453125 0.13333333333333333
0 0.628125 0.6940104166666666 0.1390625 0.11510416666666666
0 0.6205729166666667 0.5893229166666667 0.06510416666666667 0.07291666666666667
0 0.83515625 0.7828125 0.11197916666666667 0.1234375
0 0.6255208333333333 0.8098958333333334 0.12708333333333333 0.10260416666666666
0 0.79453125 0.6158854166666666 0.0796875 0.09375
0 0.7559895833333333 0.1671875 0.09739583333333333 0.09166666666666666
0 0.61328125 0.9260416666666667 0.103125 0.07864583333333333
0 0.9080729166666667 0.5606770833333333 0.11354166666666667 0.08958333333333333
0 0.6203125 0.10338541666666666 0.09739583333333333 0.08072916666666667
0 0.7796875 0.33645833333333336 0.07760416666666667 0.08489583333333334
0 0.27421875 0.1609375 0.11666666666666667 0.09583333333333334
0 0.22291666666666668 0.334375 0.0859375 0.09166666666666666
0 0.34453125 0.7643229166666666 0.08333333333333333 0.07604166666666666
0 0.47161458333333334 0.81953125 0.11510416666666666 0.08489583333333334
0 0.8872395833333333 0.6671875 0.07864583333333333 0.09270833333333334
0 0.68984375 0.24401041666666667 0.090625 0.08958333333333333
0 0.15078125 0.26510416666666664 0.0875 0.11822916666666666
0 0.259375 0.6911458333333333 0.0765625 0.07395833333333333
0 0.48984375 0.93125 0.090625 0.0703125
0 0.36770833333333336 0.32708333333333334 0.11510416666666666 0.08645833333333333
0 0.7354166666666667 0.8815104166666666 0.10052083333333334 0.07864583333333333
0 0.7197916666666667 0.5934895833333333 0.06875 0.08072916666666667
0 0.4796875 0.36692708333333335 0.0671875 0.06041666666666667
0 0.18932291666666667 0.56953125 0.08645833333333333 0.121875
0 0.6377604166666667 0.31197916666666664 0.08385416666666666 0.07552083333333333
0 0.12994791666666666 0.6783854166666666 0.08385416666666666 0.0984375
0 0.44244791666666666 0.46901041666666665 0.06145833333333333 0.05677083333333333
0 0.7385416666666667 0.7307291666666667 0.08229166666666667 0.07916666666666666
0 0.2265625 0.7854166666666667 0.1125 0.11041666666666666
0 0.30364583333333334 0.24505208333333334 0.07395833333333333 0.07447916666666667
0 0.5825520833333333 0.478125 0.057291666666666664 0.06197916666666667
0 0.40260416666666665 0.4078125 0.07395833333333333 0.07395833333333333
0 0.18411458333333333 0.44453125 0.07604166666666666 0.08229166666666667
0 0.3359375 0.64609375 0.0703125 0.06927083333333334
0 0.9166666666666666 0.43671875 0.0953125 0.13645833333333332
0 0.29375 0.4239583333333333 0.06145833333333333 0.06927083333333334
0 0.4200520833333333 0.7096354166666666 0.0703125 0.05677083333333333
0 0.42916666666666664 0.19635416666666666 0.11145833333333334 0.09322916666666667
0 0.07395833333333333 0.4083333333333333 0.08229166666666667 0.13229166666666667
0 0.39427083333333335 0.5911458333333334 0.06458333333333334 0.075
0 0.36223958333333334 0.4934895833333333 0.06666666666666667 0.08020833333333334
0 0.5520833333333334 0.6419270833333334 0.065625 0.05
0 0.5091145833333334 0.27890625 0.15677083333333333 0.08489583333333334
0 0.7075520833333333 0.37994791666666666 0.05572916666666667 0.0640625
0 0.6377604166666667 0.42552083333333335 0.057291666666666664 0.0625
0 0.5122395833333333 0.4328125 0.06510416666666667 0.050520833333333334
0 0.46848958333333335 0.5604166666666667 0.065625 0.06197916666666667
0 0.46380208333333334 0.64140625 0.0671875 0.051041666666666666
0 0.6596354166666667 0.5067708333333333 0.05625 0.07135416666666666
0 0.07916666666666666 0.5567708333333333 0.0796875 0.10520833333333333
0 0.5088541666666667 0.728125 0.057291666666666664 0.05260416666666667
0 0.7447916666666666 0.4895833333333333 0.0703125 0.10520833333333333
0 0.8278645833333333 0.47213541666666664 0.06458333333333334 0.13802083333333334
0 0.5536458333333333 0.565625 0.06041666666666667 0.05520833333333333
0 0.56796875 0.37447916666666664 0.07291666666666667 0.052083333333333336