0 0.37838541666666664 0.703125 0.09010416666666667 0.07083333333333333
0 0.42265625 0.2557291666666667 0.0828125 0.06197916666666667
0 0.8807291666666667 0.6872395833333333 0.0875 0.11302083333333333
0 0.15755208333333334 0.25859375 0.090625 0.1046875
0 0.7625 0.45755208333333336 0.06458333333333334 0.06979166666666667
0 0.24609375 0.5005208333333333 0.06822916666666666 0.071875
0 0.6369791666666667 0.2669270833333333 0.07447916666666667 0.06770833333333333
0 0.4166666666666667 0.8997395833333334 0.08697916666666666 0.07552083333333333
0 0.6565104166666667 0.38385416666666666 0.0609375 0.06822916666666666
0 0.21197916666666666 0.79296875 0.08229166666666667 0.07604166666666666
0 0.6375 0.8083333333333333 0.0765625 0.06822916666666666
0 0.5986979166666667 0.32890625 0.071875 0.06510416666666667
0 0.34375 0.11744791666666667 0.08385416666666666 0.07135416666666666
0 0.45078125 0.8184895833333333 0.07864583333333333 0.06979166666666667
0 0.7052083333333333 0.23255208333333333 0.06979166666666667 0.06354166666666666
0 0.65703125 0.11848958333333333 0.075 0.06875
0 0.7239583333333334 0.6088541666666667 0.06927083333333334 0.05572916666666667
0 0.7510416666666667 0.5369791666666667 0.07916666666666666 0.08333333333333333
0 0.18125 0.584375 0.06666666666666667 0.0734375
0 0.4703125 0.6583333333333333 0.06666666666666667 0.0609375
0 0.6221354166666667 0.7158854166666667 0.07395833333333333 0.07291666666666667
0 0.5177083333333333 0.9184895833333333 0.084375 0.0625
0 0.753125 0.15859375 0.08802083333333334 0.06770833333333333
0 0.82421875 0.6088541666666667 0.059375 0.09166666666666666
0 0.8145833333333333 0.7869791666666667 0.07552083333333333 0.0859375
0 0.3151041666666667 0.8580729166666666 0.1015625 0.06822916666666666
0 0.84921875 0.23854166666666668 0.08854166666666667 0.07447916666666667
0 0.5677083333333334 0.096875 0.08489583333333334 0.06302083333333333
0 0.921875 0.5783854166666667 0.06822916666666666 0.08489583333333334
0 0.1671875 0.4973958333333333 0.0703125 0.0703125
0 0.45598958333333334 0.7265625 0.0671875 0.06822916666666666
0 0.27005208333333336 0.71796875 0.06666666666666667 0.06197916666666667
0 0.07994791666666666 0.48359375 0.07864583333333333 0.0765625
0 0.31614583333333335 0.44895833333333335 0.05572916666666667 0.06354166666666666
0 0.73671875 0.8520833333333333 0.0765625 0.08125
0 0.8177083333333334 0.3567708333333333 0.059895833333333336 0.059375
0 0.221875 0.6625 0.058333333333333334 0.05677083333333333
0 0.2799479166666667 0.24661458333333333 0.07552083333333333 0.06770833333333333
0 0.3221354166666667 0.5200520833333333 0.058333333333333334 0.06822916666666666
0 0.6109375 0.6317708333333333 0.06822916666666666 0.065625
0 0.5018229166666667 0.23880208333333333 0.071875 0.06510416666666667
0 0.5716145833333334 0.4591145833333333 0.05677083333333333 0.058854166666666666
0 0.09244791666666667 0.37395833333333334 0.07239583333333334 0.0953125
0 0.5380208333333333 0.7309895833333333 0.0765625 0.08072916666666667
0 0.53671875 0.16276041666666666 0.06875 0.057291666666666664
0 0.8411458333333334 0.4278645833333333 0.0625 0.06354166666666666
0 0.4046875 0.6390625 0.065625 0.052083333333333336
0 0.5466145833333333 0.82421875 0.06875 0.07760416666666667
0 0.8447916666666667 0.5106770833333333 0.06770833333333333 0.08125
0 0.3924479166666667 0.33307291666666666 0.0609375 0.05625
0 0.25729166666666664 0.415625 0.06145833333333333 0.07552083333333333
0 0.35833333333333334 0.19661458333333334 0.06875 0.0640625
0 0.08802083333333334 0.5864583333333333 0.07083333333333333 0.0875
0 0.43984375 0.5822916666666667 0.059375 0.05
0 0.7111979166666667 0.7544270833333333 0.06666666666666667 0.07083333333333333
0 0.5658854166666667 0.37552083333333336 0.059895833333333336 0.051041666666666666
0 0.9109375 0.34401041666666665 0.08385416666666666 0.11145833333333334
0 0.33515625 0.3809895833333333 0.053125 0.0578125
0 0.26953125 0.5768229166666666 0.0625 0.0640625
0 0.4627604166666667 0.0875 0.09010416666666667 0.0765625
0 0.7666666666666667 0.28671875 0.065625 0.06197916666666667
0 0.6911458333333333 0.45260416666666664 0.057291666666666664 0.06770833333333333
0 0.5653645833333333 0.24869791666666666 0.059895833333333336 0.050520833333333334
0 0.7395833333333334 0.38776041666666666 0.0625 0.05364583333333333
0 0.4979166666666667 0.3614583333333333 0.0625 0.05
0 0.5682291666666667 0.58359375 0.052083333333333336 0.0515625
0 0.21484375 0.3171875 0.0609375 0.0703125
0 0.2875 0.34036458333333336 0.059375 0.06458333333333334
0 0.5348958333333333 0.534375 0.0640625 0.0515625
0 0.60390625 0.53984375 0.052083333333333336 0.05625
0 0.5432291666666667 0.6520833333333333 0.057291666666666664 0.05260416666666667
0 0.43463541666666666 0.459375 0.0578125 0.0734375
0 0.3765625 0.4856770833333333 0.0421875 0.04583333333333333
0 0.39557291666666666 0.5408854166666667 0.049479166666666664 0.05260416666666667
0 0.14192708333333334 0.696875 0.0890625 0.10729166666666666
0 0.6861979166666666 0.5140625 0.04479166666666667 0.0515625
0 0.1796875 0.4010416666666667 0.050520833333333334 0.09322916666666667
0 0.4596354166666667 0.5268229166666667 0.050520833333333334 0.04479166666666667
0 0.6346354166666667 0.48203125 0.043229166666666666 0.05625
0 0.44817708333333334 0.16536458333333334 0.078125 0.078125
0 0.38984375 0.4278645833333333 0.042708333333333334 0.05677083333333333
0 0.5348958333333333 0.30833333333333335 0.057291666666666664 0.0421875
0 0.309375 0.6458333333333334 0.07239583333333334 0.07447916666666667
0 0.35208333333333336 0.7752604166666667 0.10052083333333334 0.07083333333333333
0 0.6356770833333333 0.9044270833333333 0.08854166666666667 0.08125
0 0.9330729166666667 0.46328125 0.0828125 0.11041666666666666
0 0.240625 0.171875 0.08072916666666667 0.08125
0 0.33671875 0.28619791666666666 0.06927083333333334 0.06979166666666667
0 0.6622395833333333 0.5708333333333333 0.05 0.06666666666666667
0 0.6234375 0.190625 0.0734375 0.04791666666666667
0 0.696875 0.3255208333333333 0.06770833333333333 0.06041666666666667
0 0.4671875 0.30416666666666664 0.05572916666666667 0.04479166666666667
0 0.6145833333333334 0.42473958333333334 0.0484375 0.051041666666666666
0 0.5078125 0.4239583333333333 0.06458333333333334 0.05416666666666667
0 0.43307291666666664 0.38385416666666666 0.0546875 0.05364583333333333
0 0.6778645833333333 0.6658854166666667 0.06458333333333334 0.06614583333333333
0 0.7760416666666666 0.6861979166666666 0.06302083333333333 0.07291666666666667
0 0.3567708333333333 0.5864583333333333 0.0515625 0.059895833333333336
0 0.50625 0.5950520833333334 0.059375 0.05364583333333333