0 0.3966145833333333 0.7130208333333333 0.08697916666666666 0.06666666666666667
0 0.4015625 0.26328125 0.08020833333333334 0.058333333333333334
0 0.8958333333333334 0.6533854166666667 0.08229166666666667 0.109375
0 0.13802083333333334 0.28932291666666665 0.08541666666666667 0.10052083333333334
0 0.7578125 0.4348958333333333 0.0609375 0.06666666666666667
0 0.24713541666666666 0.52265625 0.06458333333333334 0.06875
0 0.6161458333333333 0.2559895833333333 0.07135416666666666 0.0640625
0 0.4518229166666667 0.90546875 0.08333333333333333 0.07135416666666666
0 0.6455729166666667 0.37057291666666664 0.0578125 0.065625
0 0.23854166666666668 0.8169270833333333 0.07864583333333333 0.07239583333333334
0 0.6638020833333333 0.7950520833333333 0.0734375 0.06458333333333334
0 0.5833333333333334 0.32083333333333336 0.06875 0.06145833333333333
0 0.3109375 0.13229166666666667 0.08072916666666667 0.06770833333333333
0 0.47890625 0.8216145833333334 0.07552083333333333 0.065625
0 0.6809895833333334 0.21588541666666666 0.06666666666666667 0.059895833333333336
0 0.6231770833333333 0.10651041666666666 0.071875 0.06510416666666667
0 0.7325520833333333 0.5888020833333333 0.06666666666666667 0.052083333333333336
0 0.7533854166666667 0.51484375 0.07552083333333333 0.07916666666666666
0 0.18984375 0.6119791666666666 0.06302083333333333 0.0703125
0 0.484375 0.66015625 0.0640625 0.0578125
0 0.640625 0.7044270833333334 0.0703125 0.06927083333333334
0 0.5541666666666667 0.9153645833333334 0.08177083333333333 0.058333333333333334
0 0.7223958333333333 0.13776041666666666 0.08489583333333334 0.06354166666666666
0 0.8325520833333333 0.5802083333333333 0.0546875 0.0890625
0 0.8385416666666666 0.7583333333333333 0.07135416666666666 0.08229166666666667
0 0.34713541666666664 0.87265625 0.0984375 0.06302083333333333
0 0.8252604166666667 0.20911458333333333 0.08489583333333334 0.0703125
0 0.5322916666666667 0.09270833333333334 0.08229166666666667 0.058854166666666666
0 0.9270833333333334 0.5411458333333333 0.0640625 0.08177083333333333
0 0.16822916666666668 0.5263020833333333 0.06666666666666667 0.0671875
0 0.47578125 0.7296875 0.0640625 0.06510416666666667
0 0.29010416666666666 0.7372395833333333 0.0640625 0.058854166666666666
0 0.08020833333333334 0.5203125 0.075 0.07239583333333334
0 0.3125 0.46536458333333336 0.05260416666666667 0.0609375
0 0.76640625 0.8299479166666667 0.07291666666666667 0.07760416666666667
0 0.8041666666666667 0.3296875 0.057291666666666664 0.05677083333333333
0 0.23697916666666666 0.6861979166666666 0.05572916666666667 0.05416666666666667
0 0.25859375 0.26666666666666666 0.07239583333333334 0.0640625
0 0.32447916666666665 0.5354166666666667 0.05520833333333333 0.065625
0 0.621875 0.6216145833333333 0.06510416666666667 0.0625
0 0.4791666666666667 0.23958333333333334 0.06875 0.06145833333333333
0 0.5677083333333334 0.45286458333333335 0.05416666666666667 0.05625
0 0.08307291666666666 0.40989583333333335 0.06770833333333333 0.0921875
0 0.5580729166666667 0.7268229166666667 0.07291666666666667 0.07708333333333334
0 0.50703125 0.16067708333333333 0.06614583333333333 0.05416666666666667
0 0.8333333333333334 0.3984375 0.059375 0.06041666666666667
0 0.4171875 0.646875 0.06354166666666666 0.04895833333333333
0 0.5744791666666667 0.8190104166666666 0.06458333333333334 0.07447916666666667
0 0.84453125 0.48072916666666665 0.0640625 0.078125
0 0.378125 0.34296875 0.058333333333333334 0.05364583333333333
0 0.25104166666666666 0.43723958333333335 0.0578125 0.07291666666666667
0 0.33229166666666665 0.21015625 0.065625 0.0609375
0 0.09713541666666667 0.6221354166666667 0.06666666666666667 0.084375
0 0.4473958333333333 0.5872395833333334 0.057291666666666664 0.04739583333333333
0 0.7325520833333333 0.73515625 0.06302083333333333 0.06770833333333333
0 0.5546875 0.3703125 0.0578125 0.0484375
0 0.8955729166666667 0.30859375 0.07864583333333333 0.1078125
0 0.3255208333333333 0.3958333333333333 0.050520833333333334 0.05572916666666667
0 0.27708333333333335 0.5966145833333333 0.059375 0.0609375
0 0.4270833333333333 0.09244791666666667 0.08645833333333333 0.07239583333333334
0 0.746875 0.2643229166666667 0.06302083333333333 0.058854166666666666
0 0.6864583333333333 0.4359375 0.05416666666666667 0.06510416666666667
0 0.5432291666666667 0.24401041666666667 0.0578125 0.04791666666666667
0 0.72890625 0.36744791666666665 0.06041666666666667 0.050520833333333334
0 0.4859375 0.36223958333333334 0.06041666666666667 0.046875
0 0.5752604166666667 0.57734375 0.05 0.049479166666666664
0 0.2 0.34270833333333334 0.057291666666666664 0.06770833333333333
0 0.27421875 0.359375 0.05625 0.06197916666666667
0 0.5377604166666666 0.5309895833333333 0.06197916666666667 0.0484375
0 0.60703125 0.5307291666666667 0.049479166666666664 0.05416666666666667
0 0.55625 0.64765625 0.05520833333333333 0.05
0 0.4315104166666667 0.46536458333333336 0.05416666666666667 0.07083333333333333
0 0.37578125 0.49635416666666665 0.03958333333333333 0.04375
0 0.39947916666666666 0.55 0.04739583333333333 0.050520833333333334
0 0.16041666666666668 0.72734375 0.08385416666666666 0.103125
0 0.68671875 0.49765625 0.042708333333333334 0.049479166666666664
0 0.17239583333333333 0.42942708333333335 0.04583333333333333 0.090625
0 0.4622395833333333 0.53046875 0.0484375 0.042708333333333334
0 0.6325520833333333 0.4703125 0.040625 0.05416666666666667
0 0.4192708333333333 0.17109375 0.07447916666666667 0.07447916666666667
0 0.3841145833333333 0.43776041666666665 0.04010416666666667 0.0546875
0 0.51796875 0.3059895833333333 0.05520833333333333 0.03958333333333333
0 0.3229166666666667 0.6619791666666667 0.06875 0.07083333333333333
0 0.3765625 0.7869791666666667 0.09739583333333333 0.065625
0 0.6703125 0.8911458333333333 0.08489583333333334 0.07708333333333334
0 0.928125 0.42552083333333335 0.07760416666666667 0.10625
0 0.21302083333333333 0.19583333333333333 0.07708333333333334 0.07760416666666667
0 0.31875 0.30130208333333336 0.06614583333333333 0.06666666666666667
0 0.6677083333333333 0.5565104166666667 0.046875 0.06458333333333334
0 0.59609375 0.18098958333333334 0.07135416666666666 0.044270833333333336
0 0.6807291666666667 0.30911458333333336 0.06510416666666667 0.057291666666666664
0 0.45026041666666666 0.3078125 0.05364583333333333 0.0421875
0 0.6075520833333333 0.41510416666666666 0.04635416666666667 0.04895833333333333
0 0.5013020833333334 0.4236979166666667 0.0625 0.051041666666666666
0 0.4234375 0.39010416666666664 0.05260416666666667 0.051041666666666666
0 0.6916666666666667 0.6497395833333334 0.06145833333333333 0.06302083333333333
0 0.7911458333333333 0.6614583333333334 0.059375 0.0703125
0 0.3651041666666667 0.5986979166666667 0.04895833333333333 0.0578125
0 0.5143229166666666 0.5940104166666667 0.057291666666666664 0.051041666666666666