0 0.42213541666666665 0.65078125 0.1109375 0.10104166666666667
0 0.60390625 0.10651041666666666 0.14791666666666667 0.12447916666666667
0 0.3421875 0.5697916666666667 0.09427083333333333 0.090625
0 0.37447916666666664 0.7427083333333333 0.11354166666666667 0.10364583333333334
0 0.25104166666666666 0.6221354166666667 0.11979166666666667 0.13645833333333332
0 0.41119791666666666 0.89296875 0.140625 0.13958333333333334
0 0.14557291666666666 0.31145833333333334 0.134375 0.16510416666666666
0 0.48828125 0.21692708333333333 0.128125 0.09375
0 0.41458333333333336 0.46927083333333336 0.07604166666666666 0.08229166666666667
0 0.3098958333333333 0.3 0.13385416666666666 0.1328125
0 0.19583333333333333 0.7630208333333334 0.13958333333333334 0.17395833333333333
0 0.53984375 0.77421875 0.14322916666666666 0.11875
0 0.6552083333333333 0.25546875 0.12552083333333333 0.12291666666666666
0 0.6778645833333333 0.8541666666666666 0.17604166666666668 0.13697916666666668
0 0.78125 0.5375 0.12083333333333333 0.14739583333333334
0 0.22395833333333334 0.4627604166666667 0.08385416666666666 0.11510416666666666
0 0.49192708333333335 0.41510416666666666 0.07916666666666666 0.0703125
0 0.6026041666666667 0.35 0.0859375 0.0859375
0 0.7033854166666667 0.6880208333333333 0.10989583333333333 0.10260416666666666
0 0.64296875 0.6135416666666667 0.1046875 0.09427083333333333
0 0.6755208333333333 0.41822916666666665 0.09010416666666667 0.08072916666666667
0 0.33229166666666665 0.46536458333333336 0.0875 0.11875
0 0.8666666666666667 0.6908854166666667 0.140625 0.1515625
0 0.678125 0.5067708333333333 0.0734375 0.096875
0 0.396875 0.3671875 0.09114583333333333 0.0796875
0 0.5651041666666666 0.5541666666666667 0.09270833333333334 0.0859375
0 0.7700520833333333 0.3690104166666667 0.08697916666666666 0.11041666666666666
0 0.4981770833333333 0.32708333333333334 0.1 0.09375
0 0.5799479166666667 0.44244791666666666 0.07864583333333333 0.08489583333333334
0 0.09036458333333333 0.5236979166666667 0.128125 0.16145833333333334
0 0.8393229166666667 0.22786458333333334 0.13645833333333332 0.15625
0 0.34088541666666666 0.13359375 0.146875 0.14739583333333334
0 0.9309895833333334 0.44036458333333334 0.09270833333333334 0.20364583333333333
0 0.4557291666666667 0.5700520833333333 0.09010416666666667 0.0875
0 0.5385416666666667 0.6614583333333334 0.09583333333333334 0.0890625