0 0.6119791666666666 0.62734375 0.10572916666666667 0.09479166666666666
0 0.30416666666666664 0.14322916666666666 0.1421875 0.11614583333333334
0 0.6697916666666667 0.5296875 0.08958333333333333 0.08541666666666667
0 0.68046875 0.7052083333333333 0.10833333333333334 0.09739583333333333
0 0.77109375 0.5583333333333333 0.1125 0.13020833333333334
0 0.68125 0.8598958333333333 0.1328125 0.13229166666666667
0 0.7981770833333334 0.23125 0.125 0.15885416666666666
0 0.4427083333333333 0.22239583333333332 0.12395833333333334 0.0859375
0 0.5752604166666667 0.44947916666666665 0.071875 0.078125
0 0.6361979166666667 0.2598958333333333 0.12708333333333333 0.12604166666666666
0 0.8588541666666667 0.6817708333333333 0.1296875 0.1671875
0 0.5278645833333333 0.77578125 0.1375 0.1109375
0 0.29010416666666666 0.30026041666666664 0.11875 0.11666666666666667
0 0.41302083333333334 0.88671875 0.16979166666666667 0.12708333333333333
0 0.23619791666666667 0.6044270833333333 0.1125 0.14166666666666666
0 0.7588541666666667 0.3971354166666667 0.07708333333333334 0.11145833333333334
0 0.4875 0.415625 0.07604166666666666 0.065625
0 0.36432291666666666 0.37942708333333336 0.08125 0.08125
0 0.34817708333333336 0.7315104166666667 0.1046875 0.096875
0 0.3888020833333333 0.6447916666666667 0.1 0.08854166666666667
0 0.3098958333333333 0.4630208333333333 0.0859375 0.07604166666666666
0 0.6541666666666667 0.42578125 0.08072916666666667 0.11458333333333333
0 0.19036458333333334 0.7739583333333333 0.13229166666666667 0.14427083333333332
0 0.32890625 0.5497395833333333 0.06770833333333333 0.09322916666666667
0 0.5677083333333334 0.34609375 0.0875 0.07447916666666667
0 0.45 0.5682291666666667 0.08854166666666667 0.08072916666666667
0 0.20625 0.43802083333333336 0.08072916666666667 0.10625
0 0.45989583333333334 0.33177083333333335 0.0953125 0.08802083333333334
0 0.4083333333333333 0.4635416666666667 0.07395833333333333 0.08072916666666667
0 0.903125 0.4239583333333333 0.11927083333333334 0.15520833333333334
0 0.10494791666666667 0.3182291666666667 0.128125 0.14895833333333333
0 0.565625 0.10598958333333333 0.1390625 0.13958333333333334
0 0.06744791666666666 0.5463541666666667 0.0796875 0.20104166666666667
0 0.5598958333333334 0.5572916666666666 0.08541666666666667 0.0828125
0 0.5018229166666667 0.6658854166666667 0.09114583333333333 0.08385416666666666