0 0.036875 0.7279151943462897 0.03875 0.045936395759717315
0 0.16 0.8321554770318021 0.09625 0.06478209658421673
0 0.513125 0.8645465253239105 0.0925 0.06949352179034157
0 0.305 0.696113074204947 0.1125 0.0812720848056537
0 0.96375 0.7243816254416962 0.05125 0.05182567726737338
0 0.830625 0.8374558303886925 0.08875 0.061248527679623084
0 0.640625 0.7538280329799765 0.07875 0.06595995288574794
0 0.465625 0.5471142520612485 0.0675 0.04711425206124853
0 0.6325 0.3468786808009423 0.09375 0.05418138987043581
0 0.430625 0.2143698468786808 0.085 0.05535924617196702
0 0.05625 0.4787985865724382 0.0625 0.04004711425206125
0 0.06125 0.3568904593639576 0.03125 0.045936395759717315
0 0.04375 0.20906949352179033 0.03 0.043580683156654886
0 0.11875 0.09481743227326266 0.10125 0.061248527679623084
0 0.32875 0.10306242638398115 0.045 0.05182567726737338
0 0.428125 0.06772673733804475 0.09 0.061248527679623084
0 0.625 0.0983510011778563 0.0575 0.03297997644287397
0 0.689375 0.1071849234393404 0.07375 0.045936395759717315
0 0.7525 0.17608951707891637 0.09375 0.071849234393404
0 0.93625 0.1413427561837456 0.0575 0.048292108362779744
0 0.95625 0.07950530035335689 0.01625 0.02237926972909305
0 0.934375 0.006478209658421673 0.04375 0.012956419316843345