0 0.025 0.7049469964664311 0.03625 0.0447585394581861
0 0.141875 0.8144876325088339 0.09375 0.061248527679623084
0 0.493125 0.8645465253239105 0.09 0.06478209658421673
0 0.294375 0.6866902237926973 0.10875 0.07656065959952886
0 0.950625 0.7467608951707891 0.04875 0.04946996466431095
0 0.81125 0.8533568904593639 0.08625 0.05653710247349823
0 0.626875 0.7603062426383981 0.07625 0.0624263839811543
0 0.463125 0.5453474676089517 0.065 0.0447585394581861
0 0.640625 0.35335689045936397 0.09125 0.04946996466431095
0 0.446875 0.21142520612485277 0.0825 0.050647820965842166
0 0.058125 0.45700824499411075 0.06125 0.03769140164899882
0 0.07 0.33568904593639576 0.02875 0.0447585394581861
0 0.060625 0.18669022379269729 0.0275 0.04240282685512368
0 0.141875 0.07656065959952886 0.09875 0.05653710247349823
0 0.35125 0.09540636042402827 0.0425 0.04946996466431095
0 0.451875 0.06478209658421673 0.0875 0.05653710247349823
0 0.6475 0.10482921083627797 0.05625 0.030624263839811542
0 0.71125 0.11719670200235571 0.07125 0.04240282685512368
0 0.77 0.18904593639575973 0.09 0.06713780918727916
0 0.955 0.16313309776207302 0.055 0.0447585394581861
0 0.97875 0.10247349823321555 0.015 0.02120141342756184
0 0.961875 0.01707891637220259 0.04125 0.03415783274440518