0 0.39895833333333336 0.6268229166666667 0.078125 0.0671875
0 0.7716145833333333 0.83203125 0.09583333333333334 0.08541666666666667
0 0.4908854166666667 0.8390625 0.08333333333333333 0.08697916666666666
0 0.7075520833333333 0.47552083333333334 0.09583333333333334 0.090625
0 0.71484375 0.13828125 0.07239583333333334 0.07239583333333334
0 0.89921875 0.3528645833333333 0.08802083333333334 0.10989583333333333
0 0.09947916666666666 0.6786458333333333 0.06822916666666666 0.08645833333333333
0 0.8083333333333333 0.60390625 0.07864583333333333 0.08489583333333334
0 0.35859375 0.54921875 0.0671875 0.06458333333333334
0 0.27708333333333335 0.5752604166666667 0.08958333333333333 0.08125
0 0.48203125 0.7270833333333333 0.09375 0.08489583333333334
0 0.35052083333333334 0.33541666666666664 0.08229166666666667 0.10625
0 0.4515625 0.08020833333333334 0.11302083333333333 0.09322916666666667
0 0.2604166666666667 0.48359375 0.06354166666666666 0.075
0 0.49140625 0.1796875 0.07552083333333333 0.07864583333333333
0 0.16432291666666668 0.6015625 0.1 0.08541666666666667
0 0.4940104166666667 0.3854166666666667 0.07083333333333333 0.06510416666666667
0 0.5760416666666667 0.7072916666666667 0.07083333333333333 0.10625
0 0.7026041666666667 0.23203125 0.10885416666666667 0.08177083333333333
0 0.31276041666666665 0.6578125 0.10833333333333334 0.058333333333333334
0 0.5744791666666667 0.61796875 0.0734375 0.06614583333333333
0 0.6479166666666667 0.640625 0.0578125 0.08697916666666666
0 0.21640625 0.7041666666666667 0.1328125 0.071875
0 0.5919270833333333 0.18880208333333334 0.10208333333333333 0.0875
0 0.29192708333333334 0.23489583333333333 0.059895833333333336 0.09479166666666666
0 0.4348958333333333 0.2950520833333333 0.06875 0.0796875
0 0.6013020833333333 0.82265625 0.0875 0.12760416666666666
0 0.28541666666666665 0.8815104166666666 0.09583333333333334 0.0828125
0 0.8135416666666667 0.4984375 0.11302083333333333 0.12291666666666666
0 0.28854166666666664 0.39869791666666665 0.059375 0.12239583333333333
0 0.61328125 0.4674479166666667 0.06302083333333333 0.05572916666666667
0 0.08203125 0.38046875 0.07604166666666666 0.11197916666666667
0 0.5984375 0.3268229166666667 0.096875 0.08177083333333333
0 0.690625 0.55859375 0.08072916666666667 0.1015625
0 0.228125 0.16067708333333333 0.078125 0.078125
0 0.5080729166666667 0.9348958333333334 0.078125 0.0515625
0 0.5361979166666667 0.56484375 0.059895833333333336 0.06145833333333333
0 0.6627604166666666 0.38697916666666665 0.08072916666666667 0.0609375
0 0.8119791666666667 0.4119791666666667 0.06927083333333334 0.06614583333333333
0 0.5203125 0.29270833333333335 0.08072916666666667 0.08333333333333333
0 0.153125 0.4942708333333333 0.09270833333333334 0.10520833333333333
0 0.38958333333333334 0.19010416666666666 0.1046875 0.1
0 0.5463541666666667 0.47682291666666665 0.05572916666666667 0.059895833333333336
0 0.2828125 0.7893229166666667 0.06875 0.0546875
0 0.60859375 0.53984375 0.049479166666666664 0.07135416666666666
0 0.9010416666666666 0.60703125 0.0625 0.0859375
0 0.17838541666666666 0.39088541666666665 0.05625 0.07916666666666666
0 0.38307291666666665 0.8161458333333333 0.0953125 0.09583333333333334
0 0.56484375 0.40703125 0.06041666666666667 0.0578125
0 0.6986979166666667 0.7744791666666667 0.05364583333333333 0.07083333333333333
0 0.41510416666666666 0.4044270833333333 0.0640625 0.05260416666666667
0 0.42109375 0.48541666666666666 0.0484375 0.06041666666666667
0 0.48046875 0.4515625 0.05572916666666667 0.049479166666666664
0 0.3796875 0.7169270833333333 0.090625 0.05364583333333333
0 0.21822916666666667 0.29401041666666666 0.0609375 0.13020833333333334
0 0.7578125 0.6916666666666667 0.0921875 0.10885416666666667
0 0.7596354166666667 0.32083333333333336 0.11041666666666666 0.09947916666666666
0 0.35442708333333334 0.46875 0.058854166666666666 0.08489583333333334
0 0.48932291666666666 0.6359375 0.0640625 0.057291666666666664
0 0.44427083333333334 0.56875 0.059375 0.05625