0 0.5872395833333334 0.63671875 0.084375 0.07447916666666667
0 0.19505208333333332 0.8018229166666667 0.10364583333333334 0.09479166666666666
0 0.47369791666666666 0.8380208333333333 0.09166666666666666 0.09479166666666666
0 0.29609375 0.45390625 0.10416666666666667 0.1
0 0.32421875 0.11796875 0.0796875 0.0796875
0 0.11822916666666666 0.31197916666666664 0.0984375 0.11822916666666666
0 0.8796875 0.71953125 0.0765625 0.09270833333333334
0 0.18255208333333334 0.57109375 0.08645833333333333 0.0921875
0 0.6354166666666666 0.5635416666666667 0.0734375 0.07135416666666666
0 0.7138020833333333 0.5981770833333333 0.096875 0.08958333333333333
0 0.4940104166666667 0.7278645833333334 0.1015625 0.09375
0 0.6658854166666667 0.35182291666666665 0.09270833333333334 0.11354166666666667
0 0.5921875 0.0875 0.121875 0.10416666666666667
0 0.7401041666666667 0.5088541666666667 0.07083333333333333 0.08125
0 0.5421875 0.18255208333333334 0.0828125 0.0859375
0 0.8234375 0.6359375 0.1078125 0.0953125
0 0.51796875 0.38671875 0.07708333333333334 0.071875
0 0.40260416666666665 0.6981770833333333 0.08125 0.11302083333333333
0 0.3265625 0.2125 0.11614583333333334 0.0921875
0 0.66953125 0.6763020833333333 0.11354166666666667 0.06875
0 0.41354166666666664 0.6096354166666667 0.0796875 0.0734375
0 0.33828125 0.6244791666666667 0.06614583333333333 0.0921875
0 0.7609375 0.7328125 0.1390625 0.08541666666666667
0 0.44114583333333335 0.18072916666666666 0.11041666666666666 0.09739583333333333
0 0.7346354166666667 0.25807291666666665 0.06927083333333334 0.1
0 0.5861979166666667 0.303125 0.07604166666666666 0.08645833333333333
0 0.365625 0.8104166666666667 0.1 0.13541666666666666
0 0.6734375 0.9018229166666667 0.10364583333333334 0.0921875
0 0.18828125 0.465625 0.125 0.13333333333333333
0 0.7208333333333333 0.42135416666666664 0.071875 0.12760416666666666
0 0.39088541666666665 0.45598958333333334 0.06822916666666666 0.06197916666666667
0 0.928125 0.42473958333333334 0.08697916666666666 0.11927083333333334
0 0.4200520833333333 0.31744791666666666 0.10416666666666667 0.09114583333333333
0 0.30416666666666664 0.5385416666666667 0.090625 0.10885416666666667
0 0.8057291666666667 0.19088541666666667 0.08541666666666667 0.08541666666666667
0 0.44635416666666666 0.9315104166666667 0.0828125 0.058854166666666666
0 0.45703125 0.5606770833333333 0.065625 0.0671875
0 0.35 0.37057291666666664 0.08645833333333333 0.06875
0 0.19895833333333332 0.37994791666666666 0.07552083333333333 0.07291666666666667
0 0.5015625 0.2916666666666667 0.08854166666666667 0.090625
0 0.8455729166666667 0.5307291666666667 0.103125 0.1140625
0 0.6421875 0.20338541666666668 0.11458333333333333 0.11041666666666666
0 0.45625 0.47213541666666664 0.06145833333333333 0.06510416666666667
0 0.6856770833333333 0.8104166666666667 0.07395833333333333 0.06145833333333333
0 0.3880208333333333 0.528125 0.05677083333333333 0.07552083333333333
0 0.08984375 0.5645833333333333 0.07083333333333333 0.09166666666666666
0 0.83125 0.42526041666666664 0.06354166666666666 0.084375
0 0.5833333333333334 0.8265625 0.1046875 0.10520833333333333
0 0.4453125 0.40078125 0.065625 0.06354166666666666
0 0.27395833333333336 0.7520833333333333 0.0609375 0.07552083333333333
0 0.59453125 0.41380208333333335 0.06875 0.058854166666666666
0 0.5799479166666667 0.49375 0.05416666666666667 0.06458333333333334
0 0.5244791666666667 0.45390625 0.06041666666666667 0.0546875
0 0.596875 0.7283854166666667 0.0953125 0.0625
0 0.8018229166666667 0.32447916666666665 0.07395833333333333 0.13541666666666666
0 0.22369791666666666 0.6635416666666667 0.10260416666666666 0.11770833333333333
0 0.2604166666666667 0.2947916666666667 0.11979166666666667 0.10989583333333333
0 0.6481770833333333 0.48411458333333335 0.0671875 0.09010416666666667
0 0.49635416666666665 0.6361979166666667 0.06927083333333334 0.06354166666666666
0 0.5484375 0.57421875 0.06458333333333334 0.06197916666666667