0 0.3098958333333333 0.46901041666666665 0.0921875 0.08958333333333333
0 0.32760416666666664 0.24348958333333334 0.103125 0.0796875
0 0.49270833333333336 0.8197916666666667 0.0828125 0.0875
0 0.5260416666666666 0.20729166666666668 0.07395833333333333 0.075
0 0.4328125 0.20911458333333333 0.09791666666666667 0.0859375
0 0.41953125 0.33541666666666664 0.0921875 0.078125
0 0.7044270833333334 0.5833333333333334 0.08697916666666666 0.08125
0 0.5885416666666666 0.6252604166666667 0.07708333333333334 0.06666666666666667
0 0.4942708333333333 0.309375 0.0796875 0.08020833333333334
0 0.6026041666666667 0.7104166666666667 0.0859375 0.05520833333333333
0 0.8072916666666666 0.6138020833333333 0.09583333333333334 0.084375
0 0.5520833333333334 0.084375 0.10833333333333334 0.08854166666666667
0 0.390625 0.7986979166666667 0.08645833333333333 0.1234375
0 0.7541666666666667 0.7078125 0.12552083333333333 0.071875
0 0.6486979166666667 0.35651041666666666 0.08177083333333333 0.1015625
0 0.20859375 0.58359375 0.078125 0.0828125
0 0.4265625 0.60859375 0.071875 0.06614583333333333
0 0.5059895833333333 0.7161458333333334 0.09166666666666666 0.084375
0 0.59453125 0.803125 0.09427083333333333 0.09375
0 0.20963541666666666 0.48411458333333335 0.11197916666666667 0.11875
0 0.7252604166666666 0.4986979166666667 0.06302083333333333 0.07291666666666667
0 0.29401041666666666 0.13255208333333332 0.07135416666666666 0.06979166666666667
0 0.51328125 0.39609375 0.06927083333333334 0.06354166666666666
0 0.7106770833333333 0.8799479166666667 0.09479166666666666 0.08385416666666666
0 0.41953125 0.6916666666666667 0.07135416666666666 0.103125
0 0.9252604166666667 0.43255208333333334 0.07552083333333333 0.10520833333333333
0 0.44973958333333336 0.93671875 0.0765625 0.0546875
0 0.4588541666666667 0.55390625 0.06041666666666667 0.0609375
0 0.32109375 0.546875 0.08072916666666667 0.09895833333333333
0 0.46015625 0.47734375 0.05416666666666667 0.058333333333333334
0 0.6674479166666667 0.6591145833333333 0.10364583333333334 0.059375
0 0.21302083333333333 0.8138020833333334 0.09270833333333334 0.0859375
0 0.6385416666666667 0.4796875 0.06041666666666667 0.08020833333333334
0 0.8010416666666667 0.19375 0.075 0.07291666666666667
0 0.63046875 0.55390625 0.06510416666666667 0.06302083333333333
0 0.5854166666666667 0.4171875 0.06197916666666667 0.05260416666666667
0 0.35651041666666666 0.38958333333333334 0.07760416666666667 0.059895833333333336
0 0.77265625 0.3268229166666667 0.06302083333333333 0.1203125
0 0.44557291666666665 0.4119791666666667 0.0578125 0.057291666666666664
0 0.35625 0.6268229166666667 0.058854166666666666 0.084375
0 0.8072916666666666 0.41848958333333336 0.059895833333333336 0.08333333333333333
0 0.68828125 0.7830729166666667 0.06666666666666667 0.05416666666666667
0 0.39765625 0.46640625 0.0609375 0.058333333333333334
0 0.8231770833333333 0.5143229166666666 0.09010416666666667 0.10208333333333333
0 0.21614583333333334 0.4046875 0.06822916666666666 0.0640625
0 0.11380208333333333 0.32838541666666665 0.08020833333333334 0.10885416666666667
0 0.5723958333333333 0.31588541666666664 0.06614583333333333 0.07708333333333334
0 0.39895833333333336 0.5333333333333333 0.0484375 0.0671875
0 0.7026041666666667 0.41875 0.059895833333333336 0.11354166666666667
0 0.30130208333333336 0.74921875 0.05364583333333333 0.06875
0 0.5755208333333334 0.49192708333333335 0.04895833333333333 0.059375
0 0.7067708333333333 0.2671875 0.06041666666666667 0.08958333333333333
0 0.08359375 0.5895833333333333 0.06302083333333333 0.084375
0 0.8971354166666666 0.6846354166666667 0.0671875 0.08697916666666666
0 0.52265625 0.45755208333333336 0.05364583333333333 0.046875
0 0.6200520833333333 0.22083333333333333 0.10208333333333333 0.09583333333333334
0 0.26979166666666665 0.3229166666666667 0.10677083333333333 0.09479166666666666
0 0.25052083333333336 0.6671875 0.090625 0.10677083333333333
0 0.6984375 0.1125 0.04791666666666667 0.04010416666666667
0 0.7442708333333333 0.14192708333333334 0.0421875 0.044270833333333336
0 0.23098958333333333 0.16744791666666667 0.0390625 0.043229166666666666
0 0.10182291666666667 0.66015625 0.0375 0.041666666666666664
0 0.090625 0.46041666666666664 0.036458333333333336 0.0375
0 0.1859375 0.19973958333333333 0.04375 0.03854166666666667
0 0.0953125 0.40989583333333335 0.044270833333333336 0.03958333333333333
0 0.4622395833333333 0.0859375 0.03958333333333333 0.03958333333333333
0 0.8796875 0.3020833333333333 0.042708333333333334 0.04114583333333333
0 0.9200520833333333 0.6130208333333333 0.03854166666666667 0.04010416666666667
0 0.8544270833333333 0.2559895833333333 0.042708333333333334 0.04010416666666667
0 0.4109375 0.0921875 0.042708333333333334 0.0359375
0 0.35963541666666665 0.1046875 0.043229166666666666 0.03854166666666667
0 0.15625 0.7533854166666667 0.03802083333333333 0.0375
0 0.08255208333333333 0.5122395833333333 0.036458333333333336 0.041666666666666664
0 0.38046875 0.9223958333333333 0.041666666666666664 0.0375
0 0.5307291666666667 0.9328125 0.0421875 0.03854166666666667
0 0.28151041666666665 0.87265625 0.03697916666666667 0.03958333333333333
0 0.7841145833333333 0.8359375 0.041666666666666664 0.0421875
0 0.8169270833333333 0.790625 0.034895833333333334 0.034895833333333334
0 0.85234375 0.7559895833333333 0.0390625 0.040625
0 0.12916666666666668 0.7057291666666666 0.03958333333333333 0.040625
0 0.6328125 0.9161458333333333 0.04114583333333333 0.04010416666666667
0 0.5041666666666667 0.6291666666666667 0.06302083333333333 0.05625
0 0.55 0.5692708333333333 0.0578125 0.05520833333333333
0 0.853125 0.7552083333333334 0.03802083333333333 0.03958333333333333
0 0.58203125 0.9299479166666667 0.043229166666666666 0.03333333333333333
0 0.33098958333333334 0.8984375 0.0359375 0.033854166666666664
0 0.9364583333333333 0.5153645833333333 0.034375 0.03802083333333333
0 0.9026041666666667 0.34375 0.03958333333333333 0.04375
0 0.6427083333333333 0.09140625 0.0390625 0.040625
0 0.15026041666666667 0.24661458333333333 0.03958333333333333 0.04010416666666667
0 0.9315104166666667 0.5645833333333333 0.034895833333333334 0.0359375