0 0.30755208333333334 0.5091145833333334 0.09739583333333333 0.0953125
0 0.278125 0.28515625 0.1078125 0.0859375
0 0.559375 0.8143229166666667 0.08802083333333334 0.0921875
0 0.46458333333333335 0.20833333333333334 0.078125 0.07916666666666666
0 0.37395833333333334 0.22942708333333334 0.103125 0.09166666666666666
0 0.38723958333333336 0.35572916666666665 0.096875 0.08385416666666666
0 0.7171875 0.5388020833333333 0.09166666666666666 0.0859375
0 0.6127604166666667 0.6041666666666666 0.08072916666666667 0.07135416666666666
0 0.4546875 0.3145833333333333 0.084375 0.08489583333333334
0 0.6440104166666667 0.6846354166666667 0.0890625 0.06041666666666667
0 0.8244791666666667 0.5473958333333333 0.10052083333333334 0.09010416666666667
0 0.46458333333333335 0.08255208333333333 0.11354166666666667 0.0953125
0 0.4552083333333333 0.8151041666666666 0.09427083333333333 0.128125
0 0.7916666666666666 0.6505208333333333 0.12916666666666668 0.0796875
0 0.615625 0.32890625 0.0875 0.10572916666666667
0 0.23229166666666667 0.6421875 0.08333333333333333 0.0875
0 0.45078125 0.6216145833333333 0.07552083333333333 0.0703125
0 0.55078125 0.71015625 0.09635416666666667 0.09010416666666667
0 0.65546875 0.7768229166666667 0.1 0.09947916666666666
0 0.2125 0.5447916666666667 0.11875 0.12552083333333333
0 0.7203125 0.45208333333333334 0.0671875 0.0765625
0 0.22213541666666667 0.18359375 0.07552083333333333 0.07395833333333333
0 0.49140625 0.39557291666666666 0.07291666666666667 0.06770833333333333
0 0.78515625 0.8278645833333333 0.09947916666666666 0.0890625
0 0.46119791666666665 0.7041666666666667 0.07760416666666667 0.10677083333333333
0 0.9020833333333333 0.3455729166666667 0.08229166666666667 0.10885416666666667
0 0.54140625 0.9375 0.0796875 0.059375
0 0.47109375 0.5614583333333333 0.0640625 0.06458333333333334
0 0.3346354166666667 0.5830729166666667 0.08697916666666666 0.103125
0 0.45625 0.4861979166666667 0.0578125 0.0609375
0 0.696875 0.6208333333333333 0.10625 0.06614583333333333
0 0.28463541666666664 0.8666666666666667 0.09791666666666667 0.09166666666666666
0 0.63125 0.4513020833333333 0.06510416666666667 0.08333333333333333
0 0.7307291666666667 0.13776041666666666 0.07916666666666666 0.07760416666666667
0 0.6388020833333333 0.52578125 0.06875 0.06666666666666667
0 0.56640625 0.40130208333333334 0.06510416666666667 0.05625
0 0.33671875 0.42161458333333335 0.08072916666666667 0.06458333333333334
0 0.7307291666666667 0.27395833333333336 0.07083333333333333 0.1234375
0 0.4283854166666667 0.425 0.0609375 0.06041666666666667
0 0.38567708333333334 0.65390625 0.0640625 0.0875
0 0.78359375 0.35625 0.06510416666666667 0.08645833333333333
0 0.74296875 0.7377604166666667 0.06979166666666667 0.058333333333333334
0 0.39296875 0.48854166666666665 0.06458333333333334 0.06197916666666667
0 0.8190104166666666 0.4466145833333333 0.09583333333333334 0.10677083333333333
0 0.20260416666666667 0.46588541666666666 0.071875 0.06822916666666666
0 0.08671875 0.4125 0.08645833333333333 0.11354166666666667
0 0.5325520833333334 0.3046875 0.07083333333333333 0.08072916666666667
0 0.4080729166666667 0.5536458333333333 0.05260416666666667 0.06979166666666667
0 0.68125 0.37864583333333335 0.0671875 0.11666666666666667
0 0.3575520833333333 0.78515625 0.0578125 0.071875
0 0.5721354166666667 0.4765625 0.05260416666666667 0.06197916666666667
0 0.65390625 0.22942708333333334 0.06614583333333333 0.09270833333333334
0 0.11145833333333334 0.67421875 0.06822916666666666 0.08802083333333334
0 0.9268229166666667 0.5981770833333333 0.07239583333333334 0.090625
0 0.51328125 0.45364583333333336 0.05625 0.05
0 0.559375 0.20182291666666666 0.10729166666666666 0.10208333333333333
0 0.23802083333333332 0.37447916666666664 0.1125 0.10104166666666667
0 0.290625 0.7153645833333333 0.096875 0.11197916666666667
0 0.6135416666666667 0.0796875 0.05 0.042708333333333334
0 0.6645833333333333 0.09895833333333333 0.04479166666666667 0.046875
0 0.16770833333333332 0.23072916666666668 0.041666666666666664 0.0453125
0 0.14401041666666667 0.7393229166666667 0.04010416666666667 0.044270833333333336
0 0.09140625 0.5463541666666667 0.03854166666666667 0.03958333333333333
0 0.13046875 0.2716145833333333 0.04583333333333333 0.04114583333333333
0 0.08541666666666667 0.49583333333333335 0.04635416666666667 0.0421875
0 0.3768229166666667 0.10286458333333333 0.041666666666666664 0.041666666666666664
0 0.8302083333333333 0.22734375 0.0453125 0.04375
0 0.934375 0.5231770833333333 0.040625 0.0421875
0 0.7958333333333333 0.1875 0.04479166666666667 0.042708333333333334
0 0.328125 0.11979166666666667 0.04479166666666667 0.03854166666666667
0 0.28046875 0.14244791666666667 0.0453125 0.04114583333333333
0 0.21640625 0.8192708333333333 0.04010416666666667 0.03958333333333333
0 0.09427083333333333 0.5989583333333334 0.0390625 0.04375
0 0.4708333333333333 0.9380208333333333 0.044270833333333336 0.04010416666666667
0 0.6200520833333333 0.9169270833333333 0.044270833333333336 0.04114583333333333
0 0.36380208333333336 0.9098958333333333 0.0390625 0.041666666666666664
0 0.84765625 0.76953125 0.044270833333333336 0.04479166666666667
0 0.8703125 0.7182291666666667 0.03697916666666667 0.03697916666666667
0 0.8979166666666667 0.6770833333333334 0.04114583333333333 0.042708333333333334
0 0.18020833333333333 0.778125 0.041666666666666664 0.042708333333333334
0 0.71640625 0.8796875 0.043229166666666666 0.042708333333333334
0 0.5309895833333333 0.6255208333333333 0.06614583333333333 0.059895833333333336
0 0.56328125 0.5572916666666666 0.0609375 0.058854166666666666
0 0.8984375 0.6763020833333333 0.04010416666666667 0.041666666666666664
0 0.66953125 0.9033854166666667 0.04479166666666667 0.0359375
0 0.41744791666666664 0.925 0.03802083333333333 0.0359375
0 0.9302083333333333 0.42421875 0.036458333333333336 0.04010416666666667
0 0.8611979166666667 0.2635416666666667 0.0421875 0.04583333333333333
0 0.5546875 0.07083333333333333 0.04114583333333333 0.042708333333333334
0 0.10520833333333333 0.32473958333333336 0.041666666666666664 0.0421875
0 0.9354166666666667 0.4734375 0.03697916666666667 0.03802083333333333