0 0.26458333333333334 0.6341145833333334 0.10104166666666667 0.065625
0 0.16458333333333333 0.8020833333333334 0.08125 0.07864583333333333
0 0.4830729166666667 0.7455729166666667 0.071875 0.06770833333333333
0 0.3919270833333333 0.3651041666666667 0.06510416666666667 0.08229166666666667
0 0.57109375 0.7424479166666667 0.0828125 0.09947916666666666
0 0.6466145833333333 0.5552083333333333 0.0671875 0.078125
0 0.5901041666666667 0.36640625 0.07083333333333333 0.0671875
0 0.4744791666666667 0.06770833333333333 0.09166666666666666 0.07604166666666666
0 0.50703125 0.15911458333333334 0.08489583333333334 0.06822916666666666
0 0.39348958333333334 0.6489583333333333 0.06875 0.0515625
0 0.41770833333333335 0.5888020833333333 0.06510416666666667 0.05260416666666667
0 0.65859375 0.9260416666666667 0.09427083333333333 0.0640625
0 0.23645833333333333 0.5502604166666667 0.07604166666666666 0.06927083333333334
0 0.2747395833333333 0.78046875 0.0796875 0.07083333333333333
0 0.5520833333333334 0.6630208333333333 0.06458333333333334 0.08229166666666667
0 0.48411458333333335 0.66875 0.07135416666666666 0.07760416666666667
0 0.6755208333333333 0.31536458333333334 0.08177083333333333 0.065625
0 0.33567708333333335 0.6067708333333334 0.08541666666666667 0.05260416666666667
0 0.2609375 0.8729166666666667 0.07552083333333333 0.06875
0 0.73671875 0.5854166666666667 0.06875 0.06145833333333333
0 0.7583333333333333 0.5130208333333334 0.09739583333333333 0.0953125
0 0.6645833333333333 0.4875 0.08177083333333333 0.06510416666666667
0 0.13229166666666667 0.28151041666666665 0.071875 0.090625
0 0.7140625 0.79609375 0.07760416666666667 0.0734375
0 0.5510416666666667 0.5947916666666667 0.05572916666666667 0.05625
0 0.7190104166666667 0.12786458333333334 0.06145833333333333 0.0515625
0 0.6080729166666666 0.08802083333333334 0.1 0.05364583333333333
0 0.5 0.4078125 0.05677083333333333 0.051041666666666666
0 0.6385416666666667 0.4158854166666667 0.0640625 0.046875
0 0.5890625 0.2708333333333333 0.06614583333333333 0.07864583333333333
0 0.3140625 0.5325520833333334 0.06822916666666666 0.06875
0 0.77578125 0.87265625 0.08072916666666667 0.075
0 0.3888020833333333 0.5260416666666666 0.052083333333333336 0.053125
0 0.45807291666666666 0.33619791666666665 0.05260416666666667 0.06354166666666666
0 0.5151041666666667 0.24947916666666667 0.0578125 0.0578125
0 0.7127604166666667 0.22604166666666667 0.057291666666666664 0.05364583333333333
0 0.52734375 0.546875 0.050520833333333334 0.04895833333333333
0 0.3846354166666667 0.7296875 0.07916666666666666 0.07916666666666666
0 0.5244791666666667 0.33958333333333335 0.058333333333333334 0.0671875
0 0.49322916666666666 0.8598958333333333 0.065625 0.04739583333333333
0 0.30755208333333334 0.7013020833333333 0.058854166666666666 0.05260416666666667
0 0.39088541666666665 0.46328125 0.0453125 0.0671875
0 0.16979166666666667 0.37734375 0.0609375 0.08541666666666667
0 0.94140625 0.4825520833333333 0.053125 0.09114583333333333
0 0.10494791666666667 0.7140625 0.0484375 0.05625
0 0.3377604166666667 0.4044270833333333 0.04791666666666667 0.0921875
0 0.5388020833333333 0.48880208333333336 0.04895833333333333 0.0453125
0 0.61640625 0.6223958333333334 0.04895833333333333 0.06875
0 0.15885416666666666 0.59375 0.05572916666666667 0.07135416666666666
0 0.3611979166666667 0.27760416666666665 0.04739583333333333 0.07135416666666666
0 0.85546875 0.7872395833333333 0.05364583333333333 0.05416666666666667
0 0.43802083333333336 0.4236979166666667 0.042708333333333334 0.050520833333333334
0 0.31302083333333336 0.46145833333333336 0.0515625 0.05677083333333333
0 0.7020833333333333 0.6510416666666666 0.08125 0.08229166666666667
0 0.30052083333333335 0.31692708333333336 0.053125 0.09583333333333334
0 0.06067708333333333 0.5309895833333333 0.04635416666666667 0.053125
0 0.5583333333333333 0.42552083333333335 0.04739583333333333 0.04583333333333333
0 0.8375 0.39921875 0.06614583333333333 0.08697916666666666
0 0.3015625 0.21432291666666667 0.058333333333333334 0.0578125
0 0.5833333333333334 0.5309895833333333 0.040625 0.05364583333333333
0 0.20729166666666668 0.18385416666666668 0.0515625 0.057291666666666664
0 0.23098958333333333 0.46171875 0.075 0.08072916666666667
0 0.8377604166666667 0.6174479166666667 0.0515625 0.06979166666666667
0 0.7661458333333333 0.44166666666666665 0.05572916666666667 0.046875
0 0.43828125 0.48932291666666666 0.0390625 0.05
0 0.6505208333333333 0.715625 0.03854166666666667 0.057291666666666664
0 0.07369791666666667 0.42213541666666665 0.07291666666666667 0.08697916666666666
0 0.3651041666666667 0.08151041666666667 0.051041666666666666 0.05
0 0.86484375 0.25859375 0.050520833333333334 0.044270833333333336
0 0.26119791666666664 0.38984375 0.042708333333333334 0.059895833333333336
0 0.5369791666666667 0.9411458333333333 0.06510416666666667 0.03958333333333333
0 0.7859375 0.30052083333333335 0.034375 0.03125
0 0.48723958333333334 0.46171875 0.043229166666666666 0.0375
0 0.3453125 0.91640625 0.04479166666666667 0.052083333333333336
0 0.5901041666666667 0.47682291666666665 0.051041666666666666 0.043229166666666666
0 0.5778645833333333 0.17552083333333332 0.03177083333333333 0.030208333333333334
0 0.9307291666666667 0.59921875 0.03697916666666667 0.07239583333333334
0 0.35442708333333334 0.17994791666666668 0.033854166666666664 0.034375
0 0.9151041666666667 0.3502604166666667 0.07552083333333333 0.0875
0 0.43333333333333335 0.2513020833333333 0.08177083333333333 0.0765625
0 0.07786458333333333 0.6200520833333333 0.042708333333333334 0.05572916666666667
0 0.725 0.3736979166666667 0.08645833333333333 0.07395833333333333
0 0.2526041666666667 0.25234375 0.03229166666666667 0.030208333333333334
0 0.8567708333333334 0.4739583333333333 0.029166666666666667 0.0359375
0 0.4317708333333333 0.8471354166666667 0.03697916666666667 0.028645833333333332
0 0.7578125 0.26510416666666664 0.03177083333333333 0.034375
0 0.66328125 0.1953125 0.034895833333333334 0.030208333333333334
0 0.8111979166666666 0.6768229166666667 0.028645833333333332 0.033854166666666664
0 0.6213541666666667 0.18567708333333333 0.03177083333333333 0.03125
0 0.7622395833333333 0.7502604166666667 0.030729166666666665 0.03177083333333333
0 0.14817708333333332 0.53203125 0.029166666666666667 0.03333333333333333
0 0.8559895833333333 0.515625 0.0265625 0.029166666666666667
0 0.19921875 0.69375 0.030208333333333334 0.029166666666666667
0 0.8973958333333333 0.6958333333333333 0.03854166666666667 0.05416666666666667
0 0.65078125 0.8317708333333333 0.030729166666666665 0.03333333333333333
0 0.1515625 0.45416666666666666 0.027083333333333334 0.0328125
0 0.559375 0.8565104166666667 0.0359375 0.030208333333333334
0 0.28463541666666664 0.12708333333333333 0.0515625 0.04375
0 0.8518229166666667 0.5565104166666667 0.027604166666666666 0.034895833333333334
0 0.796875 0.184375 0.053125 0.04375
0 0.17916666666666667 0.6518229166666667 0.034895833333333334 0.034375
0 0.7856770833333333 0.715625 0.03229166666666667 0.03177083333333333
0 0.6033854166666667 0.84609375 0.030208333333333334 0.0296875
0 0.22916666666666666 0.28489583333333335 0.030729166666666665 0.029166666666666667
0 0.22447916666666667 0.7299479166666667 0.035416666666666666 0.034375
0 0.39296875 0.1609375 0.03854166666666667 0.03229166666666667
0 0.20364583333333333 0.31692708333333336 0.033854166666666664 0.035416666666666666
0 0.434375 0.93359375 0.059895833333333336 0.03697916666666667
0 0.33880208333333334 0.82265625 0.034375 0.03229166666666667
0 0.45755208333333336 0.54609375 0.0484375 0.0421875
0 0.48411458333333335 0.5981770833333333 0.050520833333333334 0.04583333333333333
0 0.3854166666666667 0.8372395833333334 0.034895833333333334 0.030208333333333334
0 0.14583333333333334 0.49322916666666666 0.029166666666666667 0.0296875
0 0.43645833333333334 0.15182291666666667 0.030208333333333334 0.03125
0 0.8098958333333334 0.3385416666666667 0.03177083333333333 0.030729166666666665