0 0.26223958333333336 0.6302083333333334 0.10208333333333333 0.0671875
0 0.15911458333333334 0.79609375 0.0828125 0.0796875
0 0.4786458333333333 0.7453125 0.07291666666666667 0.06875
0 0.39427083333333335 0.36302083333333335 0.06614583333333333 0.08333333333333333
0 0.5666666666666667 0.7434895833333334 0.084375 0.10052083333333334
0 0.6455729166666667 0.5578125 0.06875 0.07916666666666666
0 0.5924479166666666 0.36822916666666666 0.071875 0.06822916666666666
0 0.48203125 0.0671875 0.09270833333333334 0.07708333333333334
0 0.5127604166666667 0.15911458333333334 0.0859375 0.06979166666666667
0 0.39114583333333336 0.6471354166666666 0.06927083333333334 0.05260416666666667
0 0.4161458333333333 0.5872395833333334 0.065625 0.05364583333333333
0 0.6513020833333333 0.92890625 0.0953125 0.065625
0 0.23567708333333334 0.5458333333333333 0.07708333333333334 0.0703125
0 0.27005208333333336 0.7765625 0.08072916666666667 0.07239583333333334
0 0.5494791666666666 0.6640625 0.065625 0.08333333333333333
0 0.48125 0.6684895833333333 0.07291666666666667 0.07864583333333333
0 0.6786458333333333 0.3184895833333333 0.0828125 0.06666666666666667
0 0.3338541666666667 0.6036458333333333 0.0859375 0.05416666666666667
0 0.25442708333333336 0.86875 0.0765625 0.06979166666666667
0 0.73515625 0.5895833333333333 0.06979166666666667 0.06302083333333333
0 0.7580729166666667 0.5174479166666667 0.09895833333333333 0.096875
0 0.66484375 0.4903645833333333 0.0828125 0.06614583333333333
0 0.13619791666666667 0.275 0.07291666666666667 0.09166666666666666
0 0.7088541666666667 0.7997395833333333 0.07864583333333333 0.075
0 0.5494791666666666 0.5955729166666667 0.05677083333333333 0.057291666666666664
0 0.7255208333333333 0.13177083333333334 0.06197916666666667 0.05260416666666667
0 0.6153645833333333 0.08984375 0.10052083333333334 0.05520833333333333
0 0.5015625 0.4080729166666667 0.057291666666666664 0.052083333333333336
0 0.63984375 0.41848958333333336 0.06510416666666667 0.04791666666666667
0 0.59296875 0.27239583333333334 0.06770833333333333 0.0796875
0 0.31354166666666666 0.5291666666666667 0.06927083333333334 0.06979166666666667
0 0.7690104166666667 0.8776041666666666 0.08177083333333333 0.07604166666666666
0 0.3885416666666667 0.5239583333333333 0.053125 0.05364583333333333
0 0.4609375 0.33541666666666664 0.05364583333333333 0.0640625
0 0.51953125 0.24973958333333332 0.058854166666666666 0.058854166666666666
0 0.7174479166666666 0.22994791666666667 0.058333333333333334 0.0546875
0 0.5265625 0.5473958333333333 0.051041666666666666 0.049479166666666664
0 0.3807291666666667 0.7276041666666667 0.08072916666666667 0.08072916666666667
0 0.52734375 0.34010416666666665 0.059375 0.06822916666666666
0 0.4869791666666667 0.8596354166666667 0.06666666666666667 0.0484375
0 0.30390625 0.6979166666666666 0.059375 0.053125
0 0.39140625 0.46145833333333336 0.046875 0.06770833333333333
0 0.171875 0.37161458333333336 0.0625 0.08645833333333333
0 0.9416666666666667 0.4901041666666667 0.0546875 0.09166666666666666
0 0.10130208333333333 0.70703125 0.049479166666666664 0.057291666666666664
0 0.33958333333333335 0.4015625 0.049479166666666664 0.09270833333333334
0 0.5390625 0.48932291666666666 0.05 0.04583333333333333
0 0.6143229166666667 0.6244791666666667 0.05 0.06979166666666667
0 0.15729166666666666 0.5877604166666667 0.05677083333333333 0.07239583333333334
0 0.3651041666666667 0.2752604166666667 0.0484375 0.07239583333333334
0 0.8505208333333333 0.7934895833333333 0.0546875 0.05520833333333333
0 0.4393229166666667 0.42265625 0.043229166666666666 0.051041666666666666
0 0.31354166666666666 0.4583333333333333 0.05260416666666667 0.057291666666666664
0 0.69921875 0.6546875 0.08229166666666667 0.08333333333333333
0 0.30364583333333334 0.31354166666666666 0.0546875 0.09635416666666667
0 0.06041666666666667 0.5231770833333333 0.04739583333333333 0.05416666666666667
0 0.5596354166666667 0.4265625 0.0484375 0.046875
0 0.8393229166666667 0.40520833333333334 0.06770833333333333 0.08802083333333334
0 0.3067708333333333 0.2109375 0.059375 0.058854166666666666
0 0.5828125 0.5322916666666667 0.041666666666666664 0.05416666666666667
0 0.21276041666666667 0.17864583333333334 0.05260416666666667 0.0578125
0 0.23177083333333334 0.45703125 0.07604166666666666 0.08177083333333333
0 0.8356770833333333 0.6231770833333333 0.05260416666666667 0.0703125
0 0.7671875 0.44635416666666666 0.05677083333333333 0.04791666666666667
0 0.43854166666666666 0.48802083333333335 0.03958333333333333 0.050520833333333334
0 0.646875 0.7182291666666667 0.0390625 0.0578125
0 0.07526041666666666 0.41458333333333336 0.07447916666666667 0.08802083333333334
0 0.37265625 0.07916666666666666 0.0515625 0.050520833333333334
0 0.8690104166666667 0.26510416666666664 0.051041666666666666 0.04479166666666667
0 0.2630208333333333 0.38567708333333334 0.04375 0.06041666666666667
0 0.5291666666666667 0.9416666666666667 0.06614583333333333 0.040625
0 0.7893229166666667 0.30572916666666666 0.034895833333333334 0.03177083333333333
0 0.48776041666666664 0.46145833333333336 0.044270833333333336 0.03802083333333333
0 0.33828125 0.9138020833333333 0.0453125 0.05260416666666667
0 0.590625 0.4783854166666667 0.0515625 0.04375
0 0.5833333333333334 0.17682291666666666 0.03229166666666667 0.030729166666666665
0 0.92890625 0.6067708333333334 0.03802083333333333 0.07291666666666667
0 0.35989583333333336 0.17734375 0.034375 0.034895833333333334
0 0.9177083333333333 0.3575520833333333 0.07708333333333334 0.08854166666666667
0 0.4375 0.25026041666666665 0.0828125 0.07760416666666667
0 0.07578125 0.6125 0.04375 0.05625
0 0.7270833333333333 0.3776041666666667 0.0875 0.07552083333333333
0 0.25703125 0.24817708333333333 0.0328125 0.030729166666666665
0 0.8572916666666667 0.47994791666666664 0.0296875 0.036458333333333336
0 0.42578125 0.8458333333333333 0.03697916666666667 0.0296875
0 0.76171875 0.26953125 0.03229166666666667 0.034895833333333334
0 0.6684895833333333 0.19817708333333334 0.035416666666666666 0.030729166666666665
0 0.8080729166666667 0.6822916666666666 0.029166666666666667 0.033854166666666664
0 0.6268229166666667 0.18776041666666668 0.03229166666666667 0.03177083333333333
0 0.7578125 0.7546875 0.03125 0.03229166666666667
0 0.14765625 0.5260416666666666 0.0296875 0.033854166666666664
0 0.8557291666666667 0.5216145833333333 0.027083333333333334 0.0296875
0 0.19583333333333333 0.68828125 0.030729166666666665 0.0296875
0 0.89375 0.7026041666666667 0.03958333333333333 0.05520833333333333
0 0.6450520833333333 0.834375 0.03125 0.033854166666666664
0 0.15260416666666668 0.4479166666666667 0.027604166666666666 0.03333333333333333
0 0.553125 0.8575520833333333 0.036458333333333336 0.030729166666666665
0 0.2911458333333333 0.1234375 0.052083333333333336 0.044270833333333336
0 0.8510416666666667 0.5627604166666667 0.028125 0.034895833333333334
0 0.80234375 0.18958333333333333 0.05364583333333333 0.04479166666666667
0 0.1765625 0.6463541666666667 0.035416666666666666 0.034895833333333334
0 0.78203125 0.7205729166666667 0.0328125 0.03229166666666667
0 0.5973958333333333 0.84765625 0.030729166666666665 0.030208333333333334
0 0.2328125 0.28020833333333334 0.03125 0.0296875
0 0.22057291666666667 0.725 0.0359375 0.034895833333333334
0 0.39869791666666665 0.15911458333333334 0.0390625 0.0328125
0 0.20703125 0.31197916666666664 0.034375 0.0359375
0 0.4265625 0.9322916666666666 0.06041666666666667 0.03802083333333333
0 0.3333333333333333 0.8197916666666667 0.034895833333333334 0.0328125
0 0.45651041666666664 0.5453125 0.04895833333333333 0.042708333333333334
0 0.4825520833333333 0.5979166666666667 0.0515625 0.04635416666666667
0 0.37942708333333336 0.83515625 0.035416666666666666 0.030729166666666665
0 0.14583333333333334 0.4869791666666667 0.0296875 0.030208333333333334
0 0.44244791666666666 0.15078125 0.030729166666666665 0.03177083333333333
0 0.8127604166666667 0.34401041666666665 0.03229166666666667 0.03125