0 0.3841145833333333 0.8825520833333333 0.08489583333333334 0.09375
0 0.1828125 0.21666666666666667 0.084375 0.08541666666666667
0 0.12161458333333333 0.61484375 0.0890625 0.05625
0 0.096875 0.4427083333333333 0.08697916666666666 0.065625
0 0.353125 0.11979166666666667 0.08333333333333333 0.09166666666666666
0 0.7752604166666667 0.8075520833333333 0.08489583333333334 0.0890625
0 0.6325520833333333 0.11197916666666667 0.08333333333333333 0.090625
0 0.7778645833333333 0.5627604166666667 0.06927083333333334 0.052083333333333336
0 0.4979166666666667 0.09973958333333334 0.0859375 0.09114583333333333
0 0.9127604166666666 0.44166666666666665 0.09270833333333334 0.084375
0 0.6520833333333333 0.87734375 0.084375 0.09322916666666667
0 0.8799479166666667 0.30911458333333336 0.08958333333333333 0.08177083333333333
0 0.10598958333333333 0.3729166666666667 0.08229166666666667 0.0578125
0 0.39479166666666665 0.41796875 0.051041666666666666 0.04895833333333333
0 0.9010416666666666 0.5153645833333333 0.08645833333333333 0.06770833333333333
0 0.8408854166666667 0.7013020833333333 0.07864583333333333 0.0734375
0 0.19557291666666668 0.73671875 0.06979166666666667 0.0765625
0 0.8986979166666667 0.5955729166666667 0.09010416666666667 0.08385416666666666
0 0.7421875 0.33645833333333336 0.0765625 0.058333333333333334
0 0.12473958333333333 0.31354166666666666 0.07916666666666666 0.06145833333333333
0 0.22109375 0.40572916666666664 0.07395833333333333 0.057291666666666664
0 0.31796875 0.8403645833333333 0.06458333333333334 0.06822916666666666
0 0.14479166666666668 0.6877604166666667 0.09010416666666667 0.08385416666666666
0 0.29401041666666666 0.1546875 0.059895833333333336 0.07239583333333334
0 0.24505208333333334 0.17890625 0.06354166666666666 0.08177083333333333
0 0.11067708333333333 0.55859375 0.08802083333333334 0.050520833333333334
0 0.5541666666666667 0.22526041666666666 0.053125 0.0625
0 0.46197916666666666 0.8864583333333333 0.059895833333333336 0.0796875
0 0.7140625 0.8473958333333333 0.0578125 0.07552083333333333
0 0.7015625 0.14973958333333334 0.06927083333333334 0.08229166666666667
0 0.81328125 0.7557291666666667 0.06979166666666667 0.06510416666666667
0 0.6927083333333334 0.5315104166666667 0.05572916666666667 0.0484375
0 0.3026041666666667 0.4505208333333333 0.057291666666666664 0.0484375
0 0.82890625 0.25755208333333335 0.07916666666666666 0.07291666666666667
0 0.7940104166666667 0.19895833333333332 0.08802083333333334 0.08541666666666667
0 0.6947916666666667 0.4708333333333333 0.05625 0.0515625
0 0.353125 0.6223958333333334 0.05364583333333333 0.05416666666666667
0 0.56171875 0.10885416666666667 0.046875 0.09583333333333334
0 0.63984375 0.3658854166666667 0.05520833333333333 0.053125
0 0.63828125 0.6348958333333333 0.05364583333333333 0.05520833333333333
0 0.4203125 0.3177083333333333 0.051041666666666666 0.05364583333333333
0 0.36666666666666664 0.3458333333333333 0.05520833333333333 0.0546875
0 0.5375 0.30885416666666665 0.04791666666666667 0.0546875
0 0.6755208333333333 0.5901041666666667 0.05520833333333333 0.0484375
0 0.5231770833333333 0.8888020833333333 0.06354166666666666 0.090625
0 0.88984375 0.37864583333333335 0.09635416666666667 0.04791666666666667
0 0.2994791666666667 0.5153645833333333 0.05260416666666667 0.0484375
0 0.09895833333333333 0.5010416666666667 0.0984375 0.04739583333333333
0 0.26171875 0.63828125 0.0609375 0.049479166666666664
0 0.42526041666666664 0.10807291666666667 0.059375 0.07864583333333333
0 0.7815104166666667 0.4627604166666667 0.06927083333333334 0.042708333333333334
0 0.2682291666666667 0.31536458333333334 0.08333333333333333 0.06614583333333333
0 0.584375 0.6700520833333333 0.05260416666666667 0.05572916666666667
0 0.59453125 0.32760416666666664 0.05 0.05260416666666667
0 0.3971354166666667 0.6651041666666667 0.05 0.05364583333333333
0 0.44166666666666665 0.21979166666666666 0.0546875 0.07864583333333333
0 0.6671875 0.2596354166666667 0.058333333333333334 0.06510416666666667
0 0.32473958333333336 0.39088541666666665 0.0546875 0.04895833333333333
0 0.31927083333333334 0.5729166666666666 0.05520833333333333 0.053125
0 0.5338541666666666 0.6174479166666667 0.04583333333333333 0.046875
0 0.3890625 0.23072916666666668 0.05364583333333333 0.06875
0 0.22916666666666666 0.5911458333333334 0.06510416666666667 0.05572916666666667
0 0.6796875 0.41354166666666664 0.049479166666666664 0.0484375
0 0.6067708333333334 0.2421875 0.0578125 0.06822916666666666
0 0.5401041666666667 0.378125 0.044270833333333336 0.04583333333333333
0 0.35989583333333336 0.7401041666666667 0.06927083333333334 0.07916666666666666
0 0.21614583333333334 0.459375 0.06458333333333334 0.0421875
0 0.6200520833333333 0.44557291666666665 0.049479166666666664 0.046875
0 0.5841145833333333 0.88046875 0.04895833333333333 0.08645833333333333
0 0.5643229166666667 0.5239583333333333 0.04583333333333333 0.042708333333333334
0 0.46119791666666665 0.6854166666666667 0.051041666666666666 0.05520833333333333
0 0.8721354166666667 0.65078125 0.078125 0.058333333333333334
0 0.6265625 0.5005208333333333 0.04479166666666667 0.042708333333333334
0 0.43697916666666664 0.38697916666666665 0.0484375 0.052083333333333336
0 0.30104166666666665 0.2799479166666667 0.051041666666666666 0.05520833333333333
0 0.2674479166666667 0.8091145833333333 0.06302083333333333 0.06510416666666667
0 0.5135416666666667 0.4283854166666667 0.04114583333333333 0.04114583333333333
0 0.23880208333333333 0.3640625 0.0625 0.052083333333333336
0 0.4979166666666667 0.22317708333333333 0.04479166666666667 0.06145833333333333
0 0.6145833333333334 0.5536458333333333 0.0421875 0.0421875
0 0.4427083333333333 0.46015625 0.04583333333333333 0.041666666666666664
0 0.7856770833333333 0.51015625 0.06927083333333334 0.043229166666666666
0 0.6252604166666667 0.7575520833333333 0.049479166666666664 0.07239583333333334
0 0.15234375 0.2708333333333333 0.075 0.059375
0 0.5239583333333333 0.6854166666666667 0.040625 0.046875
0 0.5747395833333333 0.7700520833333333 0.046875 0.065625
0 0.4276041666666667 0.6005208333333333 0.03958333333333333 0.04114583333333333
0 0.7424479166666667 0.64921875 0.0515625 0.05520833333333333
0 0.6721354166666667 0.728125 0.05625 0.0703125
0 0.5854166666666667 0.4041666666666667 0.04583333333333333 0.04479166666666667
0 0.4778645833333333 0.6197916666666666 0.04479166666666667 0.04635416666666667
0 0.37552083333333336 0.46875 0.04375 0.043229166666666666
0 0.29453125 0.67578125 0.06354166666666666 0.05260416666666667
0 0.4518229166666667 0.5361979166666667 0.0390625 0.0359375
0 0.5270833333333333 0.77734375 0.04479166666666667 0.06875
0 0.78203125 0.4192708333333333 0.0515625 0.03854166666666667
0 0.39088541666666665 0.5653645833333333 0.0421875 0.040625
0 0.40390625 0.7697916666666667 0.0453125 0.057291666666666664
0 0.52890625 0.55234375 0.0421875 0.043229166666666666
0 0.7111979166666667 0.6940104166666666 0.0703125 0.07135416666666666
0 0.37838541666666664 0.5192708333333333 0.0359375 0.03333333333333333
0 0.74296875 0.16536458333333334 0.06302083333333333 0.07916666666666666
0 0.21119791666666668 0.5080729166666667 0.0484375 0.034895833333333334
0 0.7065104166666667 0.29375 0.05260416666666667 0.0390625
0 0.5807291666666666 0.59375 0.041666666666666664 0.04479166666666667
0 0.48463541666666665 0.3736979166666667 0.046875 0.0453125
0 0.7630208333333334 0.6088541666666667 0.05625 0.040625
0 0.4861979166666667 0.5591145833333333 0.04010416666666667 0.03958333333333333
0 0.7716145833333333 0.3815104166666667 0.06197916666666667 0.0484375
0 0.5528645833333333 0.44479166666666664 0.036458333333333336 0.0375
0 0.4783854166666667 0.30807291666666664 0.044270833333333336 0.04010416666666667
0 0.34296875 0.25364583333333335 0.042708333333333334 0.049479166666666664
0 0.23958333333333334 0.7703125 0.07708333333333334 0.07708333333333334
0 0.45 0.7783854166666667 0.0328125 0.05677083333333333
0 0.47239583333333335 0.43463541666666666 0.034375 0.033854166666666664
0 0.48541666666666666 0.7776041666666667 0.03697916666666667 0.057291666666666664
0 0.2140625 0.5471354166666667 0.059375 0.0375
0 0.5723958333333333 0.48151041666666666 0.040625 0.03697916666666667
0 0.43723958333333335 0.49895833333333334 0.0359375 0.03697916666666667
0 0.32526041666666666 0.7083333333333334 0.06041666666666667 0.057291666666666664