0 0.1390625 0.30572916666666666 0.08645833333333333 0.08072916666666667
0 0.40130208333333334 0.8768229166666667 0.09322916666666667 0.10208333333333333
0 0.8729166666666667 0.3684895833333333 0.09114583333333333 0.0765625
0 0.6640625 0.84609375 0.09375 0.103125
0 0.7963541666666667 0.21744791666666666 0.0796875 0.06822916666666666
0 0.5791666666666667 0.08697916666666666 0.090625 0.09895833333333333
0 0.8833333333333333 0.49270833333333336 0.09322916666666667 0.06197916666666667
0 0.8627604166666667 0.6153645833333333 0.09791666666666667 0.09322916666666667
0 0.12109375 0.646875 0.1 0.0953125
0 0.44427083333333334 0.0953125 0.09270833333333334 0.10052083333333334
0 0.16666666666666666 0.24401041666666667 0.09583333333333334 0.09427083333333333
0 0.7557291666666667 0.16588541666666667 0.09270833333333334 0.09270833333333334
0 0.49947916666666664 0.6802083333333333 0.05625 0.059895833333333336
0 0.5908854166666667 0.8611979166666667 0.0703125 0.09114583333333333
0 0.11380208333333333 0.5692708333333333 0.09427083333333333 0.078125
0 0.85625 0.30859375 0.0859375 0.06875
0 0.33697916666666666 0.37994791666666666 0.058854166666666666 0.059375
0 0.6739583333333333 0.4171875 0.0609375 0.0578125
0 0.31302083333333336 0.5549479166666667 0.059895833333333336 0.057291666666666664
0 0.3815104166666667 0.33359375 0.05625 0.05677083333333333
0 0.5619791666666667 0.66640625 0.0578125 0.06145833333333333
0 0.26328125 0.8302083333333333 0.0984375 0.10104166666666667
0 0.6911458333333333 0.4796875 0.058854166666666666 0.05625
0 0.76015625 0.39453125 0.08645833333333333 0.0609375
0 0.29973958333333334 0.4940104166666667 0.0609375 0.058854166666666666
0 0.5778645833333333 0.39427083333333335 0.05520833333333333 0.05520833333333333
0 0.23151041666666666 0.37161458333333336 0.0796875 0.0796875
0 0.09427083333333333 0.49609375 0.10104166666666667 0.09479166666666666
0 0.6791666666666667 0.26171875 0.06458333333333334 0.06875
0 0.10260416666666666 0.36328125 0.1015625 0.09427083333333333
0 0.5104166666666666 0.090625 0.059375 0.08072916666666667
0 0.09609375 0.428125 0.1 0.0625
0 0.25364583333333335 0.17421875 0.07135416666666666 0.07916666666666666
0 0.38203125 0.6471354166666666 0.059895833333333336 0.059895833333333336
0 0.19609375 0.74609375 0.090625 0.08020833333333334
0 0.6526041666666667 0.5903645833333333 0.0578125 0.057291666666666664
0 0.30572916666666666 0.4328125 0.06302083333333333 0.058854166666666666
0 0.36484375 0.4578125 0.05416666666666667 0.0546875
0 0.23359375 0.5895833333333333 0.0765625 0.065625
0 0.31953125 0.7161458333333334 0.07864583333333333 0.08177083333333333
0 0.8856770833333333 0.42916666666666664 0.09479166666666666 0.07083333333333333
0 0.7447916666666666 0.34375 0.06510416666666667 0.0609375
0 0.33984375 0.25078125 0.07552083333333333 0.08697916666666666
0 0.60078125 0.32135416666666666 0.058333333333333334 0.059375
0 0.21770833333333334 0.5440104166666667 0.07083333333333333 0.05364583333333333
0 0.3372395833333333 0.6065104166666667 0.058854166666666666 0.05520833333333333
0 0.4375 0.21614583333333334 0.06458333333333334 0.08125
0 0.41380208333333335 0.7619791666666667 0.05677083333333333 0.075
0 0.4895833333333333 0.36614583333333334 0.04791666666666667 0.049479166666666664
0 0.69375 0.1375 0.08177083333333333 0.08958333333333333
0 0.6169270833333333 0.6369791666666667 0.0546875 0.059895833333333336
0 0.6786458333333333 0.5390625 0.059375 0.0546875
0 0.47109375 0.8815104166666666 0.05677083333333333 0.0921875
0 0.31302083333333336 0.12838541666666667 0.09635416666666667 0.10104166666666667
0 0.34010416666666665 0.8536458333333333 0.06979166666666667 0.0765625
0 0.29739583333333336 0.2825520833333333 0.06666666666666667 0.06979166666666667
0 0.4356770833333333 0.3729166666666667 0.04895833333333333 0.050520833333333334
0 0.8721354166666667 0.5440104166666667 0.07916666666666666 0.06145833333333333
0 0.5302083333333333 0.8770833333333333 0.075 0.0984375
0 0.53671875 0.21145833333333333 0.06197916666666667 0.08385416666666666
0 0.4309895833333333 0.3046875 0.0515625 0.0546875
0 0.48098958333333336 0.6130208333333333 0.049479166666666664 0.05260416666666667
0 0.6091145833333333 0.43515625 0.052083333333333336 0.04895833333333333
0 0.6674479166666667 0.6953125 0.06510416666666667 0.06354166666666666
0 0.2078125 0.5013020833333334 0.07291666666666667 0.049479166666666664
0 0.42578125 0.6010416666666667 0.04895833333333333 0.0484375
0 0.6247395833333333 0.4869791666666667 0.04895833333333333 0.046875
0 0.7682291666666666 0.5247395833333334 0.06302083333333333 0.046875
0 0.5356770833333333 0.6065104166666667 0.0484375 0.05
0 0.6447916666666667 0.36302083333333335 0.058333333333333334 0.05520833333333333
0 0.16484375 0.7013020833333333 0.0890625 0.07760416666666667
0 0.8302083333333333 0.25755208333333335 0.10052083333333334 0.07135416666666666
0 0.4640625 0.7671875 0.05416666666666667 0.0703125
0 0.38645833333333335 0.56484375 0.044270833333333336 0.04635416666666667
0 0.3809895833333333 0.11536458333333334 0.05260416666666667 0.09010416666666667
0 0.7627604166666667 0.759375 0.06666666666666667 0.07083333333333333
0 0.8325520833333333 0.678125 0.0734375 0.07552083333333333
0 0.771875 0.4421875 0.07291666666666667 0.053125
0 0.61015625 0.5356770833333333 0.04635416666666667 0.04739583333333333
0 0.2799479166666667 0.6747395833333333 0.057291666666666664 0.06145833333333333
0 0.70234375 0.6598958333333333 0.06875 0.06354166666666666
0 0.64296875 0.11796875 0.06770833333333333 0.07864583333333333
0 0.4903645833333333 0.29713541666666665 0.049479166666666664 0.0515625
0 0.47369791666666666 0.42604166666666665 0.044270833333333336 0.05
0 0.54609375 0.30182291666666666 0.05677083333333333 0.06145833333333333
0 0.5432291666666667 0.446875 0.05 0.04895833333333333
0 0.79140625 0.72109375 0.09166666666666666 0.090625
0 0.43411458333333336 0.5265625 0.0421875 0.041666666666666664
0 0.39479166666666665 0.40911458333333334 0.046875 0.04739583333333333
0 0.21223958333333334 0.4197916666666667 0.06770833333333333 0.059375
0 0.22552083333333334 0.7833333333333333 0.08229166666666667 0.0671875
0 0.5125 0.5518229166666667 0.043229166666666666 0.04375
0 0.5598958333333334 0.4869791666666667 0.051041666666666666 0.046875
0 0.43828125 0.44296875 0.0375 0.036458333333333336
0 0.42109375 0.48385416666666664 0.043229166666666666 0.04635416666666667
0 0.43776041666666665 0.6736979166666667 0.058333333333333334 0.0625
0 0.7213541666666666 0.7981770833333334 0.0734375 0.07916666666666666
0 0.2552083333333333 0.63359375 0.06145833333333333 0.06041666666666667
0 0.5463541666666667 0.5268229166666667 0.042708333333333334 0.042708333333333334
0 0.36302083333333335 0.7427083333333333 0.06510416666666667 0.07395833333333333
0 0.21848958333333332 0.2015625 0.075 0.08385416666666666
0 0.5908854166666667 0.75 0.042708333333333334 0.06041666666666667
0 0.55078125 0.7588541666666667 0.04479166666666667 0.059895833333333336
0 0.4895833333333333 0.21041666666666667 0.04635416666666667 0.06197916666666667
0 0.7565104166666666 0.5677083333333334 0.0640625 0.05
0 0.73203125 0.6140625 0.065625 0.057291666666666664
0 0.6380208333333334 0.23984375 0.050520833333333334 0.058854166666666666
0 0.5104166666666666 0.7671875 0.05520833333333333 0.07447916666666667
0 0.7763020833333333 0.4864583333333333 0.05416666666666667 0.04375
0 0.20833333333333334 0.45703125 0.058854166666666666 0.050520833333333334
0 0.26276041666666666 0.31953125 0.06979166666666667 0.0578125
0 0.7119791666666667 0.2989583333333333 0.09322916666666667 0.07760416666666667
0 0.59140625 0.21822916666666667 0.06041666666666667 0.075
0 0.51328125 0.42083333333333334 0.0375 0.0375
0 0.5377604166666666 0.37005208333333334 0.03697916666666667 0.03697916666666667
0 0.38776041666666666 0.22838541666666667 0.044270833333333336 0.053125
0 0.63359375 0.7346354166666667 0.052083333333333336 0.058333333333333334
0 0.46770833333333334 0.5526041666666667 0.0390625 0.041666666666666664
0 0.37005208333333334 0.5169270833333334 0.04739583333333333 0.046875
0 0.57890625 0.5796875 0.0421875 0.042708333333333334