0 0.9225 0.14833333333333334 0.13 0.12666666666666668
0 0.49333333333333335 0.3425 0.13833333333333334 0.13666666666666666
0 0.8366666666666667 0.25416666666666665 0.13333333333333333 0.13166666666666665
0 0.12416666666666666 0.8583333333333333 0.13333333333333333 0.15
0 0.5316666666666666 0.11416666666666667 0.12833333333333333 0.125
0 0.7883333333333333 0.13083333333333333 0.12833333333333333 0.125
0 0.5908333333333333 0.2375 0.13166666666666665 0.13
0 0.0775 0.7058333333333333 0.14 0.14833333333333334
0 0.6575 0.1225 0.12833333333333333 0.12666666666666668
0 0.7958333333333333 0.7075 0.16166666666666665 0.11
0 0.355 0.7333333333333333 0.125 0.14166666666666666
0 0.925 0.3875 0.13833333333333334 0.13666666666666666
0 0.6391666666666667 0.365 0.135 0.13666666666666666
0 0.215 0.6425 0.13666666666666666 0.17333333333333334
0 0.2758333333333333 0.875 0.13166666666666665 0.16
0 0.7833333333333333 0.37583333333333335 0.13666666666666666 0.13666666666666666
0 0.4033333333333333 0.5733333333333334 0.115 0.12333333333333334
0 0.5033333333333333 0.6283333333333333 0.12666666666666668 0.13
0 0.6525 0.9041666666666667 0.09666666666666666 0.14
0 0.49333333333333335 0.7558333333333334 0.13666666666666666 0.12
0 0.6625 0.5033333333333333 0.16833333333333333 0.11833333333333333
0 0.5625 0.825 0.105 0.115
0 0.9266666666666666 0.5266666666666666 0.125 0.135
0 0.8608333333333333 0.6 0.11166666666666666 0.11333333333333333
0 0.7675 0.8816666666666667 0.11 0.09833333333333333
0 0.7225 0.7866666666666666 0.11166666666666666 0.11
0 0.6533333333333333 0.7208333333333333 0.13166666666666665 0.14333333333333334
0 0.865 0.82 0.125 0.09166666666666666
0 0.9266666666666666 0.7016666666666667 0.1 0.155
0 0.5233333333333333 0.9241666666666667 0.095 0.065
0 0.86 0.9391666666666667 0.12833333333333333 0.09833333333333333
0 0.7466666666666667 0.6133333333333333 0.10166666666666667 0.10333333333333333
0 0.425 0.8808333333333334 0.095 0.12333333333333334
0 0.6241666666666666 0.61 0.10333333333333333 0.105
0 0.7941666666666667 0.51 0.11333333333333333 0.09666666666666666
0 0.4216666666666667 0.44416666666666665 0.09166666666666666 0.09833333333333333
0 0.5258333333333334 0.48333333333333334 0.10166666666666667 0.14333333333333334