0 0.8233333333333334 0.06166666666666667 0.13666666666666666 0.12333333333333334
0 0.4558333333333333 0.34833333333333333 0.14666666666666667 0.145
0 0.7675 0.18 0.14166666666666666 0.14
0 0.22083333333333333 0.93 0.14166666666666666 0.14
0 0.43666666666666665 0.1175 0.135 0.13166666666666665
0 0.6908333333333333 0.0725 0.135 0.13166666666666665
0 0.5241666666666667 0.22333333333333333 0.13833333333333334 0.13833333333333334
0 0.13916666666666666 0.8016666666666666 0.14833333333333334 0.15666666666666668
0 0.5616666666666666 0.095 0.135 0.13333333333333333
0 0.8366666666666667 0.63 0.16666666666666666 0.12
0 0.41583333333333333 0.7616666666666667 0.13333333333333333 0.14833333333333334
0 0.885 0.28833333333333333 0.14666666666666667 0.145
0 0.6025 0.335 0.14333333333333334 0.145
0 0.2575 0.7075 0.14666666666666667 0.18
0 0.37333333333333335 0.9175 0.14 0.165
0 0.745 0.31083333333333335 0.145 0.145
0 0.4241666666666667 0.595 0.12166666666666667 0.13
0 0.5341666666666667 0.6233333333333333 0.13333333333333333 0.13666666666666666
0 0.7458333333333333 0.855 0.105 0.145
0 0.5558333333333333 0.75 0.14333333333333334 0.12833333333333333
0 0.6591666666666667 0.46416666666666667 0.175 0.12833333333333333
0 0.6391666666666667 0.8 0.11166666666666666 0.12
0 0.9208333333333333 0.4225 0.13333333333333333 0.14166666666666666
0 0.8741666666666666 0.51 0.11833333333333333 0.12
0 0.8525 0.805 0.11666666666666667 0.105
0 0.785 0.7241666666666666 0.11833333333333333 0.11666666666666667
0 0.7016666666666667 0.6775 0.14 0.15
0 0.9316666666666666 0.7216666666666667 0.13 0.1
0 0.9541666666666667 0.5916666666666667 0.09166666666666666 0.16
0 0.625 0.9066666666666666 0.09833333333333333 0.07
0 0.9441666666666667 0.8383333333333334 0.11166666666666666 0.10666666666666667
0 0.7666666666666667 0.5508333333333333 0.10666666666666667 0.10833333333333334
0 0.5191666666666667 0.8875 0.10166666666666667 0.12833333333333333
0 0.6475 0.5775 0.10833333333333334 0.11
0 0.7883333333333333 0.43833333333333335 0.12 0.10333333333333333
0 0.41 0.46416666666666667 0.09666666666666666 0.10333333333333333
0 0.5208333333333334 0.4775 0.11 0.14833333333333334