0 0.5953333333333334 0.6938356164383561 0.11066666666666666 0.10684931506849316
0 0.576 0.8726027397260274 0.1 0.11506849315068493
0 0.43466666666666665 0.13493150684931507 0.09866666666666667 0.1178082191780822
0 0.224 0.23493150684931507 0.11333333333333333 0.1095890410958904
0 0.18266666666666667 0.7047945205479452 0.10266666666666667 0.10821917808219178
0 0.29133333333333333 0.5116438356164383 0.10266666666666667 0.11917808219178082
0 0.8386666666666667 0.2958904109589041 0.108 0.1095890410958904
0 0.44733333333333336 0.31095890410958904 0.10533333333333333 0.10821917808219178
0 0.25533333333333336 0.7972602739726027 0.10133333333333333 0.09863013698630137
0 0.79 0.7582191780821917 0.10666666666666667 0.11095890410958904
0 0.7453333333333333 0.48561643835616436 0.108 0.10821917808219178
0 0.76 0.19246575342465752 0.11066666666666666 0.10273972602739725
0 0.69 0.37397260273972605 0.10266666666666667 0.11506849315068493
0 0.45466666666666666 0.8931506849315068 0.10933333333333334 0.10273972602739725
0 0.8746666666666667 0.6568493150684932 0.09466666666666666 0.1136986301369863
0 0.464 0.6883561643835616 0.10666666666666667 0.10273972602739725
0 0.3393333333333333 0.6363013698630137 0.11066666666666666 0.1095890410958904
0 0.5826666666666667 0.3082191780821918 0.104 0.10410958904109589
0 0.3293333333333333 0.17191780821917807 0.096 0.09863013698630137
0 0.346 0.8643835616438356 0.09466666666666666 0.09452054794520548
0 0.6813333333333333 0.836986301369863 0.10666666666666667 0.10547945205479452
0 0.548 0.11712328767123288 0.112 0.10410958904109589
0 0.9066666666666666 0.5308219178082192 0.08933333333333333 0.11917808219178082
0 0.138 0.5993150684931506 0.112 0.10273972602739725
0 0.114 0.47534246575342465 0.09733333333333333 0.10410958904109589
0 0.3433333333333333 0.3801369863013699 0.10533333333333333 0.10821917808219178
0 0.8853333333333333 0.40821917808219177 0.11066666666666666 0.10821917808219178
0 0.6566666666666666 0.14520547945205478 0.09733333333333333 0.10136986301369863
0 0.146 0.35342465753424657 0.10533333333333333 0.11232876712328767
0 0.7053333333333334 0.6178082191780822 0.10133333333333333 0.09863013698630137