0 0.5966666666666667 0.3150208623087622 0.11333333333333333 0.1168289290681502
0 0.5946666666666667 0.11543810848400557 0.124 0.12795549374130738
0 0.354 0.3518776077885953 0.112 0.12656467315716272
0 0.754 0.799721835883171 0.11733333333333333 0.11961057023643949
0 0.8633333333333333 0.3435326842837274 0.11733333333333333 0.12656467315716272
0 0.6466666666666666 0.868567454798331 0.11733333333333333 0.11404728789986092
0 0.8493333333333334 0.7127955493741307 0.10533333333333333 0.12378303198887343
0 0.7013333333333334 0.14951321279554938 0.10666666666666667 0.11961057023643949
0 0.5253333333333333 0.8741307371349096 0.108 0.1168289290681502
0 0.47333333333333333 0.11474269819193324 0.112 0.12795549374130738
0 0.24466666666666667 0.18915159944367177 0.124 0.12656467315716272
0 0.318 0.5952712100139083 0.12133333333333333 0.11821974965229486
0 0.892 0.4575799721835883 0.124 0.12100139082058414
0 0.21066666666666667 0.7559109874826148 0.108 0.1070931849791377
0 0.16866666666666666 0.3031988873435327 0.116 0.12517385257301808
0 0.30133333333333334 0.827538247566064 0.1 0.1043115438108484
0 0.7946666666666666 0.22322670375521558 0.12133333333333333 0.11821974965229486
0 0.124 0.541029207232267 0.11866666666666667 0.11265646731571627
0 0.15133333333333332 0.652990264255911 0.10933333333333334 0.11404728789986092
0 0.7026666666666667 0.39290681502086233 0.11333333333333333 0.13073713490959665
0 0.734 0.5250347705146036 0.116 0.12100139082058414
0 0.35733333333333334 0.12934631432545202 0.10666666666666667 0.11265646731571627
0 0.42533333333333334 0.6794158553546592 0.11466666666666667 0.11126564673157163
0 0.4086666666666667 0.8692628650904033 0.116 0.11404728789986092
0 0.6813333333333333 0.6383866481223922 0.11333333333333333 0.10848400556328233
0 0.564 0.6905424200278164 0.116 0.11821974965229486
0 0.4726666666666667 0.30180806675938804 0.12266666666666666 0.13073713490959665
0 0.286 0.4721835883171071 0.11333333333333333 0.13212795549374132
0 0.8926666666666667 0.5876216968011126 0.10533333333333333 0.12934631432545202
0 0.11333333333333333 0.4228094575799722 0.10666666666666667 0.1168289290681502