0 0.5746666666666667 0.3045897079276773 0.10266666666666667 0.10570236439499305
0 0.5493333333333333 0.10639777468706536 0.112 0.11543810848400557
0 0.3373333333333333 0.3713490959666203 0.1 0.11543810848400557
0 0.7873333333333333 0.7649513212795549 0.10666666666666667 0.10848400556328233
0 0.842 0.29902642559109877 0.10533333333333333 0.11543810848400557
0 0.6886666666666666 0.847009735744089 0.10666666666666667 0.10292072322670376
0 0.8713333333333333 0.6668984700973575 0.09333333333333334 0.11404728789986092
0 0.6586666666666666 0.12656467315716272 0.096 0.10848400556328233
0 0.5693333333333334 0.8678720445062587 0.09733333333333333 0.10570236439499305
0 0.42866666666666664 0.12100139082058414 0.1 0.1168289290681502
0 0.21066666666666667 0.2239221140472879 0.11333333333333333 0.11404728789986092
0 0.33066666666666666 0.6175243393602226 0.11066666666666666 0.10570236439499305
0 0.884 0.4082058414464534 0.11333333333333333 0.10848400556328233
0 0.24266666666666667 0.7906815020862309 0.09733333333333333 0.09596662030598054
0 0.148 0.3463143254520167 0.10533333333333333 0.11404728789986092
0 0.3406666666666667 0.8504867872044506 0.09066666666666667 0.09318497913769123
0 0.76 0.18776077885952713 0.11066666666666666 0.10570236439499305
0 0.13133333333333333 0.5890125173852573 0.108 0.10152990264255911
0 0.172 0.696105702364395 0.09866666666666667 0.10292072322670376
0 0.6886666666666666 0.3678720445062587 0.10133333333333333 0.11961057023643949
0 0.7346666666666667 0.4951321279554937 0.10533333333333333 0.10987482614742698
0 0.31466666666666665 0.1502086230876217 0.096 0.10152990264255911
0 0.44733333333333336 0.6870653685674548 0.104 0.10013908205841446
0 0.45266666666666666 0.8783031988873435 0.10533333333333333 0.10292072322670376
0 0.696 0.614047287899861 0.10266666666666667 0.09735744089012517
0 0.586 0.6815020862308763 0.10533333333333333 0.1070931849791377
0 0.45 0.3066759388038943 0.11066666666666666 0.11821974965229486
0 0.2846666666666667 0.5 0.10133333333333333 0.12100139082058414
0 0.9 0.5368567454798331 0.09333333333333334 0.11961057023643949
0 0.10733333333333334 0.4721835883171071 0.096 0.10570236439499305