0 0.35260416666666666 0.3104166666666667 0.1390625 0.13333333333333333
0 0.4049479166666667 0.6278645833333333 0.13020833333333334 0.1578125
0 0.36770833333333336 0.47734375 0.1125 0.11302083333333333
0 0.23125 0.23723958333333334 0.10520833333333333 0.14635416666666667
0 0.7010416666666667 0.609375 0.14739583333333334 0.17395833333333333
0 0.28072916666666664 0.38671875 0.1125 0.09114583333333333
0 0.7302083333333333 0.43776041666666665 0.146875 0.16822916666666668
0 0.5895833333333333 0.5479166666666667 0.134375 0.14375
0 0.45208333333333334 0.38619791666666664 0.12447916666666667 0.11614583333333334
0 0.478125 0.28072916666666664 0.10260416666666666 0.10416666666666667
0 0.7708333333333334 0.26458333333333334 0.12552083333333333 0.11927083333333334
0 0.8690104166666667 0.3640625 0.1125 0.11197916666666667
0 0.30494791666666665 0.5908854166666667 0.1265625 0.125
0 0.6658854166666667 0.19296875 0.1078125 0.09739583333333333
0 0.8578125 0.5140625 0.14895833333333333 0.18854166666666666
0 0.5609375 0.6604166666666667 0.159375 0.1546875
0 0.13723958333333333 0.38229166666666664 0.18072916666666666 0.16354166666666667
0 0.42083333333333334 0.15651041666666668 0.11145833333333334 0.10208333333333333
0 0.5411458333333333 0.16822916666666668 0.1171875 0.0921875
0 0.39036458333333335 0.8377604166666667 0.0953125 0.08125
0 0.12994791666666666 0.26223958333333336 0.12447916666666667 0.08385416666666666
0 0.26666666666666666 0.6989583333333333 0.0828125 0.08645833333333333
0 0.2671875 0.7940104166666667 0.08645833333333333 0.08541666666666667
0 0.24453125 0.5244791666666667 0.125 0.09166666666666666
0 0.5825520833333333 0.26875 0.08072916666666667 0.09375
0 0.6622395833333333 0.321875 0.08385416666666666 0.08333333333333333
0 0.46432291666666664 0.7729166666666667 0.09010416666666667 0.08072916666666667
0 0.56953125 0.3546875 0.090625 0.0875
0 0.36432291666666666 0.7544270833333333 0.09114583333333333 0.0828125
0 0.5510416666666667 0.44036458333333334 0.08125 0.08020833333333334
0 0.6424479166666667 0.40546875 0.09375 0.07864583333333333
0 0.18307291666666667 0.6419270833333334 0.0859375 0.12916666666666668
0 0.3059895833333333 0.16380208333333332 0.0890625 0.18385416666666668
0 0.5575520833333333 0.85703125 0.041666666666666664 0.05
0 0.7401041666666667 0.7677083333333333 0.046875 0.046875
0 0.23046875 0.4432291666666667 0.12552083333333333 0.0734375
0 0.8481770833333333 0.7359375 0.0484375 0.0421875
0 0.7674479166666667 0.8067708333333333 0.04791666666666667 0.04895833333333333
0 0.7109375 0.8184895833333333 0.0484375 0.049479166666666664
0 0.5015625 0.8447916666666667 0.042708333333333334 0.051041666666666666
0 0.8223958333333333 0.6919270833333333 0.05364583333333333 0.040625
0 0.5888020833333333 0.80703125 0.04895833333333333 0.04739583333333333
0 0.7864583333333334 0.7330729166666666 0.04375 0.04635416666666667
0 0.6361979166666667 0.7953125 0.04479166666666667 0.043229166666666666
0 0.62109375 0.8497395833333333 0.044270833333333336 0.04583333333333333
0 0.4596354166666667 0.8653645833333333 0.043229166666666666 0.04739583333333333
0 0.8411458333333334 0.6408854166666667 0.046875 0.046875
0 0.65859375 0.7302083333333333 0.04791666666666667 0.04791666666666667
0 0.6846354166666667 0.7723958333333333 0.04739583333333333 0.04479166666666667
0 0.8127604166666667 0.7815104166666667 0.043229166666666666 0.041666666666666664
0 0.8989583333333333 0.7403645833333333 0.04114583333333333 0.04635416666666667
0 0.7161458333333334 0.72265625 0.05260416666666667 0.041666666666666664
0 0.7580729166666667 0.859375 0.044270833333333336 0.04791666666666667
0 0.88203125 0.61953125 0.04479166666666667 0.044270833333333336
0 0.8825520833333333 0.6916666666666667 0.044270833333333336 0.044270833333333336
0 0.5565104166666667 0.7671875 0.049479166666666664 0.044270833333333336
0 0.759375 0.6919270833333333 0.04375 0.04791666666666667
0 0.096875 0.59609375 0.1390625 0.29635416666666664
0 0.9221354166666667 0.5953125 0.04479166666666667 0.043229166666666666
0 0.6138020833333333 0.7518229166666667 0.04635416666666667 0.04635416666666667
0 0.5346354166666667 0.80859375 0.049479166666666664 0.04583333333333333
0 0.790625 0.6567708333333333 0.04010416666666667 0.041666666666666664
0 0.6653645833333334 0.8393229166666667 0.04375 0.042708333333333334
0 0.9296875 0.6583333333333333 0.043229166666666666 0.0390625
0 0.5932291666666667 0.89765625 0.04583333333333333 0.04739583333333333