0 0.6302083333333334 0.2984375 0.14895833333333333 0.14375
0 0.6059895833333333 0.6190104166666667 0.1421875 0.1671875
0 0.6299479166666667 0.46588541666666666 0.12083333333333333 0.121875
0 0.7447916666666666 0.21484375 0.11666666666666667 0.15416666666666667
0 0.30911458333333336 0.6265625 0.1609375 0.184375
0 0.70859375 0.36822916666666666 0.11927083333333334 0.09947916666666666
0 0.26536458333333335 0.45807291666666666 0.15989583333333332 0.17916666666666667
0 0.41510416666666666 0.5557291666666667 0.1453125 0.15416666666666667
0 0.5380208333333333 0.38229166666666664 0.1328125 0.12552083333333333
0 0.5026041666666666 0.2796875 0.11041666666666666 0.11145833333333334
0 0.20963541666666666 0.2890625 0.134375 0.12864583333333332
0 0.12057291666666667 0.396875 0.12083333333333333 0.1203125
0 0.70234375 0.5736979166666667 0.13541666666666666 0.134375
0 0.30807291666666664 0.20859375 0.11510416666666666 0.10572916666666667
0 0.14479166666666668 0.5453125 0.16354166666666667 0.19895833333333332
0 0.45338541666666665 0.6651041666666667 0.17083333333333334 0.16666666666666666
0 0.8513020833333333 0.35130208333333335 0.19270833333333334 0.17708333333333334
0 0.5489583333333333 0.15104166666666666 0.11927083333333334 0.1109375
0 0.43020833333333336 0.17291666666666666 0.12395833333333334 0.1015625
0 0.6388020833333333 0.8268229166666666 0.1015625 0.08854166666666667
0 0.8479166666666667 0.23098958333333333 0.13020833333333334 0.09375
0 0.7497395833333333 0.6778645833333333 0.08958333333333333 0.0921875
0 0.7575520833333333 0.77265625 0.09270833333333334 0.09166666666666666
0 0.7567708333333333 0.5020833333333333 0.13177083333333334 0.1015625
0 0.39765625 0.27682291666666664 0.08802083333333334 0.1
0 0.3229166666666667 0.33671875 0.09010416666666667 0.08958333333333333
0 0.559375 0.76875 0.09635416666666667 0.08802083333333334
0 0.41822916666666665 0.3614583333333333 0.09739583333333333 0.09479166666666666
0 0.6572916666666667 0.7416666666666667 0.096875 0.08958333333333333
0 0.4440104166666667 0.44505208333333335 0.0875 0.0859375
0 0.35 0.41822916666666665 0.09947916666666666 0.0859375
0 0.828125 0.6138020833333333 0.09635416666666667 0.13489583333333333
0 0.6640625 0.14817708333333332 0.10416666666666667 0.1890625
0 0.4739583333333333 0.8606770833333334 0.0453125 0.053125
0 0.28411458333333334 0.7875 0.050520833333333334 0.050520833333333334
0 0.7635416666666667 0.4197916666666667 0.13072916666666667 0.08333333333333333
0 0.17369791666666667 0.7653645833333333 0.0515625 0.04583333333333333
0 0.2604166666666667 0.82890625 0.0515625 0.05260416666666667
0 0.3177083333333333 0.8356770833333333 0.052083333333333336 0.053125
0 0.5286458333333334 0.84375 0.04635416666666667 0.05416666666666667
0 0.19557291666666668 0.7192708333333333 0.05625 0.04479166666666667
0 0.43828125 0.8138020833333334 0.05260416666666667 0.051041666666666666
0 0.23489583333333333 0.75703125 0.04739583333333333 0.049479166666666664
0 0.38984375 0.8059895833333334 0.04791666666666667 0.046875
0 0.40963541666666664 0.8591145833333333 0.04791666666666667 0.04895833333333333
0 0.571875 0.8604166666666667 0.046875 0.050520833333333334
0 0.17239583333333333 0.6700520833333333 0.050520833333333334 0.050520833333333334
0 0.36223958333333334 0.7432291666666667 0.0515625 0.0515625
0 0.33984375 0.7872395833333333 0.051041666666666666 0.0484375
0 0.21302083333333333 0.8078125 0.04635416666666667 0.04479166666666667
0 0.12369791666666667 0.77421875 0.04479166666666667 0.049479166666666664
0 0.30390625 0.740625 0.05520833333333333 0.04583333333333333
0 0.27421875 0.88046875 0.04791666666666667 0.051041666666666666
0 0.12994791666666666 0.6526041666666667 0.04791666666666667 0.04791666666666667
0 0.13567708333333334 0.72421875 0.04739583333333333 0.04739583333333333
0 0.4671875 0.77109375 0.05260416666666667 0.04791666666666667
0 0.25833333333333336 0.7138020833333333 0.04739583333333333 0.051041666666666666
0 0.91015625 0.5606770833333333 0.16302083333333334 0.3046875
0 0.08776041666666666 0.6317708333333333 0.04791666666666667 0.046875
0 0.40859375 0.7609375 0.05 0.05
0 0.49244791666666665 0.8104166666666667 0.053125 0.049479166666666664
0 0.22421875 0.6815104166666667 0.043229166666666666 0.044270833333333336
0 0.36484375 0.85234375 0.046875 0.04583333333333333
0 0.08567708333333333 0.6953125 0.04583333333333333 0.0421875
0 0.44192708333333336 0.9041666666666667 0.049479166666666664 0.051041666666666666