0 0.27057291666666666 0.6690104166666667 0.1265625 0.10052083333333334
0 0.65625 0.7796875 0.12916666666666668 0.11041666666666666
0 0.7625 0.2609375 0.09427083333333333 0.11822916666666666
0 0.88515625 0.6481770833333333 0.09895833333333333 0.14166666666666666
0 0.7356770833333334 0.3997395833333333 0.08229166666666667 0.07552083333333333
0 0.46822916666666664 0.19505208333333332 0.1046875 0.0953125
0 0.6674479166666667 0.22734375 0.08802083333333334 0.1046875
0 0.7890625 0.7424479166666667 0.12447916666666667 0.10520833333333333
0 0.8244791666666667 0.31927083333333334 0.11458333333333333 0.109375
0 0.5744791666666667 0.20494791666666667 0.09375 0.1125
0 0.4317708333333333 0.7989583333333333 0.1109375 0.10677083333333333
0 0.31875 0.5955729166666667 0.06927083333333334 0.06145833333333333
0 0.615625 0.3109375 0.06979166666666667 0.0921875
0 0.46640625 0.71796875 0.059375 0.05364583333333333
0 0.48463541666666665 0.396875 0.07239583333333334 0.08385416666666666
0 0.5471354166666667 0.29739583333333336 0.07447916666666667 0.08541666666666667
0 0.39140625 0.709375 0.058854166666666666 0.06145833333333333
0 0.16796875 0.3658854166666667 0.09635416666666667 0.08697916666666666
0 0.4153645833333333 0.40963541666666664 0.07916666666666666 0.07395833333333333
0 0.6838541666666667 0.3536458333333333 0.09270833333333334 0.08072916666666667
0 0.3 0.33958333333333335 0.10520833333333333 0.071875
0 0.6177083333333333 0.4114583333333333 0.06927083333333334 0.07760416666666667
0 0.87734375 0.5416666666666666 0.071875 0.06041666666666667
0 0.25104166666666666 0.26927083333333335 0.090625 0.07760416666666667
0 0.36744791666666665 0.21640625 0.08229166666666667 0.09947916666666666
0 0.5596354166666667 0.39114583333333336 0.06666666666666667 0.08229166666666667
0 0.3109375 0.23828125 0.08697916666666666 0.08125
0 0.37864583333333335 0.3171875 0.07864583333333333 0.0921875
0 0.7958333333333333 0.53359375 0.06979166666666667 0.0625
0 0.7997395833333333 0.6013020833333333 0.06458333333333334 0.05572916666666667
0 0.16145833333333334 0.4471354166666667 0.11197916666666667 0.084375
0 0.83984375 0.3963541666666667 0.08697916666666666 0.08125
0 0.21328125 0.31796875 0.0796875 0.07916666666666666
0 0.42890625 0.5966145833333333 0.12135416666666667 0.1421875
0 0.68515625 0.5106770833333333 0.06875 0.0578125
0 0.42682291666666666 0.30104166666666665 0.07135416666666666 0.1
0 0.3575520833333333 0.5453125 0.06458333333333334 0.05364583333333333
0 0.18541666666666667 0.5854166666666667 0.059375 0.06666666666666667
0 0.48125 0.29661458333333335 0.052083333333333336 0.1046875
0 0.6223958333333334 0.67578125 0.0703125 0.057291666666666664
0 0.7833333333333333 0.4700520833333333 0.3411458333333333 0.08072916666666667
0 0.5942708333333333 0.6216145833333333 0.0609375 0.0703125
0 0.2453125 0.5619791666666667 0.05520833333333333 0.06458333333333334
0 0.5276041666666667 0.6723958333333333 0.0890625 0.2916666666666667
0 0.6848958333333334 0.603125 0.196875 0.1625
0 0.4484375 0.6481770833333333 0.05572916666666667 0.06614583333333333
0 0.29296875 0.39817708333333335 0.1375 0.0484375
0 0.2546875 0.4981770833333333 0.41354166666666664 0.15729166666666666
0 0.29739583333333336 0.52109375 0.05520833333333333 0.06614583333333333
0 0.73359375 0.5643229166666667 0.058333333333333334 0.06875