0 0.6317708333333333 0.6604166666666667 0.09427083333333333 0.09479166666666666
0 0.5416666666666666 0.6901041666666666 0.08072916666666667 0.06666666666666667
0 0.23958333333333334 0.42291666666666666 0.06875 0.08802083333333334
0 0.5705729166666667 0.17213541666666668 0.09375 0.0640625
0 0.446875 0.6760416666666667 0.10729166666666666 0.0875
0 0.7700520833333333 0.46953125 0.09010416666666667 0.10520833333333333
0 0.47890625 0.16145833333333334 0.0875 0.071875
0 0.38776041666666666 0.19609375 0.0828125 0.0765625
0 0.2864583333333333 0.85 0.059895833333333336 0.059895833333333336
0 0.21901041666666668 0.8416666666666667 0.059895833333333336 0.059375
0 0.24895833333333334 0.5130208333333334 0.0703125 0.08125
0 0.6713541666666667 0.21822916666666667 0.1 0.07552083333333333
0 0.4296875 0.5856770833333333 0.049479166666666664 0.05572916666666667
0 0.31979166666666664 0.7877604166666666 0.059895833333333336 0.06302083333333333
0 0.3385416666666667 0.5005208333333333 0.05572916666666667 0.05364583333333333
0 0.465625 0.24140625 0.053125 0.058854166666666666
0 0.7359375 0.2981770833333333 0.06614583333333333 0.08229166666666667
0 0.6841145833333333 0.35520833333333335 0.04895833333333333 0.044270833333333336
0 0.6322916666666667 0.8333333333333334 0.06614583333333333 0.04375
0 0.72109375 0.5765625 0.10052083333333334 0.11666666666666667
0 0.6622395833333333 0.30182291666666666 0.06145833333333333 0.05260416666666667
0 0.378125 0.5549479166666667 0.05572916666666667 0.052083333333333336
0 0.4859375 0.6033854166666667 0.04895833333333333 0.06197916666666667
0 0.5486979166666667 0.6015625 0.049479166666666664 0.05677083333333333
0 0.696875 0.8033854166666666 0.0453125 0.06875
0 0.6013020833333333 0.5838541666666667 0.04791666666666667 0.046875
0 0.6088541666666667 0.26015625 0.05625 0.0515625
0 0.5419270833333333 0.24375 0.04791666666666667 0.049479166666666664
0 0.26796875 0.7401041666666667 0.052083333333333336 0.04583333333333333
0 0.20572916666666666 0.7791666666666667 0.05260416666666667 0.0578125
0 0.7010416666666667 0.9106770833333333 0.0453125 0.0578125
0 0.31484375 0.40234375 0.053125 0.0375
0 0.6393229166666666 0.4296875 0.0390625 0.03125
0 0.69140625 0.41041666666666665 0.051041666666666666 0.034895833333333334
0 0.4471354166666667 0.4822916666666667 0.03333333333333333 0.03229166666666667
0 0.6489583333333333 0.5533854166666666 0.04895833333333333 0.04375
0 0.3966145833333333 0.2721354166666667 0.042708333333333334 0.04375
0 0.6739583333333333 0.5122395833333333 0.0421875 0.0390625
0 0.47734375 0.4979166666666667 0.029166666666666667 0.03229166666666667
0 0.6197916666666666 0.4903645833333333 0.043229166666666666 0.0421875
0 0.7325520833333333 0.8513020833333333 0.05520833333333333 0.04010416666666667
0 0.41822916666666665 0.5197916666666667 0.03333333333333333 0.0359375
0 0.3729166666666667 0.44244791666666666 0.050520833333333334 0.034895833333333334
0 0.38046875 0.38177083333333334 0.0453125 0.034375
0 0.5026041666666666 0.5510416666666667 0.033854166666666664 0.0421875
0 0.4591145833333333 0.4088541666666667 0.03125 0.028645833333333332
0 0.5515625 0.296875 0.0375 0.04114583333333333
0 0.3958333333333333 0.4973958333333333 0.03854166666666667 0.03333333333333333
0 0.53671875 0.5520833333333334 0.034895833333333334 0.043229166666666666
0 0.6895833333333333 0.4661458333333333 0.051041666666666666 0.033854166666666664
0 0.33255208333333336 0.34817708333333336 0.04583333333333333 0.04114583333333333
0 0.4484375 0.3104166666666667 0.04635416666666667 0.03802083333333333
0 0.6153645833333333 0.33984375 0.03802083333333333 0.03125
0 0.3653645833333333 0.30859375 0.0359375 0.04010416666666667
0 0.39609375 0.3567708333333333 0.0453125 0.036458333333333336
0 0.5979166666666667 0.5229166666666667 0.04010416666666667 0.04010416666666667
0 0.6268229166666667 0.3690104166666667 0.03958333333333333 0.030208333333333334
0 0.5697916666666667 0.5377604166666666 0.034375 0.0375
0 0.47994791666666664 0.45677083333333335 0.029166666666666667 0.03177083333333333
0 0.5143229166666666 0.29270833333333335 0.03697916666666667 0.04114583333333333
0 0.5872395833333334 0.3138020833333333 0.03854166666666667 0.03958333333333333
0 0.6380208333333334 0.39765625 0.035416666666666666 0.030208333333333334
0 0.52734375 0.3846354166666667 0.030729166666666665 0.030729166666666665
0 0.50859375 0.5036458333333333 0.028645833333333332 0.03333333333333333
0 0.32708333333333334 0.45078125 0.03854166666666667 0.026041666666666668
0 0.4822916666666667 0.29739583333333336 0.034895833333333334 0.042708333333333334
0 0.38125 0.471875 0.0375 0.027604166666666666
0 0.55 0.40390625 0.033854166666666664 0.027604166666666666
0 0.5489583333333333 0.43333333333333335 0.03333333333333333 0.0328125
0 0.41640625 0.33203125 0.03854166666666667 0.03697916666666667
0 0.4205729166666667 0.4356770833333333 0.034375 0.027604166666666666
0 0.37526041666666665 0.4153645833333333 0.0484375 0.0328125
0 0.42109375 0.4088541666666667 0.035416666666666666 0.0265625
0 0.5838541666666667 0.36953125 0.03333333333333333 0.03229166666666667
0 0.4708333333333333 0.54453125 0.030729166666666665 0.03802083333333333
0 0.46458333333333335 0.3455729166666667 0.029166666666666667 0.028645833333333332
0 0.5333333333333333 0.45755208333333336 0.0296875 0.03125
0 0.540625 0.3411458333333333 0.027604166666666666 0.03125
0 0.5901041666666667 0.3958333333333333 0.03229166666666667 0.0265625
0 0.4453125 0.5317708333333333 0.033854166666666664 0.034375
0 0.5669270833333333 0.3515625 0.029166666666666667 0.03125
0 0.47682291666666665 0.3848958333333333 0.029166666666666667 0.028645833333333332
0 0.50078125 0.37942708333333336 0.026041666666666668 0.0328125
0 0.63125 0.4609375 0.0375 0.0328125
0 0.5846354166666666 0.4479166666666667 0.030729166666666665 0.027083333333333334
0 0.7700520833333333 0.37109375 0.036458333333333336 0.07239583333333334
0 0.5734375 0.4700520833333333 0.03177083333333333 0.030729166666666665
0 0.6424479166666667 0.8966145833333333 0.0625 0.07135416666666666
0 0.43072916666666666 0.45859375 0.034895833333333334 0.0265625
0 0.53671875 0.5026041666666666 0.0296875 0.030729166666666665
0 0.4895833333333333 0.33567708333333335 0.030208333333333334 0.030729166666666665
0 0.50625 0.46380208333333334 0.0265625 0.034375
0 0.2955729166666667 0.45286458333333335 0.030208333333333334 0.023958333333333335
0 0.43984375 0.35911458333333335 0.028125 0.0234375
0 0.42994791666666665 0.38203125 0.030729166666666665 0.028645833333333332
0 0.46041666666666664 0.4361979166666667 0.03125 0.025
0 0.55625 0.4903645833333333 0.033854166666666664 0.033854166666666664
0 0.5890625 0.42161458333333335 0.028125 0.021875
0 0.2916666666666667 0.2859375 0.10729166666666666 0.18802083333333333
0 0.31302083333333336 0.4513020833333333 0.0640625 0.03333333333333333
0 0.33255208333333336 0.6028645833333334 0.13541666666666666 0.12395833333333334
0 0.5122395833333333 0.3380208333333333 0.025520833333333333 0.03125