0 0.36276041666666664 0.6557291666666667 0.09166666666666666 0.0921875
0 0.4518229166666667 0.6885416666666667 0.07864583333333333 0.0640625
0 0.7630208333333334 0.43203125 0.06614583333333333 0.0859375
0 0.44088541666666664 0.16979166666666667 0.09166666666666666 0.06145833333333333
0 0.546875 0.6778645833333333 0.1046875 0.084375
0 0.23125 0.46015625 0.08697916666666666 0.10260416666666666
0 0.5328125 0.1625 0.08541666666666667 0.06927083333333334
0 0.62265625 0.20026041666666666 0.08072916666666667 0.07447916666666667
0 0.7013020833333333 0.85703125 0.0578125 0.0578125
0 0.7690104166666667 0.8513020833333333 0.0578125 0.057291666666666664
0 0.7505208333333333 0.521875 0.06770833333333333 0.07916666666666666
0 0.3385416666666667 0.2125 0.09791666666666667 0.07239583333333334
0 0.5671875 0.5880208333333333 0.04791666666666667 0.05416666666666667
0 0.6700520833333333 0.79375 0.058333333333333334 0.0609375
0 0.6611979166666667 0.50625 0.05416666666666667 0.052083333333333336
0 0.5434895833333333 0.24270833333333333 0.051041666666666666 0.057291666666666664
0 0.2713541666666667 0.29010416666666666 0.06354166666666666 0.08072916666666667
0 0.32109375 0.34869791666666666 0.04791666666666667 0.042708333333333334
0 0.35598958333333336 0.8286458333333333 0.06510416666666667 0.041666666666666664
0 0.2765625 0.56875 0.096875 0.1140625
0 0.34479166666666666 0.29635416666666664 0.059895833333333336 0.051041666666666666
0 0.6200520833333333 0.5591145833333333 0.05416666666666667 0.050520833333333334
0 0.5104166666666666 0.6036458333333333 0.04739583333333333 0.06041666666666667
0 0.4479166666666667 0.5997395833333333 0.04739583333333333 0.05520833333333333
0 0.29244791666666664 0.7963541666666667 0.042708333333333334 0.06770833333333333
0 0.3958333333333333 0.5802083333333333 0.04635416666666667 0.0453125
0 0.3997395833333333 0.2565104166666667 0.0546875 0.05
0 0.4669270833333333 0.24244791666666668 0.04635416666666667 0.04791666666666667
0 0.7234375 0.7479166666666667 0.050520833333333334 0.044270833333333336
0 0.784375 0.7890625 0.050520833333333334 0.05625
0 0.28463541666666664 0.9033854166666667 0.043229166666666666 0.05677083333333333
0 0.6885416666666667 0.4088541666666667 0.052083333333333336 0.0359375
0 0.36328125 0.42473958333333334 0.03854166666666667 0.030208333333333334
0 0.31197916666666664 0.4036458333333333 0.05 0.03333333333333333
0 0.5533854166666666 0.48411458333333335 0.03229166666666667 0.03125
0 0.34921875 0.5481770833333334 0.04791666666666667 0.042708333333333334
0 0.6114583333333333 0.27578125 0.04114583333333333 0.042708333333333334
0 0.3255208333333333 0.50625 0.04114583333333333 0.03802083333333333
0 0.52265625 0.4986979166666667 0.028125 0.03177083333333333
0 0.3807291666666667 0.4861979166666667 0.0421875 0.04114583333333333
0 0.25546875 0.84296875 0.05364583333333333 0.03854166666666667
0 0.5809895833333333 0.52265625 0.03229166666666667 0.034895833333333334
0 0.62890625 0.446875 0.049479166666666664 0.03333333333333333
0 0.6236979166666666 0.38619791666666664 0.044270833333333336 0.0328125
0 0.49557291666666664 0.55078125 0.0328125 0.04114583333333333
0 0.5440104166666667 0.41041666666666665 0.030729166666666665 0.027604166666666666
0 0.4557291666666667 0.2953125 0.036458333333333336 0.04010416666666667
0 0.6041666666666666 0.5010416666666667 0.0375 0.03229166666666667
0 0.46145833333333336 0.55078125 0.03333333333333333 0.0421875
0 0.31171875 0.4596354166666667 0.05 0.03229166666666667
0 0.67265625 0.3541666666666667 0.04479166666666667 0.03958333333333333
0 0.5583333333333333 0.31223958333333335 0.0453125 0.036458333333333336
0 0.39010416666666664 0.3359375 0.0375 0.030208333333333334
0 0.6411458333333333 0.31354166666666666 0.034895833333333334 0.0390625
0 0.6088541666666667 0.36041666666666666 0.044270833333333336 0.034895833333333334
0 0.40130208333333334 0.51953125 0.0390625 0.0390625
0 0.37786458333333334 0.3645833333333333 0.0390625 0.029166666666666667
0 0.42890625 0.53515625 0.0328125 0.036458333333333336
0 0.5216145833333333 0.45729166666666665 0.028125 0.03125
0 0.49296875 0.2921875 0.0359375 0.04010416666666667
0 0.41953125 0.3109375 0.0375 0.03802083333333333
0 0.365625 0.3927083333333333 0.034895833333333334 0.029166666666666667
0 0.47682291666666665 0.38385416666666666 0.0296875 0.030208333333333334
0 0.49140625 0.5033854166666667 0.027604166666666666 0.0328125
0 0.6744791666666666 0.45703125 0.0375 0.025
0 0.525 0.2981770833333333 0.033854166666666664 0.041666666666666664
0 0.6197916666666666 0.47604166666666664 0.036458333333333336 0.026041666666666668
0 0.45338541666666665 0.40234375 0.0328125 0.0265625
0 0.45338541666666665 0.4317708333333333 0.03229166666666667 0.03177083333333333
0 0.5893229166666667 0.33489583333333334 0.0375 0.0359375
0 0.5815104166666667 0.43828125 0.03333333333333333 0.0265625
0 0.6278645833333333 0.4197916666666667 0.04739583333333333 0.03177083333333333
0 0.58203125 0.41171875 0.034375 0.025520833333333333
0 0.42083333333333334 0.36666666666666664 0.03229166666666667 0.03125
0 0.5276041666666667 0.5455729166666666 0.0296875 0.0375
0 0.540625 0.346875 0.028645833333333332 0.028125
0 0.46822916666666664 0.45625 0.028645833333333332 0.030729166666666665
0 0.46510416666666665 0.33984375 0.0265625 0.030208333333333334
0 0.41354166666666664 0.3927083333333333 0.03125 0.025520833333333333
0 0.5536458333333333 0.53359375 0.0328125 0.03333333333333333
0 0.43828125 0.3494791666666667 0.028125 0.030729166666666665
0 0.5270833333333333 0.38567708333333334 0.028645833333333332 0.028125
0 0.5033854166666667 0.37942708333333336 0.025 0.03177083333333333
0 0.3703125 0.45651041666666664 0.036458333333333336 0.03125
0 0.4171875 0.44479166666666664 0.0296875 0.026041666666666668
0 0.23463541666666668 0.36171875 0.034375 0.07135416666666666
0 0.4276041666666667 0.4674479166666667 0.03125 0.0296875
0 0.34375 0.8911458333333333 0.06041666666666667 0.06979166666666667
0 0.5708333333333333 0.46119791666666665 0.033854166666666664 0.025520833333333333
0 0.46328125 0.5013020833333334 0.028645833333333332 0.030208333333333334
0 0.5161458333333333 0.33619791666666665 0.029166666666666667 0.030208333333333334
0 0.49505208333333334 0.4635416666666667 0.025520833333333333 0.03333333333333333
0 0.7059895833333333 0.45989583333333334 0.0296875 0.022916666666666665
0 0.56484375 0.3611979166666667 0.027604166666666666 0.022916666666666665
0 0.5739583333333333 0.3846354166666667 0.030208333333333334 0.027604166666666666
0 0.5419270833333333 0.4375 0.030208333333333334 0.023958333333333335
0 0.4440104166666667 0.48828125 0.0328125 0.0328125
0 0.41380208333333335 0.41848958333333336 0.027604166666666666 0.021354166666666667
0 0.7158854166666667 0.29348958333333336 0.10104166666666667 0.18541666666666667
0 0.6888020833333334 0.4578125 0.06354166666666666 0.03125
0 0.6638020833333333 0.6088541666666667 0.13177083333333334 0.11979166666666667
0 0.49322916666666666 0.3375 0.024479166666666666 0.030208333333333334