0 0.9192708333333334 0.5888020833333333 0.14791666666666667 0.14166666666666666
0 0.27369791666666665 0.7356770833333334 0.14270833333333333 0.13854166666666667
0 0.4046875 0.18802083333333333 0.1078125 0.1265625
0 0.7096354166666666 0.21328125 0.11927083333333334 0.13385416666666666
0 0.7028645833333333 0.7901041666666667 0.15833333333333333 0.14635416666666667
0 0.7973958333333333 0.25885416666666666 0.13489583333333333 0.1296875
0 0.4903645833333333 0.17890625 0.11614583333333334 0.1296875
0 0.6020833333333333 0.1875 0.11510416666666666 0.13645833333333332
0 0.409375 0.42161458333333335 0.08854166666666667 0.09739583333333333
0 0.4317708333333333 0.83671875 0.14322916666666666 0.11822916666666666
0 0.6471354166666666 0.31015625 0.09270833333333334 0.10208333333333333
0 0.8403645833333333 0.7127604166666667 0.12135416666666667 0.109375
0 0.26328125 0.3703125 0.11822916666666666 0.09114583333333333
0 0.3299479166666667 0.33541666666666664 0.09479166666666666 0.11145833333333334
0 0.5 0.29244791666666664 0.07916666666666666 0.09479166666666666
0 0.41744791666666664 0.7369791666666666 0.07447916666666667 0.0734375
0 0.6033854166666667 0.39088541666666665 0.08072916666666667 0.09270833333333334
0 0.32864583333333336 0.65625 0.0703125 0.0796875
0 0.14192708333333334 0.4940104166666667 0.125 0.09947916666666666
0 0.12526041666666668 0.40729166666666666 0.1140625 0.096875
0 0.15598958333333332 0.3533854166666667 0.103125 0.0984375
0 0.5645833333333333 0.29296875 0.0828125 0.10104166666666667
0 0.1921875 0.29765625 0.10520833333333333 0.109375
0 0.8934895833333333 0.48776041666666664 0.07864583333333333 0.06510416666666667
0 0.49114583333333334 0.7380208333333333 0.071875 0.08020833333333334
0 0.25494791666666666 0.25755208333333335 0.09635416666666667 0.09739583333333333
0 0.8098958333333334 0.35833333333333334 0.09479166666666666 0.0984375
0 0.35234375 0.5783854166666667 0.06145833333333333 0.07083333333333333
0 0.803125 0.4986979166666667 0.08229166666666667 0.0734375
0 0.4705729166666667 0.3953125 0.0828125 0.09479166666666666
0 0.8239583333333333 0.5713541666666667 0.08645833333333333 0.06770833333333333
0 0.6114583333333333 0.6080729166666666 0.07760416666666667 0.07552083333333333
0 0.3203125 0.22239583333333332 0.08541666666666667 0.09739583333333333
0 0.2864583333333333 0.42994791666666665 0.15364583333333334 0.08333333333333333
0 0.78046875 0.43307291666666664 0.35989583333333336 0.1328125
0 0.4625 0.6606770833333333 0.059895833333333336 0.06979166666666667
0 0.6625 0.675 0.08229166666666667 0.07552083333333333
0 0.234375 0.6200520833333333 0.071875 0.07864583333333333
0 0.43776041666666665 0.6153645833333333 0.1453125 0.1671875
0 0.7127604166666667 0.5919270833333333 0.22239583333333332 0.19583333333333333
0 0.1734375 0.6458333333333334 0.06979166666666667 0.071875
0 0.71640625 0.3546875 0.1140625 0.09791666666666667
0 0.4359375 0.29791666666666666 0.0765625 0.1125
0 0.6841145833333333 0.5015625 0.06875 0.07552083333333333
0 0.5432291666666667 0.6669270833333333 0.13697916666666668 0.31354166666666666
0 0.28828125 0.5671875 0.0625 0.08020833333333334
0 0.5388020833333333 0.38177083333333334 0.07864583333333333 0.10208333333333333
0 0.38645833333333335 0.3171875 0.09010416666666667 0.10885416666666667
0 0.24713541666666666 0.5403645833333334 0.44479166666666664 0.21770833333333334