0 0.08229166666666667 0.59609375 0.14583333333333334 0.13958333333333334
0 0.7302083333333333 0.7315104166666667 0.14114583333333333 0.13645833333333332
0 0.58984375 0.18645833333333334 0.10572916666666667 0.125
0 0.28541666666666665 0.2171875 0.11770833333333333 0.1328125
0 0.30234375 0.79375 0.15625 0.14427083333333332
0 0.1984375 0.2640625 0.13333333333333333 0.128125
0 0.50390625 0.17890625 0.11458333333333333 0.128125
0 0.3924479166666667 0.18932291666666667 0.11354166666666667 0.13489583333333333
0 0.5893229166666667 0.4200520833333333 0.08697916666666666 0.09635416666666667
0 0.5739583333333333 0.8354166666666667 0.14166666666666666 0.11614583333333334
0 0.3494791666666667 0.31276041666666665 0.09114583333333333 0.10104166666666667
0 0.16328125 0.71875 0.1203125 0.1078125
0 0.734375 0.36614583333333334 0.1171875 0.0890625
0 0.6671875 0.33229166666666665 0.09322916666666667 0.11041666666666666
0 0.49635416666666665 0.29244791666666664 0.07760416666666667 0.09427083333333333
0 0.58671875 0.7354166666666667 0.0734375 0.07291666666666667
0 0.39453125 0.3927083333333333 0.0796875 0.09166666666666666
0 0.6739583333333333 0.6533854166666667 0.06927083333333334 0.07864583333333333
0 0.8578125 0.48776041666666664 0.12395833333333334 0.09791666666666667
0 0.8729166666666667 0.40078125 0.11302083333333333 0.0953125
0 0.84140625 0.34739583333333335 0.10208333333333333 0.096875
0 0.4317708333333333 0.29401041666666666 0.08177083333333333 0.1
0 0.8041666666666667 0.2921875 0.10364583333333334 0.1078125
0 0.10625 0.4947916666666667 0.07760416666666667 0.0640625
0 0.5130208333333334 0.7377604166666667 0.07083333333333333 0.0796875
0 0.740625 0.25338541666666664 0.09479166666666666 0.09635416666666667
0 0.18776041666666668 0.36380208333333336 0.09322916666666667 0.096875
0 0.6489583333333333 0.57578125 0.06041666666666667 0.0703125
0 0.196875 0.50390625 0.08125 0.071875
0 0.5276041666666667 0.39479166666666665 0.08125 0.09375
0 0.17734375 0.5768229166666666 0.08541666666666667 0.06666666666666667
0 0.39036458333333335 0.61015625 0.0765625 0.07447916666666667
0 0.6747395833333333 0.21927083333333333 0.084375 0.09635416666666667
0 0.7125 0.42604166666666665 0.153125 0.08072916666666667
0 0.21848958333333332 0.43776041666666665 0.359375 0.12708333333333333
0 0.5401041666666667 0.6598958333333333 0.058854166666666666 0.06875
0 0.340625 0.6778645833333333 0.08125 0.07395833333333333
0 0.7677083333333333 0.615625 0.07083333333333333 0.078125
0 0.5640625 0.6140625 0.14322916666666666 0.16510416666666666
0 0.28880208333333335 0.5955729166666667 0.2203125 0.19270833333333334
0 0.8291666666666667 0.6401041666666667 0.06875 0.07083333333333333
0 0.28098958333333335 0.35833333333333334 0.1125 0.09635416666666667
0 0.5606770833333333 0.296875 0.075 0.11145833333333334
0 0.31614583333333335 0.5046875 0.06770833333333333 0.07447916666666667
0 0.4596354166666667 0.6677083333333333 0.13229166666666667 0.3125
0 0.7127604166666667 0.56328125 0.0609375 0.07916666666666666
0 0.4591145833333333 0.38229166666666664 0.07708333333333334 0.10104166666666667
0 0.6104166666666667 0.3151041666666667 0.08854166666666667 0.1078125
0 0.7533854166666667 0.5359375 0.4427083333333333 0.2109375