0 0.5716666666666667 0.9008333333333334 0.24 0.19833333333333333
0 0.19333333333333333 0.8166666666666667 0.30833333333333335 0.2683333333333333
0 0.665 0.18166666666666667 0.13166666666666665 0.14
0 0.265 0.060833333333333336 0.11666666666666667 0.12166666666666667
0 0.14 0.050833333333333335 0.13333333333333333 0.10166666666666667
0 0.41583333333333333 0.17 0.135 0.12833333333333333
0 0.38166666666666665 0.8825 0.17666666666666667 0.21333333333333335
0 0.5416666666666666 0.16916666666666666 0.13166666666666665 0.125
0 0.295 0.18916666666666668 0.12666666666666668 0.15166666666666667
0 0.505 0.0525 0.11 0.105
0 0.39166666666666666 0.05416666666666667 0.13333333333333333 0.10833333333333334
0 0.6025 0.08 0.09 0.11
0 0.10416666666666667 0.43666666666666665 0.20666666666666667 0.265
0 0.7033333333333334 0.075 0.11166666666666666 0.09666666666666666
0 0.9816666666666667 0.11333333333333333 0.03666666666666667 0.1
0 0.8425 0.07416666666666667 0.09 0.06833333333333333
0 0.7241666666666666 0.7266666666666667 0.08 0.07833333333333334
0 0.03 0.7608333333333334 0.06 0.14166666666666666
0 0.6533333333333333 0.795 0.1 0.09166666666666666
0 0.9291666666666667 0.645 0.07833333333333334 0.08
0 0.9708333333333333 0.185 0.058333333333333334 0.06666666666666667
0 0.14416666666666667 0.23666666666666666 0.065 0.06333333333333334
0 0.9116666666666666 0.7325 0.095 0.09833333333333333
0 0.8441666666666666 0.13833333333333334 0.06666666666666667 0.06666666666666667
0 0.5725 0.7458333333333333 0.06333333333333334 0.07
0 0.8083333333333333 0.8858333333333334 0.25 0.22833333333333333
0 0.05 0.885 0.1 0.10333333333333333
0 0.44166666666666665 0.7483333333333333 0.07 0.06
0 0.7866666666666666 0.12083333333333333 0.065 0.08333333333333333
0 0.7566666666666667 0.5158333333333334 0.058333333333333334 0.06
0 0.97 0.40166666666666667 0.06 0.07
0 0.6308333333333334 0.7283333333333334 0.05333333333333334 0.065
0 0.5591666666666667 0.5325 0.043333333333333335 0.041666666666666664
0 0.17583333333333334 0.125 0.07666666666666666 0.06333333333333334
0 0.415 0.27 0.058333333333333334 0.056666666666666664
0 0.2475 0.565 0.06166666666666667 0.056666666666666664
0 0.5108333333333334 0.7491666666666666 0.056666666666666664 0.06666666666666667
0 0.6283333333333333 0.66 0.04 0.041666666666666664
0 0.4741666666666667 0.2608333333333333 0.06333333333333334 0.058333333333333334
0 0.37583333333333335 0.7308333333333333 0.06666666666666667 0.058333333333333334
0 0.9833333333333333 0.24333333333333335 0.03333333333333333 0.06666666666666667
0 0.695 0.4675 0.06333333333333334 0.055
0 0.6333333333333333 0.2925 0.07 0.05333333333333334
0 0.25666666666666665 0.3933333333333333 0.05333333333333334 0.06166666666666667
0 0.5841666666666666 0.2683333333333333 0.06166666666666667 0.055
0 0.42083333333333334 0.6358333333333334 0.041666666666666664 0.04666666666666667
0 0.2866666666666667 0.4583333333333333 0.045 0.041666666666666664
0 0.5425 0.6925 0.05 0.04666666666666667
0 0.5291666666666667 0.43416666666666665 0.03666666666666667 0.03666666666666667
0 0.9325 0.24 0.06 0.06666666666666667
0 0.1325 0.2891666666666667 0.07666666666666666 0.043333333333333335
0 0.31916666666666665 0.31916666666666665 0.03833333333333333 0.06333333333333334
0 0.825 0.48 0.06833333333333333 0.06666666666666667
0 0.9716666666666667 0.3225 0.056666666666666664 0.08833333333333333
0 0.6116666666666667 0.5116666666666667 0.041666666666666664 0.04
0 0.8041666666666667 0.6658333333333334 0.16 0.21833333333333332
0 0.32166666666666666 0.7008333333333333 0.065 0.055
0 0.4558333333333333 0.6883333333333334 0.04833333333333333 0.05
0 0.4608333333333333 0.42916666666666664 0.03666666666666667 0.03666666666666667
0 0.57 0.5841666666666666 0.04666666666666667 0.045
0 0.62 0.3416666666666667 0.06666666666666667 0.043333333333333335
0 0.2833333333333333 0.6658333333333334 0.06833333333333333 0.04833333333333333
0 0.9083333333333333 0.11083333333333334 0.05333333333333334 0.056666666666666664
0 0.42916666666666664 0.4483333333333333 0.03833333333333333 0.03666666666666667
0 0.5875 0.43416666666666665 0.041666666666666664 0.04
0 0.9091666666666667 0.17583333333333334 0.06833333333333333 0.06166666666666667
0 0.37083333333333335 0.5175 0.04666666666666667 0.043333333333333335
0 0.7191666666666666 0.3566666666666667 0.06166666666666667 0.05
0 0.41833333333333333 0.5833333333333334 0.043333333333333335 0.045
0 0.4841666666666667 0.385 0.041666666666666664 0.043333333333333335
0 0.7533333333333333 0.5858333333333333 0.055 0.06333333333333334
0 0.07583333333333334 0.24083333333333334 0.051666666666666666 0.09
0 0.7541666666666667 0.4583333333333333 0.06333333333333334 0.043333333333333335
0 0.5525 0.64 0.04 0.04
0 0.5308333333333334 0.2608333333333333 0.05333333333333334 0.05333333333333334
0 0.5883333333333334 0.625 0.045 0.028333333333333332
0 0.6783333333333333 0.6891666666666667 0.04 0.07666666666666666
0 0.315 0.6066666666666667 0.045 0.041666666666666664
0 0.3775 0.6616666666666666 0.03833333333333333 0.051666666666666666
0 0.5233333333333333 0.39 0.03833333333333333 0.043333333333333335
0 0.5583333333333333 0.3125 0.06166666666666667 0.045
0 0.4058333333333333 0.325 0.056666666666666664 0.04666666666666667
0 0.6016666666666667 0.4741666666666667 0.045 0.043333333333333335
0 0.41333333333333333 0.4083333333333333 0.041666666666666664 0.045
0 0.9466666666666667 0.09833333333333333 0.07166666666666667 0.08833333333333333
0 0.65 0.6308333333333334 0.035 0.03666666666666667
0 0.24 0.505 0.05333333333333334 0.05
0 0.6183333333333333 0.6008333333333333 0.04666666666666667 0.03833333333333333
0 0.4875 0.45916666666666667 0.03 0.03333333333333333
0 0.14666666666666667 0.17583333333333334 0.06 0.04833333333333333
0 0.24083333333333334 0.45166666666666666 0.056666666666666664 0.06333333333333334
0 0.7016666666666667 0.5183333333333333 0.04 0.04
0 0.385 0.44166666666666665 0.043333333333333335 0.043333333333333335
0 0.3883333333333333 0.6133333333333333 0.03666666666666667 0.03833333333333333
0 0.13166666666666665 0.63 0.2633333333333333 0.15666666666666668
0 0.2916666666666667 0.5133333333333333 0.051666666666666666 0.065
0 0.49166666666666664 0.6066666666666667 0.03833333333333333 0.045
0 0.3566666666666667 0.5883333333333334 0.041666666666666664 0.045
0 0.49666666666666665 0.6858333333333333 0.045 0.041666666666666664
0 0.205 0.17083333333333334 0.045 0.06
0 0.2825 0.3466666666666667 0.04 0.065
0 0.7475 0.4075 0.058333333333333334 0.043333333333333335
0 0.49916666666666665 0.5675 0.03166666666666667 0.03166666666666667
0 0.5575 0.41083333333333333 0.03333333333333333 0.03333333333333333
0 0.36083333333333334 0.29333333333333333 0.04666666666666667 0.04666666666666667
0 0.675 0.5975 0.03833333333333333 0.05333333333333334
0 0.415 0.6791666666666667 0.041666666666666664 0.045
0 0.6966666666666667 0.5575 0.03666666666666667 0.03833333333333333
0 0.6475 0.4675 0.04833333333333333 0.043333333333333335
0 0.25083333333333335 0.27666666666666667 0.05 0.051666666666666666
0 0.6025 0.555 0.045 0.041666666666666664
0 0.4116666666666667 0.48333333333333334 0.035 0.03333333333333333
0 0.3875 0.5541666666666667 0.041666666666666664 0.041666666666666664
0 0.46166666666666667 0.565 0.041666666666666664 0.045
0 0.3725 0.47833333333333333 0.03666666666666667 0.035
0 0.6866666666666666 0.315 0.065 0.04666666666666667
0 0.18333333333333332 0.5 0.075 0.14166666666666666
0 0.555 0.4583333333333333 0.03333333333333333 0.03166666666666667
0 0.6608333333333334 0.5066666666666667 0.03833333333333333 0.043333333333333335
0 0.37666666666666665 0.38916666666666666 0.04666666666666667 0.04
0 0.20666666666666667 0.24666666666666667 0.056666666666666664 0.08
0 0.44666666666666666 0.31 0.045 0.03833333333333333
0 0.565 0.495 0.03666666666666667 0.035
0 0.51 0.6483333333333333 0.04666666666666667 0.041666666666666664
0 0.665 0.375 0.055 0.04
0 0.1 0.11333333333333333 0.075 0.06666666666666667
0 0.42 0.3591666666666667 0.051666666666666666 0.03666666666666667
0 0.5008333333333334 0.3458333333333333 0.051666666666666666 0.041666666666666664
0 0.6833333333333333 0.4191666666666667 0.056666666666666664 0.045
0 0.5175 0.4716666666666667 0.03666666666666667 0.035
0 0.5016666666666667 0.30916666666666665 0.06 0.04666666666666667
0 0.3358333333333333 0.5516666666666666 0.03166666666666667 0.04666666666666667
0 0.5308333333333334 0.5991666666666666 0.045 0.04666666666666667
0 0.44583333333333336 0.4891666666666667 0.03166666666666667 0.03166666666666667
0 0.35833333333333334 0.3466666666666667 0.03666666666666667 0.035
0 0.46416666666666667 0.6433333333333333 0.043333333333333335 0.043333333333333335
0 0.3408333333333333 0.6383333333333333 0.04 0.051666666666666666
0 0.3333333333333333 0.45916666666666667 0.04666666666666667 0.043333333333333335
0 0.29583333333333334 0.5675 0.03833333333333333 0.045
0 0.45166666666666666 0.6016666666666667 0.03666666666666667 0.03333333333333333
0 0.7175 0.6375 0.03833333333333333 0.08666666666666667
0 0.6433333333333333 0.575 0.045 0.03166666666666667
0 0.5883333333333334 0.6766666666666666 0.04 0.05
0 0.3283333333333333 0.505 0.043333333333333335 0.05
0 0.495 0.4266666666666667 0.03 0.03166666666666667
0 0.5308333333333334 0.5591666666666667 0.03833333333333333 0.03666666666666667
0 0.4583333333333333 0.3475 0.03833333333333333 0.03166666666666667
0 0.5708333333333333 0.36833333333333335 0.03166666666666667 0.04666666666666667
0 0.6483333333333333 0.5425 0.04666666666666667 0.03666666666666667
0 0.4525 0.5233333333333333 0.03666666666666667 0.03833333333333333
0 0.5408333333333334 0.3541666666666667 0.035 0.04
0 0.30083333333333334 0.4166666666666667 0.05333333333333334 0.04666666666666667
0 0.44666666666666666 0.3908333333333333 0.03833333333333333 0.041666666666666664
0 0.5175 0.5233333333333333 0.03166666666666667 0.03166666666666667
0 0.48583333333333334 0.53 0.03666666666666667 0.04
0 0.43 0.5466666666666666 0.028333333333333332 0.028333333333333332
0 0.6008333333333333 0.38 0.03666666666666667 0.05333333333333334
0 0.06 0.31333333333333335 0.055 0.04666666666666667
0 0.4141666666666667 0.5175 0.04 0.03833333333333333
0 0.6266666666666667 0.4025 0.03166666666666667 0.04
0 0.325 0.3775 0.06333333333333334 0.05333333333333334
0 0.4583333333333333 0.46166666666666667 0.02666666666666667 0.02666666666666667
0 0.3441666666666667 0.42333333333333334 0.04833333333333333 0.045
0 0.5325 0.49833333333333335 0.03 0.02666666666666667
0 0.6416666666666667 0.4325 0.03166666666666667 0.03833333333333333
0 0.25416666666666665 0.6216666666666667 0.07166666666666667 0.03333333333333333
0 0.08416666666666667 0.16333333333333333 0.058333333333333334 0.045
0 0.91 0.5175 0.17666666666666667 0.175
0 0.8241666666666667 0.30583333333333335 0.2733333333333333 0.29
0 0.20916666666666667 0.31833333333333336 0.06833333333333333 0.07