0 0.44166666666666665 0.9008333333333334 0.24666666666666667 0.19833333333333333
0 0.8175 0.8058333333333333 0.315 0.27666666666666667
0 0.32416666666666666 0.1875 0.135 0.14333333333333334
0 0.7175 0.0575 0.12166666666666667 0.115
0 0.8433333333333334 0.04583333333333333 0.13666666666666666 0.09166666666666666
0 0.5733333333333334 0.16666666666666666 0.13833333333333334 0.13333333333333333
0 0.6316666666666667 0.8783333333333333 0.18166666666666667 0.21833333333333332
0 0.44666666666666666 0.17083333333333334 0.135 0.12833333333333333
0 0.6941666666666667 0.1825 0.13 0.155
0 0.48 0.05333333333333334 0.11333333333333333 0.10666666666666667
0 0.5908333333333333 0.05333333333333334 0.135 0.10666666666666667
0 0.3825 0.08416666666666667 0.09333333333333334 0.11333333333333333
0 0.8925 0.4216666666666667 0.215 0.27
0 0.2816666666666667 0.0825 0.11333333333333333 0.1
0 0.0125 0.13083333333333333 0.025 0.10166666666666667
0 0.1425 0.08666666666666667 0.09166666666666666 0.07
0 0.2841666666666667 0.7341666666666666 0.08166666666666667 0.08
0 0.9725 0.7433333333333333 0.055 0.14333333333333334
0 0.3566666666666667 0.8 0.10166666666666667 0.095
0 0.07666666666666666 0.66 0.08 0.08166666666666667
0 0.024166666666666666 0.2025 0.04833333333333333 0.06833333333333333
0 0.8458333333333333 0.22416666666666665 0.06666666666666667 0.065
0 0.09666666666666666 0.7466666666666667 0.09833333333333333 0.1
0 0.14333333333333334 0.15083333333333335 0.06833333333333333 0.06833333333333333
0 0.43666666666666665 0.7483333333333333 0.06666666666666667 0.07166666666666667
0 0.205 0.8891666666666667 0.25666666666666665 0.22166666666666668
0 0.9558333333333333 0.8683333333333333 0.08833333333333333 0.10666666666666667
0 0.5666666666666667 0.7458333333333333 0.07166666666666667 0.06333333333333334
0 0.2 0.13083333333333333 0.06833333333333333 0.085
0 0.24416666666666667 0.5241666666666667 0.06 0.06
0 0.028333333333333332 0.4191666666666667 0.056666666666666664 0.07166666666666667
0 0.3775 0.7325 0.055 0.06666666666666667
0 0.4425 0.5341666666666667 0.043333333333333335 0.041666666666666664
0 0.8108333333333333 0.11416666666666667 0.07833333333333334 0.065
0 0.5775 0.2675 0.06 0.058333333333333334
0 0.7541666666666667 0.5558333333333333 0.06333333333333334 0.058333333333333334
0 0.49833333333333335 0.7491666666666666 0.058333333333333334 0.06833333333333333
0 0.3775 0.6641666666666667 0.04 0.043333333333333335
0 0.5175 0.26 0.06333333333333334 0.06
0 0.6316666666666667 0.7266666666666667 0.06666666666666667 0.06
0 0.0125 0.2608333333333333 0.025 0.06833333333333333
0 0.30333333333333334 0.4741666666666667 0.065 0.056666666666666664
0 0.36 0.2966666666666667 0.07166666666666667 0.055
0 0.7391666666666666 0.38416666666666666 0.055 0.06333333333333334
0 0.4083333333333333 0.27166666666666667 0.06333333333333334 0.056666666666666664
0 0.5833333333333334 0.6325 0.043333333333333335 0.04833333333333333
0 0.7116666666666667 0.45166666666666666 0.04666666666666667 0.043333333333333335
0 0.46416666666666667 0.6941666666666667 0.051666666666666666 0.04833333333333333
0 0.4683333333333333 0.435 0.03833333333333333 0.03833333333333333
0 0.059166666666666666 0.255 0.06166666666666667 0.06833333333333333
0 0.8591666666666666 0.27666666666666667 0.07833333333333334 0.04666666666666667
0 0.6741666666666667 0.3125 0.04 0.065
0 0.175 0.49166666666666664 0.07 0.06833333333333333
0 0.025833333333333333 0.3383333333333333 0.051666666666666666 0.09
0 0.3883333333333333 0.5158333333333334 0.043333333333333335 0.04
0 0.20166666666666666 0.6766666666666666 0.16666666666666666 0.22166666666666668
0 0.685 0.6941666666666667 0.06666666666666667 0.056666666666666664
0 0.5508333333333333 0.6866666666666666 0.05 0.051666666666666666
0 0.5366666666666666 0.4275 0.03833333333333333 0.03833333333333333
0 0.4325 0.5866666666666667 0.04666666666666667 0.04666666666666667
0 0.37416666666666665 0.3458333333333333 0.06833333333333333 0.04666666666666667
0 0.7225 0.6583333333333333 0.06833333333333333 0.051666666666666666
0 0.07833333333333334 0.12583333333333332 0.055 0.058333333333333334
0 0.5691666666666667 0.44583333333333336 0.04 0.03833333333333333
0 0.41 0.4375 0.043333333333333335 0.04
0 0.08 0.19 0.07 0.06333333333333334
0 0.6291666666666667 0.5133333333333333 0.04666666666666667 0.045
0 0.2758333333333333 0.3641666666666667 0.06333333333333334 0.051666666666666666
0 0.5841666666666666 0.58 0.043333333333333335 0.045
0 0.5116666666666667 0.38416666666666666 0.041666666666666664 0.043333333333333335
0 0.25 0.5941666666666666 0.056666666666666664 0.065
0 0.915 0.22583333333333333 0.055 0.09
0 0.24416666666666667 0.4675 0.065 0.045
0 0.4525 0.6416666666666667 0.04 0.041666666666666664
0 0.4608333333333333 0.2625 0.055 0.055
0 0.4166666666666667 0.6283333333333333 0.045 0.03
0 0.3283333333333333 0.695 0.043333333333333335 0.07666666666666666
0 0.6891666666666667 0.6 0.045 0.041666666666666664
0 0.6275 0.6566666666666666 0.04 0.05333333333333334
0 0.4725 0.39166666666666666 0.04 0.045
0 0.435 0.31416666666666665 0.06166666666666667 0.04666666666666667
0 0.5883333333333334 0.32166666666666666 0.056666666666666664 0.04833333333333333
0 0.3975 0.4775 0.045 0.043333333333333335
0 0.5841666666666666 0.4058333333333333 0.041666666666666664 0.045
0 0.04 0.11416666666666667 0.07333333333333333 0.09
0 0.3541666666666667 0.6358333333333334 0.03666666666666667 0.03833333333333333
0 0.76 0.49583333333333335 0.055 0.051666666666666666
0 0.385 0.605 0.04833333333333333 0.04
0 0.5108333333333334 0.4583333333333333 0.03166666666666667 0.03333333333333333
0 0.8416666666666667 0.16416666666666666 0.06166666666666667 0.05
0 0.7575 0.4425 0.058333333333333334 0.065
0 0.2991666666666667 0.525 0.04 0.041666666666666664
0 0.6133333333333333 0.4375 0.043333333333333335 0.043333333333333335
0 0.615 0.6091666666666666 0.03833333333333333 0.04
0 0.87 0.6158333333333333 0.26 0.165
0 0.7083333333333334 0.5058333333333334 0.05333333333333334 0.06666666666666667
0 0.5116666666666667 0.6058333333333333 0.04 0.04666666666666667
0 0.6466666666666666 0.5833333333333334 0.043333333333333335 0.04666666666666667
0 0.51 0.6858333333333333 0.04666666666666667 0.043333333333333335
0 0.7833333333333333 0.16083333333333333 0.04666666666666667 0.06
0 0.7116666666666667 0.33916666666666667 0.043333333333333335 0.06666666666666667
0 0.25 0.4166666666666667 0.06 0.045
0 0.5033333333333333 0.5666666666666667 0.03166666666666667 0.03166666666666667
0 0.44 0.4125 0.035 0.035
0 0.6316666666666667 0.28833333333333333 0.04833333333333333 0.04833333333333333
0 0.3283333333333333 0.6041666666666666 0.03833333333333333 0.055
0 0.5908333333333333 0.6758333333333333 0.043333333333333335 0.04666666666666667
0 0.305 0.565 0.03833333333333333 0.04
0 0.3516666666666667 0.4725 0.04833333333333333 0.045
0 0.7408333333333333 0.2675 0.051666666666666666 0.05333333333333334
0 0.4 0.5591666666666667 0.04666666666666667 0.043333333333333335
0 0.5883333333333334 0.48 0.03666666666666667 0.035
0 0.6141666666666666 0.55 0.041666666666666664 0.041666666666666664
0 0.5408333333333334 0.5633333333333334 0.041666666666666664 0.045
0 0.6266666666666667 0.4741666666666667 0.03833333333333333 0.03666666666666667
0 0.3075 0.32166666666666666 0.065 0.04833333333333333
0 0.8166666666666667 0.48833333333333334 0.07833333333333334 0.14166666666666666
0 0.44416666666666665 0.46 0.03333333333333333 0.03333333333333333
0 0.34 0.5116666666666667 0.04 0.045
0 0.6191666666666666 0.385 0.04833333333333333 0.041666666666666664
0 0.7841666666666667 0.23666666666666666 0.06 0.08166666666666667
0 0.5466666666666666 0.3075 0.04666666666666667 0.04
0 0.435 0.4975 0.03833333333333333 0.03666666666666667
0 0.495 0.6483333333333333 0.04833333333333333 0.043333333333333335
0 0.3308333333333333 0.38083333333333336 0.056666666666666664 0.041666666666666664
0 0.8866666666666667 0.1 0.07666666666666666 0.06833333333333333
0 0.575 0.3566666666666667 0.05333333333333334 0.03833333333333333
0 0.49416666666666664 0.3458333333333333 0.05333333333333334 0.043333333333333335
0 0.31333333333333335 0.42583333333333334 0.056666666666666664 0.04666666666666667
0 0.4816666666666667 0.4725 0.03833333333333333 0.03666666666666667
0 0.49166666666666664 0.30916666666666665 0.06 0.04833333333333333
0 0.6658333333333334 0.5466666666666666 0.03333333333333333 0.04666666666666667
0 0.4725 0.6008333333333333 0.04666666666666667 0.04666666666666667
0 0.5533333333333333 0.4875 0.03166666666666667 0.03166666666666667
0 0.6358333333333334 0.3416666666666667 0.03833333333333333 0.03666666666666667
0 0.5408333333333334 0.6416666666666667 0.043333333333333335 0.043333333333333335
0 0.6633333333333333 0.6325 0.041666666666666664 0.05333333333333334
0 0.665 0.4533333333333333 0.04666666666666667 0.045
0 0.7058333333333333 0.56 0.04 0.04666666666666667
0 0.5516666666666666 0.6 0.03833333333333333 0.035
0 0.2875 0.645 0.041666666666666664 0.08666666666666667
0 0.3591666666666667 0.58 0.045 0.03333333333333333
0 0.41833333333333333 0.68 0.041666666666666664 0.051666666666666666
0 0.6716666666666666 0.49916666666666665 0.045 0.05
0 0.5025 0.42583333333333334 0.03 0.03166666666666667
0 0.4716666666666667 0.56 0.04 0.03833333333333333
0 0.5366666666666666 0.3458333333333333 0.03833333333333333 0.03333333333333333
0 0.425 0.37083333333333335 0.03333333333333333 0.04666666666666667
0 0.35333333333333333 0.5475 0.04833333333333333 0.03833333333333333
0 0.5483333333333333 0.5216666666666666 0.03833333333333333 0.04
0 0.45416666666666666 0.355 0.035 0.041666666666666664
0 0.6958333333333333 0.41 0.055 0.04833333333333333
0 0.5491666666666667 0.38916666666666666 0.03833333333333333 0.043333333333333335
0 0.48333333333333334 0.5233333333333333 0.03166666666666667 0.03166666666666667
0 0.515 0.53 0.03666666666666667 0.041666666666666664
0 0.5716666666666667 0.5441666666666667 0.028333333333333332 0.028333333333333332
0 0.395 0.38333333333333336 0.03666666666666667 0.05333333333333334
0 0.9325 0.29833333333333334 0.056666666666666664 0.04833333333333333
0 0.5866666666666667 0.5141666666666667 0.041666666666666664 0.03833333333333333
0 0.37 0.4066666666666667 0.03166666666666667 0.04
0 0.67 0.37166666666666665 0.065 0.055
0 0.54 0.46 0.02666666666666667 0.02666666666666667
0 0.6533333333333333 0.4175 0.04833333333333333 0.04666666666666667
0 0.4675 0.49916666666666665 0.03 0.02666666666666667
0 0.35583333333333333 0.4375 0.03333333333333333 0.03833333333333333
0 0.75 0.6133333333333333 0.07166666666666667 0.035
0 0.9033333333333333 0.14916666666666667 0.058333333333333334 0.04666666666666667
0 0.09083333333333334 0.5316666666666666 0.18166666666666667 0.18
0 0.16916666666666666 0.31666666666666665 0.2816666666666667 0.2966666666666667
0 0.7841666666666667 0.30833333333333335 0.07 0.07166666666666667