0 0.49635416666666665 0.8203125 0.19375 0.22552083333333334
0 0.12369791666666667 0.5768229166666666 0.1515625 0.14739583333333334
0 0.5515625 0.18567708333333333 0.12447916666666667 0.17447916666666666
0 0.8434895833333333 0.4231770833333333 0.16354166666666667 0.13541666666666666
0 0.2669270833333333 0.21927083333333333 0.14427083333333332 0.1484375
0 0.18645833333333334 0.7072916666666667 0.18645833333333334 0.2046875
0 0.31588541666666664 0.7911458333333333 0.16770833333333332 0.19791666666666666
0 0.8065104166666667 0.6872395833333333 0.2713541666666667 0.17552083333333332
0 0.190625 0.31536458333333334 0.15520833333333334 0.13333333333333333
0 0.6575520833333334 0.56796875 0.15 0.12864583333333332
0 0.42994791666666665 0.62421875 0.11302083333333333 0.12395833333333334
0 0.32526041666666666 0.55859375 0.153125 0.1375
0 0.4 0.17473958333333334 0.15677083333333333 0.19270833333333334
0 0.14375 0.4276041666666667 0.196875 0.13229166666666667
0 0.68046875 0.8049479166666667 0.18541666666666667 0.17239583333333333
0 0.8 0.3138020833333333 0.1828125 0.15416666666666667
0 0.5596354166666667 0.6315104166666666 0.14427083333333332 0.1671875
0 0.49375 0.33489583333333334 0.13802083333333334 0.1171875
0 0.7114583333333333 0.20494791666666667 0.17708333333333334 0.225
0 0.6921875 0.4552083333333333 0.12916666666666668 0.12552083333333333
0 0.31744791666666666 0.45026041666666666 0.13020833333333334 0.10104166666666667
0 0.6145833333333334 0.37161458333333336 0.1125 0.1265625
0 0.36666666666666664 0.35911458333333335 0.1265625 0.11354166666666667
0 0.8395833333333333 0.5567708333333333 0.18697916666666667 0.11927083333333334