0 0.5075520833333333 0.8203125 0.18697916666666667 0.2203125
0 0.1265625 0.58984375 0.14739583333333334 0.14322916666666666
0 0.5403645833333334 0.18411458333333333 0.11927083333333334 0.17135416666666667
0 0.840625 0.41119791666666666 0.15989583333333332 0.13072916666666667
0 0.25729166666666664 0.22760416666666666 0.14010416666666667 0.14479166666666668
0 0.19401041666666666 0.7182291666666667 0.18072916666666666 0.19947916666666668
0 0.3263020833333333 0.7973958333333333 0.16197916666666667 0.19322916666666667
0 0.8130208333333333 0.6763020833333333 0.2671875 0.1671875
0 0.184375 0.3263020833333333 0.1515625 0.12864583333333332
0 0.6596354166666667 0.5622395833333333 0.146875 0.12395833333333334
0 0.434375 0.6265625 0.109375 0.12083333333333333
0 0.32734375 0.5645833333333333 0.14947916666666666 0.1328125
0 0.3888020833333333 0.17838541666666666 0.15104166666666666 0.18854166666666666
0 0.14140625 0.4401041666666667 0.19375 0.12604166666666666
0 0.6911458333333333 0.7984375 0.18072916666666666 0.1671875
0 0.7932291666666667 0.3033854166666667 0.17864583333333334 0.14895833333333333
0 0.5643229166666667 0.6291666666666667 0.13958333333333334 0.16354166666666667
0 0.48802083333333335 0.33541666666666664 0.13489583333333333 0.11302083333333333
0 0.7010416666666667 0.19765625 0.17083333333333334 0.2203125
0 0.6903645833333333 0.4484375 0.12552083333333333 0.121875
0 0.31588541666666664 0.45677083333333335 0.12760416666666666 0.096875
0 0.61015625 0.36770833333333336 0.10885416666666667 0.1234375
0 0.3619791666666667 0.36380208333333336 0.1234375 0.10989583333333333
0 0.84140625 0.5447916666666667 0.18385416666666668 0.11354166666666667