0 0.5268229166666667 0.190625 0.12239583333333333 0.16979166666666667
0 0.35182291666666665 0.7846354166666667 0.1640625 0.1953125
0 0.5317708333333333 0.8270833333333333 0.21302083333333333 0.20416666666666666
0 0.6838541666666667 0.21276041666666667 0.1796875 0.21822916666666667
0 0.6940104166666666 0.7966145833333333 0.1828125 0.16770833333333332
0 0.4588541666666667 0.6265625 0.13697916666666668 0.17239583333333333
0 0.14114583333333333 0.4471354166666667 0.1578125 0.1265625
0 0.1296875 0.60859375 0.21927083333333333 0.16614583333333333
0 0.21796875 0.72109375 0.13541666666666666 0.15208333333333332
0 0.25234375 0.23411458333333332 0.14583333333333334 0.13958333333333334
0 0.8104166666666667 0.6684895833333333 0.26614583333333336 0.1828125
0 0.37838541666666664 0.17552083333333332 0.15572916666666667 0.18229166666666666
0 0.8557291666666667 0.5359375 0.1875 0.13020833333333334
0 0.66953125 0.5466145833333333 0.1484375 0.1328125
0 0.61328125 0.38046875 0.11458333333333333 0.121875
0 0.7979166666666667 0.30078125 0.15677083333333333 0.159375
0 0.37578125 0.3625 0.12291666666666666 0.1125
0 0.6942708333333333 0.4434895833333333 0.13020833333333334 0.11770833333333333
0 0.57421875 0.62578125 0.11458333333333333 0.12135416666666667
0 0.49713541666666666 0.33307291666666666 0.134375 0.11614583333333334
0 0.3260416666666667 0.45703125 0.12395833333333334 0.1015625
0 0.84921875 0.41171875 0.15572916666666667 0.140625
0 0.1859375 0.34036458333333336 0.18854166666666666 0.1375
0 0.3296875 0.571875 0.1578125 0.121875