0 0.50078125 0.6455729166666667 0.07864583333333333 0.08020833333333334
0 0.5825520833333333 0.6424479166666667 0.10052083333333334 0.10885416666666667
0 0.30130208333333336 0.5627604166666667 0.08072916666666667 0.0859375
0 0.5901041666666667 0.0953125 0.07760416666666667 0.08125
0 0.3059895833333333 0.37083333333333335 0.06510416666666667 0.065625
0 0.5700520833333333 0.5513020833333333 0.0828125 0.06458333333333334
0 0.3143229166666667 0.30078125 0.07604166666666666 0.06041666666666667
0 0.5075520833333333 0.08359375 0.09583333333333334 0.09479166666666666
0 0.41458333333333336 0.53359375 0.07239583333333334 0.09114583333333333
0 0.25364583333333335 0.5088541666666667 0.08958333333333333 0.07552083333333333
0 0.7072916666666667 0.4479166666666667 0.07135416666666666 0.08802083333333334
0 0.5614583333333333 0.16692708333333334 0.08229166666666667 0.06302083333333333
0 0.42473958333333334 0.63125 0.0703125 0.0859375
0 0.2755208333333333 0.18411458333333333 0.08958333333333333 0.0765625
0 0.4005208333333333 0.18671875 0.09114583333333333 0.0703125
0 0.34375 0.24427083333333333 0.09114583333333333 0.059375
0 0.6486979166666667 0.3260416666666667 0.0703125 0.06614583333333333
0 0.6604166666666667 0.12057291666666667 0.07135416666666666 0.10208333333333333
0 0.37604166666666666 0.10833333333333334 0.09166666666666666 0.084375
0 0.475 0.1625 0.07604166666666666 0.0703125
0 0.22916666666666666 0.2916666666666667 0.09479166666666666 0.0765625
0 0.6463541666666667 0.5270833333333333 0.06614583333333333 0.0640625
0 0.31640625 0.44088541666666664 0.07447916666666667 0.07604166666666666
0 0.6317708333333333 0.19296875 0.0578125 0.071875
0 0.8067708333333333 0.35 0.08072916666666667 0.0828125
0 0.4046875 0.290625 0.059895833333333336 0.0546875
0 0.75546875 0.22682291666666668 0.07916666666666666 0.08177083333333333
0 0.3572916666666667 0.61796875 0.06666666666666667 0.09010416666666667
0 0.7846354166666667 0.4903645833333333 0.11458333333333333 0.08229166666666667
0 0.46796875 0.4161458333333333 0.057291666666666664 0.06041666666666667
0 0.7861979166666667 0.2791666666666667 0.08645833333333333 0.09322916666666667
0 0.6166666666666667 0.46484375 0.059895833333333336 0.06666666666666667
0 0.5505208333333333 0.23697916666666666 0.07760416666666667 0.08125
0 0.7533854166666667 0.5588541666666667 0.07447916666666667 0.071875
0 0.70390625 0.5927083333333333 0.07708333333333334 0.08541666666666667
0 0.465625 0.4830729166666667 0.0484375 0.06354166666666666
0 0.7200520833333334 0.34296875 0.06614583333333333 0.096875
0 0.725 0.159375 0.07291666666666667 0.1125
0 0.79375 0.41953125 0.09427083333333333 0.07864583333333333
0 0.37109375 0.3697916666666667 0.07291666666666667 0.0609375
0 0.6213541666666667 0.26848958333333334 0.065625 0.06927083333333334
0 0.4908854166666667 0.55390625 0.06145833333333333 0.0703125
0 0.6614583333333334 0.40911458333333334 0.059375 0.08645833333333333
0 0.6484375 0.6372395833333333 0.084375 0.08802083333333334
0 0.4432291666666667 0.0984375 0.07291666666666667 0.06979166666666667
0 0.4375 0.37786458333333334 0.06145833333333333 0.049479166666666664
0 0.23229166666666667 0.46015625 0.08125 0.071875
0 0.35182291666666665 0.4984375 0.059375 0.06354166666666666
0 0.5205729166666667 0.428125 0.0484375 0.065625
0 0.3268229166666667 0.13723958333333333 0.07083333333333333 0.07447916666666667
0 0.2203125 0.35260416666666666 0.0859375 0.0703125
0 0.44427083333333334 0.2515625 0.0640625 0.0609375
0 0.4161458333333333 0.46041666666666664 0.05625 0.05677083333333333
0 0.5145833333333333 0.48776041666666664 0.050520833333333334 0.05416666666666667
0 0.49322916666666666 0.23567708333333334 0.06979166666666667 0.052083333333333336
0 0.5723958333333333 0.48671875 0.065625 0.06770833333333333
0 0.5375 0.2989583333333333 0.04479166666666667 0.06666666666666667
0 0.4890625 0.29583333333333334 0.0515625 0.0640625
0 0.2015625 0.85234375 0.04791666666666667 0.042708333333333334
0 0.39348958333333334 0.4197916666666667 0.057291666666666664 0.053125
0 0.22057291666666667 0.41015625 0.09114583333333333 0.078125
0 0.10026041666666667 0.8776041666666666 0.04791666666666667 0.04635416666666667
0 0.14973958333333334 0.9044270833333333 0.040625 0.028645833333333332
0 0.2520833333333333 0.67578125 0.04635416666666667 0.04479166666666667
0 0.2598958333333333 0.8231770833333333 0.04583333333333333 0.0546875
0 0.18697916666666667 0.6703125 0.046875 0.03958333333333333
0 0.5828125 0.31276041666666665 0.05416666666666667 0.058333333333333334
0 0.8197916666666667 0.9419270833333333 0.0453125 0.04635416666666667
0 0.6997395833333333 0.971875 0.05364583333333333 0.03697916666666667
0 0.25885416666666666 0.75234375 0.042708333333333334 0.0421875
0 0.29973958333333334 0.71875 0.042708333333333334 0.044270833333333336
0 0.6604166666666667 0.81953125 0.035416666666666666 0.03177083333333333
0 0.59609375 0.39296875 0.06614583333333333 0.05677083333333333
0 0.20572916666666666 0.7236979166666667 0.0421875 0.040625
0 0.3078125 0.84453125 0.034375 0.0421875
0 0.7596354166666667 0.7799479166666666 0.04739583333333333 0.030208333333333334
0 0.8018229166666667 0.7442708333333333 0.036458333333333336 0.030208333333333334
0 0.8450520833333334 0.8901041666666667 0.0375 0.04635416666666667
0 0.0828125 0.71953125 0.036458333333333336 0.04739583333333333
0 0.121875 0.7763020833333333 0.03697916666666667 0.04114583333333333
0 0.7239583333333334 0.9091145833333333 0.04635416666666667 0.03958333333333333
0 0.15520833333333334 0.7330729166666666 0.03854166666666667 0.0390625
0 0.79765625 0.8328125 0.030729166666666665 0.0375
0 0.6809895833333334 0.7330729166666666 0.04114583333333333 0.034895833333333334
0 0.6197916666666666 0.77265625 0.041666666666666664 0.04114583333333333
0 0.7916666666666666 0.8966145833333333 0.036458333333333336 0.03697916666666667
0 0.7432291666666667 0.7265625 0.04114583333333333 0.0328125
0 0.459375 0.32890625 0.059375 0.05364583333333333
0 0.25494791666666666 0.24140625 0.0609375 0.0625
0 0.21015625 0.9138020833333333 0.052083333333333336 0.035416666666666666
0 0.5651041666666666 0.425 0.05 0.0578125
0 0.3229166666666667 0.7783854166666667 0.0359375 0.05
0 0.6036458333333333 0.3489583333333333 0.06145833333333333 0.044270833333333336
0 0.14401041666666667 0.8330729166666667 0.049479166666666664 0.044270833333333336
0 0.6846354166666667 0.2559895833333333 0.07916666666666666 0.07708333333333334
0 0.12708333333333333 0.6817708333333333 0.036458333333333336 0.04010416666666667
0 0.6958333333333333 0.7815104166666667 0.044270833333333336 0.03697916666666667
0 0.63046875 0.9359375 0.03958333333333333 0.04114583333333333
0 0.26979166666666665 0.8903645833333333 0.04583333333333333 0.040625
0 0.6114583333333333 0.8940104166666667 0.0390625 0.04739583333333333
0 0.07239583333333334 0.8330729166666667 0.03177083333333333 0.04010416666666667
0 0.8489583333333334 0.7901041666666667 0.03854166666666667 0.03854166666666667
0 0.3802083333333333 0.32317708333333334 0.05677083333333333 0.04375
0 0.8557291666666667 0.8377604166666667 0.029166666666666667 0.03802083333333333
0 0.76328125 0.9580729166666667 0.04739583333333333 0.03854166666666667
0 0.66484375 0.8776041666666666 0.04375 0.043229166666666666
0 0.5981770833333333 0.8252604166666667 0.023958333333333335 0.04375
0 0.06875 0.7760416666666666 0.03125 0.03854166666666667