0 0.52109375 0.6440104166666667 0.07135416666666666 0.0734375
0 0.6015625 0.6294270833333333 0.090625 0.10052083333333334
0 0.31197916666666664 0.58984375 0.0734375 0.07864583333333333
0 0.5328125 0.08671875 0.0703125 0.07447916666666667
0 0.28984375 0.39895833333333336 0.059375 0.059895833333333336
0 0.5765625 0.5411458333333333 0.07760416666666667 0.057291666666666664
0 0.28828125 0.32864583333333336 0.07135416666666666 0.053125
0 0.44947916666666665 0.08645833333333333 0.0875 0.08645833333333333
0 0.4200520833333333 0.5450520833333333 0.0640625 0.08541666666666667
0 0.25729166666666664 0.54296875 0.08333333333333333 0.06770833333333333
0 0.6981770833333333 0.41953125 0.06354166666666666 0.08229166666666667
0 0.5143229166666666 0.16171875 0.07708333333333334 0.05572916666666667
0 0.44375 0.6403645833333333 0.0625 0.08020833333333334
0 0.23385416666666667 0.21848958333333332 0.0828125 0.06875
0 0.3578125 0.20364583333333333 0.08541666666666667 0.06197916666666667
0 0.30963541666666666 0.26848958333333334 0.08697916666666666 0.051041666666666666
0 0.6229166666666667 0.30703125 0.06458333333333334 0.059895833333333336
0 0.6059895833333333 0.10208333333333333 0.06197916666666667 0.09635416666666667
0 0.32265625 0.12942708333333333 0.084375 0.0765625
0 0.4283854166666667 0.16927083333333334 0.06979166666666667 0.06354166666666666
0 0.20286458333333332 0.33151041666666664 0.08854166666666667 0.06770833333333333
0 0.6489583333333333 0.5065104166666666 0.06041666666666667 0.058333333333333334
0 0.31015625 0.4671875 0.06770833333333333 0.06927083333333334
0 0.5877604166666667 0.17760416666666667 0.051041666666666666 0.0671875
0 0.7828125 0.30885416666666665 0.0734375 0.07552083333333333
0 0.3765625 0.3059895833333333 0.05520833333333333 0.049479166666666664
0 0.7151041666666667 0.19375 0.071875 0.07447916666666667
0 0.375 0.6364583333333333 0.058333333333333334 0.08489583333333334
0 0.78046875 0.45078125 0.1078125 0.071875
0 0.45677083333333335 0.42135416666666664 0.052083333333333336 0.05572916666666667
0 0.7526041666666666 0.24140625 0.078125 0.0859375
0 0.6106770833333334 0.44895833333333335 0.05364583333333333 0.06197916666666667
0 0.51328125 0.23255208333333333 0.0703125 0.07447916666666667
0 0.7591145833333334 0.5231770833333333 0.06822916666666666 0.06510416666666667
0 0.71484375 0.5635416666666667 0.06979166666666667 0.07864583333333333
0 0.4635416666666667 0.48802083333333335 0.042708333333333334 0.059375
0 0.69609375 0.3140625 0.057291666666666664 0.09166666666666666
0 0.6752604166666667 0.13125 0.0625 0.10677083333333333
0 0.7796875 0.37942708333333336 0.0875 0.0703125
0 0.3541666666666667 0.3890625 0.06822916666666666 0.05416666666666667
0 0.5880208333333333 0.25390625 0.059375 0.06354166666666666
0 0.4986979166666667 0.5546875 0.05520833333333333 0.06510416666666667
0 0.6473958333333333 0.3875 0.0515625 0.08177083333333333
0 0.6661458333333333 0.6153645833333333 0.07708333333333334 0.08072916666666667
0 0.3880208333333333 0.11015625 0.06666666666666667 0.06354166666666666
0 0.42109375 0.38776041666666666 0.057291666666666664 0.04375
0 0.22942708333333334 0.49765625 0.075 0.06458333333333334
0 0.3528645833333333 0.5190104166666667 0.05364583333333333 0.058854166666666666
0 0.5104166666666666 0.42578125 0.0421875 0.06145833333333333
0 0.27786458333333336 0.16484375 0.0640625 0.06822916666666666
0 0.20260416666666667 0.39296875 0.08020833333333334 0.0625
0 0.41015625 0.26171875 0.058854166666666666 0.05520833333333333
0 0.4114583333333333 0.47239583333333335 0.0515625 0.052083333333333336
0 0.5127604166666667 0.4859375 0.04583333333333333 0.049479166666666664
0 0.45677083333333335 0.23932291666666666 0.065625 0.0453125
0 0.5697916666666667 0.4765625 0.059895833333333336 0.06197916666666667
0 0.5091145833333334 0.2955729166666667 0.03854166666666667 0.06302083333333333
0 0.4609375 0.2994791666666667 0.04583333333333333 0.059375
0 0.25338541666666664 0.890625 0.044270833333333336 0.03802083333333333
0 0.38333333333333336 0.4354166666666667 0.053125 0.04791666666666667
0 0.21067708333333332 0.44973958333333336 0.084375 0.06979166666666667
0 0.15677083333333333 0.9294270833333333 0.04375 0.041666666666666664
0 0.209375 0.94921875 0.03854166666666667 0.024479166666666666
0 0.27890625 0.70859375 0.0421875 0.040625
0 0.3072916666666667 0.8533854166666667 0.04114583333333333 0.050520833333333334
0 0.21380208333333334 0.7122395833333334 0.043229166666666666 0.035416666666666666
0 0.5559895833333334 0.303125 0.04895833333333333 0.05416666666666667
0 0.8783854166666667 0.8932291666666666 0.04114583333333333 0.0421875
0 0.7635416666666667 0.9395833333333333 0.050520833333333334 0.03229166666666667
0 0.29635416666666664 0.78359375 0.0390625 0.03854166666666667
0 0.33203125 0.7442708333333333 0.03854166666666667 0.040625
0 0.7033854166666667 0.7942708333333334 0.0328125 0.028645833333333332
0 0.5802083333333333 0.3807291666666667 0.06145833333333333 0.051041666666666666
0 0.23958333333333334 0.7625 0.03854166666666667 0.03697916666666667
0 0.3578125 0.86796875 0.030208333333333334 0.03958333333333333
0 0.79609375 0.7408854166666666 0.0453125 0.025520833333333333
0 0.8330729166666667 0.7 0.033854166666666664 0.027083333333333334
0 0.89609375 0.83828125 0.0328125 0.043229166666666666
0 0.11744791666666667 0.7755208333333333 0.03177083333333333 0.044270833333333336
0 0.1640625 0.8263020833333333 0.03333333333333333 0.03802083333333333
0 0.7786458333333334 0.8739583333333333 0.043229166666666666 0.034895833333333334
0 0.19114583333333332 0.77890625 0.034895833333333334 0.035416666666666666
0 0.8411458333333334 0.7880208333333333 0.027083333333333334 0.034895833333333334
0 0.71171875 0.7057291666666666 0.03802083333333333 0.03125
0 0.6565104166666667 0.7533854166666667 0.03802083333333333 0.0375
0 0.8440104166666667 0.8520833333333333 0.03333333333333333 0.033854166666666664
0 0.7723958333333333 0.690625 0.03854166666666667 0.029166666666666667
0 0.4359375 0.33619791666666665 0.05520833333333333 0.0484375
0 0.22135416666666666 0.278125 0.05572916666666667 0.057291666666666664
0 0.27057291666666666 0.9502604166666667 0.049479166666666664 0.030729166666666665
0 0.55390625 0.4166666666666667 0.04479166666666667 0.05364583333333333
0 0.36328125 0.8002604166666667 0.03177083333333333 0.046875
0 0.5815104166666667 0.3359375 0.0578125 0.03854166666666667
0 0.19375 0.8794270833333333 0.04583333333333333 0.04010416666666667
0 0.6489583333333333 0.2328125 0.07239583333333334 0.06979166666666667
0 0.15598958333333332 0.7317708333333334 0.0328125 0.03697916666666667
0 0.7330729166666666 0.7515625 0.04114583333333333 0.0328125
0 0.68984375 0.9138020833333333 0.0359375 0.0375
0 0.3263020833333333 0.91875 0.0421875 0.036458333333333336
0 0.6651041666666667 0.8747395833333333 0.034375 0.044270833333333336
0 0.12291666666666666 0.8895833333333333 0.028125 0.0375
0 0.8859375 0.7385416666666667 0.034895833333333334 0.034895833333333334
0 0.3567708333333333 0.3416666666666667 0.053125 0.03854166666666667
0 0.89921875 0.7848958333333333 0.025520833333333333 0.0359375
0 0.8244791666666667 0.9169270833333333 0.044270833333333336 0.033854166666666664
0 0.7158854166666667 0.8510416666666667 0.04010416666666667 0.0390625
0 0.6424479166666667 0.80859375 0.019791666666666666 0.0421875
0 0.11145833333333334 0.8333333333333334 0.027604166666666666 0.0359375