0 0.74375 0.4484375 0.1453125 0.178125
0 0.59453125 0.5403645833333334 0.14635416666666667 0.14947916666666666
0 0.2559895833333333 0.21536458333333333 0.12239583333333333 0.14114583333333333
0 0.85703125 0.5369791666666667 0.171875 0.19114583333333332
0 0.38567708333333334 0.29791666666666666 0.1453125 0.13697916666666668
0 0.37447916666666664 0.4708333333333333 0.1234375 0.13072916666666667
0 0.41380208333333335 0.6234375 0.1375 0.1671875
0 0.50859375 0.27838541666666666 0.11041666666666666 0.11510416666666666
0 0.5713541666666667 0.16744791666666667 0.1296875 0.1140625
0 0.6989583333333333 0.6044270833333333 0.16197916666666667 0.175
0 0.178125 0.6270833333333333 0.11145833333333334 0.12916666666666668
0 0.29270833333333335 0.36041666666666666 0.12083333333333333 0.10729166666666666
0 0.8747395833333333 0.37526041666666665 0.11770833333333333 0.12760416666666666
0 0.5736979166666667 0.35833333333333334 0.0921875 0.09322916666666667
0 0.7908854166666667 0.2942708333333333 0.11666666666666667 0.109375
0 0.6802083333333333 0.346875 0.07552083333333333 0.096875
0 0.453125 0.15703125 0.109375 0.10729166666666666
0 0.5526041666666667 0.44088541666666664 0.08385416666666666 0.08697916666666666
0 0.13958333333333334 0.371875 0.18697916666666667 0.1765625
0 0.2598958333333333 0.7791666666666667 0.09583333333333334 0.08958333333333333
0 0.3109375 0.5776041666666667 0.1046875 0.13072916666666667
0 0.3684895833333333 0.8247395833333333 0.1015625 0.09166666666666666
0 0.46848958333333335 0.39348958333333334 0.1109375 0.10989583333333333
0 0.70234375 0.20807291666666666 0.12083333333333333 0.1046875
0 0.6096354166666667 0.2828125 0.08229166666666667 0.0984375
0 0.35390625 0.7325520833333333 0.09635416666666667 0.09166666666666666
0 0.16510416666666666 0.24973958333333332 0.12604166666666666 0.0875
0 0.5526041666666667 0.6533854166666667 0.16666666666666666 0.16614583333333333
0 0.25625 0.6796875 0.09427083333333333 0.09322916666666667
0 0.44817708333333334 0.7471354166666667 0.0953125 0.0921875
0 0.6421875 0.42994791666666665 0.08125 0.090625
0 0.2546875 0.51796875 0.1140625 0.10260416666666666
0 0.7526041666666666 0.8171875 0.05 0.04791666666666667
0 0.5059895833333333 0.8080729166666667 0.052083333333333336 0.0515625
0 0.25234375 0.43411458333333336 0.14322916666666666 0.0796875
0 0.3489583333333333 0.15833333333333333 0.0953125 0.17916666666666667
0 0.7283854166666667 0.8739583333333333 0.051041666666666666 0.04895833333333333
0 0.5966145833333333 0.8489583333333334 0.04895833333333333 0.05416666666666667
0 0.8080729166666667 0.7861979166666667 0.04479166666666667 0.0515625
0 0.7760416666666666 0.7458333333333333 0.05260416666666667 0.049479166666666664
0 0.87265625 0.6869791666666667 0.04739583333333333 0.044270833333333336
0 0.5395833333333333 0.7630208333333334 0.050520833333333334 0.050520833333333334
0 0.6940104166666666 0.82734375 0.049479166666666664 0.049479166666666664
0 0.6994791666666667 0.7278645833333334 0.051041666666666666 0.051041666666666666
0 0.6515625 0.7270833333333333 0.046875 0.050520833333333334
0 0.6723958333333333 0.7791666666666667 0.04791666666666667 0.05520833333333333
0 0.74375 0.70078125 0.0515625 0.043229166666666666
0 0.8776041666666666 0.6354166666666666 0.041666666666666664 0.042708333333333334
0 0.6044270833333333 0.7565104166666666 0.046875 0.044270833333333336
0 0.7299479166666667 0.7708333333333334 0.0515625 0.051041666666666666
0 0.5848958333333333 0.8953125 0.050520833333333334 0.04895833333333333
0 0.8497395833333333 0.7427083333333333 0.0421875 0.04375
0 0.08984375 0.58203125 0.1796875 0.3098958333333333
0 0.5747395833333333 0.8018229166666667 0.0453125 0.051041666666666666
0 0.8158854166666667 0.7065104166666667 0.05364583333333333 0.046875
0 0.6263020833333334 0.7997395833333333 0.043229166666666666 0.04479166666666667
0 0.5390625 0.8427083333333333 0.0515625 0.05
0 0.7830729166666667 0.66953125 0.0453125 0.04583333333333333
0 0.4453125 0.8359375 0.04375 0.05416666666666667
0 0.4828125 0.8651041666666667 0.044270833333333336 0.05572916666666667
0 0.6497395833333334 0.85234375 0.046875 0.046875
0 0.83046875 0.6567708333333333 0.05 0.05
0 0.9255208333333333 0.6153645833333333 0.04583333333333333 0.04479166666666667
0 0.8703125 0.79140625 0.04739583333333333 0.04895833333333333
0 0.91875 0.6630208333333333 0.042708333333333334 0.04375