0 0.7158854166666667 0.37578125 0.1453125 0.178125
0 0.60234375 0.5091145833333334 0.14635416666666667 0.14947916666666666
0 0.18020833333333333 0.3046875 0.12239583333333333 0.14114583333333333
0 0.85078125 0.425 0.171875 0.19114583333333332
0 0.32890625 0.34296875 0.1453125 0.13697916666666668
0 0.37161458333333336 0.5111979166666667 0.1234375 0.13072916666666667
0 0.45598958333333334 0.6440104166666667 0.1375 0.1671875
0 0.4395833333333333 0.2864583333333333 0.11041666666666666 0.11510416666666666
0 0.46510416666666665 0.16171875 0.1296875 0.1140625
0 0.7213541666666666 0.5380208333333333 0.16197916666666667 0.175
0 0.23333333333333334 0.7203125 0.11145833333333334 0.12916666666666668
0 0.2596354166666667 0.43125 0.12083333333333333 0.10729166666666666
0 0.8177083333333334 0.265625 0.11770833333333333 0.12760416666666666
0 0.5263020833333333 0.3424479166666667 0.0921875 0.09322916666666667
0 0.71328125 0.21432291666666667 0.11666666666666667 0.109375
0 0.62421875 0.2986979166666667 0.07552083333333333 0.096875
0 0.3494791666666667 0.18828125 0.109375 0.10729166666666666
0 0.5317708333333333 0.42734375 0.08385416666666666 0.08697916666666666
0 0.11770833333333333 0.4895833333333333 0.18697916666666667 0.1765625
0 0.3578125 0.8395833333333333 0.09583333333333334 0.08958333333333333
0 0.34427083333333336 0.6322916666666667 0.1046875 0.13072916666666667
0 0.4752604166666667 0.8494791666666667 0.1015625 0.09166666666666666
0 0.43723958333333335 0.4083333333333333 0.1109375 0.10989583333333333
0 0.6020833333333333 0.15989583333333332 0.12083333333333333 0.1046875
0 0.5369791666666667 0.259375 0.08229166666666667 0.0984375
0 0.43307291666666664 0.76640625 0.09635416666666667 0.09166666666666666
0 0.10416666666666667 0.3653645833333333 0.12604166666666666 0.0875
0 0.5973958333333333 0.6296875 0.16666666666666666 0.16614583333333333
0 0.32369791666666664 0.7463541666666667 0.09427083333333333 0.09322916666666667
0 0.5270833333333333 0.7510416666666667 0.0953125 0.0921875
0 0.6135416666666667 0.38958333333333334 0.08125 0.090625
0 0.2721354166666667 0.59296875 0.1140625 0.10260416666666666
0 0.83828125 0.7234375 0.05 0.04791666666666667
0 0.6010416666666667 0.7911458333333333 0.052083333333333336 0.0515625
0 0.24401041666666667 0.5138020833333333 0.14322916666666666 0.0796875
0 0.25078125 0.221875 0.0953125 0.17916666666666667
0 0.8328125 0.78515625 0.051041666666666666 0.04895833333333333
0 0.6997395833333333 0.8018229166666667 0.04895833333333333 0.05416666666666667
0 0.88125 0.6768229166666667 0.04479166666666667 0.0515625
0 0.8385416666666666 0.6486979166666667 0.05260416666666667 0.049479166666666664
0 0.9122395833333333 0.5625 0.04739583333333333 0.044270833333333336
0 0.6190104166666667 0.7380208333333333 0.050520833333333334 0.050520833333333334
0 0.7856770833333333 0.7513020833333334 0.049479166666666664 0.049479166666666664
0 0.7598958333333333 0.6549479166666666 0.051041666666666666 0.051041666666666666
0 0.7143229166666667 0.6690104166666667 0.046875 0.050520833333333334
0 0.7502604166666667 0.7122395833333334 0.04791666666666667 0.05520833333333333
0 0.79375 0.615625 0.0515625 0.043229166666666666
0 0.9010416666666666 0.5122395833333333 0.041666666666666664 0.042708333333333334
0 0.6786458333333333 0.71171875 0.046875 0.044270833333333336
0 0.80234375 0.6864583333333333 0.0515625 0.051041666666666666
0 0.7028645833333333 0.8497395833333333 0.050520833333333334 0.04895833333333333
0 0.9075520833333334 0.62265625 0.0421875 0.04375
0 0.13385416666666666 0.70546875 0.18333333333333332 0.3098958333333333
0 0.6643229166666667 0.7640625 0.0453125 0.051041666666666666
0 0.8643229166666667 0.5989583333333334 0.05364583333333333 0.046875
0 0.7127604166666667 0.74609375 0.043229166666666666 0.04479166666666667
0 0.64296875 0.8138020833333334 0.0515625 0.05
0 0.8216145833333334 0.5736979166666667 0.0453125 0.04583333333333333
0 0.5518229166666667 0.8364583333333333 0.04375 0.05416666666666667
0 0.5963541666666666 0.8526041666666667 0.044270833333333336 0.05572916666666667
0 0.7513020833333334 0.7888020833333333 0.046875 0.046875
0 0.8627604166666667 0.546875 0.05 0.05
0 0.9403645833333333 0.478125 0.04583333333333333 0.04479166666666667
0 0.9424479166666667 0.6627604166666666 0.04739583333333333 0.04895833333333333
0 0.9486979166666667 0.52578125 0.042708333333333334 0.04375