0 0.45416666666666666 0.16197916666666667 0.08072916666666667 0.059375
0 0.6140625 0.19088541666666667 0.08854166666666667 0.065625
0 0.6848958333333334 0.4479166666666667 0.071875 0.07291666666666667
0 0.6947916666666667 0.30859375 0.0734375 0.05625
0 0.42942708333333335 0.08880208333333334 0.075 0.078125
0 0.4890625 0.6432291666666666 0.07447916666666667 0.07760416666666667
0 0.6989583333333333 0.37864583333333335 0.06302083333333333 0.06354166666666666
0 0.42552083333333335 0.5458333333333333 0.07916666666666666 0.059895833333333336
0 0.7434895833333334 0.5184895833333333 0.08854166666666667 0.07395833333333333
0 0.6927083333333334 0.5700520833333333 0.08020833333333334 0.08541666666666667
0 0.5661458333333333 0.6325520833333333 0.06614583333333333 0.0828125
0 0.29375 0.43463541666666666 0.06666666666666667 0.08541666666666667
0 0.38333333333333336 0.45651041666666664 0.058333333333333334 0.0640625
0 0.35572916666666665 0.1109375 0.06510416666666667 0.10052083333333334
0 0.7388020833333333 0.19296875 0.08697916666666666 0.07447916666666667
0 0.540625 0.16171875 0.0734375 0.06822916666666666
0 0.5669270833333333 0.2518229166666667 0.06145833333333333 0.0578125
0 0.35 0.5169270833333334 0.06458333333333334 0.06145833333333333
0 0.6463541666666667 0.5033854166666667 0.0578125 0.06302083333333333
0 0.19947916666666668 0.33177083333333335 0.07760416666666667 0.0796875
0 0.6421875 0.1125 0.08958333333333333 0.08125
0 0.78203125 0.421875 0.08645833333333333 0.075
0 0.5044270833333333 0.5520833333333334 0.059895833333333336 0.06822916666666666
0 0.3424479166666667 0.39817708333333335 0.05520833333333333 0.08177083333333333
0 0.3828125 0.18359375 0.05520833333333333 0.06822916666666666
0 0.2921875 0.14583333333333334 0.065625 0.1125
0 0.24192708333333332 0.5432291666666667 0.07083333333333333 0.06927083333333334
0 0.6669270833333333 0.24973958333333332 0.09114583333333333 0.059375
0 0.63515625 0.6223958333333334 0.06354166666666666 0.08802083333333334
0 0.4083333333333333 0.6354166666666666 0.09739583333333333 0.10677083333333333
0 0.35885416666666664 0.315625 0.06770833333333333 0.06197916666666667
0 0.534375 0.415625 0.05416666666666667 0.058333333333333334
0 0.6893229166666667 0.14427083333333332 0.06770833333333333 0.07239583333333334
0 0.4817708333333333 0.42526041666666664 0.0453125 0.0640625
0 0.5809895833333333 0.5354166666666667 0.0703125 0.09114583333333333
0 0.53359375 0.4830729166666667 0.04583333333333333 0.0625
0 0.5182291666666666 0.234375 0.06770833333333333 0.051041666666666666
0 0.38958333333333334 0.2604166666666667 0.06145833333333333 0.06614583333333333
0 0.60390625 0.29322916666666665 0.058854166666666666 0.05364583333333333
0 0.2140625 0.47265625 0.1125 0.07708333333333334
0 0.5666666666666667 0.37890625 0.06197916666666667 0.04739583333333333
0 0.5833333333333334 0.4627604166666667 0.05572916666666667 0.05520833333333333
0 0.634375 0.37421875 0.07135416666666666 0.059895833333333336
0 0.28984375 0.5799479166666667 0.07395833333333333 0.08229166666666667
0 0.6083333333333333 0.4231770833333333 0.0546875 0.051041666666666666
0 0.7369791666666666 0.6864583333333333 0.044270833333333336 0.043229166666666666
0 0.15520833333333334 0.9239583333333333 0.04375 0.04375
0 0.4713541666666667 0.2942708333333333 0.0421875 0.06354166666666666
0 0.878125 0.8958333333333334 0.044270833333333336 0.044270833333333336
0 0.7674479166666667 0.471875 0.07864583333333333 0.07135416666666666
0 0.6872395833333333 0.7260416666666667 0.04114583333333333 0.044270833333333336
0 0.2869791666666667 0.32890625 0.0609375 0.0953125
0 0.365625 0.76328125 0.040625 0.040625
0 0.22395833333333334 0.26145833333333335 0.08333333333333333 0.09166666666666666
0 0.1328125 0.8697916666666666 0.03802083333333333 0.0453125
0 0.48333333333333334 0.484375 0.049479166666666664 0.05260416666666667
0 0.5752604166666667 0.09921875 0.07239583333333334 0.06770833333333333
0 0.5197916666666667 0.2947916666666667 0.049479166666666664 0.06354166666666666
0 0.7208333333333333 0.8338541666666667 0.04375 0.0515625
0 0.25390625 0.8955729166666667 0.04583333333333333 0.0375
0 0.78125 0.73671875 0.04114583333333333 0.04010416666666667
0 0.6606770833333333 0.7848958333333333 0.033854166666666664 0.04895833333333333
0 0.8627604166666667 0.7940104166666667 0.03333333333333333 0.04010416666666667
0 0.6723958333333333 0.85234375 0.033854166666666664 0.04010416666666667
0 0.8020833333333334 0.68515625 0.04583333333333333 0.03802083333333333
0 0.18385416666666668 0.8158854166666667 0.028645833333333332 0.0359375
0 0.7778645833333333 0.8653645833333333 0.04635416666666667 0.040625
0 0.83046875 0.7486979166666666 0.0375 0.03802083333333333
0 0.425 0.3046875 0.0546875 0.058854166666666666
0 0.32265625 0.80859375 0.03333333333333333 0.029166666666666667
0 0.18385416666666668 0.7255208333333333 0.035416666666666666 0.029166666666666667
0 0.22447916666666667 0.76328125 0.04791666666666667 0.029166666666666667
0 0.7848958333333333 0.36276041666666664 0.0828125 0.06145833333333333
0 0.18567708333333333 0.8802083333333334 0.0359375 0.03697916666666667
0 0.2755208333333333 0.96015625 0.053125 0.035416666666666666
0 0.2557291666666667 0.20989583333333334 0.07864583333333333 0.07864583333333333
0 0.903125 0.7390625 0.03333333333333333 0.04635416666666667
0 0.24322916666666666 0.7119791666666667 0.04114583333333333 0.03177083333333333
0 0.9151041666666667 0.7966145833333333 0.0296875 0.03854166666666667
0 0.8283854166666667 0.9200520833333333 0.03958333333333333 0.027083333333333334
0 0.76640625 0.9263020833333333 0.04895833333333333 0.03333333333333333
0 0.34661458333333334 0.9276041666666667 0.03854166666666667 0.040625
0 0.5125 0.08046875 0.09427083333333333 0.090625
0 0.403125 0.33932291666666664 0.0609375 0.0453125
0 0.3848958333333333 0.8184895833333333 0.022395833333333334 0.042708333333333334
0 0.43723958333333335 0.41875 0.04895833333333333 0.059375
0 0.4609375 0.23072916666666668 0.07604166666666666 0.07708333333333334
0 0.7565104166666666 0.25234375 0.0578125 0.06041666666666667
0 0.2078125 0.403125 0.09375 0.0765625
0 0.36770833333333336 0.8872395833333333 0.03854166666666667 0.046875
0 0.5463541666666667 0.32916666666666666 0.06145833333333333 0.0515625
0 0.90859375 0.8533854166666667 0.030208333333333334 0.03958333333333333
0 0.83671875 0.8489583333333334 0.0484375 0.044270833333333336
0 0.13489583333333333 0.7692708333333333 0.035416666666666666 0.04010416666666667
0 0.12526041666666668 0.81640625 0.027604166666666666 0.03958333333333333
0 0.6270833333333333 0.32760416666666664 0.05416666666666667 0.040625
0 0.30520833333333336 0.7208333333333333 0.03958333333333333 0.035416666666666666
0 0.3145833333333333 0.8661458333333333 0.044270833333333336 0.043229166666666666
0 0.2109375 0.9432291666666667 0.046875 0.03854166666666667
0 0.28932291666666665 0.76875 0.04375 0.0375
0 0.7786458333333334 0.30416666666666664 0.09270833333333334 0.07083333333333333
0 0.34296875 0.6260416666666667 0.08177083333333333 0.08645833333333333
0 0.4075520833333333 0.38567708333333334 0.06822916666666666 0.05677083333333333
0 0.8619791666666666 0.6973958333333333 0.0359375 0.04114583333333333