0 0.35733333333333334 0.8491027732463295 0.13333333333333333 0.12887438825448613
0 0.5433333333333333 0.8466557911908646 0.11466666666666667 0.1729200652528548
0 0.6853333333333333 0.8050570962479608 0.11733333333333333 0.1631321370309951
0 0.204 0.7414355628058727 0.128 0.13213703099510604
0 0.8053333333333333 0.7185970636215334 0.124 0.1729200652528548
0 0.594 0.6517128874388255 0.128 0.14845024469820556
0 0.372 0.6451876019575856 0.12666666666666668 0.15823817292006526
0 0.13333333333333333 0.5440456769983687 0.14266666666666666 0.13376835236541598
0 0.886 0.5399673735725938 0.12933333333333333 0.13866231647634583
0 0.7153333333333334 0.49755301794453505 0.12 0.13050570962479607
0 0.2926666666666667 0.4804241435562806 0.11066666666666666 0.15171288743882544
0 0.13 0.3719412724306688 0.116 0.1402936378466558
0 0.8386666666666667 0.367047308319739 0.12666666666666668 0.13866231647634583
0 0.302 0.31402936378466556 0.10666666666666667 0.13866231647634583
0 0.6346666666666667 0.3164763458401305 0.12133333333333333 0.13376835236541598
0 0.474 0.27814029363784665 0.124 0.13376835236541598
0 0.19 0.20799347471451876 0.124 0.12398042414355628
0 0.78 0.21859706362153344 0.124 0.14192495921696574
0 0.632 0.14926590538336051 0.108 0.12234910277324633
0 0.334 0.10848287112561175 0.12266666666666666 0.12234910277324633
0 0.47933333333333333 0.1133768352365416 0.11333333333333333 0.14845024469820556