0 0.39866666666666667 0.8694942903752039 0.13866666666666666 0.1402936378466558
0 0.5826666666666667 0.835236541598695 0.12266666666666666 0.18107667210440456
0 0.718 0.7707993474714518 0.12666666666666668 0.17128874388254486
0 0.23466666666666666 0.7895595432300163 0.13466666666666666 0.14192495921696574
0 0.8273333333333334 0.664763458401305 0.132 0.18270799347471453
0 0.61 0.634584013050571 0.136 0.15823817292006526
0 0.3893333333333333 0.6655791190864601 0.13466666666666666 0.16802610114192496
0 0.142 0.6060358890701468 0.14933333333333335 0.14355628058727568
0 0.8866666666666667 0.4738988580750408 0.136 0.14845024469820556
0 0.7133333333333334 0.46084828711256115 0.12666666666666668 0.1402936378466558
0 0.292 0.5163132137030995 0.11866666666666667 0.1598694942903752
0 0.11933333333333333 0.4355628058727569 0.12266666666666666 0.14845024469820556
0 0.82 0.3107667210440457 0.13333333333333333 0.14845024469820556
0 0.2826666666666667 0.34991843393148453 0.11333333333333333 0.1468189233278956
0 0.6126666666666667 0.29526916802610115 0.128 0.14355628058727568
0 0.4493333333333333 0.28466557911908646 0.13066666666666665 0.14355628058727568
0 0.16 0.2634584013050571 0.13066666666666665 0.13376835236541598
0 0.7453333333333333 0.1737357259380098 0.13066666666666665 0.15171288743882544
0 0.5906666666666667 0.12969004893964112 0.11466666666666667 0.13050570962479607
0 0.2906666666666667 0.1402936378466558 0.12933333333333333 0.13213703099510604
0 0.43533333333333335 0.12071778140293637 0.12133333333333333 0.1566068515497553