0 0.43333333333333335 0.8671532846715329 0.12 0.11386861313868613
0 0.7286666666666667 0.8744525547445255 0.124 0.11532846715328467
0 0.248 0.8029197080291971 0.12133333333333333 0.12700729927007298
0 0.562 0.7861313868613139 0.11866666666666667 0.10802919708029197
0 0.4 0.7313868613138687 0.12133333333333333 0.12262773722627737
0 0.8413333333333334 0.724087591240876 0.12266666666666666 0.1343065693430657
0 0.6846666666666666 0.6963503649635037 0.12533333333333332 0.10802919708029197
0 0.10266666666666667 0.6240875912408759 0.108 0.0948905109489051
0 0.24933333333333332 0.6394160583941606 0.11066666666666666 0.10948905109489052
0 0.522 0.6328467153284671 0.11333333333333333 0.11824817518248175
0 0.374 0.591970802919708 0.12266666666666666 0.10510948905109489
0 0.788 0.5613138686131387 0.10533333333333333 0.09343065693430656
0 0.656 0.5481751824817518 0.10933333333333334 0.12846715328467154
0 0.17066666666666666 0.49562043795620436 0.11066666666666666 0.10218978102189781
0 0.318 0.46934306569343065 0.08666666666666667 0.09343065693430656
0 0.902 0.5116788321167883 0.11866666666666667 0.10364963503649635
0 0.7733333333333333 0.41824817518248175 0.09733333333333333 0.09927007299270073
0 0.6513333333333333 0.4051094890510949 0.084 0.09927007299270073
0 0.26 0.33941605839416056 0.09866666666666667 0.09927007299270073
0 0.14 0.3364963503649635 0.08666666666666667 0.12116788321167883
0 0.38466666666666666 0.3452554744525547 0.11733333333333333 0.10802919708029197
0 0.516 0.3357664233576642 0.11466666666666667 0.10364963503649635
0 0.888 0.362043795620438 0.116 0.10510948905109489
0 0.6786666666666666 0.291970802919708 0.10533333333333333 0.10364963503649635
0 0.5493333333333333 0.2124087591240876 0.104 0.08759124087591241
0 0.408 0.2072992700729927 0.10133333333333333 0.10218978102189781
0 0.8073333333333333 0.23138686131386862 0.11066666666666666 0.10656934306569343
0 0.25333333333333335 0.19562043795620437 0.10533333333333333 0.12262773722627737
0 0.6533333333333333 0.13284671532846715 0.10266666666666667 0.11970802919708029
0 0.46066666666666667 0.08978102189781022 0.10666666666666667 0.08905109489051095