0 0.49266666666666664 0.8744525547445255 0.12266666666666666 0.11678832116788321
0 0.7846666666666666 0.8255474452554744 0.12666666666666668 0.11970802919708029
0 0.3 0.845985401459854 0.12533333333333332 0.13138686131386862
0 0.6066666666666667 0.7700729927007299 0.12133333333333333 0.11094890510948906
0 0.438 0.7474452554744525 0.12533333333333332 0.12700729927007298
0 0.8713333333333333 0.6562043795620438 0.12666666666666668 0.1386861313868613
0 0.7126666666666667 0.6583941605839416 0.128 0.11240875912408758
0 0.128 0.6978102189781021 0.11066666666666666 0.09927007299270073
0 0.2753333333333333 0.6854014598540146 0.11333333333333333 0.11386861313868613
0 0.5426666666666666 0.6262773722627737 0.11733333333333333 0.12262773722627737
0 0.39066666666666666 0.6145985401459854 0.12533333333333332 0.10948905109489052
0 0.7933333333333333 0.5058394160583941 0.108 0.09781021897810219
0 0.6613333333333333 0.5182481751824818 0.112 0.13138686131386862
0 0.17533333333333334 0.5576642335766423 0.11333333333333333 0.10656934306569343
0 0.316 0.5043795620437956 0.08933333333333333 0.09635036496350365
0 0.898 0.43503649635036495 0.12133333333333333 0.10802919708029197
0 0.756 0.3678832116788321 0.1 0.10218978102189781
0 0.634 0.3781021897810219 0.08666666666666667 0.10218978102189781
0 0.23866666666666667 0.3875912408759124 0.10133333333333333 0.10218978102189781
0 0.12 0.4072992700729927 0.09066666666666667 0.12408759124087591
0 0.362 0.3700729927007299 0.12 0.11094890510948906
0 0.48933333333333334 0.335036496350365 0.11733333333333333 0.10656934306569343
0 0.86 0.2905109489051095 0.11866666666666667 0.10802919708029197
0 0.6426666666666667 0.2613138686131387 0.108 0.10656934306569343
0 0.5026666666666667 0.2072992700729927 0.10533333333333333 0.0905109489051095
0 0.3626666666666667 0.2291970802919708 0.104 0.10510948905109489
0 0.76 0.17737226277372262 0.11333333333333333 0.11094890510948906
0 0.20866666666666667 0.24744525547445256 0.10933333333333334 0.12554744525547445
0 0.5926666666666667 0.10948905109489052 0.10666666666666667 0.12262773722627737
0 0.396 0.10291970802919707 0.108 0.09343065693430656