0 0.5768917819365338 0.874609375 0.20097640358014646 0.17421875
0 0.3441822620016273 0.8234375 0.21399511798209928 0.18203125
0 0.3824247355573637 0.644921875 0.18633034987794955 0.1640625
0 0.6086248982912937 0.680859375 0.1855166802278275 0.18203125
0 0.8022782750203418 0.6953125 0.161106590724166 0.1546875
0 0.15256305939788445 0.59296875 0.1969080553295362 0.190625
0 0.36208299430431246 0.46875 0.16029292107404394 0.16875
0 0.8108218063466233 0.5234375 0.20667209113100082 0.16328125
0 0.19975589910496339 0.403515625 0.177379983726607 0.13984375
0 0.6399511798209927 0.35859375 0.16598860862489828 0.15625
0 0.42717656631407647 0.308984375 0.19446704637917006 0.16328125
0 0.22945484133441824 0.21953125 0.19528071602929212 0.17734375
0 0.8665581773799838 0.3296875 0.20911310008136696 0.20390625
0 0.6680227827502034 0.169140625 0.15052888527257932 0.1390625
0 0.47762408462164363 0.12109375 0.1643612693246542 0.17578125