0 0.6175752644426363 0.86484375 0.18795768917819367 0.15859375
0 0.38039056143205857 0.8375 0.19934906427990237 0.165625
0 0.39910496338486573 0.65625 0.17331163547599673 0.15
0 0.6277461350691619 0.669140625 0.1708706265256306 0.16796875
0 0.8218063466232709 0.663671875 0.14890154597233524 0.14296875
0 0.1643612693246542 0.62734375 0.18144833197721724 0.17578125
0 0.35923515052888527 0.4828125 0.14646053702196907 0.15703125
0 0.8116354759967453 0.491796875 0.19446704637917006 0.14609375
0 0.19080553295362082 0.434375 0.16680227827502034 0.125
0 0.6236777868185517 0.3453125 0.15378356387306755 0.14375
0 0.40683482506102525 0.3171875 0.1822620016273393 0.14765625
0 0.2001627339300244 0.248046875 0.18063466232709519 0.1625
0 0.8462164361269324 0.29375 0.1920260374288039 0.18828125
0 0.6314076484947111 0.15390625 0.13913751017087062 0.12734375
0 0.43653376729048005 0.125390625 0.14890154597233524 0.16328125