0 0.3694060211554109 0.8609375 0.1822620016273393 0.15234375
0 0.6074043938161107 0.841015625 0.19446704637917006 0.159375
0 0.5951993490642798 0.659375 0.16842961757526445 0.14453125
0 0.36655817737998375 0.66484375 0.16517493897477625 0.16328125
0 0.1724979658258747 0.652734375 0.14401952807160293 0.13828125
0 0.8307567127746135 0.638671875 0.1757526444263629 0.1703125
0 0.6411716842961758 0.4875 0.14157851912123678 0.153125
0 0.1887713588283157 0.481640625 0.1903986981285598 0.140625
0 0.8116354759967453 0.44453125 0.16273393002441008 0.1203125
0 0.3820179007323027 0.34140625 0.14890154597233524 0.1390625
0 0.5992676973148902 0.3203125 0.17819365337672904 0.1421875
0 0.8087876322213181 0.258203125 0.1757526444263629 0.15703125
0 0.161513425549227 0.282421875 0.18633034987794955 0.1828125
0 0.38161106590724164 0.15 0.13506916192026036 0.1234375
0 0.5777054515866559 0.127734375 0.14483319772172498 0.159375