0 0.3372660699755899 0.8484375 0.1855166802278275 0.15546875
0 0.5760781122864117 0.848828125 0.1969080553295362 0.1625
0 0.580553295362083 0.666796875 0.1708706265256306 0.146875
0 0.3519121236777868 0.652734375 0.1676159479251424 0.165625
0 0.1598860862489829 0.625 0.14646053702196907 0.140625
0 0.8169243287225386 0.665625 0.1790073230268511 0.1734375
0 0.6419853539462979 0.49921875 0.14401952807160293 0.1546875
0 0.19161920260374288 0.45546875 0.19283970707892595 0.14375
0 0.8152969894222946 0.470703125 0.1643612693246542 0.12265625
0 0.3966639544344996 0.33203125 0.15134255492270138 0.14140625
0 0.6151342554922702 0.329296875 0.18063466232709519 0.1453125
0 0.8295362082994304 0.28515625 0.17819365337672904 0.16015625
0 0.1826688364524003 0.2546875 0.18958502847843775 0.18515625
0 0.41375101708706263 0.14140625 0.13751017087062653 0.125
0 0.6110659072416599 0.135546875 0.14727420667209112 0.16171875