0 0.4206666666666667 0.9001501501501501 0.09466666666666666 0.12462462462462462
0 0.5913333333333334 0.8806306306306306 0.10133333333333333 0.12762762762762764
0 0.7453333333333333 0.7762762762762763 0.10666666666666667 0.11261261261261261
0 0.18133333333333335 0.7882882882882883 0.08666666666666667 0.11561561561561562
0 0.516 0.762012012012012 0.09066666666666667 0.10960960960960961
0 0.342 0.7717717717717718 0.09866666666666667 0.11561561561561562
0 0.66 0.698948948948949 0.10933333333333334 0.10960960960960961
0 0.848 0.6411411411411412 0.116 0.12162162162162163
0 0.25133333333333335 0.6411411411411412 0.10666666666666667 0.1111111111111111
0 0.5326666666666666 0.6231231231231231 0.10133333333333333 0.1111111111111111
0 0.38 0.6171171171171171 0.104 0.1111111111111111
0 0.13266666666666665 0.6223723723723724 0.10133333333333333 0.10810810810810811
0 0.7626666666666667 0.5540540540540541 0.10533333333333333 0.1066066066066066
0 0.6406666666666667 0.5345345345345346 0.096 0.10810810810810811
0 0.19 0.49024024024024027 0.09733333333333333 0.09759759759759759
0 0.31 0.4872372372372372 0.10133333333333333 0.1111111111111111
0 0.8626666666666667 0.4346846846846847 0.112 0.1111111111111111
0 0.7453333333333333 0.4099099099099099 0.112 0.11861861861861862
0 0.6186666666666667 0.3911411411411411 0.108 0.12312312312312312
0 0.098 0.3978978978978979 0.092 0.10810810810810811
0 0.39 0.3611111111111111 0.09066666666666667 0.10510510510510511
0 0.5026666666666667 0.34384384384384387 0.088 0.09009009009009009
0 0.23733333333333334 0.32732732732732733 0.104 0.10810810810810811
0 0.6806666666666666 0.28603603603603606 0.092 0.1036036036036036
0 0.786 0.22522522522522523 0.10933333333333334 0.11861861861861862
0 0.534 0.22072072072072071 0.08133333333333333 0.10510510510510511
0 0.37 0.22897897897897898 0.09866666666666667 0.11261261261261261
0 0.228 0.19744744744744744 0.096 0.11261261261261261
0 0.6193333333333333 0.13438438438438438 0.10133333333333333 0.10960960960960961
0 0.39066666666666666 0.11261261261261261 0.096 0.0990990990990991