0 0.36 0.8783783783783784 0.10133333333333333 0.13213213213213212
0 0.5313333333333333 0.8926426426426426 0.108 0.13363363363363365
0 0.6986666666666667 0.8205705705705706 0.112 0.12012012012012012
0 0.142 0.7214714714714715 0.09333333333333334 0.12162162162162163
0 0.47533333333333333 0.7612612612612613 0.096 0.11561561561561562
0 0.302 0.7364864864864865 0.104 0.12162162162162163
0 0.6273333333333333 0.7267267267267268 0.11466666666666667 0.11711711711711711
0 0.8206666666666667 0.7072072072072072 0.12266666666666666 0.13063063063063063
0 0.23333333333333334 0.5900900900900901 0.112 0.11861861861861862
0 0.5126666666666667 0.6276276276276276 0.10666666666666667 0.11711711711711711
0 0.364 0.5915915915915916 0.10933333333333334 0.11711711711711711
0 0.11933333333333333 0.5487987987987988 0.108 0.11411411411411411
0 0.7506666666666667 0.6051051051051051 0.112 0.11411411411411411
0 0.6333333333333333 0.5615615615615616 0.10133333333333333 0.11561561561561562
0 0.196 0.43018018018018017 0.10266666666666667 0.1036036036036036
0 0.31466666666666665 0.45045045045045046 0.10666666666666667 0.11711711711711711
0 0.8673333333333333 0.5067567567567568 0.11733333333333333 0.11861861861861862
0 0.756 0.4587087087087087 0.11866666666666667 0.12612612612612611
0 0.6333333333333333 0.4159159159159159 0.11466666666666667 0.13063063063063063
0 0.12 0.3213213213213213 0.09733333333333333 0.11411411411411411
0 0.41333333333333333 0.34234234234234234 0.09733333333333333 0.1111111111111111
0 0.5266666666666666 0.34684684684684686 0.092 0.0960960960960961
0 0.268 0.27852852852852855 0.11066666666666666 0.11561561561561562
0 0.7113333333333334 0.32507507507507505 0.09866666666666667 0.1111111111111111
0 0.824 0.2852852852852853 0.116 0.12612612612612611
0 0.576 0.23123123123123124 0.088 0.1111111111111111
0 0.414 0.2072072072072072 0.104 0.11861861861861862
0 0.2793333333333333 0.14864864864864866 0.10133333333333333 0.12012012012012012
0 0.674 0.1629129129129129 0.10666666666666667 0.11561561561561562
0 0.452 0.09684684684684684 0.10133333333333333 0.10510510510510511