0 0.4106666666666667 0.8656609195402298 0.12133333333333333 0.11781609195402298
0 0.578 0.8814655172413793 0.14 0.13793103448275862
0 0.288 0.7988505747126436 0.124 0.1336206896551724
0 0.7053333333333334 0.8362068965517241 0.09866666666666667 0.11925287356321838
0 0.19466666666666665 0.6918103448275862 0.12666666666666668 0.1336206896551724
0 0.48 0.7191091954022989 0.13733333333333334 0.14798850574712644
0 0.7966666666666666 0.7471264367816092 0.12933333333333333 0.1221264367816092
0 0.6213333333333333 0.7104885057471264 0.14266666666666666 0.13649425287356323
0 0.35533333333333333 0.6594827586206896 0.13333333333333333 0.13793103448275862
0 0.474 0.5897988505747126 0.13333333333333333 0.11350574712643678
0 0.128 0.5380747126436781 0.12533333333333332 0.14655172413793102
0 0.262 0.5402298850574713 0.14266666666666666 0.14798850574712644
0 0.732 0.5984195402298851 0.116 0.13793103448275862
0 0.8586666666666667 0.6127873563218391 0.108 0.13936781609195403
0 0.6206666666666667 0.5653735632183908 0.13333333333333333 0.14942528735632185
0 0.36133333333333334 0.4899425287356322 0.10933333333333334 0.1336206896551724
0 0.27066666666666667 0.39798850574712646 0.12266666666666666 0.15086206896551724
0 0.6106666666666667 0.4209770114942529 0.128 0.125
0 0.8566666666666667 0.45905172413793105 0.128 0.13218390804597702
0 0.7273333333333334 0.4396551724137931 0.11466666666666667 0.13649425287356323
0 0.14933333333333335 0.35272988505747127 0.14133333333333334 0.17672413793103448
0 0.4633333333333333 0.3692528735632184 0.14 0.14367816091954022
0 0.3486666666666667 0.28663793103448276 0.12933333333333333 0.14080459770114942
0 0.642 0.2988505747126437 0.12 0.125
0 0.8066666666666666 0.3146551724137931 0.14133333333333334 0.14511494252873564
0 0.25133333333333335 0.21336206896551724 0.11333333333333333 0.13505747126436782
0 0.51 0.2464080459770115 0.14 0.1336206896551724
0 0.4226666666666667 0.14583333333333334 0.13466666666666666 0.12643678160919541
0 0.7066666666666667 0.1867816091954023 0.14 0.1336206896551724
0 0.566 0.12428160919540229 0.13066666666666665 0.125