0 0.5606666666666666 0.8687943262411347 0.11733333333333333 0.12198581560283688
0 0.75 0.799290780141844 0.11866666666666667 0.10780141843971631
0 0.3406666666666667 0.8624113475177305 0.11733333333333333 0.11205673758865248
0 0.534 0.7347517730496453 0.11733333333333333 0.10780141843971631
0 0.8686666666666667 0.6425531914893617 0.11066666666666666 0.11773049645390071
0 0.3453333333333333 0.724822695035461 0.14 0.12198581560283688
0 0.6986666666666667 0.6333333333333333 0.112 0.12624113475177304
0 0.454 0.6276595744680851 0.12533333333333332 0.11347517730496454
0 0.154 0.6872340425531915 0.12533333333333332 0.1375886524822695
0 0.5773333333333334 0.597872340425532 0.108 0.1148936170212766
0 0.26 0.6092198581560284 0.11866666666666667 0.11205673758865248
0 0.652 0.49148936170212765 0.10666666666666667 0.13617021276595745
0 0.3433333333333333 0.5191489361702127 0.10666666666666667 0.11205673758865248
0 0.742 0.4432624113475177 0.104 0.11773049645390071
0 0.8673333333333333 0.3950354609929078 0.12 0.12482269503546099
0 0.254 0.45177304964539006 0.12 0.1347517730496454
0 0.416 0.39858156028368796 0.11866666666666667 0.12056737588652482
0 0.534 0.3730496453900709 0.11866666666666667 0.12340425531914893
0 0.104 0.43333333333333335 0.1 0.12198581560283688
0 0.652 0.3141843971631206 0.128 0.12056737588652482
0 0.326 0.31347517730496455 0.14933333333333335 0.12907801418439716
0 0.49666666666666665 0.24609929078014184 0.11066666666666666 0.11347517730496454
0 0.20866666666666667 0.25957446808510637 0.11333333333333333 0.11773049645390071
0 0.6846666666666666 0.16950354609929077 0.13733333333333334 0.14893617021276595
0 0.43266666666666664 0.13900709219858157 0.10133333333333333 0.10780141843971631