0 0.859375 0.542642924086223 0.11125 0.05529522024367385
0 0.34875 0.5332708528584817 0.085 0.04498594189315839
0 0.44625 0.3219306466729147 0.05625 0.04873477038425492
0 0.445 0.26382380506091846 0.04125 0.059044048734770385
0 0.319375 0.25585754451733833 0.065 0.031865042174320526
0 0.081875 0.32755388940955954 0.03125 0.01780693533270853
0 0.500625 0.6836925960637301 0.035 0.02530459231490159
0 0.5012875 0.5853139643861293 0.07492500000000007 0.060206185567010316
0 0.285625 0.788659793814433 0.04375 0.028116213683223992
0 0.4121 0.43963448922211806 0.08043750000000002 0.03919400187441429
0 0.528125 0.8411433926897844 0.08125 0.04967197750702906
0 0.40125 0.15022492970946577 0.036112499999999985 0.019297094657919376
0 0.37195 0.8152577319587628 0.04515 0.028828491096532325
0 0.6765875 0.1783223992502343 0.008912500000000136 0.01620431115276478
1 0.13375 0.46147141518275536 0.1169625 0.05737582005623245
1 0.0811375 0.5250234301780694 0.1622625 0.20889409559512645
1 0.19039999999999999 0.5679100281162137 0.0676625 0.04235238987816312
1 0.011975 0.4145267104029991 0.02395 0.021480787253983093
1 0.135275 0.337535145267104 0.2705375 0.2327272727272727
0 0.14345 0.5684723523898781 0.01995000000000001 0.014236176194939132
0 0.0032124999999999996 0.4893720712277413 0.006424999999999999 0.008078725398312924
0 0.405725 0.41033739456419865 0.049962500000000035 0.03673851921274606
0 0.4124125 0.3811996251171509 0.05407499999999999 0.030159325210871557
0 0.5675 0.4732146204311153 0.060787499999999994 0.03290534208059982
0 0.5338 0.43830365510777886 0.07672499999999999 0.051780693533270854
0 0.4594875 0.5823711340206186 0.07001249999999999 0.06453608247422671
0 0.6266499999999999 0.5864104967197751 0.04311249999999994 0.02865979381443292
0 0.46128749999999996 0.651593252108716 0.06126249999999999 0.024798500468603595
0 0.6747624999999999 0.473589503280225 0.06423750000000013 0.05061855670103097
0 0.7187375 0.46645735707591374 0.08737500000000012 0.07955014058106841
0 0.8077375000000001 0.4776382380506092 0.08546249999999986 0.06643861293345833
0 0.45075000000000004 0.871630740393627 0.03596249999999998 0.024414245548266125
0 0.5875625 0.1544236176194939 0.06576250000000002 0.07645735707591376
0 0.8205 0.25334582942830364 0.012949999999999875 0.017150890346766593
0 0.810375 0.2511715089034677 0.007162500000000023 0.012811621368322361
0 0.14745 0.04767572633552015 0.029262499999999997 0.015229615745079663
0 0.0080625 0.26524835988753515 0.016125 0.01010309278350513