0 0.140625 0.542642924086223 0.11125 0.05529522024367385
0 0.65125 0.5332708528584817 0.085 0.04498594189315839
0 0.55375 0.3219306466729147 0.05625 0.04873477038425492
0 0.555 0.26382380506091846 0.04125 0.059044048734770385
0 0.680625 0.25585754451733833 0.065 0.031865042174320526
0 0.918125 0.32755388940955954 0.03125 0.01780693533270853
0 0.499375 0.6836925960637301 0.035 0.02530459231490159
0 0.49875 0.5852858481724461 0.075 0.05998125585754452
0 0.714375 0.788659793814433 0.04375 0.028116213683223992
0 0.588125 0.4395501405810684 0.08 0.03936269915651359
0 0.471875 0.8411433926897844 0.08125 0.04967197750702906
0 0.59875 0.15042174320524837 0.03625 0.019681349578256794
0 0.628125 0.8153701968134958 0.045 0.029053420805998126
0 0.323125 0.17853795688847235 0.00875 0.015932521087160263
1 0.86625 0.46157450796626054 0.1175 0.05716963448922212
1 0.91875 0.5248359887535146 0.1625 0.20899718837863168
1 0.809375 0.5679475164011246 0.0675 0.04217432052483599
1 0.988125 0.4147141518275539 0.02375 0.02155576382380506
1 0.865 0.3373945641986879 0.27 0.232427366447985
0 0.85625 0.5684161199625117 0.02 0.014058106841611996
0 0.996875 0.48922211808809746 0.00625 0.008434864104967198
0 0.594375 0.4104967197750703 0.05 0.03655107778819119
0 0.5875 0.3809746954076851 0.05375 0.02999062792877226
0 0.4325 0.4732895970009372 0.06125 0.03280224929709466
0 0.46625 0.4381443298969072 0.07625 0.05154639175257732
0 0.540625 0.5824742268041238 0.07 0.06466729147141519
0 0.373125 0.5862230552952202 0.0425 0.029053420805998126
0 0.53875 0.6513589503280225 0.06125 0.02436738519212746
0 0.325 0.47375820056232426 0.06375 0.05060918462980318
0 0.28125 0.4662605435801312 0.0875 0.07966260543580131
0 0.1925 0.4775070290534208 0.085 0.06654170571696345
0 0.549375 0.8716026241799437 0.03625 0.02436738519212746
0 0.4125 0.15463917525773196 0.06625 0.07685098406747891
0 0.179375 0.253514526710403 0.0125 0.016869728209934397
0 0.189375 0.2511715089034677 0.0075 0.013120899718837863
0 0.8525 0.04779756326148079 0.02875 0.01499531396438613
0 0.991875 0.26522961574507964 0.01625 0.010309278350515464