0 0.13625 0.5093720712277413 0.12 0.06466729147141519
0 0.645 0.5468603561387066 0.09125 0.05248359887535145
0 0.5825 0.3280224929709466 0.06375 0.053420805998125584
0 0.593125 0.2703842549203374 0.05 0.06279287722586692
0 0.71875 0.27413308341143394 0.07 0.03748828491096532
0 0.943125 0.3669165885660731 0.03375 0.020618556701030927
0 0.469375 0.6822867853795689 0.03875 0.028116213683223992
0 0.485 0.584348641049672 0.08375 0.06654170571696345
0 0.665625 0.8059981255857545 0.0475 0.031865042174320526
0 0.596875 0.44798500468603564 0.08625 0.04592314901593252
0 0.416875 0.8359887535145267 0.08875 0.05716963448922212
0 0.655 0.16166822867853795 0.03875 0.022492970946579195
0 0.575625 0.8247422680412371 0.05 0.03280224929709466
0 0.376875 0.16447985004686036 0.01125 0.016869728209934397
1 0.87 0.49531396438612935 0.125 0.06747891283973759
1 0.906875 0.5627928772258669 0.18625 0.22211808809746955
1 0.79625 0.5955951265229615 0.07375 0.04779756326148079
1 0.991875 0.4597000937207123 0.01625 0.023430178069353328
1 0.8675 0.3716026241799438 0.265 0.25585754451733833
0 0.8425 0.6007497656982193 0.0225 0.015932521087160263
0 0.995 0.5346766635426429 0.0075 0.008434864104967198
0 0.608125 0.41940018744142454 0.055 0.041237113402061855
0 0.60625 0.3898781630740394 0.05875 0.03467666354264293
0 0.4375 0.46719775070290537 0.06625 0.038425492033739454
0 0.47625 0.43580131208997186 0.085 0.05810684161199625
0 0.526875 0.5852858481724461 0.08 0.07029053420805999
0 0.36 0.5740393626991566 0.0475 0.03280224929709466
0 0.51375 0.6541705716963448 0.065 0.02999062792877226
0 0.330625 0.457825679475164 0.0725 0.056232427366447985
0 0.288125 0.4465791940018744 0.1 0.08716026241799438
0 0.198125 0.4498594189315839 0.095 0.07403936269915651
0 0.48875 0.8734770384254921 0.04 0.02717900656044986
0 0.469375 0.14901593252108716 0.0775 0.08153701968134958
0 0.221875 0.22586691658856609 0.01625 0.01780693533270853
0 0.2325 0.22446110590440488 0.00875 0.013120899718837863
0 0.92375 0.08341143392689784 0.03125 0.01780693533270853