0 0.463125 0.6344892221180881 0.1275 0.07778819119025304
0 0.934375 0.8088097469540768 0.0875 0.05998125585754452
0 0.085625 0.5201499531396439 0.07625 0.11715089034676664
0 0.355 0.6246485473289597 0.08625 0.06279287722586692
0 0.905625 0.2839737582005623 0.08125 0.04498594189315839
0 0.426875 0.5379568884723523 0.06 0.04311152764761012
1 0.22375 0.5805998125585754 0.2075 0.14807872539831302
0 0.47875 0.25538894095595127 0.05125 0.030927835051546393
0 0.725625 0.6354264292408622 0.0525 0.02999062792877226
1 0.564375 0.5079662605435802 0.27875 0.08622305529522024
0 0.594375 0.3022492970946579 0.04625 0.03280224929709466
0 0.845625 0.43252108716026244 0.05625 0.041237113402061855
0 0.141875 0.45407685098406747 0.11375 0.03748828491096532
1 0.360625 0.4250234301780694 0.22125 0.1358950328022493
1 0.79 0.6330834114339269 0.22 0.14526710402999063
0 0.755625 0.4198687910028116 0.05875 0.03280224929709466
0 0.2475 0.669165885660731 0.0675 0.03467666354264293
0 0.025625 0.6162136832239925 0.05125 0.07403936269915651
0 0.14625 0.6227741330834115 0.0625 0.04592314901593252
0 0.018125 0.422680412371134 0.0325 0.04498594189315839
0 0.605 0.32286785379568883 0.04625 0.02717900656044986
0 0.2525 0.20524835988753515 0.1175 0.05154639175257732
0 0.5375 0.3477038425492034 0.0525 0.03280224929709466
0 0.22625 0.28537956888472354 0.02375 0.01874414245548266
0 0.753125 0.28350515463917525 0.0375 0.01874414245548266
0 0.855625 0.2511715089034677 0.0175 0.013120899718837863
0 0.99 0.3388003748828491 0.02 0.019681349578256794
0 0.1075 0.42642924086223055 0.02125 0.019681349578256794
0 0.1075 0.6537019681349578 0.02875 0.022492970946579195
0 0.475 0.36785379568884724 0.01875 0.015932521087160263
0 0.458125 0.4034676663542643 0.01625 0.015932521087160263
0 0.375 0.4493908153701968 0.01625 0.020618556701030927
0 0.3875 0.4287722586691659 0.0175 0.01780693533270853
0 0.7475 0.5946579194001874 0.025 0.016869728209934397
0 0.808125 0.6190253045923149 0.0225 0.014058106841611996
0 0.68125 0.39456419868791004 0.0225 0.013120899718837863
0 0.67125 0.3828491096532334 0.02 0.01780693533270853
0 0.8075 0.6302717900656045 0.01625 0.011246485473289597
0 0.26625 0.738987816307404 0.03125 0.014058106841611996
0 0.243125 0.7797563261480788 0.02125 0.01780693533270853
0 0.1125 0.866447985004686 0.0125 0.00937207122774133
0 0.20375 0.8931583880037488 0.025 0.010309278350515464
0 0.2725 0.8205248359887535 0.025 0.013120899718837863
0 0.12125 0.760543580131209 0.03 0.01218369259606373
0 0.51875 0.7867853795688847 0.01375 0.00937207122774133
0 0.5625 0.7539831302717901 0.01375 0.01218369259606373
0 0.368125 0.422680412371134 0.02875 0.016869728209934397
0 0.22375 0.6148078725398313 0.015 0.00937207122774133
0 0.028125 0.37582005623242737 0.04625 0.04217432052483599
0 0.845625 0.2450796626054358 0.01125 0.008434864104967198
0 0.981875 0.24179943767572634 0.03625 0.01874414245548266
0 0.986875 0.4854732895970009 0.02625 0.03936269915651359
0 0.815625 0.6541705716963448 0.0575 0.02530459231490159
0 0.799375 0.8069353327085286 0.02125 0.011246485473289597