0 0.515 0.6368322399250235 0.1325 0.08247422680412371
0 0.031875 0.7661668228678538 0.06375 0.06279287722586692
0 0.908125 0.5576382380506092 0.085 0.1190253045923149
0 0.62375 0.6368322399250235 0.09 0.06654170571696345
0 0.1325 0.24882849109653232 0.08375 0.04779756326148079
0 0.56625 0.5445173383317713 0.0625 0.04498594189315839
1 0.76125 0.604967197750703 0.21625 0.15557638238050608
0 0.560625 0.2591377694470478 0.05375 0.03280224929709466
0 0.25375 0.6138706654170571 0.055 0.031865042174320526
1 0.434375 0.5018744142455482 0.28375 0.09653233364573571
0 0.43875 0.2952202436738519 0.04875 0.03467666354264293
0 0.1675 0.40159325210871605 0.05875 0.04311152764761012
0 0.863125 0.48687910028116216 0.11625 0.04217432052483599
1 0.65 0.4381443298969072 0.22875 0.14339268978444236
1 0.190625 0.6059044048734771 0.22875 0.15370196813495782
0 0.259375 0.39690721649484534 0.06125 0.03467666354264293
0 0.723125 0.6907216494845361 0.06875 0.03748828491096532
0 0.955625 0.6593252108716027 0.06375 0.07591377694470477
0 0.830625 0.6541705716963448 0.065 0.04779756326148079
0 0.98625 0.46719775070290537 0.0275 0.04592314901593252
0 0.424375 0.3149015932521087 0.0475 0.028116213683223992
0 0.79375 0.23008434864104968 0.12125 0.056232427366447985
0 0.4875 0.34536082474226804 0.055 0.03467666354264293
0 0.806875 0.31208997188378634 0.025 0.01874414245548266
0 0.28375 0.2619493908153702 0.03875 0.019681349578256794
0 0.1875 0.22024367385192128 0.01875 0.014058106841611996
0 0.035 0.2952202436738519 0.02875 0.020618556701030927
0 0.90125 0.4629803186504217 0.0225 0.020618556701030927
0 0.864375 0.6883786316776007 0.03 0.023430178069353328
0 0.54625 0.3711340206185567 0.01875 0.016869728209934397
0 0.556875 0.4076850984067479 0.01625 0.016869728209934397
0 0.6325 0.4611059044048735 0.0175 0.02155576382380506
0 0.623125 0.4395501405810684 0.01875 0.01874414245548266
0 0.23875 0.5712277413308341 0.025 0.01780693533270853
0 0.174375 0.5899718837863168 0.02375 0.01499531396438613
0 0.3375 0.37910028116213684 0.02375 0.014058106841611996
0 0.349375 0.3683223992502343 0.02125 0.01780693533270853
0 0.17375 0.6012183692596064 0.0175 0.01218369259606373
0 0.693125 0.7586691658856607 0.0325 0.01499531396438613
0 0.709375 0.8013120899718837 0.0225 0.01780693533270853
0 0.825 0.8992502343017807 0.01375 0.010309278350515464
0 0.73 0.9170571696344892 0.02625 0.011246485473289597
0 0.67375 0.8388003748828491 0.02625 0.014058106841611996
0 0.833125 0.7933458294283037 0.03125 0.013120899718837863
0 0.435 0.7830365510777882 0.015 0.010309278350515464
0 0.396875 0.746485473289597 0.015 0.013120899718837863
0 0.643125 0.4353327085285848 0.03 0.01780693533270853
0 0.755625 0.6391752577319587 0.015 0.00937207122774133
0 0.981875 0.41940018744142454 0.03625 0.044048734770384255
0 0.19875 0.2155576382380506 0.01125 0.008434864104967198
0 0.063125 0.19962511715089035 0.03875 0.019681349578256794
0 0.018125 0.44095595126522963 0.03 0.04029990627928772
0 0.161875 0.6241799437675727 0.05875 0.02717900656044986
0 0.153125 0.7774133083411434 0.0225 0.011246485473289597