0 0.085625 0.8069353327085286 0.13375 0.06654170571696345
0 0.728125 0.3641049671977507 0.08125 0.09278350515463918
0 0.838125 0.4208059981255858 0.07 0.08247422680412371
0 0.89 0.4536082474226804 0.0725 0.08622305529522024
0 0.608125 0.20056232427366447 0.1025 0.1162136832239925
0 0.466875 0.1640112464854733 0.06375 0.07966260543580131
0 0.940625 0.3880037488284911 0.065 0.08528584817244611
0 0.2 0.19165885660731022 0.03875 0.03280224929709466
0 0.62125 0.32052483598875353 0.05375 0.08341143392689784
0 0.360625 0.12277413308341144 0.06625 0.07216494845360824
0 0.510625 0.46251171508903466 0.13375 0.03655107778819119
0 0.508125 0.48406747891283974 0.06625 0.030927835051546393
1 0.404375 0.8289597000937207 0.16 0.08059981255857544
0 0.08625 0.24273664479850046 0.04125 0.03561387066541706
0 0.569375 0.43767572633552015 0.045 0.03280224929709466
1 0.26375 0.7910028116213683 0.16 0.07497656982193064
0 0.543125 0.24320524835988752 0.02375 0.01874414245548266
0 0.29125 0.2994376757263355 0.0425 0.01218369259606373
0 0.776875 0.5646672914714151 0.025 0.014058106841611996
0 0.76125 0.6171508903467666 0.01625 0.013120899718837863
0 0.43625 0.4732895970009372 0.0275 0.02436738519212746
0 0.5575 0.48922211808809746 0.0175 0.011246485473289597
0 0.6075 0.5365510777881912 0.02125 0.014058106841611996
0 0.07125 0.45220243673851923 0.02125 0.01874414245548266
0 0.184375 0.38425492033739456 0.0225 0.014058106841611996
0 0.22125 0.3922211808809747 0.02 0.014058106841611996
0 0.2125 0.40159325210871605 0.035 0.00937207122774133
0 0.188125 0.39456419868791004 0.04625 0.011246485473289597
0 0.239375 0.4001874414245548 0.00875 0.007497656982193065
0 0.57 0.7839737582005624 0.02125 0.014058106841611996
0 0.378125 0.8566073102155577 0.03 0.022492970946579195
0 0.300625 0.796157450796626 0.03625 0.022492970946579195
0 0.15625 0.7319587628865979 0.025 0.016869728209934397
0 0.154375 0.7647610121836926 0.03125 0.01780693533270853
0 0.160625 0.7150890346766635 0.015 0.00937207122774133
0 0.14625 0.7558575445173383 0.01875 0.011246485473289597
0 0.273125 0.29381443298969073 0.04375 0.011246485473289597
0 0.2775 0.2867853795688847 0.03375 0.007497656982193065
0 0.38625 0.1513589503280225 0.015 0.011246485473289597
0 0.336875 0.13261480787253982 0.01625 0.022492970946579195
0 0.49125 0.16776007497656983 0.01375 0.016869728209934397
0 0.64375 0.6213683223992502 0.00875 0.006560449859418931