0 0.959375 0.7352389878163074 0.08125 0.07591377694470477
0 0.23875 0.40253045923149017 0.0925 0.09746954076850985
0 0.1475 0.4751640112464855 0.08125 0.08622305529522024
0 0.105625 0.5154639175257731 0.0825 0.08997188378631678
0 0.31125 0.22399250234301782 0.1175 0.12277413308341144
0 0.43875 0.16588566073102157 0.07375 0.08341143392689784
0 0.0375 0.4587628865979381 0.075 0.08903467666354264
0 0.708125 0.15182755388940955 0.0425 0.03467666354264293
0 0.331875 0.3434864104967198 0.065 0.08622305529522024
0 0.531875 0.10965323336457357 0.07625 0.07591377694470477
0 0.479375 0.46485473289597 0.13625 0.046860356138706656
0 0.4875 0.485941893158388 0.06875 0.03561387066541706
1 0.685 0.8069353327085286 0.16875 0.09184629803186505
0 0.83375 0.1836925960637301 0.045 0.03748828491096532
0 0.415 0.4498594189315839 0.04875 0.03561387066541706
1 0.811875 0.7478912839737581 0.16875 0.08622305529522024
0 0.38625 0.25538894095595127 0.02625 0.020618556701030927
0 0.64875 0.2713214620431115 0.04375 0.015932521087160263
0 0.2475 0.6063730084348641 0.02625 0.015932521087160263
0 0.2775 0.6555763823805061 0.0175 0.014058106841611996
0 0.555 0.4639175257731959 0.03125 0.026241799437675725
0 0.440625 0.4985941893158388 0.01875 0.01218369259606373
0 0.405 0.5524835988753515 0.0225 0.01499531396438613
0 0.90625 0.38612933458294285 0.02375 0.019681349578256794
0 0.77625 0.33786316776007497 0.02375 0.01499531396438613
0 0.7425 0.35098406747891286 0.02125 0.01499531396438613
0 0.75375 0.358950328022493 0.03625 0.01218369259606373
0 0.77625 0.34817244611059045 0.0475 0.01499531396438613
0 0.7275 0.36176194939081535 0.01 0.008434864104967198
0 0.510625 0.788659793814433 0.0225 0.01499531396438613
0 0.718125 0.8298969072164949 0.0325 0.02436738519212746
0 0.7775 0.7582005623242737 0.03875 0.02530459231490159
0 0.900625 0.6733833177132146 0.02625 0.01874414245548266
0 0.911875 0.7047797563261481 0.03375 0.020618556701030927
0 0.89125 0.6574507966260543 0.01625 0.010309278350515464
0 0.916875 0.6954076850984068 0.02 0.01218369259606373
0 0.664375 0.26288659793814434 0.04375 0.014058106841611996
0 0.65875 0.25679475164011245 0.035 0.010309278350515464
0 0.514375 0.1415182755388941 0.01625 0.01218369259606373
0 0.5575 0.11527647610121837 0.01875 0.023430178069353328
0 0.41625 0.1738519212746017 0.015 0.01780693533270853
0 0.393125 0.6410496719775071 0.00875 0.007497656982193065