0 0.935 0.7900656044985942 0.13 0.061855670103092786
0 0.2625 0.3732146204311153 0.075 0.08955014058106837
0 0.15708750000000002 0.4341893158388003 0.06500000000000002 0.07966260543580131
0 0.1074375 0.4690721649484536 0.06625 0.08341143392689784
0 0.37125 0.20519212746016868 0.095 0.11256794751640113
0 0.509375 0.16297094657919398 0.05875 0.07705716963448925
0 0.051875 0.4053420805998126 0.0593 0.08341143392689784
0 0.7779874999999999 0.1803655107778819 0.03652500000000004 0.03103092783505156
0 0.3666625 0.3257357075913777 0.04861249999999998 0.08121836925960635
0 0.6127125 0.11798500468603561 0.062074999999999964 0.06955951265229615
0 0.486875 0.4629803186504217 0.13125 0.031865042174320526
0 0.490625 0.4845360824742268 0.06375 0.028116213683223992
1 0.61875 0.8247422680412371 0.155 0.07497656982193064
0 0.8954125000000001 0.2268041237113402 0.0383250000000001 0.033739456419868794
0 0.42652500000000004 0.4403842549203374 0.0425 0.031227741330834162
1 0.7562375 0.7812464854732897 0.15578750000000013 0.06858481724461112
0 0.438825 0.2450796626054358 0.02263750000000002 0.01780693533270853
0 0.6947125 0.291630740393627 0.041924999999999955 0.010927835051546361
0 0.228125 0.5754451733833177 0.02375 0.013120899718837863
0 0.2475 0.627460168697282 0.015 0.01218369259606373
0 0.561875 0.4709465791940019 0.02625 0.023430178069353328
0 0.441875 0.4915651358950328 0.01625 0.010309278350515464
0 0.395 0.5407685098406748 0.02 0.013120899718837863
0 0.925 0.4353327085285848 0.02 0.01780693533270853
0 0.806875 0.37207122774133083 0.02125 0.013120899718837863
0 0.770625 0.38144329896907214 0.01875 0.013120899718837863
0 0.78 0.39034676663542645 0.035 0.008434864104967198
0 0.804375 0.3823805060918463 0.04625 0.00937207122774133
0 0.7535375000000001 0.39019681349578256 0.00875 0.007497656982193065
0 0.45 0.7863167760074976 0.02 0.013120899718837863
0 0.646875 0.8514526710402999 0.02875 0.02155576382380506
0 0.72 0.7877225866916588 0.035 0.02155576382380506
0 0.859375 0.718369259606373 0.02375 0.015932521087160263
0 0.86375 0.7507029053420806 0.03 0.016869728209934397
0 0.85375 0.7014995313964386 0.015 0.008434864104967198
0 0.87125 0.7417994376757263 0.0175 0.010309278350515464
0 0.7119125 0.28507029053420807 0.04259999999999991 0.009634489222118063
0 0.70745 0.2784910965323336 0.03362500000000011 0.006429240862230566
0 0.5891 0.147535145267104 0.014437499999999943 0.010993439550140599
0 0.6372249999999999 0.12688847235238987 0.014499999999999957 0.02237113402061856
0 0.4853375 0.16796626054358013 0.012262499999999931 0.016119962511715078
0 0.36472499999999997 0.6267478912839738 0.008100000000000022 0.006485473289597069