0 0.134375 0.5796626054358013 0.09875 0.08247422680412371
0 0.391875 0.514526710402999 0.10875 0.09746954076850985
0 0.03125 0.5824742268041238 0.0625 0.06654170571696345
0 0.5575 0.3458294283036551 0.08875 0.06841611996251172
0 0.46375 0.2858481724461106 0.04 0.06091846298031865
0 0.200625 0.1893158388003749 0.03625 0.06466729147141519
0 0.80375 0.27835051546391754 0.0375 0.05529522024367385
0 0.6683875 0.872539831302718 0.05197499999999991 0.030927835051546393
0 0.63375 0.3931583880037488 0.15375 0.07403936269915651
0 0.22747499999999998 0.6469821930646673 0.05505000000000002 0.033130271790065516
0 0.983125 0.6302717900656045 0.03375 0.020618556701030927
0 0.3806875 0.3773102155576382 0.038149999999999976 0.07327085285848167
0 0.824375 0.6911902530459232 0.01875 0.014058106841611996
0 0.70125 0.1738519212746017 0.15375 0.09090909090909091
0 0.6725 0.5444236176194939 0.02875 0.011330834114339192
0 0.01875 0.7952202436738519 0.015 0.01218369259606373
0 0.7825 0.22492970946579194 0.04625 0.04217432052483599
0 0.27875 0.1635426429240862 0.0825 0.06091846298031865
0 0.8720625 0.12689784442361762 0.04711250000000007 0.045735707591377704
0 0.96375 0.11246485473289597 0.0725 0.046860356138706656
0 0.9134875 0.5045454545454545 0.16097499999999998 0.0797188378631677
0 0.39978749999999996 0.07002811621368323 0.092175 0.025229615745079672
0 0.15875 0.3547328959700094 0.115 0.07966260543580131
0 0.7583875 0.5240112464854733 0.02178750000000008 0.018031865042174328
0 0.027737500000000005 0.3657825679475164 0.0482625 0.03802249297094663
0 0.38971249999999996 0.5330834114339269 0.04337500000000006 0.03082474226804133
0 0.1339125 0.5974882849109653 0.049887499999999994 0.034704779756326125
0 0.0373625 0.4577788191190253 0.04684999999999999 0.02661668228678536
0 0.35 0.3850421743205248 0.02469999999999999 0.06596063730084348
0 0.005887499999999999 0.27964386129334584 0.0117625 0.022380506091846292
0 0.1133 0.25232427366447985 0.0616 0.020440487347703793
0 0.11199999999999999 0.2319962511715089 0.0668 0.01752577319587628
0 0.008924999999999999 0.1761855670103093 0.0178375 0.027600749765698207
0 0.8568375 0.44343955014058106 0.11321249999999992 0.08709465791940024
0 0.92345 0.4678537956888472 0.023474999999999965 0.007891283973758162
0 0.6770125 0.5320524835988754 0.01646250000000009 0.01525773195876286
0 0.5355624999999999 0.5421836925960637 0.009224999999999994 0.013280224929709534
0 0.53655 0.5645548266166823 0.011862500000000012 0.013514526710403067
0 0.6270625 0.5633177132146204 0.11967500000000002 0.020431115276476057
0 0.553525 0.5807497656982192 0.11771249999999994 0.011283973758200528
0 0.6537625 0.6545641986879099 0.23376249999999998 0.020449859418931526
0 0.59325 0.6692689784442362 0.22816249999999996 0.012286785379568791
0 0.4829625 0.6661761949390815 0.03394999999999996 0.008584817244611135
0 0.4511375 0.6545641986879099 0.010550000000000068 0.012549203373945736
0 0.5736375 0.7496157450796627 0.013512499999999933 0.012268041237113326
0 0.5868375 0.7884348641049672 0.016825000000000045 0.01722586691658867
0 0.8601875 0.7993252108716026 0.019487499999999897 0.015754451733833125
0 0.7644 0.8319493908153702 0.017125000000000057 0.013758200562324333
0 0.5441375 0.8351640112464854 0.021099999999999994 0.009803186504217467
0 0.502575 0.9516119962511715 0.013837500000000063 0.012277413308341058
0 0.1639125 0.8844985941893159 0.016475000000000007 0.011555763823804993
0 0.1995375 0.6687816307403937 0.014500000000000028 0.01081537019681346
0 0.3001375 0.555763823805061 0.11555000000000003 0.011180880974695467
0 0.24382500000000001 0.5296438612933458 0.009425000000000025 0.012736644798500393
0 0.226325 0.4731958762886598 0.014987500000000011 0.014076850984067461
0 0.249275 0.45931583880037485 0.012037499999999994 0.013692596063730097
1 0.22192499999999998 0.47109653233364573 0.07380000000000003 0.046916588566073156
1 0.274125 0.5036082474226804 0.14058750000000003 0.09253045923149017
1 0.46647500000000003 0.6230365510777882 0.13599999999999995 0.08164011246485464
1 0.531525 0.5545454545454546 0.06965000000000003 0.04025304592314906
1 0.5697 0.7445829428303655 0.2045499999999999 0.11298969072164944
1 0.26745 0.7676569821930647 0.06262500000000003 0.03464854732895972