0 0.870625 0.5651358950328023 0.10375 0.08622305529522024
0 0.60875 0.5103092783505154 0.115 0.10121836925960637
0 0.97 0.5641986879100281 0.06 0.06935332708528585
0 0.431875 0.34817244611059045 0.09375 0.07216494845360824
0 0.52125 0.2849109653233365 0.04375 0.06279287722586692
0 0.7775 0.1780693533270853 0.04125 0.06560449859418932
0 0.18125 0.29053420805998126 0.04125 0.056232427366447985
0 0.358125 0.8786316776007498 0.05375 0.03280224929709466
0 0.35875 0.39878163074039363 0.15875 0.07966260543580131
0 0.7825 0.6358950328022493 0.0575 0.03561387066541706
0 0.026875 0.6490159325210871 0.035 0.02155576382380506
0 0.610625 0.37300843486410495 0.04375 0.07497656982193064
0 0.189375 0.703842549203374 0.02 0.01499531396438613
0 0.27625 0.18228678537956888 0.16 0.09653233364573571
0 0.330625 0.5510777881911902 0.03 0.01218369259606373
0 0.99625 0.7760074976569822 0.0075 0.013120899718837863
0 0.19875 0.23617619493908154 0.04875 0.044048734770384255
0 0.6975 0.15510777881911902 0.08625 0.06373008434864105
0 0.1025 0.14198687910028115 0.05 0.04779756326148079
0 0.02375 0.13074039362699155 0.0475 0.04967197750702906
0 0.0875 0.520618556701031 0.16625 0.08622305529522024
0 0.57 0.06654170571696345 0.09375 0.029053420805998126
0 0.830625 0.3416119962511715 0.12 0.08434864104967198
0 0.24375 0.5342080599812559 0.0225 0.01874414245548266
0 0.9625 0.34723523898781633 0.05125 0.04029990627928772
0 0.6125 0.528584817244611 0.045 0.03280224929709466
0 0.8725 0.5829428303655108 0.0525 0.03655107778819119
0 0.95875 0.4395501405810684 0.04875 0.028116213683223992
0 0.641875 0.37910028116213684 0.02875 0.06654170571696345
0 0.978125 0.260543580131209 0.01375 0.022492970946579195
0 0.86875 0.23758200562324275 0.0625 0.022492970946579195
0 0.86875 0.2169634489222118 0.0675 0.019681349578256794
0 0.9675 0.15745079662605435 0.02 0.028116213683223992
0 0.14 0.45735707591377694 0.11875 0.09184629803186505
0 0.075 0.4845360824742268 0.02375 0.008434864104967198
0 0.325625 0.5388940955951266 0.0175 0.015932521087160263
0 0.4675 0.5435801312089972 0.01 0.014058106841611996
0 0.468125 0.5660731021555764 0.0125 0.014058106841611996
0 0.3775 0.5684161199625117 0.12125 0.02530459231490159
0 0.451875 0.5829428303655108 0.11875 0.015932521087160263
0 0.3575 0.6602624179943768 0.235 0.02999062792877226
0 0.41875 0.6729147141518276 0.22875 0.02155576382380506
0 0.52875 0.6654170571696345 0.035 0.010309278350515464
0 0.559375 0.6522961574507966 0.01125 0.013120899718837863
0 0.44375 0.7521087160262419 0.01375 0.013120899718837863
0 0.433125 0.7914714151827554 0.0175 0.01780693533270853
0 0.16125 0.8130271790065604 0.02 0.016869728209934397
0 0.259375 0.8420805998125586 0.0175 0.014058106841611996
0 0.479375 0.8364573570759137 0.02125 0.010309278350515464
0 0.52875 0.9512652296157451 0.015 0.013120899718837863
0 0.8625 0.8706654170571696 0.0175 0.01218369259606373
0 0.811875 0.6569821930646673 0.015 0.011246485473289597
0 0.70375 0.5477975632614808 0.11625 0.015932521087160263
0 0.758125 0.5196813495782568 0.01 0.013120899718837863
0 0.77125 0.46251171508903466 0.01625 0.01499531396438613
0 0.7475 0.4493908153701968 0.0125 0.014058106841611996
1 0.775625 0.46016869728209936 0.0775 0.04967197750702906
1 0.725625 0.4948453608247423 0.14625 0.09746954076850985
1 0.541875 0.6213683223992502 0.14125 0.08716026241799438
1 0.4725 0.555763823805061 0.0725 0.04311152764761012
1 0.4475 0.746954076850984 0.2125 0.12089971883786317
1 0.750625 0.7582005623242737 0.065 0.03748828491096532