0 0.1475 0.6077788191190253 0.11 0.08997188378631678
0 0.394375 0.5229615745079662 0.12125 0.10590440487347703
0 0.045625 0.6185567010309279 0.07125 0.07122774133083412
0 0.535625 0.34208059981255856 0.0975 0.07497656982193064
0 0.434375 0.2900656044985942 0.04875 0.06373008434864105
0 0.15875 0.21462043111527648 0.045 0.06747891283973759
0 0.77125 0.25585754451733833 0.045 0.05810684161199625
0 0.719375 0.8570759137769447 0.05625 0.03467666354264293
0 0.618125 0.38331771321462044 0.16375 0.08528584817244611
0 0.249375 0.6677600749765699 0.05875 0.03748828491096532
0 0.99 0.5918462980318651 0.02 0.023430178069353328
0 0.364375 0.38753514526710403 0.04875 0.07591377694470477
0 0.849375 0.6649484536082474 0.02 0.01499531396438613
0 0.654375 0.15979381443298968 0.165 0.1021555763823805
0 0.6775 0.5304592314901593 0.03 0.013120899718837863
0 0.0625 0.831302717900656 0.01625 0.013120899718837863
0 0.7425 0.204311152764761 0.0525 0.04592314901593252
0 0.233125 0.18275538894095594 0.09 0.06747891283973759
0 0.818125 0.09981255857544517 0.05375 0.04873477038425492
0 0.906875 0.07825679475164012 0.07875 0.05248359887535145
0 0.911875 0.471883786316776 0.17125 0.09184629803186505
0 0.340625 0.08013120899718838 0.095 0.031865042174320526
0 0.140625 0.3823805060918463 0.125 0.08809746954076851
0 0.760625 0.5037488284910965 0.02375 0.019681349578256794
0 0.019375 0.4029990627928772 0.03875 0.041237113402061855
0 0.395 0.5417057169634489 0.0475 0.033739456419868794
0 0.149375 0.6255857544517338 0.055 0.038425492033739454
0 0.03375 0.4943767572633552 0.05 0.02999062792877226
0 0.335 0.39737582005623245 0.03375 0.06747891283973759
0 0.080625 0.2839737582005623 0.06375 0.02530459231490159
0 0.076875 0.26382380506091846 0.06875 0.022492970946579195
0 0.846875 0.415651358950328 0.125 0.09559512652296158
0 0.916875 0.43486410496719774 0.025 0.00937207122774133
0 0.680625 0.5178069353327085 0.01875 0.016869728209934397
0 0.54125 0.5393626991565136 0.01125 0.014058106841611996
0 0.545625 0.5613870665417057 0.01375 0.014058106841611996
0 0.635 0.5529522024367385 0.12125 0.02999062792877226
0 0.564375 0.5759137769447048 0.11875 0.020618556701030927
0 0.674375 0.6415182755388941 0.235 0.038425492033739454
0 0.61625 0.6611996251171509 0.22875 0.02999062792877226
0 0.50625 0.6668228678537957 0.035 0.011246485473289597
0 0.473125 0.6574507966260543 0.0125 0.013120899718837863
0 0.608125 0.7422680412371134 0.015 0.013120899718837863
0 0.626875 0.7802249297094658 0.01875 0.01874414245548266
0 0.9 0.7694470477975632 0.02125 0.016869728209934397
0 0.809375 0.8092783505154639 0.01875 0.01499531396438613
0 0.590625 0.8298969072164949 0.0225 0.011246485473289597
0 0.565625 0.9489222118088098 0.015 0.013120899718837863
0 0.219375 0.9086223055295221 0.0175 0.013120899718837863
0 0.225 0.6911902530459232 0.01625 0.01218369259606373
0 0.30875 0.5712277413308341 0.11625 0.020618556701030927
0 0.249375 0.549671977507029 0.01125 0.013120899718837863
0 0.224375 0.4948453608247423 0.01625 0.01499531396438613
0 0.245 0.4793814432989691 0.01375 0.01499531396438613
1 0.219375 0.492970946579194 0.08 0.05248359887535145
1 0.275625 0.521087160262418 0.1525 0.10309278350515463
1 0.48375 0.6251171508903468 0.14625 0.09184629803186505
1 0.53875 0.5515463917525774 0.075 0.04592314901593252
1 0.603125 0.7375820056232427 0.21875 0.12839737582005623
1 0.30625 0.7844423617619494 0.0675 0.03936269915651359