0 0.500625 0.4236990154711674 0.16875 0.07665260196905767
0 0.821875 0.2609001406469761 0.19125 0.08227848101265822
0 0.38375 0.6610407876230661 0.06 0.03164556962025317
0 0.703125 0.12412095639943742 0.05625 0.035161744022503515
0 0.4225 0.3055555555555556 0.0675 0.05555555555555555
0 0.275 0.5344585091420534 0.1025 0.046413502109704644
0 0.393125 0.7844585091420534 0.06 0.03375527426160337
0 0.679375 0.21765119549929676 0.05625 0.03867791842475387
0 0.655625 0.3287623066104079 0.05375 0.034458509142053444
0 0.091875 0.36603375527426163 0.05875 0.04149085794655415
0 0.57375 0.3466947960618847 0.05375 0.029535864978902954
0 0.03625 0.4360056258790436 0.05875 0.04008438818565401
0 0.013125 0.5344585091420534 0.02625 0.05907172995780591
0 0.515 0.7021800281293952 0.05375 0.02812939521800281
0 0.9375 0.6343178621659634 0.08375 0.08860759493670886
0 0.84375 0.09142053445850915 0.0325 0.014767932489451477
0 0.8775 0.29711673699015473 0.03125 0.0189873417721519
0 0.83875 0.10478199718706048 0.0325 0.016877637130801686
0 0.5025 0.1962025316455696 0.03875 0.028832630098452883
0 0.08 0.2310126582278481 0.02625 0.030239099859353025
0 0.5925 0.4282700421940928 0.0325 0.01969057665260197
0 0.59 0.41174402250351616 0.0325 0.0189873417721519
0 0.54625 0.4658931082981716 0.03375 0.016877637130801686
0 0.475625 0.47644163150492264 0.03625 0.02109704641350211
0 0.588125 0.44479606188466947 0.0325 0.01828410689170183
0 0.518125 0.469760900140647 0.03 0.016877637130801686
0 0.44 0.6146272855133614 0.03 0.02109704641350211
0 0.570625 0.45675105485232065 0.03375 0.01828410689170183
0 0.103125 0.5569620253164557 0.02375 0.014767932489451477
0 0.00875 0.5559071729957806 0.0175 0.010548523206751054
0 0.2475 0.5650492264416315 0.02125 0.016877637130801686
0 0.248125 0.8305203938115331 0.04125 0.023206751054852322
0 0.179375 0.7573839662447257 0.02 0.013361462728551337
0 0.01625 0.7071026722925458 0.02875 0.016877637130801686
0 0.164375 0.26054852320675104 0.04875 0.02461322081575246
1 0.068125 0.3790436005625879 0.04875 0.03164556962025317
1 0.026875 0.42967651195499296 0.04625 0.07313642756680731
0 0.731875 0.5632911392405063 0.01125 0.005625879043600563
0 0.790625 0.4620253164556962 0.015 0.006329113924050633