0 0.504375 0.4236990154711674 0.16625 0.07454289732770746
0 0.193125 0.25492264416315047 0.18875 0.07876230661040788
0 0.60625 0.6631504922644164 0.0575 0.030942334739803096
0 0.32 0.12025316455696203 0.05375 0.034458509142053444
0 0.589375 0.3069620253164557 0.065 0.05485232067510549
0 0.7225 0.5386779184247539 0.1 0.0450070323488045
0 0.58875 0.7865682137834037 0.05875 0.03305203938115331
0 0.338125 0.21448663853727146 0.055 0.0379746835443038
0 0.355 0.32559774964838256 0.0525 0.03375527426160337
0 0.91625 0.37412095639943743 0.05625 0.040787623066104076
0 0.43625 0.34528832630098455 0.0525 0.028832630098452883
0 0.0075 0.32243319268635723 0.015 0.07665260196905767
0 0.9675 0.4451476793248945 0.05625 0.03938115330520394
0 0.985625 0.5436005625879043 0.02875 0.05907172995780591
0 0.4725 0.7018284106891702 0.0525 0.026722925457102673
0 0.054375 0.6258790436005626 0.07875 0.08790436005625879
0 0.181875 0.08473980309423347 0.03125 0.014767932489451477
0 0.135625 0.290084388185654 0.03125 0.0189873417721519
0 0.18625 0.09845288326300984 0.03125 0.016877637130801686
0 0.51625 0.1962025316455696 0.03625 0.028832630098452883
0 0.93625 0.2390998593530239 0.025 0.030239099859353025
0 0.411875 0.4265119549929676 0.03125 0.0189873417721519
0 0.415625 0.410337552742616 0.0325 0.0189873417721519
0 0.455625 0.4651898734177215 0.0325 0.016877637130801686
0 0.525625 0.4767932489451477 0.035 0.020393811533052038
0 0.415 0.4430379746835443 0.0325 0.01828410689170183
0 0.48375 0.4694092827004219 0.02875 0.01617440225035162
0 0.553125 0.6156821378340366 0.02875 0.02109704641350211
0 0.4325 0.45534458509142056 0.03375 0.01828410689170183
0 0.893125 0.5646976090014064 0.0225 0.014767932489451477
0 0.9875 0.5657524613220816 0.0175 0.009845288326300985
0 0.748125 0.569971870604782 0.02125 0.016877637130801686
0 0.73125 0.8350914205344585 0.04 0.02250351617440225
0 0.804375 0.7633614627285513 0.02 0.013361462728551337
0 0.970625 0.7165963431786216 0.0275 0.01617440225035162
0 0.85 0.2672292545710267 0.0475 0.02390998593530239
1 0.939375 0.38748241912798875 0.0475 0.030942334739803096
1 0.976875 0.4391701828410689 0.0425 0.07313642756680731
0 0.264375 0.5587201125175809 0.01125 0.005625879043600563
0 0.211875 0.45639943741209565 0.015 0.006329113924050633