0 0.534375 0.43868483412322273 0.14625 0.06635071090047394
0 0.4125 0.4890402843601896 0.1375 0.06575829383886256
0 0.5174375 0.09113151658767774 0.12012500000000002 0.06497037914691944
0 0.9135875 0.5870734597156398 0.07841250000000002 0.07229265402843607
0 0.101875 0.21445497630331753 0.16625 0.07168246445497631
0 0.8908375 0.5006338862559242 0.08792499999999989 0.07871445497630339
0 0.940625 0.3800355450236967 0.0725 0.03317535545023697
0 0.08875 0.49733412322274884 0.15375 0.04798578199052133
0 0.7227875 0.7507109004739336 0.033087500000000034 0.014573459715639756
0 0.8483375 0.3047808056872038 0.0354249999999999 0.019626777251184866
0 0.6490375 0.6566943127962085 0.04058750000000003 0.01481042654028436
0 0.70505 0.11404028436018958 0.05639999999999987 0.024721563981042666
0 0.9765625 0.28050947867298576 0.046875 0.030805687203791468
0 0.715 0.4431279620853081 0.0275 0.017180094786729858
0 0.695375 0.6899881516587678 0.035749999999999886 0.015758293838862507
0 0.7868375000000001 0.5411729857819905 0.015500000000000114 0.00963862559241705
0 0.2546625 0.22274881516587677 0.018162499999999967 0.030213270142180094
0 0.01625 0.41706161137440756 0.0325 0.045023696682464455
0 0.7233375 0.5420142180094787 0.0291749999999999 0.014318720379146962
0 0.8379625 0.3877665876777251 0.03400000000000006 0.013684834123222694
0 0.8133625000000001 0.5926125592417062 0.03205000000000013 0.011688388625592428
1 0.9795 0.4379028436018957 0.040999999999999946 0.030035545023696708
0 0.7853125 0.60510663507109 0.031875 0.013133886255924146
0 0.756625 0.618436018957346 0.033249999999999884 0.014318720379146962
0 0.17556249999999998 0.1647097156398104 0.013875000000000028 0.02966232227488153
0 0.8719875 0.6170912322274882 0.014562500000000114 0.008133886255924181
0 0.8259125 0.5128080568720379 0.01022500000000008 0.007144549763033143
0 0.8438125 0.4099170616113744 0.03517500000000012 0.013050947867298561
0 0.9974 0.4010545023696683 0.005187500000000114 0.006623222748815203
0 0.7955625000000001 0.34799170616113745 0.04710000000000008 0.025870853080568763
0 0.7714375 0.23022511848341232 0.049812499999999885 0.027719194312796187
0 0.7210375 0.3062440758293839 0.028237499999999898 0.06929502369668249
0 0.3250375 0.34285545023696684 0.023237500000000005 0.07469194312796204
0 0.28004999999999997 0.3723992890995261 0.022162500000000022 0.07469194312796204
0 0.5573125 0.5433767772511848 0.12460000000000009 0.02460900473933647
0 0.29985 0.6025888625592416 0.11377499999999997 0.009443127962085273
0 0.36326250000000004 0.6286611374407584 0.02596249999999998 0.005574644549762947
0 0.0868125 0.6313625592417061 0.04006249999999999 0.016113744075829276
0 0.0070999999999999995 0.5620023696682465 0.014199999999999999 0.030005924170616167
0 0.3551375 0.7237322274881517 0.05197500000000005 0.010236966824644669
0 0.6478499999999999 0.7089632701421801 0.05522500000000001 0.008447867298578328
0 0.6790125 0.7310485781990521 0.03625 0.013572274881516501
0 0.7142499999999999 0.522186018957346 0.03083750000000009 0.01664099526066346