0 0.525 0.4377962085308057 0.15625 0.07109004739336493
0 0.41125 0.49200236966824645 0.14625 0.06990521327014218
0 0.4575 0.09152843601895734 0.13 0.06872037914691943
0 0.925625 0.5731635071090048 0.08875 0.07464454976303317
0 0.074375 0.22808056872037916 0.14875 0.07701421800947868
0 0.89 0.4878554502369668 0.09875 0.0811611374407583
0 0.921875 0.3658175355450237 0.0775 0.035545023696682464
0 0.089375 0.5109597156398105 0.16 0.052725118483412325
0 0.759375 0.7425947867298578 0.035 0.015402843601895734
0 0.81875 0.2938388625592417 0.03875 0.020734597156398103
0 0.671875 0.6513625592417062 0.0425 0.015995260663507108
0 0.6475 0.10811611374407583 0.06 0.02665876777251185
0 0.943125 0.26540284360189575 0.05125 0.031990521327014215
0 0.70625 0.43601895734597157 0.03 0.017772511848341232
0 0.723125 0.6830568720379147 0.0375 0.017180094786729858
0 0.7925 0.5316943127962085 0.0175 0.010071090047393365
0 0.214375 0.23163507109004738 0.0225 0.030805687203791468
0 0.011875 0.4330568720379147 0.02375 0.0462085308056872
0 0.72875 0.5346563981042654 0.03125 0.015402843601895734
0 0.820625 0.3767772511848341 0.03625 0.01481042654028436
0 0.82625 0.5820497630331753 0.03375 0.012440758293838863
1 0.969375 0.42209715639810425 0.045 0.03139810426540284
0 0.8 0.5953791469194313 0.03375 0.014218009478672985
0 0.773125 0.6095971563981043 0.035 0.015402843601895734
0 0.126875 0.1762440758293839 0.01875 0.030213270142180094
0 0.888125 0.6045616113744076 0.01625 0.008886255924170616
0 0.826875 0.5020734597156398 0.01125 0.007701421800947867
0 0.83 0.398696682464455 0.0375 0.014218009478672985
0 0.981875 0.3847748815165877 0.00625 0.006516587677725118
0 0.7725 0.33856635071090047 0.05125 0.027251184834123223
0 0.73125 0.2218601895734597 0.05375 0.029028436018957347
0 0.691875 0.29946682464454977 0.03875 0.06990521327014218
0 0.3025 0.34893364928909953 0.03375 0.07523696682464455
0 0.261875 0.3800355450236967 0.0325 0.07523696682464455
0 0.56375 0.5414691943127962 0.1275 0.02843601895734597
0 0.315625 0.6090047393364929 0.115 0.013033175355450236
0 0.3825 0.6329976303317536 0.02625 0.006516587677725118
0 0.106875 0.644845971563981 0.0425 0.017180094786729858
0 0.0175 0.5781990521327014 0.01875 0.030213270142180094
0 0.388125 0.7280805687203792 0.05375 0.011848341232227487
0 0.678125 0.7034952606635071 0.05625 0.010071090047393365
0 0.7125 0.7245260663507109 0.03875 0.01481042654028436
0 0.716875 0.51510663507109 0.03375 0.017772511848341232