0 0.5475 0.44075829383886256 0.16 0.07345971563981042
0 0.415625 0.48489336492890994 0.15125 0.07227488151658767
0 0.6075 0.09419431279620853 0.13375 0.07049763033175356
0 0.891875 0.6072274881516587 0.09375 0.07582938388625593
0 0.166875 0.1963862559241706 0.18125 0.07938388625592417
0 0.88875 0.519845971563981 0.105 0.08234597156398105
0 0.961875 0.4022511848341232 0.07625 0.03672985781990521
0 0.091875 0.4768957345971564 0.16375 0.05509478672985782
0 0.66625 0.7603672985781991 0.03625 0.015995260663507108
0 0.889375 0.32316350710900477 0.04 0.02132701421800948
0 0.61375 0.6632109004739336 0.04375 0.016587677725118485
0 0.78875 0.12618483412322276 0.06125 0.027251184834123223
0 0.72625 0.4540876777251185 0.03125 0.018364928909952605
0 0.6525 0.6987559241706162 0.03875 0.017180094786729858
0 0.77625 0.5550947867298578 0.0175 0.010071090047393365
0 0.316875 0.21208530805687204 0.025 0.030805687203791468
0 0.0375 0.3936611374407583 0.0425 0.0462085308056872
0 0.713125 0.5527251184834123 0.0325 0.015402843601895734
0 0.860625 0.4052132701421801 0.03625 0.015402843601895734
0 0.79125 0.6075236966824644 0.035 0.013033175355450236
1 0.983125 0.46208530805687204 0.03375 0.031990521327014215
0 0.760625 0.6187796208530806 0.035 0.01481042654028436
0 0.729375 0.630627962085308 0.03625 0.015995260663507108
0 0.25125 0.1504739336492891 0.02 0.030213270142180094
0 0.844375 0.6347748815165877 0.01625 0.008886255924170616
0 0.82125 0.5290284360189573 0.01125 0.007701421800947867
0 0.861875 0.42742890995260663 0.0375 0.01481042654028436
0 0.8275 0.3634478672985782 0.0525 0.027843601895734597
0 0.829375 0.245260663507109 0.05625 0.030213270142180094
0 0.7625 0.3181279620853081 0.04375 0.07049763033175356
0 0.360625 0.3350118483412322 0.04 0.07523696682464455
0 0.309375 0.36226303317535546 0.03875 0.07523696682464455
0 0.5475 0.5459123222748815 0.12875 0.030805687203791468
0 0.278125 0.5921208530805687 0.115 0.01481042654028436
0 0.335625 0.621149289099526 0.0275 0.0071090047393364926
0 0.06 0.6101895734597157 0.04375 0.017772511848341232
0 0.003125 0.5373222748815166 0.00625 0.030805687203791468
0 0.306875 0.7153436018957346 0.05375 0.013033175355450236
0 0.60125 0.715047393364929 0.05625 0.011255924170616114
0 0.626875 0.7387440758293838 0.03875 0.015402843601895734
0 0.708125 0.5325829383886256 0.03375 0.018364928909952605