0 0.535 0.16588566073102157 0.1 0.07778819119025304
0 0.220625 0.3270852858481724 0.235 0.15463917525773196
0 0.139375 0.46719775070290537 0.07375 0.04779756326148079
0 0.14125 0.45032802249297094 0.055 0.02436738519212746
1 0.015 0.4746954076850984 0.03 0.04592314901593252
0 0.19875 0.5182755388940956 0.12125 0.08528584817244611
0 0.1875 0.5173383317713215 0.01875 0.01780693533270853
0 0.335625 0.4090909090909091 0.1225 0.07591377694470477
0 0.345 0.4029990627928772 0.0225 0.02155576382380506
0 0.2975 0.16073102155576383 0.02375 0.019681349578256794
0 0.14875 0.02577319587628866 0.02375 0.011246485473289597
1 0.008125 0.28537956888472354 0.01625 0.04592314901593252
1 0.4125 0.29381443298969073 0.08625 0.05248359887535145
0 0.736875 0.04217432052483599 0.03375 0.02436738519212746
0 0.951875 0.5520149953139644 0.09625 0.08809746954076851
0 0.721875 0.46954076850984067 0.1125 0.12558575445173384
0 0.34875 0.6166822867853796 0.17625 0.1246485473289597
1 0.504375 0.5660731021555764 0.055 0.022492970946579195
1 0.556875 0.5707591377694471 0.0825 0.059044048734770385
1 0.429375 0.42361761949390814 0.0625 0.03748828491096532
0 0.1 0.8200562324273665 0.04 0.02530459231490159