0 0.5734625 0.16965323336457358 0.09192499999999995 0.07220243673851923
0 0.241875 0.30927835051546393 0.22 0.14058106841611998
0 0.144825 0.4438331771321462 0.0684 0.04373008434864102
0 0.1484875 0.42713214620431117 0.05217499999999999 0.020965323336457363
1 0.016475 0.4429240862230553 0.03295 0.04412371134020623
0 0.197825 0.49855670103092786 0.1131125 0.07838800374882852
0 0.1864 0.4969165885660731 0.017237500000000027 0.016747891283973654
0 0.347075 0.3985660731021556 0.11476250000000005 0.06910965323336458
0 0.3569 0.3930084348641049 0.02048749999999998 0.020693533270852896
0 0.33785 0.1487535145267104 0.02168750000000003 0.01828491096532333
0 0.205 0.004686035613870665 0.0225 0.00937207122774133
0 0.010625 0.25960637300843487 0.02125 0.011246485473289597
1 0.020487500000000002 0.2532708528584817 0.040975000000000004 0.043833177132146184
1 0.4367375 0.28876288659793814 0.0814125 0.047432052483598885
0 0.7892 0.05944704779756326 0.03126249999999999 0.022689784442361756
0 0.950375 0.5822586691658856 0.09925000000000012 0.08208997188378624
0 0.7243125 0.484058106841612 0.09911249999999995 0.11993439550140583
0 0.3354625 0.6063542642924087 0.16338750000000005 0.1144985941893159
1 0.49665 0.5660918462980319 0.05265 0.019034676663542593
1 0.5487125 0.574386129334583 0.075925 0.05473289597000946
1 0.4382125 0.4192783505154639 0.05873750000000001 0.03358013120899723
0 0.064475 0.7927741330834114 0.037250000000000005 0.022492970946579195