0 0.50375 0.16494845360824742 0.10625 0.08247422680412371
0 0.205 0.34208059981255856 0.24625 0.16494845360824742
0 0.1375 0.48641049671977504 0.07625 0.05154639175257732
0 0.1375 0.4690721649484536 0.05625 0.02717900656044986
1 0.015625 0.5 0.03125 0.04779756326148079
0 0.20125 0.5342080599812559 0.1275 0.09090909090909091
0 0.189375 0.5337394564198688 0.02 0.01874414245548266
0 0.3275 0.4175257731958763 0.1275 0.08153701968134958
0 0.33625 0.41096532333645736 0.025 0.022492970946579195
0 0.26625 0.17197750702905343 0.025 0.020618556701030927
0 0.105 0.045454545454545456 0.02375 0.01218369259606373
1 0.39375 0.29896907216494845 0.09 0.056232427366447985
0 0.69375 0.030927835051546393 0.035 0.026241799437675725
0 0.951875 0.528116213683224 0.09625 0.09278350515463918
0 0.718125 0.457825679475164 0.1225 0.1302717900656045
0 0.359375 0.6241799437675727 0.185 0.13214620431115276
1 0.510625 0.5656044985941893 0.05625 0.02530459231490159
1 0.56375 0.5679475164011246 0.08625 0.06279287722586692
1 0.421875 0.42736644798500467 0.065 0.04029990627928772
0 0.130625 0.8402061855670103 0.04125 0.026241799437675725