0 0.53125 0.225398313027179 0.02625 0.028116213683223992
0 0.561875 0.24320524835988752 0.0175 0.01874414245548266
0 0.03875 0.27647610121836924 0.02 0.016869728209934397
0 0.31875 0.2755388940955951 0.025 0.016869728209934397
0 0.050625 0.29053420805998126 0.02125 0.01874414245548266
0 0.349375 0.3181818181818182 0.02875 0.01218369259606373
0 0.355 0.1949390815370197 0.0175 0.019681349578256794
0 0.05375 0.013120899718837863 0.02 0.026241799437675725
0 0.121875 0.20384254920337394 0.01 0.007497656982193065
0 0.665 0.5801312089971884 0.02875 0.022492970946579195
0 0.616875 0.6541705716963448 0.03125 0.02436738519212746
0 0.371875 0.344892221180881 0.035 0.02530459231490159
0 0.463125 0.5805998125585754 0.02 0.016869728209934397
0 0.564375 0.5454545454545454 0.03625 0.013120899718837863
0 0.3475 0.5431115276476102 0.01875 0.02530459231490159
0 0.36125 0.542642924086223 0.02125 0.028116213683223992
0 0.58 0.5524835988753515 0.02625 0.015932521087160263
0 0.425625 0.38191190253045926 0.03375 0.01499531396438613
0 0.4225 0.5773195876288659 0.02125 0.014058106841611996
0 0.479375 0.4611059044048735 0.02 0.016869728209934397
0 0.424375 0.3917525773195876 0.0325 0.014058106841611996
0 0.249375 0.5651358950328023 0.02125 0.015932521087160263
0 0.299375 0.4231490159325211 0.01875 0.01780693533270853
0 0.311875 0.443767572633552 0.015 0.010309278350515464
0 0.3475 0.32989690721649484 0.03625 0.013120899718837863
0 0.10625 0.42642924086223055 0.0275 0.014058106841611996
0 0.80625 0.732427366447985 0.03125 0.02436738519212746
0 0.720625 0.7919400187441424 0.01875 0.015932521087160263
0 0.9475 0.7497656982193065 0.0175 0.013120899718837863
0 0.329375 0.8711340206185567 0.0225 0.01780693533270853
0 0.595 0.8865979381443299 0.02 0.01874414245548266
0 0.4375 0.7722586691658857 0.02 0.01499531396438613
1 0.169375 0.3191190253045923 0.25125 0.2099343955014058
0 0.148125 0.8116213683223993 0.12375 0.06747891283973759
0 0.495625 0.10543580131208997 0.0825 0.06560449859418932
1 0.954375 0.5224929709465792 0.09125 0.15651358950328023
0 0.814375 0.5791940018744143 0.06875 0.04498594189315839
0 0.67375 0.7291471415182755 0.055 0.04498594189315839
1 0.188125 0.6785379568884724 0.3025 0.09372071227741331
0 0.61 0.5084348641049672 0.08125 0.059044048734770385
1 0.08125 0.6302717900656045 0.1625 0.07778819119025304
0 0.771875 0.604967197750703 0.0525 0.03467666354264293
0 0.83 0.20524835988753515 0.05875 0.030927835051546393
0 0.69375 0.4020618556701031 0.045 0.038425492033739454
0 0.750625 0.4381443298969072 0.04125 0.06091846298031865
0 0.719375 0.41002811621368324 0.03625 0.06091846298031865
0 0.776875 0.4442361761949391 0.04 0.059044048734770385
0 0.973125 0.24882849109653232 0.045 0.033739456419868794
0 0.953125 0.34114339268978444 0.04375 0.03280224929709466
0 0.605 0.25773195876288657 0.04 0.033739456419868794
0 0.63625 0.29475164011246485 0.0525 0.02436738519212746
0 0.995625 0.5084348641049672 0.00875 0.01218369259606373
1 0.963125 0.6373008434864105 0.055 0.056232427366447985
1 0.114375 0.7446110590440488 0.22875 0.08341143392689784
1 0.029375 0.4536082474226804 0.05875 0.1949390815370197
0 0.363125 0.08013120899718838 0.055 0.04498594189315839
0 0.565 0.5360824742268041 0.03 0.011246485473289597