0 0.511875 0.22446110590440488 0.025 0.02717900656044986
0 0.544375 0.2408622305529522 0.01625 0.01780693533270853
0 0.024375 0.2952202436738519 0.01875 0.015932521087160263
0 0.303125 0.28256794751640113 0.02375 0.015932521087160263
0 0.036875 0.3083411433926898 0.02 0.01780693533270853
0 0.336875 0.32427366447985007 0.02875 0.010309278350515464
0 0.33375 0.20103092783505155 0.01625 0.01874414245548266
0 0.020625 0.026241799437675725 0.0175 0.03561387066541706
0 0.10125 0.21930646672914714 0.01 0.006560449859418931
0 0.67 0.5735707591377694 0.0275 0.02155576382380506
0 0.626875 0.6494845360824743 0.02875 0.022492970946579195
0 0.36125 0.3500468603561387 0.0325 0.023430178069353328
0 0.46875 0.5820056232427366 0.01875 0.015932521087160263
0 0.5675 0.542642924086223 0.035 0.011246485473289597
0 0.350625 0.549203373945642 0.01625 0.02436738519212746
0 0.364375 0.5477975632614808 0.02 0.02717900656044986
0 0.58375 0.549203373945642 0.025 0.01499531396438613
0 0.4175 0.3851921274601687 0.0325 0.013120899718837863
0 0.428125 0.5801312089971884 0.02 0.013120899718837863
0 0.47625 0.4620431115276476 0.01875 0.015932521087160263
0 0.416875 0.3950328022492971 0.03125 0.01218369259606373
0 0.254375 0.5749765698219307 0.02 0.01499531396438613
0 0.294375 0.4311152764761012 0.0175 0.016869728209934397
0 0.308125 0.45126522961574506 0.01375 0.00937207122774133
0 0.33625 0.33598875351452673 0.035 0.011246485473289597
0 0.101875 0.44189315838800375 0.02625 0.013120899718837863
0 0.821875 0.7202436738519212 0.02875 0.022492970946579195
0 0.74125 0.7830365510777882 0.0175 0.01499531396438613
0 0.96375 0.7319587628865979 0.01625 0.01218369259606373
0 0.355 0.8772258669165885 0.02125 0.016869728209934397
0 0.621875 0.8823805060918463 0.01875 0.01780693533270853
0 0.456875 0.7741330834114339 0.01875 0.01499531396438613
1 0.156875 0.3322399250234302 0.23875 0.20056232427366447
0 0.170625 0.8252108716026242 0.12 0.06373008434864105
0 0.468125 0.10637300843486411 0.07875 0.06279287722586692
1 0.9575 0.5051546391752577 0.085 0.15370196813495782
0 0.82 0.5665417057169635 0.06625 0.04217432052483599
0 0.689375 0.7216494845360825 0.0525 0.04311152764761012
1 0.20125 0.6907216494845361 0.2975 0.08247422680412371
0 0.610625 0.5042174320524836 0.0775 0.056232427366447985
1 0.084375 0.6466729147141518 0.16875 0.07122774133083412
0 0.779375 0.5941893158388004 0.05125 0.03280224929709466
0 0.80875 0.19259606373008434 0.0575 0.028116213683223992
0 0.686875 0.39456419868791004 0.0425 0.03748828491096532
0 0.74625 0.42830365510777885 0.0375 0.059044048734770385
0 0.713125 0.40159325210871605 0.0325 0.059044048734770385
0 0.773125 0.43345829428303656 0.03625 0.05716963448922212
0 0.955 0.2310215557638238 0.0425 0.031865042174320526
0 0.941875 0.3233364573570759 0.04125 0.030927835051546393
0 0.588125 0.2539831302717901 0.0375 0.03280224929709466
0 0.62125 0.28959700093720714 0.05125 0.022492970946579195
0 0.995625 0.48922211808809746 0.00875 0.011246485473289597
1 0.9725 0.6185567010309279 0.05125 0.05435801312089972
1 0.121875 0.7591377694470478 0.24375 0.07310215557638237
1 0.024375 0.47282099343955014 0.04875 0.19400187441424555
0 0.33375 0.08575445173383317 0.0525 0.04311152764761012
0 0.5675 0.5337394564198688 0.02875 0.010309278350515464