0 0.3675 0.2933458294283037 0.0425 0.02717900656044986
0 0.4675 0.32286785379568883 0.015 0.00937207122774133
0 0.32375 0.27928772258669166 0.0325 0.026241799437675725
0 0.2675 0.30178069353327086 0.0175 0.010309278350515464
0 0.22625 0.2849109653233365 0.00875 0.007497656982193065
0 0.225 0.29568884723523897 0.00875 0.008434864104967198
0 0.9775 0.44798500468603564 0.03875 0.028116213683223992
0 0.938125 0.6654170571696345 0.03375 0.020618556701030927
0 0.91625 0.3950328022492971 0.06125 0.01874414245548266
0 0.985625 0.5402999062792877 0.02625 0.03936269915651359
0 0.92375 0.6073102155576382 0.03375 0.02436738519212746
0 0.97875 0.6302717900656045 0.02125 0.04498594189315839
0 0.809375 0.351921274601687 0.01625 0.01499531396438613
0 0.371875 0.4554826616682287 0.02875 0.02436738519212746
0 0.38625 0.4709465791940019 0.03125 0.02530459231490159
0 0.350625 0.5014058106841612 0.01875 0.013120899718837863
0 0.358125 0.647610121836926 0.035 0.01780693533270853
0 0.576875 0.36082474226804123 0.02 0.010309278350515464
0 0.361875 0.34114339268978444 0.01625 0.00937207122774133
0 0.541875 0.34910965323336457 0.0175 0.008434864104967198
0 0.368125 0.351921274601687 0.01625 0.00937207122774133
0 0.378125 0.33270852858481725 0.015 0.008434864104967198
0 0.463125 0.5866916588566073 0.0175 0.01218369259606373
0 0.44875 0.5941893158388004 0.02125 0.015932521087160263
0 0.64 0.34208059981255856 0.01375 0.008434864104967198
0 0.660625 0.34536082474226804 0.01625 0.006560449859418931
0 0.095 0.39971883786316775 0.04 0.029053420805998126
0 0.228125 0.35098406747891286 0.01875 0.01780693533270853
0 0.285 0.577788191190253 0.035 0.02436738519212746
0 0.241875 0.45032802249297094 0.02125 0.01874414245548266
0 0.305 0.38940955951265227 0.01875 0.01874414245548266
0 0.244375 0.42924086223055297 0.02125 0.01780693533270853
0 0.15375 0.6377694470477976 0.01625 0.010309278350515464
0 0.071875 0.4250234301780694 0.0325 0.02530459231490159
0 0.299375 0.5721649484536082 0.01875 0.014058106841611996
0 0.941875 0.7057169634489222 0.03125 0.019681349578256794
0 0.87 0.7488284910965324 0.02625 0.01874414245548266
0 0.17125 0.6822867853795689 0.01625 0.010309278350515464
0 0.088125 0.7061855670103093 0.02125 0.00937207122774133
0 0.215625 0.7521087160262419 0.02125 0.00937207122774133
1 0.764375 0.48500468603561386 0.10375 0.07310215557638237
1 0.704375 0.42642924086223055 0.0975 0.07310215557638237
0 0.316875 0.7338331771321462 0.07 0.05060918462980318
0 0.859375 0.44189315838800375 0.095 0.05529522024367385
0 0.638125 0.45595126522961577 0.06875 0.05998125585754452
1 0.681875 0.6565135895032802 0.15 0.1358950328022493
0 0.535625 0.4943767572633552 0.06375 0.041237113402061855
0 0.150625 0.4943767572633552 0.06375 0.061855670103092786
0 0.4925 0.5234301780693533 0.05875 0.04311152764761012
0 0.195 0.5384254920337395 0.075 0.07591377694470477
1 0.68625 0.5721649484536082 0.15375 0.10684161199625117
0 0.45875 0.7417994376757263 0.045 0.03748828491096532
0 0.815 0.7300843486410497 0.055 0.03655107778819119
0 0.414375 0.4245548266166823 0.06375 0.059044048734770385
0 0.87375 0.6349578256794751 0.075 0.044048734770384255
0 0.2225 0.6002811621368322 0.06125 0.04217432052483599
1 0.419375 0.3125585754451734 0.065 0.033739456419868794
0 0.98375 0.5 0.0325 0.04592314901593252
0 0.904375 0.5309278350515464 0.04875 0.03467666354264293
0 0.574375 0.33692596063730085 0.01125 0.005623242736644799
0 0.615 0.3402061855670103 0.01375 0.007497656982193065
0 0.6825 0.34208059981255856 0.01625 0.013120899718837863
0 0.71375 0.34114339268978444 0.015 0.011246485473289597
0 0.160625 0.5299906279287723 0.01875 0.015932521087160263
0 0.03125 0.5178069353327085 0.01875 0.05248359887535145
0 0.01 0.60543580131209 0.01375 0.01780693533270853