0 0.313125 0.31865042174320524 0.0425 0.028116213683223992
0 0.41875 0.33177132146204313 0.015 0.00937207122774133
0 0.26625 0.31162136832239923 0.03375 0.02717900656044986
0 0.218125 0.3425492033739456 0.0175 0.011246485473289597
0 0.1725 0.3322399250234302 0.00875 0.008434864104967198
0 0.174375 0.3430178069353327 0.00875 0.00937207122774133
0 0.9525 0.37488284910965325 0.04 0.029053420805998126
0 0.974375 0.5937207122774133 0.03375 0.02155576382380506
0 0.878125 0.33270852858481725 0.0625 0.020618556701030927
0 0.985625 0.4639175257731959 0.02875 0.03936269915651359
0 0.94375 0.5388940955951266 0.035 0.02530459231490159
0 0.99625 0.5529522024367385 0.0075 0.04498594189315839
0 0.761875 0.3069353327085286 0.0175 0.01499531396438613
0 0.361875 0.4765698219306467 0.03 0.02436738519212746
0 0.380625 0.48922211808809746 0.0325 0.026241799437675725
0 0.354375 0.5248359887535146 0.01875 0.014058106841611996
0 0.401875 0.6668228678537957 0.03625 0.01874414245548266
0 0.536875 0.3514526710402999 0.02 0.011246485473289597
0 0.320625 0.36644798500468606 0.01625 0.00937207122774133
0 0.499375 0.3458294283036551 0.0175 0.00937207122774133
0 0.33 0.37582005623242737 0.01625 0.00937207122774133
0 0.334375 0.35520149953139646 0.015 0.008434864104967198
0 0.4875 0.5904404873477038 0.0175 0.01218369259606373
0 0.47625 0.5998125585754451 0.0225 0.016869728209934397
0 0.593125 0.3233364573570759 0.01375 0.00937207122774133
0 0.614375 0.323805060918463 0.0175 0.007497656982193065
0 0.07625 0.46485473289597 0.04125 0.029053420805998126
0 0.1925 0.3964386129334583 0.01875 0.01780693533270853
0 0.31125 0.6096532333645736 0.03625 0.02530459231490159
0 0.23375 0.4915651358950328 0.02125 0.019681349578256794
0 0.27875 0.42221180880974696 0.01875 0.01874414245548266
0 0.23 0.4704779756326148 0.02125 0.01874414245548266
0 0.199375 0.6888472352389878 0.01625 0.010309278350515464
0 0.060625 0.49343955014058105 0.03375 0.026241799437675725
0 0.32375 0.6016869728209935 0.02 0.01499531396438613
0 0.986875 0.6326148078725399 0.02625 0.020618556701030927
0 0.930625 0.6855670103092784 0.0275 0.01874414245548266
0 0.22875 0.7291471415182755 0.01625 0.010309278350515464
0 0.154375 0.7661668228678538 0.02125 0.010309278350515464
0 0.291875 0.7910028116213683 0.02125 0.010309278350515464
1 0.754375 0.443767572633552 0.10625 0.07591377694470477
1 0.679375 0.3959700093720712 0.1 0.07497656982193064
0 0.38625 0.7572633552014996 0.0725 0.05248359887535145
0 0.835625 0.38706654170571697 0.0975 0.05716963448922212
0 0.623125 0.4353327085285848 0.07125 0.061855670103092786
1 0.72125 0.6246485473289597 0.15625 0.1387066541705717
0 0.53375 0.4887535145267104 0.06625 0.04311152764761012
0 0.156875 0.549203373945642 0.06625 0.06279287722586692
0 0.49875 0.5243673851921274 0.06125 0.044048734770384255
0 0.2125 0.584817244611059 0.0775 0.07778819119025304
1 0.701875 0.5412371134020618 0.1575 0.10965323336457357
0 0.526875 0.7432052483598875 0.04625 0.038425492033739454
0 0.871875 0.6757263355201499 0.05625 0.038425492033739454
0 0.395625 0.4395501405810684 0.06625 0.05998125585754452
0 0.903125 0.5740393626991566 0.0775 0.04592314901593252
0 0.25625 0.6415182755388941 0.06375 0.04311152764761012
1 0.369375 0.3294283036551078 0.06625 0.03561387066541706
0 0.975625 0.4240862230552952 0.03875 0.046860356138706656
0 0.90375 0.46719775070290537 0.05 0.03561387066541706
0 0.5275 0.3289597000937207 0.01125 0.005623242736644799
0 0.568125 0.32567947516401125 0.01375 0.007497656982193065
0 0.635 0.31724461105904406 0.0175 0.013120899718837863
0 0.665 0.31115276476101217 0.01625 0.011246485473289597
0 0.17625 0.5824742268041238 0.02 0.015932521087160263
0 0.04625 0.5904404873477038 0.02125 0.05248359887535145
0 0.05 0.6794751640112465 0.01375 0.01780693533270853
0 0.051875 0.7432052483598875 0.0125 0.011246485473289597