0 0.49 0.48828491096532334 0.125 0.09746954076850985
0 0.46875 0.3514526710402999 0.10875 0.07966260543580131
0 0.715 0.7291471415182755 0.0875 0.06091846298031865
0 0.624375 0.48078725398313027 0.1225 0.08247422680412371
0 0.809375 0.4639175257731959 0.0975 0.08247422680412371
0 0.76625 0.8701968134957826 0.08125 0.056232427366447985
0 0.07 0.5440487347703843 0.14 0.09465791940018745
0 0.860625 0.6710402999062793 0.0875 0.061855670103092786
0 0.0675 0.35754451733833176 0.11 0.1021555763823805
0 0.763125 0.7628865979381443 0.055 0.03748828491096532
0 0.773125 0.42221180880974696 0.0775 0.053420805998125584
0 0.675 0.8739456419868791 0.05625 0.03936269915651359
0 0.673125 0.5370196813495782 0.06625 0.05154639175257732
0 0.255625 0.37488284910965325 0.13 0.05998125585754452
1 0.023125 0.43908153701968133 0.04125 0.04967197750702906
0 0.265625 0.4845360824742268 0.07375 0.029053420805998126
0 0.811875 0.7553889409559512 0.04375 0.029053420805998126
0 0.28625 0.7277413308341143 0.045 0.03280224929709466
0 0.82 0.6105904404873477 0.04875 0.038425492033739454
0 0.12375 0.4320524835988753 0.09875 0.031865042174320526
0 0.625 0.782099343955014 0.0475 0.03936269915651359
0 0.91125 0.4250234301780694 0.06375 0.02999062792877226
0 0.356875 0.3950328022492971 0.08875 0.09184629803186505
0 0.310625 0.44283036551077787 0.11125 0.029053420805998126
0 0.119375 0.20899718837863168 0.06 0.029053420805998126
0 0.03 0.7029053420805998 0.06 0.05998125585754452
0 0.13375 0.19868791002811623 0.0825 0.02717900656044986
0 0.973125 0.5923149015932521 0.03875 0.046860356138706656
0 0.47625 0.18791002811621368 0.08125 0.026241799437675725
0 0.348125 0.19540768509840675 0.0425 0.023430178069353328
0 0.25125 0.23055295220243674 0.04125 0.023430178069353328
0 0.066875 0.14948453608247422 0.02875 0.022492970946579195
0 0.4075 0.246485473289597 0.02625 0.016869728209934397
0 0.420625 0.2774133083411434 0.02625 0.015932521087160263
0 0.396875 0.22727272727272727 0.02375 0.015932521087160263
0 0.631875 0.18416119962511715 0.0175 0.01499531396438613
0 0.95375 0.3219306466729147 0.03375 0.02436738519212746
0 0.896875 0.32567947516401125 0.03125 0.015932521087160263
0 0.8975 0.3139643861293346 0.03 0.014058106841611996
0 0.30125 0.5791940018744143 0.02125 0.02155576382380506
0 0.255625 0.3294283036551078 0.025 0.01780693533270853
0 0.39125 0.5965323336457357 0.03 0.016869728209934397
0 0.370625 0.5103092783505154 0.0225 0.013120899718837863
0 0.83625 0.43064667291471415 0.02875 0.023430178069353328
0 0.36875 0.8289597000937207 0.0325 0.02436738519212746
0 0.478125 0.19821930646672914 0.0525 0.01780693533270853
0 0.278125 0.4175257731958763 0.02 0.013120899718837863
1 0.053125 0.4835988753514527 0.10625 0.12558575445173384
0 0.92625 0.8992502343017807 0.02875 0.026241799437675725
0 0.710625 0.6438612933458294 0.0475 0.03936269915651359
0 0.9675 0.6569821930646673 0.02375 0.016869728209934397
0 0.99375 0.5360824742268041 0.0125 0.02436738519212746
0 0.48375 0.5 0.02 0.01499531396438613
0 0.986875 0.281630740393627 0.02625 0.019681349578256794