0 0.48625 0.4906279287722587 0.12625 0.09840674789128398
0 0.41875 0.3622305529522024 0.11 0.08059981255857544
0 0.786875 0.6794751640112465 0.0875 0.061855670103092786
0 0.61375 0.45735707591377694 0.12375 0.08434864104967198
0 0.78625 0.40487347703842547 0.09875 0.08341143392689784
0 0.885 0.8059981255857545 0.0825 0.05716963448922212
0 0.0925 0.6279287722586692 0.15875 0.09653233364573571
0 0.9075 0.5951265229615745 0.08875 0.06279287722586692
0 0.044375 0.44611059044048734 0.08875 0.10309278350515463
0 0.845 0.7029053420805998 0.055 0.03748828491096532
0 0.7375 0.37207122774133083 0.07875 0.05435801312089972
0 0.798125 0.8270852858481724 0.0575 0.03936269915651359
0 0.68 0.5023430178069354 0.0675 0.05248359887535145
0 0.220625 0.42642924086223055 0.13125 0.061855670103092786
1 0.02 0.5332708528584817 0.04 0.05060918462980318
0 0.268125 0.5304592314901593 0.07375 0.02999062792877226
0 0.889375 0.6860356138706654 0.04375 0.029053420805998126
0 0.3725 0.7614807872539832 0.045 0.03280224929709466
0 0.8475 0.5449859418931584 0.05 0.03936269915651359
0 0.113125 0.5074976569821931 0.09875 0.03280224929709466
0 0.718125 0.7483598875351453 0.04875 0.03936269915651359
0 0.871875 0.3477038425492034 0.06375 0.02999062792877226
0 0.325625 0.42642924086223055 0.09125 0.09278350515463918
0 0.2975 0.48125585754451733 0.11125 0.030927835051546393
0 0.031875 0.2924086223055295 0.06 0.029053420805998126
0 0.096875 0.7910028116213683 0.1025 0.06091846298031865
0 0.041875 0.2802249297094658 0.0825 0.028116213683223992
0 0.984375 0.49765698219306465 0.03125 0.046860356138706656
0 0.369375 0.20337394564198688 0.0825 0.02717900656044986
0 0.248125 0.2352389878163074 0.04375 0.023430178069353328
0 0.166875 0.2881911902530459 0.0425 0.023430178069353328
0 0.323125 0.27319587628865977 0.02625 0.016869728209934397
0 0.346875 0.3003748828491096 0.02625 0.015932521087160263
0 0.30625 0.2563261480787254 0.02375 0.015932521087160263
0 0.518125 0.1696344892221181 0.01875 0.015932521087160263
0 0.876875 0.23992502343017807 0.03375 0.02436738519212746
0 0.823125 0.25445173383317715 0.03125 0.015932521087160263
0 0.82 0.24320524835988752 0.03 0.014058106841611996
0 0.335625 0.6148078725398313 0.0225 0.02155576382380506
0 0.205625 0.3823805060918463 0.025 0.01780693533270853
0 0.428125 0.6143392689784443 0.03 0.016869728209934397
0 0.37875 0.53514526710403 0.02375 0.013120899718837863
0 0.800625 0.36785379568884724 0.02875 0.02436738519212746
0 0.486875 0.8430178069353327 0.0325 0.02436738519212746
0 0.375 0.21274601686972822 0.0525 0.01780693533270853
0 0.2575 0.46344892221180883 0.02125 0.014058106841611996
1 0.05875 0.5726335520149953 0.1175 0.1274601686972821
0 0.753125 0.5979381443298969 0.04875 0.03936269915651359
0 0.996875 0.5604498594189316 0.00625 0.016869728209934397
0 0.989375 0.43908153701968133 0.0125 0.02436738519212746
0 0.484375 0.5032802249297095 0.02125 0.015932521087160263
0 0.901875 0.19306466729147143 0.04 0.020618556701030927