0 0.50125 0.12371134020618557 0.04 0.028116213683223992
0 0.210625 0.09325210871602624 0.03625 0.02530459231490159
0 0.99375 0.4536082474226804 0.0125 0.03936269915651359
0 0.46125 0.338331771321462 0.0275 0.019681349578256794
0 0.376875 0.41940018744142454 0.03125 0.04592314901593252
0 0.45625 0.4803186504217432 0.03875 0.02530459231490159
0 0.09375 0.506560449859419 0.0275 0.01874414245548266
0 0.5275 0.7525773195876289 0.0275 0.01874414245548266
0 0.1925 0.7352389878163074 0.0425 0.029053420805998126
1 0.461875 0.6298031865042174 0.27875 0.19962511715089035
1 0.635 0.49625117150890347 0.29375 0.20618556701030927
0 0.679375 0.725398313027179 0.08625 0.08434864104967198
1 0.125 0.4001874414245548 0.125 0.09653233364573571
1 0.46 0.28256794751640113 0.12125 0.08809746954076851
0 0.743125 0.07450796626054358 0.07375 0.059044048734770385
1 0.72375 0.37582005623242737 0.135 0.09746954076850985
0 0.869375 0.29615745079662603 0.045 0.03467666354264293
0 0.95875 0.6804123711340206 0.0475 0.041237113402061855
0 0.35125 0.1330834114339269 0.09125 0.04873477038425492
0 0.958125 0.5173383317713215 0.0425 0.04029990627928772
0 0.911875 0.5196813495782568 0.05375 0.031865042174320526
0 0.916875 0.4831302717900656 0.045 0.03936269915651359
0 0.955 0.48500468603561386 0.045 0.030927835051546393
0 0.551875 0.22633552014995315 0.07125 0.05998125585754452
0 0.17375 0.24976569821930647 0.05125 0.04311152764761012
0 0.219375 0.6940018744142455 0.04625 0.02999062792877226
0 0.89375 0.21743205248359887 0.0475 0.033739456419868794
0 0.67 0.5585754451733833 0.055 0.06841611996251172
1 0.386875 0.2521087160262418 0.1775 0.14526710402999063
0 0.8325 0.09559512652296158 0.0475 0.03561387066541706
1 0.613125 0.08341143392689784 0.09 0.059044048734770385
1 0.3275 0.26288659793814434 0.0425 0.03280224929709466
0 0.3525 0.23851921274601687 0.025 0.015932521087160263
0 0.456875 0.3125585754451734 0.01 0.014058106841611996
0 0.113125 0.450796626054358 0.0325 0.02530459231490159
0 0.575 0.49625117150890347 0.0225 0.019681349578256794
0 0.573125 0.457825679475164 0.01375 0.008434864104967198
0 0.671875 0.4751640112464855 0.02625 0.01499531396438613
0 0.6425 0.4175257731958763 0.04125 0.01874414245548266
0 0.7775 0.6068416119962512 0.03875 0.03280224929709466
0 0.949375 0.7769447047797563 0.04375 0.03280224929709466
0 0.3375 0.8008434864104967 0.03375 0.02436738519212746
0 0.484375 0.92970946579194 0.04125 0.03280224929709466
0 0.860625 0.9006560449859419 0.0425 0.029053420805998126
0 0.00375 0.5618556701030928 0.0075 0.029053420805998126
0 0.01 0.5712277413308341 0.02 0.015932521087160263