0 0.4725 0.12417994376757263 0.04125 0.029053420805998126
0 0.760625 0.08247422680412371 0.0375 0.02717900656044986
0 0.005625 0.47282099343955014 0.01125 0.04029990627928772
0 0.5275 0.33692596063730085 0.0275 0.020618556701030927
0 0.6175 0.4147141518275539 0.03375 0.04592314901593252
0 0.541875 0.4784442361761949 0.04 0.02717900656044986
0 0.905625 0.4906279287722587 0.02875 0.019681349578256794
0 0.49 0.753045923149016 0.02875 0.019681349578256794
0 0.823125 0.7230552952202437 0.045 0.02999062792877226
1 0.5475 0.6279287722586692 0.29 0.20899718837863168
1 0.365 0.5014058106841612 0.305 0.2155576382380506
0 0.33625 0.7319587628865979 0.09125 0.08716026241799438
1 0.8675 0.3851921274601687 0.13 0.10028116213683223
1 0.524375 0.28116213683223995 0.12625 0.09184629803186505
0 0.2275 0.08481724461105905 0.0775 0.061855670103092786
1 0.2675 0.3847235238987816 0.14 0.1021555763823805
0 0.116875 0.3106841611996251 0.04625 0.03561387066541706
0 0.054375 0.6982193064667291 0.05 0.04217432052483599
0 0.6225 0.12792877225866917 0.09375 0.05154639175257732
0 0.04375 0.53514526710403 0.045 0.041237113402061855
0 0.09 0.5356138706654171 0.055 0.033739456419868794
0 0.0825 0.49953139643861294 0.0475 0.04029990627928772
0 0.045 0.5028116213683224 0.0475 0.031865042174320526
0 0.42875 0.22867853795688847 0.075 0.06279287722586692
0 0.80875 0.23758200562324275 0.05375 0.04498594189315839
0 0.79375 0.682755388940956 0.04875 0.031865042174320526
0 0.086875 0.23289597000937207 0.04875 0.03561387066541706
0 0.334375 0.5651358950328023 0.05875 0.07029053420805999
1 0.595625 0.24835988753514526 0.18625 0.15089034676663543
0 0.139375 0.10918462980318651 0.05 0.03748828491096532
1 0.358125 0.08856607310215557 0.09375 0.061855670103092786
1 0.655625 0.2563261480787254 0.04375 0.03467666354264293
0 0.62875 0.23289597000937207 0.02625 0.016869728209934397
0 0.53 0.3106841611996251 0.01125 0.01499531396438613
0 0.883125 0.43580131208997186 0.03375 0.026241799437675725
0 0.424375 0.49953139643861294 0.02375 0.020618556701030927
0 0.42375 0.4606373008434864 0.01375 0.008434864104967198
0 0.326875 0.4817244611059044 0.0275 0.015932521087160263
0 0.351875 0.4231490159325211 0.04125 0.020618556701030927
0 0.230625 0.6176194939081537 0.04125 0.03467666354264293
0 0.070625 0.7942830365510778 0.04625 0.033739456419868794
0 0.683125 0.7942830365510778 0.035 0.02530459231490159
0 0.545625 0.9283036551077788 0.04375 0.033739456419868794
0 0.1675 0.9142455482661668 0.04375 0.02999062792877226
0 0.996875 0.5417057169634489 0.00625 0.02999062792877226
0 0.991875 0.5520149953139644 0.01625 0.016869728209934397