0 0.013125 0.17010309278350516 0.02625 0.03655107778819119
0 0.5425 0.12511715089034678 0.0375 0.02530459231490159
0 0.835625 0.11387066541705718 0.03375 0.023430178069353328
0 0.00875 0.42127460168697284 0.0175 0.038425492033739454
0 0.5575 0.3416119962511715 0.025 0.01780693533270853
0 0.631875 0.42783505154639173 0.02625 0.044048734770384255
0 0.545625 0.4831302717900656 0.03625 0.023430178069353328
0 0.90365 0.5331115276476102 0.02625 0.016869728209934397
0 0.443125 0.7497656982193065 0.02625 0.016869728209934397
0 0.77875 0.7544517338331771 0.04 0.026241799437675725
1 0.523125 0.6316776007497656 0.25875 0.1836925960637301
1 0.36625 0.4873477038425492 0.2725 0.1893158388003749
0 0.295 0.7127460168697282 0.0775 0.07966260543580131
1 0.885 0.42482661668228683 0.115 0.08942830365510775
1 0.565 0.2858481724461106 0.1125 0.08059981255857544
0 0.3075 0.060449859418931585 0.0675 0.05529522024367385
1 0.29125 0.36176194939081535 0.125 0.08997188378631678
0 0.155625 0.2727272727272727 0.04125 0.031865042174320526
0 0.021875 0.6499531396438613 0.04375 0.038425492033739454
0 0.690625 0.14432989690721648 0.08625 0.04311152764761012
0 0.041875 0.4873477038425492 0.03875 0.03748828491096532
0 0.0875 0.49250234301780693 0.05 0.029053420805998126
0 0.086875 0.45595126522961577 0.04125 0.03655107778819119
0 0.04875 0.4554826616682287 0.0425 0.028116213683223992
0 0.48 0.22399250234301782 0.065 0.056232427366447985
0 0.854375 0.27225866916588565 0.04625 0.04029990627928772
0 0.756875 0.711808809746954 0.04375 0.02717900656044986
0 0.140625 0.19259606373008434 0.04375 0.030927835051546393
0 0.32375 0.5473289597000938 0.0475 0.06560449859418932
1 0.64125 0.260543580131209 0.1625 0.13495782567947517
0 0.215625 0.07544517338331772 0.04375 0.03280224929709466
1 0.4357875 0.07760074976569821 0.08409999999999997 0.05402999062792878
1 0.6991375 0.27489222118088097 0.03901250000000005 0.03050609184629799
0 0.6772624999999999 0.2489315838800375 0.023400000000000035 0.01448922211808813
0 0.5648 0.31587628865979384 0.008824999999999932 0.013983130271790028
0 0.8910125 0.4763355201499531 0.030137499999999876 0.023505154639175244
0 0.4255 0.4915651358950328 0.020787499999999993 0.018809746954076792
0 0.43200000000000005 0.4531208997188379 0.012974999999999993 0.007357075913776966
0 0.33177500000000004 0.4640487347703842 0.024962500000000033 0.013598875351452662
0 0.3674375 0.40842549203373946 0.039087499999999976 0.016429240862230528
0 0.211225 0.5881911902530459 0.03589999999999996 0.03076850984067472
0 0.02035 0.746701030927835 0.0407 0.029971883786316794
0 0.627025 0.8105342080599813 0.031212500000000035 0.022558575445173323
0 0.975375 0.8400187441424555 0.022862499999999956 0.012033739456419792
0 0.4656 0.9290253045923149 0.038499999999999944 0.029971883786316794
0 0.0940625 0.8753420805998126 0.039025 0.02644798500468606
0 0.99205 0.5941518275538894 0.015900000000000036 0.02823805060918473
0 0.98075 0.602970946579194 0.01905000000000001 0.014592314901593193