1 0.193125 0.5343367826904986 0.13875 0.08654750705550329
0 0.311875 0.5310442144873001 0.09875 0.07808090310442145
0 0.68 0.5649106302916275 0.07 0.05738476011288805
1 0.600625 0.5446848541862653 0.1475 0.11571025399811853
0 0.124375 0.2050799623706491 0.0425 0.03198494825964252
0 0.4875 0.2671683913452493 0.0725 0.04421448730009407
0 0.425625 0.5888993414863594 0.0975 0.06773283160865474
0 0.32625 0.4336782690498589 0.0825 0.07525870178739416
1 0.636875 0.47883349012229537 0.12625 0.08278457196613359
0 0.82625 0.3381937911571025 0.09875 0.07808090310442145
0 0.551875 0.4783631232361242 0.06375 0.047036688617121354
0 0.290625 0.2648165569143932 0.07125 0.06491063029162747
1 0.689375 0.6547507055503292 0.13875 0.09313264346190028
1 0.203125 0.6011288805268109 0.11375 0.08560677328316087
0 0.389375 0.7003762935089369 0.06875 0.04797742238946378
1 0.40625 0.42568203198494825 0.16375 0.17121354656632173
0 0.59125 0.6157102539981185 0.1075 0.0658513640639699
1 0.43125 0.5216368767638758 0.22875 0.1251175917215428
0 0.870625 0.59689557855127 0.06125 0.060206961429915336
0 0.86875 0.6980244590780809 0.07 0.04045155221072436
1 0.443125 0.6533396048918156 0.12625 0.07808090310442145
0 0.49125 0.5216368767638758 0.09125 0.05268109125117592
0 0.51125 0.654280338664158 0.0575 0.04609595484477893
0 0.77625 0.40686735653809974 0.02625 0.028222013170272814
1 0.474375 0.768579492003763 0.0875 0.06491063029162747
0 0.75125 0.4059266227657573 0.035 0.028222013170272814
1 0.50125 0.6124176857949201 0.09625 0.06679209783631232
0 0.944375 0.33913452492944496 0.03375 0.02539981185324553
0 0.886875 0.33207902163687675 0.0175 0.01317027281279398
0 0.391875 0.30950141110065854 0.0175 0.011288805268109126
0 0.17125 0.25258701787394167 0.03625 0.028222013170272814
0 0.181875 0.10818438381937912 0.0325 0.02634054562558796
0 0.378125 0.2596425211665099 0.0325 0.02539981185324553
0 0.761875 0.4266227657572907 0.04125 0.02634054562558796
0 0.764375 0.6340545625587959 0.02125 0.012229539040451553
0 0.8125 0.5644402634054563 0.01125 0.00940733772342427
0 0.703125 0.6528692380056444 0.01 0.00940733772342427
0 0.373125 0.5691439322671684 0.0375 0.02916274694261524
0 0.521875 0.3913452492944497 0.03125 0.021636876763875823
0 0.5 0.46989651928504234 0.02 0.020696142991533398
0 0.554375 0.6218250235183443 0.035 0.021636876763875823
0 0.47125 0.48400752587017876 0.01875 0.02539981185324553
0 0.5475 0.5239887111947319 0.03 0.02539981185324553
0 0.375625 0.4821260583254939 0.0375 0.020696142991533398
0 0.2475 0.35183443085606775 0.02375 0.020696142991533398
0 0.19375 0.30056444026340545 0.0325 0.024459078080903106
0 0.365625 0.3273753527751646 0.0175 0.014111006585136407
0 0.080625 0.34619002822201317 0.0175 0.02539981185324553
0 0.0525 0.3405456255879586 0.0125 0.01317027281279398
0 0.045 0.5475070555032926 0.01625 0.022577610536218252
0 0.06875 0.3579492003762935 0.01625 0.02634054562558796
0 0.6275 0.7615239887111948 0.01375 0.011288805268109126
0 0.541875 0.7375352775164629 0.04 0.027281279397930385
0 0.496875 0.6952022577610536 0.03625 0.02539981185324553
0 0.325 0.7756349952963312 0.0225 0.015051740357478834
0 0.44 0.7248353715898401 0.01125 0.008466603951081843
0 0.299375 0.6745061147695203 0.0175 0.01317027281279398
0 0.761875 0.3861712135465663 0.04 0.021636876763875823
0 0.79 0.4190968955785513 0.02875 0.031044214487300093
0 0.989375 0.3541862652869238 0.02125 0.02916274694261524
0 0.89375 0.5757290686735654 0.02 0.016933207902163686
1 0.78 0.6147695202257761 0.04375 0.03292568203198495
0 0.74375 0.7742238946378175 0.01 0.007525870178739417
0 0.481875 0.768579492003763 0.01875 0.01317027281279398
0 0.461875 0.6702728127939793 0.0175 0.00940733772342427
0 0.4825 0.5893697083725306 0.03125 0.022577610536218252
0 0.37125 0.6171213546566322 0.0425 0.02916274694261524
0 0.300625 0.4962370649106303 0.02 0.014111006585136407
0 0.28125 0.5070555032925682 0.0175 0.01599247412982126
0 0.445625 0.44214487300094074 0.01625 0.00940733772342427
0 0.469375 0.44261523988711193 0.00625 0.010348071495766699
0 0.116875 0.7097836312323612 0.01125 0.008466603951081843
0 0.07375 0.36970837253057387 0.0125 0.015051740357478834