1 0.794375 0.5738476011288806 0.12375 0.07149576669802446
0 0.6782375 0.5549764816556915 0.08398750000000006 0.06784571966133573
0 0.3075 0.5404515522107244 0.06 0.04985888993414864
1 0.390625 0.5310442144873001 0.12625 0.1006585136406397
0 0.938125 0.2584854186265287 0.03625 0.027779868297271845
0 0.56625 0.27234242709313267 0.065 0.036688617121354655
0 0.552875 0.5973565380997178 0.085 0.05738476011288805
0 0.68625 0.45719661335841955 0.0675 0.06773283160865474
1 0.370075 0.4611194731890875 0.11148749999999996 0.06928504233301973
0 0.21625 0.2982126058325494 0.085 0.06773283160865474
0 0.45375 0.4717779868297272 0.055 0.04045155221072436
0 0.760275 0.2957102539981185 0.058700000000000044 0.05832549388523048
1 0.2781375 0.6274694261523989 0.12319999999999996 0.07779868297271876
1 0.76875 0.6382878645343368 0.0975 0.07431796801505174
0 0.5625 0.7116650987770461 0.06 0.04045155221072436
1 0.6094625 0.43882408278457197 0.13010000000000005 0.15628410159924747
0 0.383125 0.6020696142991533 0.09625 0.05456255879586077
1 0.56245 0.5301317027281279 0.20937500000000006 0.09884289746001876
0 0.11257500000000001 0.5469238005644402 0.050137500000000015 0.05405456255879589
0 0.09117499999999999 0.6470649106302917 0.0638 0.03292568203198495
1 0.520625 0.658513640639699 0.11375 0.06396989651928504
0 0.50375 0.5225776105362182 0.0825 0.04233301975540922
0 0.0242 0.2996801505174036 0.026762499999999995 0.02876763875823146
0 0.453125 0.6505174035747884 0.04875 0.04045155221072436
0 0.2496125 0.37196613358419567 0.02094999999999999 0.026349952963311375
1 0.46311250000000004 0.7678927563499529 0.07627499999999998 0.055926622765757335
0 0.27445 0.3745625587958608 0.029825000000000018 0.024252116650987744
1 0.4726125 0.610376293508937 0.08476250000000007 0.05657572906867366
0 0.099375 0.28363123236124177 0.02875 0.021636876763875823
0 0.1575 0.28410159924741296 0.015 0.011288805268109126
0 0.6505625 0.32657572906867355 0.015 0.00940733772342427
0 0.880625 0.2991533396048918 0.03125 0.024459078080903106
0 0.90375 0.15569143932267168 0.0275 0.023518344308560677
0 0.675175 0.2793979303857008 0.027150000000000035 0.022577610536218252
0 0.259275 0.3935183443085607 0.03692500000000003 0.021984948259642527
0 0.20875 0.5973659454374413 0.02 0.00940733772342427
0 0.1775 0.5225776105362182 0.01 0.008466603951081843
0 0.264375 0.6241768579492004 0.00875 0.008466603951081843
0 0.60875 0.5846660395108184 0.0325 0.02539981185324553
0 0.50375 0.389934148635936 0.0275 0.017873941674506115
0 0.506875 0.4703668861712135 0.01625 0.01881467544684854
0 0.418125 0.6128880526810913 0.03125 0.017873941674506115
0 0.531875 0.48777046095954846 0.01375 0.023518344308560677
0 0.4475 0.5174035747883349 0.025 0.022577610536218252
0 0.626875 0.49858889934148637 0.03375 0.016933207902163686
0 0.7826625 0.38711194731890874 0.02032499999999999 0.017873941674506115
0 0.8475 0.3438381937911571 0.0275 0.021636876763875823
0 0.672375 0.3474788334901223 0.015237500000000069 0.01198494825964253
0 0.94875 0.40357478833490124 0.0125 0.024459078080903106
0 0.9775 0.40122295390404517 0.01 0.012229539040451553
0 0.936875 0.6063029162746942 0.01125 0.021636876763875823
0 0.9577249999999999 0.4162841015992474 0.010449999999999874 0.025418626528692364
0 0.314375 0.7408278457196613 0.01125 0.010348071495766699
0 0.40405 0.7284195672624647 0.03561250000000001 0.02317027281279408
0 0.458125 0.6928504233301975 0.03125 0.021636876763875823
0 0.60875 0.7944496707431796 0.02 0.012229539040451553
0 0.5075 0.729068673565381 0.01 0.007525870178739417
0 0.6575 0.6980244590780809 0.015 0.011288805268109126
0 0.26825 0.35370649106302915 0.03697499999999998 0.01695202257761052
0 0.23328749999999998 0.38238946378174976 0.023149999999999976 0.028419567262464758
0 0.0436625 0.2912229539040451 0.032537500000000004 0.025729068673565402
0 0.00455 0.41978363123236123 0.0091 0.008692380056444035
0 0.094475 0.5231138287864535 0.01627500000000001 0.01526810912511761
1 0.19792500000000002 0.5764252116650987 0.037425 0.02802445907808087
0 0.1966 0.7381843838193791 0.009125000000000015 0.006688617121354563
0 0.45585000000000003 0.766942615239887 0.015875000000000056 0.01136406396989645
0 0.498125 0.6727187206020696 0.016274999999999977 0.006999059266227709
0 0.4968125 0.5904233301975541 0.026650000000000063 0.018993414863593655
0 0.5998625 0.6319567262464723 0.03763750000000002 0.024374412041392363
0 0.697225 0.5221166509877705 0.018125 0.011495766698024485
0 0.7139875000000001 0.5354280338664158 0.014675000000000011 0.013951081843838125
0 0.5667375 0.44999059266227653 0.015275000000000033 0.0070555032925682035
0 0.54315 0.44754468485418625 0.004699999999999989 0.009473189087488287
0 0.8288500000000001 0.7566792097836312 0.009325000000000045 0.007102539981185282
0 0.949825 0.4274976481655692 0.00946249999999992 0.014383819379115675