1 0.79625 0.5700846660395108 0.125 0.07337723424270931
0 0.679375 0.5526810912511759 0.085 0.06867356538099718
0 0.30875 0.5428033866415805 0.06125 0.05079962370649106
1 0.39125 0.5324553151458138 0.12875 0.10253998118532455
0 0.9325 0.25258701787394167 0.0375 0.028222013170272814
0 0.56125 0.2714016933207902 0.06625 0.03762935089369708
0 0.555 0.5964252116650988 0.08625 0.05832549388523048
0 0.685 0.4548447789275635 0.06875 0.06867356538099718
1 0.369375 0.4628410159924741 0.1125 0.07055503292568203
0 0.211875 0.3019755409219191 0.08625 0.06867356538099718
0 0.453125 0.4722483537158984 0.05625 0.041392285983066796
0 0.755625 0.2920978363123236 0.06 0.059266227657572904
1 0.28125 0.6302916274694261 0.125 0.07902163687676388
1 0.771875 0.6345249294449671 0.09875 0.07525870178739416
0 0.5675 0.7107243650047037 0.06125 0.041392285983066796
1 0.608125 0.4374412041392286 0.13375 0.15804327375352775
0 0.385625 0.603480714957667 0.0975 0.055503292568203196
1 0.563125 0.5291627469426152 0.21125 0.10159924741298212
0 0.11375 0.5522107243650047 0.05125 0.05456255879586077
0 0.094375 0.6523988711194731 0.065 0.03386641580432737
1 0.524375 0.6580432737535278 0.115 0.0658513640639699
0 0.504375 0.5225776105362182 0.08375 0.043273753527751646
0 0.019375 0.3057384760112888 0.0275 0.02916274694261524
0 0.456875 0.6509877704609596 0.05 0.041392285983066796
0 0.246875 0.3753527751646284 0.02125 0.02634054562558796
1 0.469375 0.7681091251175918 0.0775 0.05738476011288805
0 0.271875 0.37770460959548446 0.03 0.024459078080903106
1 0.475 0.6105362182502352 0.08625 0.05738476011288805
0 0.094375 0.2888052681091251 0.02875 0.021636876763875823
0 0.1525 0.2888052681091251 0.015 0.011288805268109126
0 0.64625 0.32455315145813735 0.015 0.00940733772342427
0 0.875625 0.2939793038570085 0.03125 0.024459078080903106
0 0.895625 0.15051740357478832 0.0275 0.023518344308560677
0 0.67 0.2770460959548448 0.0275 0.022577610536218252
0 0.256875 0.396519285042333 0.0375 0.022577610536218252
0 0.21125 0.6011288805268109 0.02 0.00940733772342427
0 0.178125 0.5268109125117592 0.01 0.008466603951081843
0 0.2675 0.6274694261523989 0.00875 0.008466603951081843
0 0.610625 0.5832549388523048 0.0325 0.02539981185324553
0 0.50125 0.389934148635936 0.0275 0.017873941674506115
0 0.50625 0.4703668861712135 0.01625 0.01881467544684854
0 0.420625 0.6138287864534336 0.03125 0.017873941674506115
0 0.531875 0.4873000940733772 0.01375 0.023518344308560677
0 0.448125 0.5178739416745061 0.025 0.022577610536218252
0 0.626875 0.4967074317968015 0.03375 0.016933207902163686
0 0.78 0.38334901222953904 0.02125 0.017873941674506115
0 0.84375 0.33913452492944496 0.0275 0.021636876763875823
0 0.66875 0.34524929444967073 0.015 0.012229539040451553
0 0.94625 0.39793038570084666 0.0125 0.024459078080903106
0 0.975 0.3951081843838194 0.01 0.012229539040451553
0 0.939375 0.6006585136406397 0.01125 0.021636876763875823
0 0.955625 0.4101599247412982 0.01125 0.02539981185324553
0 0.32 0.7431796801505174 0.01125 0.010348071495766699
0 0.409375 0.7295390404515522 0.03625 0.023518344308560677
0 0.4625 0.6933207902163687 0.03125 0.021636876763875823
0 0.615625 0.793038570084666 0.02 0.012229539040451553
0 0.5125 0.729068673565381 0.01 0.007525870178739417
0 0.661875 0.6961429915333961 0.015 0.011288805268109126
0 0.265 0.3565380997177799 0.0375 0.017873941674506115
0 0.230625 0.3857008466603951 0.02375 0.02916274694261524
0 0.03875 0.29727187206020694 0.03375 0.02634054562558796
0 0.003125 0.42568203198494825 0.00625 0.008466603951081843
0 0.095 0.5282220131702728 0.01625 0.015051740357478834
1 0.2 0.5804327375352775 0.0375 0.028222013170272814
0 0.201875 0.742238946378175 0.00875 0.00658513640639699
0 0.461875 0.7676387582314205 0.01625 0.011288805268109126
0 0.501875 0.6726246472248354 0.01625 0.007525870178739417
0 0.49875 0.590310442144873 0.0275 0.01975540921919097
0 0.603125 0.6307619943555973 0.03875 0.024459078080903106
0 0.6975 0.519755409219191 0.01875 0.011288805268109126
0 0.715 0.5324553151458138 0.015 0.014111006585136407
0 0.565625 0.44920037629350895 0.015 0.007525870178739417
0 0.541875 0.4468485418626529 0.005 0.00940733772342427
0 0.835 0.7521166509877705 0.01 0.007525870178739417
0 0.948125 0.42144873000940736 0.01 0.014111006585136407