1 0.52125 0.5276995305164319 0.1325 0.07981220657276995
0 0.50625 0.6619718309859155 0.0725 0.048826291079812206
0 0.91875 0.6225352112676056 0.06 0.044131455399061034
1 0.84875 0.6112676056338028 0.0975 0.09107981220657277
0 0.51875 0.5948356807511737 0.07 0.04037558685446009
0 0.149375 0.4779342723004695 0.04625 0.02629107981220657
0 0.979375 0.4943661971830986 0.04125 0.030985915492957747
0 0.904375 0.5333333333333333 0.03875 0.024413145539906103
1 0.704375 0.5305164319248826 0.20875 0.06009389671361502
0 0.25875 0.25023474178403754 0.0425 0.02629107981220657
0 0.383125 0.4309859154929577 0.07375 0.028169014084507043
0 0.568125 0.3408450704225352 0.03875 0.05258215962441314
0 0.014375 0.4187793427230047 0.02625 0.03755868544600939
0 0.405625 0.28075117370892017 0.0225 0.056338028169014086
1 0.453125 0.46056338028169014 0.14375 0.04037558685446009
0 0.425625 0.3145539906103286 0.02 0.05539906103286385
0 0.9925 0.26854460093896715 0.015 0.016901408450704224
0 0.38375 0.2211267605633803 0.0225 0.01971830985915493
0 0.42125 0.2802816901408451 0.00875 0.010328638497652582
0 0.43375 0.2812206572769953 0.01 0.010328638497652582
0 0.5325 0.3248826291079812 0.015 0.011267605633802818
0 0.354375 0.2244131455399061 0.01875 0.005633802816901409
0 0.07875 0.2737089201877934 0.02 0.038497652582159626
0 0.158125 0.24553990610328638 0.02625 0.020657276995305163
0 0.095625 0.2793427230046948 0.01875 0.012206572769953052
0 0.31625 0.22816901408450704 0.01 0.009389671361502348
0 0.3275 0.23568075117370893 0.0125 0.028169014084507043
0 0.01375 0.3333333333333333 0.0275 0.014084507042253521
0 0.005625 0.23098591549295774 0.01125 0.009389671361502348
0 0.8975 0.3694835680751174 0.0175 0.014084507042253521
0 0.871875 0.3657276995305164 0.01875 0.014084507042253521
0 0.981875 0.6600938967136151 0.03375 0.016901408450704224
0 0.83125 0.4708920187793427 0.0125 0.010328638497652582
0 0.92625 0.5061032863849765 0.02375 0.013145539906103286
0 0.881875 0.5807511737089202 0.02125 0.006572769953051643
0 0.62125 0.4953051643192488 0.025 0.01596244131455399
0 0.449375 0.3652582159624413 0.0125 0.009389671361502348
0 0.553125 0.4422535211267606 0.00875 0.011267605633802818
0 0.57875 0.6276995305164319 0.01375 0.010328638497652582
0 0.5775 0.6084507042253521 0.015 0.011267605633802818
0 0.543125 0.48450704225352115 0.01375 0.009389671361502348
0 0.629375 0.6657276995305165 0.015 0.011267605633802818
0 0.343125 0.428169014084507 0.01125 0.009389671361502348
0 0.591875 0.35352112676056335 0.01125 0.012206572769953052
0 0.600625 0.3596244131455399 0.0125 0.006572769953051643
0 0.535 0.3530516431924883 0.01125 0.007511737089201878
0 0.0625 0.5530516431924882 0.03 0.018779342723004695
0 0.044375 0.43615023474178405 0.01875 0.014084507042253521
0 0.008125 0.5098591549295775 0.01625 0.03380281690140845
0 0.273125 0.4422535211267606 0.00875 0.007511737089201878
0 0.008125 0.32300469483568073 0.01625 0.010328638497652582
0 0.354375 0.23098591549295774 0.01375 0.005633802816901409
0 0.36625 0.23380281690140844 0.00875 0.009389671361502348
0 0.545 0.32723004694835683 0.01125 0.009389671361502348
0 0.5225 0.35070422535211265 0.0125 0.008450704225352112
0 0.515625 0.3483568075117371 0.00625 0.005633802816901409
0 0.51875 0.3427230046948357 0.01125 0.009389671361502348
0 0.524375 0.3342723004694836 0.0125 0.007511737089201878
0 0.5275 0.3431924882629108 0.00625 0.005633802816901409
0 0.540625 0.3436619718309859 0.025 0.008450704225352112
0 0.545 0.3342723004694836 0.01125 0.010328638497652582
0 0.535625 0.33380281690140845 0.0075 0.009389671361502348
0 0.54375 0.35352112676056335 0.0075 0.005633802816901409
0 0.4025 0.45305164319248825 0.005 0.0028169014084507044
0 0.575625 0.5370892018779343 0.0125 0.014084507042253521
0 0.615625 0.5201877934272301 0.02625 0.022535211267605635
0 0.6575 0.5244131455399061 0.0125 0.004694835680751174
0 0.9425 0.643661971830986 0.01125 0.007511737089201878
0 0.91 0.5061032863849765 0.0325 0.014084507042253521
0 0.9975 0.476056338028169 0.005 0.008450704225352112
0 0.9875 0.23943661971830985 0.025 0.015023474178403756