1 0.47905000000000003 0.5275962441314553 0.13200000000000003 0.0793990610328638
0 0.4936 0.6619530516431925 0.07211250000000007 0.04878873239436623
0 0.081125 0.6224225352112676 0.06 0.044131455399061034
1 0.15145 0.6110422535211267 0.0971875 0.09149295774647892
0 0.48121250000000004 0.5946948356807512 0.07060000000000002 0.040084507042253574
0 0.850625 0.4779342723004695 0.04625 0.02629107981220657
0 0.020375 0.49430046948356804 0.04075 0.030863849765258168
0 0.095625 0.5333333333333333 0.03875 0.024413145539906103
1 0.295825 0.5306760563380282 0.20916249999999997 0.06042253521126752
0 0.7411249999999999 0.2504225352112676 0.04275000000000006 0.02610328638497651
0 0.61695 0.4309859154929577 0.07361249999999998 0.028169014084507043
0 0.4317375 0.34068544600938966 0.03896249999999995 0.05267605633802819
0 0.985625 0.41887323943661975 0.02625 0.0373708920187793
0 0.59425 0.28093896713615024 0.02248750000000001 0.05596244131455401
1 0.546875 0.46056338028169014 0.14375 0.04037558685446009
0 0.5746249999999999 0.3145539906103286 0.020250000000000056 0.05522065727699525
0 0.0075 0.26854460093896715 0.015 0.016901408450704224
0 0.6164999999999999 0.2211267605633803 0.022999999999999972 0.01971830985915493
0 0.578875 0.2804694835680751 0.00875 0.010328638497652582
0 0.5663750000000001 0.2814084507042253 0.009749999999999943 0.009953051643192509
0 0.4675 0.3248826291079812 0.015 0.011267605633802818
0 0.645625 0.22459154929577466 0.01875 0.005999999999999987
0 0.921125 0.2737089201877934 0.019737499999999953 0.038497652582159626
0 0.8420000000000001 0.24544600938967134 0.025999999999999943 0.021032863849765236
0 0.9045000000000001 0.2793427230046948 0.018499999999999944 0.012206572769953052
0 0.68375 0.22816901408450704 0.01 0.009389671361502348
0 0.6725 0.23568075117370893 0.0125 0.028169014084507043
0 0.98625 0.3332488262910798 0.0275 0.014478873239436581
0 0.994375 0.23107981220657275 0.01125 0.009577464788732384
0 0.1025 0.3694835680751174 0.0175 0.014084507042253521
0 0.128125 0.3657276995305164 0.01875 0.014084507042253521
0 0.018337500000000003 0.6602253521126761 0.033225 0.016450704225352095
0 0.16875 0.4708920187793427 0.0125 0.010328638497652582
0 0.07397499999999999 0.5061032863849765 0.02433749999999999 0.013145539906103286
0 0.118125 0.5807511737089202 0.02125 0.006572769953051643
0 0.37875 0.4953051643192488 0.025 0.01596244131455399
0 0.5507500000000001 0.36544600938967137 0.0125 0.009389671361502348
0 0.446875 0.4422535211267606 0.00875 0.011267605633802818
0 0.42127499999999996 0.6275774647887324 0.01375 0.010328638497652582
0 0.42233750000000003 0.6082910798122066 0.015 0.011267605633802818
0 0.456875 0.48450704225352115 0.01375 0.009389671361502348
0 0.3708625 0.6656713615023475 0.015 0.011154929577464891
0 0.656875 0.428169014084507 0.01125 0.009389671361502348
0 0.408125 0.35352112676056335 0.01125 0.012206572769953052
0 0.39945 0.3596244131455399 0.0125 0.006882629107981259
0 0.4646875 0.35326760563380283 0.011749999999999972 0.007915492957746432
0 0.9375 0.5530516431924882 0.03 0.018779342723004695
0 0.955625 0.43615023474178405 0.01875 0.014084507042253521
0 0.991875 0.5098591549295775 0.01625 0.03380281690140845
0 0.726875 0.4422535211267606 0.00875 0.007511737089201878
0 0.99165 0.3232018779342723 0.016699999999999875 0.010544600938967153
0 0.6458875000000001 0.23087323943661972 0.013274999999999934 0.005455399061032866
0 0.6336125 0.2335962441314554 0.008275000000000006 0.009784037558685461
0 0.4549125 0.3271455399061033 0.011537500000000023 0.008938967136150217
0 0.47777500000000006 0.3509014084507042 0.012450000000000046 0.008723004694835647
0 0.4846375 0.3485352112676056 0.006299999999999955 0.005464788732394413
0 0.48100000000000004 0.3428638497652582 0.011337500000000063 0.009042253521126756
0 0.475675 0.3340845070422535 0.012175000000000012 0.007464788732394409
0 0.4724625 0.3429671361502347 0.006862500000000011 0.005671361502347384
0 0.45958750000000004 0.34381220657276995 0.02448750000000004 0.008619718309859107
0 0.45482500000000003 0.3341877934272301 0.011337500000000063 0.010197183098591562
0 0.464625 0.333981220657277 0.00769999999999996 0.009352112676056372
0 0.45630000000000004 0.3534272300469483 0.007837499999999976 0.005568075117370845
0 0.59735 0.4530234741784038 0.004762499999999932 0.0027605633802817416
0 0.4246625 0.5369295774647888 0.012325000000000016 0.013643192488262885
0 0.384425 0.520112676056338 0.026599999999999967 0.022910798122065812
0 0.34236249999999996 0.5243380281690141 0.012974999999999993 0.0043849765258216645
0 0.05775 0.6436713615023474 0.010812500000000008 0.007474178403755903
0 0.090075 0.5063098591549297 0.0330875 0.0144600938967137
0 0.0024875 0.475924882629108 0.004975 0.008281690140845118
0 0.0125 0.23943661971830985 0.025 0.015023474178403756