1 0.483125 0.5291079812206573 0.1425 0.0892018779342723
0 0.51625 0.6615023474178404 0.07875 0.054460093896713614
0 0.100625 0.6544600938967137 0.06625 0.048826291079812206
1 0.16875 0.6380281690140845 0.11 0.09859154929577464
0 0.494375 0.5957746478873239 0.07625 0.04507042253521127
0 0.845625 0.4507042253521127 0.05 0.03004694835680751
0 0.0225 0.531924882629108 0.045 0.03380281690140845
0 0.1025 0.5647887323943662 0.0425 0.027230046948356807
1 0.30125 0.5464788732394367 0.21625 0.07605633802816901
0 0.705 0.23286384976525823 0.04625 0.02910798122065728
0 0.606875 0.4220657276995305 0.0775 0.03380281690140845
0 0.41 0.34694835680751174 0.04625 0.05539906103286385
0 0.971875 0.3812206572769953 0.03125 0.03943661971830986
0 0.563125 0.2746478873239437 0.03 0.05727699530516432
1 0.54125 0.4572769953051643 0.14875 0.051643192488262914
0 0.548125 0.30985915492957744 0.0275 0.056338028169014086
0 0.576875 0.2136150234741784 0.025 0.0215962441314554
0 0.548125 0.2755868544600939 0.01 0.011267605633802818
0 0.535625 0.2774647887323944 0.01125 0.010328638497652582
0 0.443125 0.32816901408450705 0.01625 0.012206572769953052
0 0.60625 0.21455399061032865 0.02 0.007511737089201878
0 0.8875 0.24178403755868544 0.025 0.03943661971830986
0 0.805 0.22018779342723005 0.02875 0.022535211267605635
0 0.871875 0.24882629107981222 0.02 0.013145539906103286
0 0.645 0.21502347417840376 0.01125 0.010328638497652582
0 0.635 0.22347417840375586 0.01625 0.02910798122065728
0 0.960625 0.29577464788732394 0.02875 0.016901408450704224
0 0.954375 0.19389671361502347 0.0125 0.010328638497652582
0 0.08625 0.4014084507042254 0.01875 0.015023474178403756
0 0.11125 0.3957746478873239 0.02 0.015023474178403756
0 0.043125 0.6971830985915493 0.035 0.018779342723004695
0 0.16625 0.4971830985915493 0.01375 0.011267605633802818
0 0.076875 0.5394366197183098 0.02625 0.015023474178403756
0 0.13125 0.6103286384976526 0.0225 0.008450704225352112
0 0.37875 0.5046948356807511 0.0275 0.01784037558685446
0 0.531875 0.3619718309859155 0.01375 0.010328638497652582
0 0.439375 0.4469483568075117 0.01 0.012206572769953052
0 0.439375 0.6328638497652582 0.015 0.011267605633802818
0 0.438125 0.6136150234741784 0.01625 0.012206572769953052
0 0.455 0.4877934272300469 0.015 0.010328638497652582
0 0.394375 0.6751173708920187 0.01625 0.012206572769953052
0 0.64625 0.4164319248826291 0.0125 0.010328638497652582
0 0.388125 0.3615023474178404 0.0125 0.013145539906103286
0 0.380625 0.36807511737089205 0.01375 0.007511737089201878
0 0.444375 0.3568075117370892 0.0125 0.008450704225352112
0 0.9425 0.5183098591549296 0.0325 0.020657276995305163
0 0.944375 0.40093896713615024 0.02 0.015023474178403756
0 0.99 0.4708920187793427 0.02 0.03474178403755868
0 0.7175 0.42488262910798125 0.01 0.008450704225352112
0 0.964375 0.28544600938967135 0.0175 0.012206572769953052
0 0.6075 0.2211267605633803 0.01375 0.006572769953051643
0 0.595625 0.2244131455399061 0.01 0.010328638497652582
0 0.43125 0.3314553990610329 0.0125 0.009389671361502348
0 0.456875 0.35352112676056335 0.01375 0.009389671361502348
0 0.46375 0.35070422535211265 0.0075 0.005633802816901409
0 0.459375 0.34507042253521125 0.0125 0.010328638497652582
0 0.4525 0.3370892018779343 0.01375 0.008450704225352112
0 0.450625 0.3460093896713615 0.0075 0.006572769953051643
0 0.438125 0.34788732394366195 0.025 0.010328638497652582
0 0.431875 0.33849765258215964 0.0125 0.011267605633802818
0 0.441875 0.33755868544600937 0.00875 0.010328638497652582
0 0.43625 0.35774647887323946 0.00875 0.006572769953051643
0 0.59 0.44553990610328637 0.005 0.0028169014084507044
0 0.43 0.5427230046948357 0.01375 0.014084507042253521
0 0.388125 0.5291079812206573 0.03 0.024413145539906103
0 0.346875 0.5366197183098591 0.01375 0.005633802816901409
0 0.08 0.6774647887323944 0.01125 0.008450704225352112
0 0.093125 0.5384976525821596 0.035 0.016901408450704224
0 0.0025 0.5150234741784038 0.005 0.008450704225352112