0 0.885 0.48641049671977504 0.1125 0.08434864104967198
1 0.54125 0.6382380506091846 0.2575 0.29896907216494845
0 0.90125 0.7385192127460168 0.115 0.06935332708528585
0 0.663125 0.6077788191190253 0.05875 0.05154639175257732
0 0.06375 0.5267104029990628 0.1275 0.08997188378631678
0 0.93625 0.6180880974695407 0.1275 0.07403936269915651
0 0.1975 0.39456419868791004 0.06875 0.05810684161199625
0 0.115625 0.9479850046860356 0.04875 0.031865042174320526
0 0.09875 0.33552014995313967 0.08 0.06373008434864105
0 0.195 0.32661668228678536 0.06875 0.03748828491096532
0 0.675625 0.7844423617619494 0.1025 0.044048734770384255
0 0.77375 0.7202436738519212 0.095 0.056232427366447985
1 0.718125 0.5445173383317713 0.285 0.11996251171508904
0 0.353125 0.676663542642924 0.055 0.04967197750702906
0 0.679375 0.6949390815370197 0.06375 0.03936269915651359
0 0.966875 0.528116213683224 0.06625 0.023430178069353328
0 0.06 0.7277413308341143 0.04125 0.030927835051546393
0 0.14 0.8992502343017807 0.05125 0.03655107778819119
1 0.28 0.6232427366447985 0.08 0.204311152764761
1 0.39375 0.4381443298969072 0.13875 0.14620431115276475
0 0.24125 0.3303655107778819 0.0325 0.01780693533270853
0 0.5575 0.3069353327085286 0.02 0.00937207122774133
0 0.68125 0.2872539831302718 0.01875 0.00937207122774133
0 0.726875 0.2830365510777882 0.03125 0.01780693533270853
0 0.25375 0.4887535145267104 0.02625 0.026241799437675725
0 0.08125 0.6148078725398313 0.04125 0.022492970946579195
0 0.07125 0.7104029990627929 0.04125 0.03280224929709466
0 0.26 0.43908153701968133 0.02625 0.01874414245548266
0 0.300625 0.4343955014058107 0.03 0.044048734770384255
0 0.153125 0.3828491096532334 0.035 0.023430178069353328
0 0.236875 0.6293345829428304 0.01625 0.01499531396438613
0 0.1025 0.627460168697282 0.02875 0.015932521087160263
0 0.278125 0.45407685098406747 0.01875 0.01218369259606373
0 0.263125 0.5726335520149953 0.015 0.010309278350515464
0 0.1525 0.5121836925960638 0.03 0.019681349578256794
0 0.115625 0.514058106841612 0.04125 0.026241799437675725
0 0.594375 0.4915651358950328 0.0375 0.030927835051546393
0 0.580625 0.5079662605435802 0.04625 0.02155576382380506
0 0.550625 0.43158388003748827 0.0375 0.023430178069353328
0 0.395 0.4681349578256795 0.03125 0.038425492033739454
0 0.86875 0.3692596063730084 0.04875 0.023430178069353328
0 0.80625 0.33411433926897843 0.035 0.020618556701030927
0 0.966875 0.36363636363636365 0.0225 0.01874414245548266
0 0.1375 0.746485473289597 0.03375 0.029053420805998126
0 0.291875 0.9212746016869728 0.0475 0.01874414245548266
0 0.320625 0.8205248359887535 0.03625 0.028116213683223992
0 0.1175 0.7516401124648547 0.0375 0.02436738519212746
0 0.06875 0.781630740393627 0.035 0.02999062792877226
0 0.138125 0.8448922211808809 0.02125 0.014058106841611996
0 0.301875 0.9025304592314901 0.02375 0.020618556701030927
0 0.07875 0.8369259606373008 0.03125 0.023430178069353328
0 0.104375 0.7268041237113402 0.0325 0.029053420805998126
0 0.245625 0.7296157450796626 0.0175 0.01874414245548266
0 0.464375 0.6954076850984068 0.0225 0.01499531396438613
0 0.170625 0.3992502343017807 0.03375 0.022492970946579195
0 0.29875 0.3851921274601687 0.03375 0.02155576382380506
0 0.0725 0.6874414245548266 0.04125 0.026241799437675725
1 0.248125 0.6738519212746017 0.1 0.26710402999062793
0 0.46 0.6836925960637301 0.02 0.013120899718837863
0 0.545 0.6143392689784443 0.015 0.00937207122774133
0 0.649375 0.8195876288659794 0.045 0.02717900656044986
0 0.839375 0.6096532333645736 0.01875 0.01874414245548266
0 0.991875 0.46251171508903466 0.01625 0.023430178069353328
0 0.75375 0.5417057169634489 0.01875 0.010309278350515464
0 0.66125 0.5342080599812559 0.015 0.010309278350515464
1 0.870625 0.6068416119962512 0.21375 0.1527647610121837
1 0.8075 0.6265229615745079 0.27 0.19306466729147143
0 0.871875 0.358950328022493 0.06 0.020618556701030927
0 0.670625 0.35660731021555764 0.015 0.013120899718837863
0 0.67875 0.28116213683223995 0.01625 0.007497656982193065
0 0.424375 0.4597000937207123 0.025 0.028116213683223992