0 0.880625 0.5468603561387066 0.10375 0.07778819119025304
1 0.5025 0.6415182755388941 0.22125 0.2867853795688847
0 0.826875 0.795688847235239 0.1075 0.061855670103092786
0 0.63 0.6307403936269915 0.05375 0.04779756326148079
0 0.065 0.4587628865979381 0.12 0.08153701968134958
0 0.895 0.6836925960637301 0.12125 0.06560449859418932
0 0.233125 0.34957825679475163 0.0625 0.053420805998125584
0 0.01125 0.8776944704779757 0.0225 0.029053420805998126
0 0.153125 0.27647610121836924 0.0725 0.059044048734770385
0 0.25 0.28256794751640113 0.065 0.033739456419868794
0 0.593125 0.8059981255857545 0.09875 0.03655107778819119
0 0.706875 0.7582005623242737 0.09 0.05060918462980318
1 0.700625 0.577788191190253 0.27625 0.09934395501405811
0 0.3075 0.6499531396438613 0.04875 0.046860356138706656
0 0.62125 0.7188378631677601 0.06 0.03467666354264293
0 0.951875 0.6007497656982193 0.07 0.01874414245548266
0 0.0125 0.6541705716963448 0.025 0.028116213683223992
0 0.0375 0.8341143392689785 0.0475 0.033739456419868794
1 0.250625 0.5862230552952202 0.0525 0.20337394564198688
1 0.413125 0.4231490159325211 0.12125 0.13964386129334583
0 0.29375 0.29381443298969073 0.03 0.015932521087160263
0 0.609375 0.32005623242736647 0.01875 0.008434864104967198
0 0.73625 0.32052483598875353 0.0175 0.007497656982193065
0 0.781875 0.32286785379568883 0.03 0.015932521087160263
0 0.2625 0.450796626054358 0.0225 0.02530459231490159
0 0.05875 0.5468603561387066 0.03875 0.020618556701030927
0 0.0225 0.6387066541705717 0.0375 0.02999062792877226
0 0.281875 0.4029990627928772 0.025 0.016869728209934397
0 0.323125 0.40487347703842547 0.02375 0.04311152764761012
0 0.193125 0.331302717900656 0.0325 0.020618556701030927
0 0.206875 0.5857544517338332 0.015 0.014058106841611996
0 0.075625 0.5627928772258669 0.0275 0.014058106841611996
0 0.295625 0.4208059981255858 0.0175 0.011246485473289597
0 0.248125 0.5342080599812559 0.01375 0.00937207122774133
0 0.156875 0.457825679475164 0.0275 0.01780693533270853
0 0.12 0.4536082474226804 0.03875 0.02436738519212746
0 0.594375 0.506560449859419 0.03375 0.028116213683223992
0 0.576875 0.5201499531396439 0.045 0.01874414245548266
0 0.56875 0.44095595126522963 0.035 0.020618556701030927
0 0.40625 0.4526710402999063 0.02625 0.03655107778819119
0 0.896875 0.42970946579194 0.04625 0.020618556701030927
0 0.845625 0.3856607310215558 0.0325 0.01780693533270853
0 0.991875 0.43908153701968133 0.01625 0.01780693533270853
0 0.076875 0.6846298031865042 0.03 0.02717900656044986
0 0.179375 0.8795688847235239 0.04625 0.015932521087160263
0 0.235625 0.7858481724461106 0.0325 0.02530459231490159
0 0.055625 0.6865042174320525 0.035 0.02155576382380506
0 0.0075 0.7085285848172446 0.015 0.028116213683223992
0 0.050625 0.7806935332708529 0.02 0.013120899718837863
0 0.194375 0.8626991565135895 0.02125 0.019681349578256794
0 0.004375 0.7633552014995314 0.00875 0.02155576382380506
0 0.05 0.6602624179943768 0.02875 0.02717900656044986
0 0.1875 0.6846298031865042 0.015 0.01874414245548266
0 0.410625 0.6855670103092784 0.02125 0.014058106841611996
0 0.205625 0.3500468603561387 0.03125 0.019681349578256794
0 0.335 0.3561387066541706 0.0325 0.01874414245548266
0 0.03 0.6166822867853796 0.03875 0.023430178069353328
1 0.205625 0.6307403936269915 0.06375 0.2661668228678538
0 0.41 0.6733833177132146 0.01875 0.01218369259606373
0 0.511875 0.6190253045923149 0.01375 0.008434864104967198
0 0.5575 0.8359887535145267 0.0425 0.02436738519212746
0 0.80125 0.6602624179943768 0.0175 0.01780693533270853
0 0.991875 0.5402999062792877 0.01375 0.022492970946579195
0 0.73625 0.5801312089971884 0.0175 0.00937207122774133
0 0.648125 0.5585754451733833 0.01375 0.00937207122774133
1 0.8325 0.662136832239925 0.1975 0.13964386129334583
1 0.765625 0.6719775070290535 0.24875 0.17713214620431114
0 0.9025 0.42033739456419866 0.05875 0.016869728209934397
0 0.706875 0.38612933458294285 0.01375 0.01218369259606373
0 0.735625 0.3139643861293346 0.015 0.006560449859418931
0 0.436875 0.44892221180880976 0.02125 0.026241799437675725