0 0.01375 0.323805060918463 0.0275 0.023430178069353328
0 0.189375 0.19728209934395502 0.0475 0.02999062792877226
0 0.17 0.33598875351452673 0.02875 0.026241799437675725
0 0.189375 0.34910965323336457 0.0275 0.02530459231490159
0 0.21125 0.3528584817244611 0.0275 0.019681349578256794
0 0.90125 0.07638238050609185 0.04625 0.029053420805998126
0 0.838125 0.25538894095595127 0.03 0.030927835051546393
0 0.936875 0.18088097469540768 0.02125 0.04217432052483599
0 0.2275 0.4873477038425492 0.02875 0.02155576382380506
0 0.07625 0.5670103092783505 0.01875 0.016869728209934397
0 0.365625 0.42127460168697284 0.02 0.019681349578256794
0 0.9875 0.5707591377694471 0.025 0.020618556701030927
0 0.9475 0.5773195876288659 0.0275 0.01780693533270853
0 0.900625 0.5787253983130272 0.03 0.02436738519212746
0 0.464375 0.7286785379568884 0.02875 0.02530459231490159
0 0.875625 0.6532333645735707 0.02 0.015932521087160263
0 0.07125 0.48219306466729145 0.12875 0.08997188378631678
0 0.31875 0.6729147141518276 0.115 0.10309278350515463
0 0.33125 0.09840674789128398 0.11 0.1105904404873477
0 0.43375 0.12230552952202436 0.115 0.11246485473289597
0 0.72 0.31162136832239923 0.09625 0.08153701968134958
0 0.57875 0.6485473289597001 0.10375 0.10871602624179943
0 0.238125 0.281630740393627 0.10875 0.11246485473289597
0 0.096875 0.7244611059044048 0.10875 0.08434864104967198
0 0.041875 0.14386129334582942 0.08375 0.07216494845360824
0 0.814375 0.8711340206185567 0.085 0.08059981255857544
0 0.69125 0.6677600749765699 0.11375 0.10684161199625117
0 0.804375 0.5857544517338332 0.12 0.09465791940018745
0 0.145625 0.7722586691658857 0.07375 0.07216494845360824
0 0.656875 0.5890346766635426 0.0825 0.07778819119025304
0 0.833125 0.44470477975632616 0.0525 0.07310215557638237
0 0.4925 0.6630740393626992 0.09 0.07685098406747891
0 0.464375 0.8397375820056232 0.085 0.05529522024367385
0 0.62 0.8205248359887535 0.06875 0.06466729147141519
0 0.9525 0.3823805060918463 0.0425 0.04311152764761012
0 0.80875 0.2952202436738519 0.045 0.03280224929709466
0 0.080625 0.09278350515463918 0.0275 0.02155576382380506
0 0.004375 0.12792877225866917 0.00875 0.01780693533270853
0 0.365 0.4104967197750703 0.01375 0.01218369259606373
1 0.45625 0.4268978444236176 0.255 0.2014995313964386
0 0.6075 0.48219306466729145 0.02125 0.02155576382380506
0 0.596875 0.48266166822867856 0.01125 0.01499531396438613
0 0.74875 0.5581068416119962 0.0225 0.020618556701030927
0 0.58375 0.8134957825679475 0.01125 0.011246485473289597
0 0.43 0.6241799437675727 0.02875 0.015932521087160263