0 0.13 0.3753514526710403 0.0275 0.02155576382380506
0 0.15625 0.3280224929709466 0.02375 0.022492970946579195
0 0.088125 0.3978444236176195 0.0275 0.020618556701030927
0 0.108125 0.6790065604498594 0.0425 0.02717900656044986
0 0.109375 0.38753514526710403 0.02625 0.02155576382380506
0 0.035 0.5960637300843487 0.03625 0.02717900656044986
0 0.009375 0.42924086223055297 0.01875 0.013120899718837863
0 0.053125 0.46344892221180883 0.03 0.01780693533270853
0 0.05 0.47563261480787256 0.02875 0.01874414245548266
0 0.141875 0.6658856607310215 0.01875 0.01218369259606373
0 0.1575 0.5529522024367385 0.02125 0.014058106841611996
0 0.50625 0.43673851921274603 0.0225 0.030927835051546393
0 0.316875 0.4034676663542643 0.015 0.011246485473289597
0 0.515625 0.42970946579194 0.01625 0.01874414245548266
0 0.574375 0.5787253983130272 0.01875 0.013120899718837863
0 0.848125 0.34723523898781633 0.04125 0.028116213683223992
0 0.94375 0.4700093720712277 0.01875 0.014058106841611996
0 0.69375 0.555763823805061 0.08125 0.06654170571696345
1 0.588125 0.33177132146204313 0.245 0.10309278350515463
0 0.019375 0.5173383317713215 0.03875 0.03936269915651359
0 0.80125 0.5707591377694471 0.05375 0.041237113402061855
0 0.118125 0.47985004686035615 0.0775 0.04217432052483599
0 0.26 0.5238987816307404 0.0825 0.041237113402061855
0 0.41 0.5313964386129335 0.07375 0.04592314901593252
0 0.29375 0.6499531396438613 0.06875 0.031865042174320526
0 0.206875 0.5342080599812559 0.0775 0.03936269915651359
0 0.209375 0.5707591377694471 0.0775 0.04029990627928772
0 0.071875 0.6213683223992502 0.0625 0.04217432052483599
1 0.69 0.25585754451733833 0.2525 0.1021555763823805
0 0.1825 0.5473289597000938 0.0775 0.03936269915651359
0 0.85125 0.36035613870665417 0.01625 0.01218369259606373
0 0.851875 0.2872539831302718 0.1475 0.1668228678537957
0 0.93875 0.39268978444236174 0.02875 0.05998125585754452
0 0.965625 0.4751640112464855 0.0275 0.06279287722586692
0 0.96125 0.5032802249297095 0.03375 0.06747891283973759
0 0.98375 0.5313964386129335 0.0125 0.015932521087160263
0 0.754375 0.4381443298969072 0.01375 0.00937207122774133
0 0.761875 0.4301780693533271 0.0175 0.02999062792877226
0 0.729375 0.4606373008434864 0.02875 0.06654170571696345
0 0.753125 0.4985941893158388 0.0275 0.06841611996251172
0 0.72375 0.5117150890346767 0.0275 0.06841611996251172
0 0.68125 0.4498594189315839 0.00875 0.007497656982193065
0 0.844375 0.6522961574507966 0.08625 0.04029990627928772
0 0.89 0.6799437675726335 0.0825 0.04029990627928772
0 0.18625 0.5759137769447048 0.01875 0.013120899718837863
0 0.10875 0.584348641049672 0.0525 0.03561387066541706
0 0.200625 0.6921274601686973 0.01625 0.011246485473289597
0 0.05875 0.3345829428303655 0.02 0.013120899718837863
0 0.389375 0.3388003748828491 0.05 0.053420805998125584
0 0.405625 0.3430178069353327 0.01375 0.014058106841611996
0 0.305625 0.3252108716026242 0.0675 0.02999062792877226
0 0.3525 0.3294283036551078 0.045 0.04592314901593252
0 0.321875 0.30318650421743204 0.06625 0.02717900656044986
0 0.691875 0.31724461105904406 0.015 0.020618556701030927