0 0.176875 0.31630740393626994 0.025 0.019681349578256794
0 0.216875 0.27413308341143394 0.02125 0.02155576382380506
0 0.129375 0.331302717900656 0.025 0.01874414245548266
0 0.064375 0.6082474226804123 0.04125 0.02436738519212746
0 0.153125 0.32427366447985007 0.02375 0.019681349578256794
0 0.018125 0.5149953139643861 0.03375 0.02530459231490159
0 0.041875 0.3486410496719775 0.02125 0.01218369259606373
0 0.075625 0.3889409559512652 0.02875 0.015932521087160263
0 0.06875 0.4001874414245548 0.0275 0.016869728209934397
0 0.10125 0.6012183692596064 0.0175 0.011246485473289597
0 0.150625 0.4939081537019681 0.02 0.013120899718837863
0 0.525 0.43908153701968133 0.01875 0.02999062792877226
0 0.350625 0.3753514526710403 0.015 0.010309278350515464
0 0.53625 0.4343955014058107 0.01375 0.01874414245548266
0 0.54875 0.5895032802249297 0.0175 0.01218369259606373
0 0.885 0.4095595126522962 0.03875 0.026241799437675725
0 0.94125 0.5454545454545454 0.0175 0.013120899718837863
0 0.6725 0.5871602624179943 0.075 0.06279287722586692
1 0.63625 0.35051546391752575 0.2375 0.08903467666354264
0 0.02375 0.43580131208997186 0.04125 0.03748828491096532
0 0.771875 0.619493908153702 0.05 0.038425492033739454
0 0.13375 0.41611996251171507 0.07375 0.038425492033739454
0 0.259375 0.48266166822867856 0.07875 0.03655107778819119
0 0.4025 0.5154639175257731 0.07 0.04217432052483599
0 0.254375 0.6115276476101218 0.0675 0.02717900656044986
0 0.20375 0.48406747891283974 0.07375 0.03561387066541706
0 0.195625 0.5196813495782568 0.07375 0.03655107778819119
0 0.046875 0.5459231490159325 0.05875 0.03936269915651359
1 0.75875 0.2942830365510778 0.24625 0.08716026241799438
0 0.17625 0.49250234301780693 0.075 0.03467666354264293
0 0.88375 0.4231490159325211 0.015 0.011246485473289597
0 0.906875 0.351921274601687 0.13125 0.16119962511715089
0 0.96 0.46954076850984067 0.02125 0.05998125585754452
0 0.96125 0.5543580131208997 0.02 0.061855670103092786
0 0.948125 0.5810684161199625 0.02625 0.06654170571696345
0 0.961875 0.6119962511715089 0.01 0.015932521087160263
0 0.76625 0.48266166822867856 0.0125 0.008434864104967198
0 0.77625 0.4761012183692596 0.015 0.029053420805998126
0 0.735 0.5004686035613871 0.02125 0.06560449859418932
0 0.746875 0.5412371134020618 0.02 0.06841611996251172
0 0.714375 0.549203373945642 0.02 0.06747891283973759
0 0.691875 0.4817244611059044 0.00875 0.006560449859418931
0 0.79 0.7061855670103093 0.0825 0.03561387066541706
0 0.82625 0.7408622305529522 0.08 0.03561387066541706
0 0.964375 0.7525773195876289 0.0175 0.01218369259606373
0 0.17125 0.521087160262418 0.0175 0.01218369259606373
0 0.09375 0.5159325210871603 0.05 0.03280224929709466
0 0.150625 0.6363636363636364 0.01625 0.010309278350515464
0 0.119375 0.2642924086223055 0.01875 0.01218369259606373
0 0.440625 0.32427366447985007 0.045 0.05060918462980318
0 0.455 0.33083411433926896 0.0125 0.014058106841611996
0 0.363125 0.2970946579194002 0.06625 0.02530459231490159
0 0.4075 0.30880974695407687 0.04 0.044048734770384255
0 0.385625 0.27835051546391754 0.065 0.022492970946579195
0 0.741875 0.3542642924086223 0.01375 0.019681349578256794