0 0.878125 0.3071682464454976 0.04375 0.015995260663507108
0 0.82375 0.3003554502369668 0.03 0.011848341232227487
0 0.3025 0.49881516587677727 0.02625 0.011255924170616114
0 0.2975 0.48963270142180093 0.025 0.010071090047393365
0 0.3625 0.36255924170616116 0.02125 0.011848341232227487
0 0.115625 0.41084123222748814 0.02375 0.010071090047393365
0 0.185 0.3104265402843602 0.04625 0.015402843601895734
0 0.401875 0.5171800947867299 0.04125 0.02132701421800948
0 0.475625 0.3634478672985782 0.02 0.012440758293838863
0 0.62375 0.5909360189573459 0.025 0.011255924170616114
0 0.858125 0.605154028436019 0.03 0.015402843601895734
0 0.74125 0.5305094786729858 0.0275 0.014218009478672985
0 0.785 0.3566350710900474 0.01875 0.010071090047393365
0 0.721875 0.7316350710900474 0.04 0.0231042654028436
0 0.179375 0.5707938388625592 0.1125 0.06635071090047394
0 0.05 0.6217417061611374 0.1 0.04798578199052133
0 0.56 0.6252962085308057 0.0925 0.052132701421800945
0 0.864375 0.4979265402843602 0.08625 0.045023696682464455
0 0.695 0.3335308056872038 0.0775 0.03909952606635071
0 0.31375 0.2011255924170616 0.0975 0.032582938388625596
0 0.531875 0.23163507109004738 0.1575 0.034360189573459717
0 0.623125 0.7156398104265402 0.05125 0.021919431279620854
0 0.925 0.2591824644549763 0.09 0.059834123222748815
0 0.283125 0.26421800947867297 0.08375 0.02665876777251185
0 0.45 0.5343601895734598 0.10875 0.10426540284360189
0 0.103125 0.4934834123222749 0.1225 0.0740521327014218
0 0.646875 0.5743483412322274 0.115 0.037914691943127965
0 0.365 0.5654620853080569 0.11 0.12440758293838862
0 0.930625 0.3542654028436019 0.07125 0.0462085308056872
0 0.888125 0.3587085308056872 0.06125 0.04443127962085308
1 0.9325 0.5876777251184834 0.11375 0.08708530805687204
0 0.490625 0.49614928909952605 0.04625 0.021919431279620854
0 0.610625 0.45764218009478674 0.0325 0.009478672985781991
0 0.82125 0.5470971563981043 0.03125 0.012440758293838863
0 0.811875 0.5559834123222749 0.03375 0.011848341232227487
0 0.06375 0.7052725118483413 0.0325 0.013033175355450236
0 0.6825 0.37174170616113744 0.02 0.011255924170616114
0 0.635625 0.3350118483412322 0.01 0.012440758293838863
0 0.759375 0.24614928909952608 0.0225 0.008886255924170616
1 0.98 0.3924763033175355 0.04 0.04087677725118483