0 0.223125 0.2716232227488152 0.04125 0.014218009478672985
0 0.279375 0.2707345971563981 0.02875 0.01066350710900474
0 0.693125 0.5201421800947867 0.025 0.010071090047393365
0 0.7025 0.5115521327014217 0.02375 0.008886255924170616
0 0.699375 0.3806279620853081 0.01875 0.011255924170616114
0 0.916875 0.4540876777251185 0.0225 0.009478672985781991
0 0.896875 0.34893364928909953 0.04375 0.013625592417061612
0 0.5875 0.5272511848341233 0.0375 0.02014218009478673
0 0.58875 0.3696682464454976 0.0175 0.011848341232227487
0 0.33625 0.5752369668246445 0.02375 0.010071090047393365
0 0.10125 0.5642772511848341 0.02875 0.014218009478672985
0 0.250625 0.503850710900474 0.025 0.013033175355450236
0 0.29 0.3299763033175355 0.0175 0.009478672985781991
0 0.17375 0.7020142180094787 0.03625 0.021919431279620854
0 0.77875 0.6030805687203792 0.1025 0.06338862559241706
0 0.884375 0.6670616113744076 0.10125 0.04443127962085308
0 0.3825 0.6158175355450237 0.085 0.04917061611374408
0 0.145625 0.4591232227488152 0.08 0.04265402843601896
0 0.389375 0.3169431279620853 0.0725 0.03672985781990521
0 0.823125 0.22867298578199052 0.09375 0.029028436018957347
0 0.59625 0.23518957345971564 0.15375 0.02843601895734597
0 0.278125 0.696978672985782 0.0475 0.02014218009478673
0 0.200625 0.22008293838862558 0.08 0.057464454976303314
0 0.823125 0.29324644549763035 0.08 0.023696682464454975
0 0.5325 0.538803317535545 0.09125 0.10248815165876778
0 0.89 0.5361374407582938 0.11125 0.07049763033175356
0 0.321875 0.556872037914692 0.11 0.03376777251184834
0 0.600625 0.5781990521327014 0.08875 0.1226303317535545
0 0.149375 0.3119075829383886 0.06375 0.04443127962085308
0 0.18875 0.32109004739336494 0.055 0.043246445497630334
1 0.043125 0.5393957345971564 0.08625 0.08471563981042654
0 0.51125 0.49733412322274884 0.04375 0.020734597156398103
0 0.4125 0.446978672985782 0.03125 0.008293838862559242
0 0.165 0.5115521327014217 0.03 0.011255924170616114
0 0.169375 0.5213270142180095 0.0325 0.01066350710900474
0 0.8275 0.7464454976303317 0.03 0.011848341232227487
0 0.383125 0.35545023696682465 0.01875 0.01066350710900474
0 0.44625 0.32494075829383884 0.00875 0.011848341232227487
0 0.368125 0.22511848341232227 0.02125 0.008293838862559242
1 0.06 0.3415284360189573 0.08 0.037914691943127965
0 0.01 0.4416469194312796 0.0075 0.015995260663507108