0 0.77875 0.08622305529522024 0.04125 0.031865042174320526
0 0.936875 0.13355201499531397 0.0525 0.028116213683223992
0 0.50875 0.08809746954076851 0.02 0.015932521087160263
0 0.634375 0.246485473289597 0.0175 0.015932521087160263
0 0.314375 0.07966260543580131 0.04125 0.022492970946579195
0 0.14625 0.1021555763823805 0.0225 0.01780693533270853
0 0.79 0.6583880037488284 0.03875 0.033739456419868794
0 0.43875 0.6152764761012184 0.0325 0.02530459231490159
0 0.065 0.5548266166822868 0.02625 0.01874414245548266
0 0.20375 0.3711340206185567 0.02 0.014058106841611996
0 0.05625 0.4231490159325211 0.02 0.015932521087160263
0 0.746875 0.7582005623242737 0.0425 0.031865042174320526
0 0.068125 0.7160262417994376 0.02625 0.020618556701030927
0 0.086875 0.6494845360824743 0.03 0.030927835051546393
0 0.043125 0.7211808809746955 0.02375 0.022492970946579195
1 0.905625 0.6354264292408622 0.16875 0.14058106841611998
0 0.55375 0.5688847235238987 0.10125 0.08434864104967198
0 0.226875 0.5332708528584817 0.1125 0.07403936269915651
0 0.59 0.5 0.11875 0.08247422680412371
0 0.08625 0.5998125585754451 0.1 0.07966260543580131
0 0.7325 0.39737582005623245 0.05375 0.04029990627928772
0 0.185 0.5356138706654171 0.07875 0.04873477038425492
0 0.76625 0.8964386129334583 0.07 0.03936269915651359
0 0.825 0.1958762886597938 0.05375 0.03467666354264293
0 0.0625 0.32849109653233366 0.085 0.1049671977507029
0 0.703125 0.7685098406747891 0.05875 0.029053420805998126
0 0.48375 0.528584817244611 0.04875 0.033739456419868794
0 0.7825 0.9343955014058107 0.04875 0.028116213683223992
0 0.3175 0.8317713214620431 0.02125 0.013120899718837863
0 0.01375 0.9475164011246485 0.02625 0.014058106841611996
0 0.051875 0.3716026241799438 0.0725 0.056232427366447985
0 0.19 0.07497656982193064 0.0175 0.01218369259606373
0 0.40875 0.06841611996251172 0.01375 0.01218369259606373
0 0.416875 0.06607310215557638 0.01125 0.014058106841611996
0 0.3725 0.4456419868791003 0.01375 0.008434864104967198
0 0.41125 0.619493908153702 0.03125 0.026241799437675725
0 0.429375 0.6354264292408622 0.03125 0.01780693533270853
0 0.0725 0.4854732895970009 0.145 0.7835051546391752