0 0.920625 0.1724461105904405 0.0375 0.02717900656044986
0 0.883125 0.22774133083411435 0.035 0.02436738519212746
0 0.413125 0.29662605435801315 0.03375 0.02436738519212746
0 0.301875 0.21602624179943766 0.03625 0.026241799437675725
0 0.079375 0.12886597938144329 0.055 0.019681349578256794
0 0.236875 0.24320524835988752 0.01625 0.015932521087160263
0 0.90875 0.49812558575445176 0.015 0.011246485473289597
0 0.806875 0.3673851921274602 0.0325 0.02155576382380506
0 0.834375 0.4971883786316776 0.0275 0.01874414245548266
0 0.958125 0.46157450796626054 0.02375 0.01874414245548266
0 0.69 0.5815370196813496 0.02125 0.016869728209934397
0 0.940625 0.6012183692596064 0.0175 0.010309278350515464
0 0.765625 0.38331771321462044 0.015 0.013120899718837863
0 0.980625 0.41518275538894095 0.03125 0.04029990627928772
0 0.4725 0.41283973758200565 0.01375 0.016869728209934397
0 0.439375 0.3631677600749766 0.01875 0.014058106841611996
0 0.389375 0.604967197750703 0.02125 0.01499531396438613
0 0.83375 0.676663542642924 0.01625 0.013120899718837863
1 0.65625 0.5571696344892221 0.2425 0.21836925960637302
1 0.25375 0.39128397375820057 0.11125 0.08528584817244611
1 0.19 0.7872539831302718 0.16875 0.11808809746954077
0 0.79875 0.3149015932521087 0.0675 0.07216494845360824
1 0.200625 0.4939081537019681 0.1775 0.12371134020618557
0 0.696875 0.3908153701968135 0.09375 0.07029053420805999
1 0.124375 0.1893158388003749 0.24 0.1668228678537957
1 0.925625 0.6818181818181818 0.1125 0.08247422680412371
1 0.08 0.8341143392689785 0.1075 0.08059981255857544
0 0.746875 0.28959700093720714 0.0575 0.07403936269915651
0 0.193125 0.24133083411433928 0.0625 0.05810684161199625
0 0.556875 0.6368322399250235 0.11125 0.059044048734770385
1 0.693125 0.4250234301780694 0.24125 0.28865979381443296
0 0.20625 0.1836925960637301 0.06125 0.056232427366447985
0 0.378125 0.34817244611059045 0.05375 0.05716963448922212
0 0.79875 0.5707591377694471 0.0425 0.02717900656044986
0 0.918125 0.14198687910028115 0.03 0.01780693533270853
0 0.494375 0.17572633552014996 0.0125 0.010309278350515464
0 0.489375 0.19353327085285849 0.0125 0.010309278350515464
0 0.485 0.20056232427366447 0.02 0.014058106841611996
0 0.335625 0.29756326148078727 0.055 0.04592314901593252
1 0.311875 0.3252108716026242 0.15625 0.13495782567947517
0 0.440625 0.37488284910965325 0.01625 0.01218369259606373
0 0.479375 0.5346766635426429 0.015 0.006560449859418931
1 0.46 0.5880974695407685 0.1925 0.14432989690721648
0 0.66 0.6415182755388941 0.015 0.007497656982193065
0 0.555 0.5089034676663543 0.00875 0.01218369259606373
0 0.799375 0.5965323336457357 0.04 0.02717900656044986
1 0.7 0.4268978444236176 0.1625 0.16213683223992503
1 0.89 0.7849109653233365 0.1975 0.1415182755388941
0 0.91 0.7432052483598875 0.01375 0.011246485473289597