0 0.9875 0.2380506091846298 0.025 0.02999062792877226
0 0.945625 0.28772258669165884 0.0375 0.02717900656044986
0 0.46625 0.28772258669165884 0.03625 0.026241799437675725
0 0.378125 0.19259606373008434 0.03875 0.029053420805998126
0 0.18125 0.07544517338331772 0.05625 0.023430178069353328
0 0.306875 0.2104029990627929 0.0175 0.016869728209934397
0 0.90125 0.5567010309278351 0.015 0.011246485473289597
0 0.835 0.41377694470477977 0.035 0.023430178069353328
0 0.829375 0.5449859418931584 0.02875 0.020618556701030927
0 0.959375 0.5276476101218369 0.025 0.019681349578256794
0 0.665625 0.6073102155576382 0.0225 0.01780693533270853
0 0.906875 0.662136832239925 0.0175 0.011246485473289597
0 0.79 0.42361761949390814 0.01625 0.013120899718837863
0 0.9875 0.48500468603561386 0.025 0.04217432052483599
0 0.495 0.4104967197750703 0.015 0.016869728209934397
0 0.475 0.35660731021555764 0.02 0.01499531396438613
0 0.365 0.5871602624179943 0.0225 0.015932521087160263
0 0.783125 0.7211808809746955 0.0175 0.014058106841611996
1 0.63875 0.5787253983130272 0.265 0.23149015932521086
1 0.28625 0.3580131208997188 0.12 0.09184629803186505
1 0.123125 0.7375820056232427 0.18 0.1274601686972821
0 0.840625 0.3612933458294283 0.075 0.07497656982193064
1 0.2075 0.45126522961574506 0.19 0.13402061855670103
0 0.72125 0.42127460168697284 0.1 0.07497656982193064
1 0.21 0.14104967197750704 0.25625 0.17994376757263356
1 0.871875 0.739456419868791 0.12125 0.08903467666354264
1 0.030625 0.7680412371134021 0.06125 0.08716026241799438
0 0.795625 0.32849109653233366 0.065 0.07685098406747891
0 0.265 0.20196813495782567 0.06875 0.061855670103092786
0 0.52125 0.6424554826616682 0.11625 0.06560449859418932
1 0.70875 0.45407685098406747 0.27125 0.30084348641049674
0 0.2925 0.1471415182755389 0.0675 0.05998125585754452
0 0.41875 0.3331771321462043 0.06 0.05998125585754452
0 0.775625 0.612464854732896 0.045 0.029053420805998126
0 0.9925 0.20759137769447047 0.015 0.019681349578256794
0 0.576875 0.18088097469540768 0.01375 0.011246485473289597
0 0.5675 0.19775070290534208 0.01375 0.011246485473289597
0 0.56125 0.20384254920337394 0.02125 0.01499531396438613
0 0.390625 0.2778819119025305 0.06 0.04873477038425492
1 0.36 0.3013120899718838 0.17 0.14339268978444236
0 0.473125 0.36879100281162136 0.0175 0.013120899718837863
0 0.470625 0.5309278350515464 0.015 0.007497656982193065
1 0.43875 0.5805998125585754 0.20625 0.15463917525773196
0 0.62125 0.6616682286785379 0.01625 0.008434864104967198
0 0.551875 0.5168697282099344 0.01 0.01218369259606373
0 0.76875 0.6377694470477976 0.0425 0.029053420805998126
1 0.715 0.4568884723523899 0.17875 0.17057169634489222
1 0.810625 0.8355201499531396 0.21125 0.15182755388940955
0 0.840625 0.7975632614807873 0.015 0.01218369259606373