0 0.2725 0.09278350515463918 0.0375 0.01499531396438613
0 0.176875 0.1176194939081537 0.04 0.023430178069353328
0 0.739375 0.32849109653233366 0.0375 0.022492970946579195
0 0.77375 0.23430178069353327 0.03625 0.022492970946579195
0 0.839375 0.1471415182755389 0.0175 0.013120899718837863
0 0.809375 0.492970946579194 0.04375 0.03280224929709466
0 0.80875 0.4386129334582943 0.01625 0.01499531396438613
0 0.8575 0.6930646672914714 0.02125 0.01218369259606373
0 0.863125 0.761012183692596 0.02375 0.014058106841611996
0 0.861875 0.7277413308341143 0.025 0.014058106841611996
0 0.631875 0.817244611059044 0.01125 0.007497656982193065
0 0.814375 0.6382380506091846 0.04875 0.03280224929709466
0 0.35375 0.1944704779756326 0.02 0.033739456419868794
0 0.339375 0.2014995313964386 0.0175 0.016869728209934397
0 0.813125 0.5787253983130272 0.0475 0.03280224929709466
0 0.86125 0.8289597000937207 0.04375 0.030927835051546393
0 0.551875 0.8636363636363636 0.01625 0.013120899718837863
0 0.61 0.5745079662605436 0.01375 0.013120899718837863
0 0.428125 0.49109653233364575 0.01125 0.00937207122774133
0 0.43 0.48406747891283974 0.0125 0.010309278350515464
0 0.338125 0.4329896907216495 0.0125 0.010309278350515464
0 0.34125 0.4240862230552952 0.0175 0.00937207122774133
0 0.205 0.3580131208997188 0.01875 0.010309278350515464