0 0.173125 0.1330834114339269 0.03625 0.01218369259606373
0 0.085625 0.17104029990627928 0.0375 0.019681349578256794
0 0.69125 0.29756326148078727 0.035 0.019681349578256794
0 0.70125 0.19962511715089035 0.03375 0.019681349578256794
0 0.743125 0.1049671977507029 0.015 0.011246485473289597
0 0.801875 0.44892221180880976 0.04 0.02999062792877226
0 0.786875 0.39550140581068416 0.01375 0.013120899718837863
0 0.9 0.6387066541705717 0.01875 0.011246485473289597
0 0.923125 0.704311152764761 0.02125 0.01218369259606373
0 0.913125 0.6715089034676663 0.0225 0.01218369259606373
0 0.71 0.7928772258669166 0.01 0.006560449859418931
0 0.84375 0.5909090909090909 0.045 0.029053420805998126
0 0.27875 0.22071227741330834 0.015 0.033739456419868794
0 0.26625 0.23008434864104968 0.015 0.015932521087160263
0 0.8275 0.5323336457357076 0.04375 0.029053420805998126
0 0.938125 0.7713214620431116 0.04 0.02717900656044986
0 0.64375 0.8495782567947516 0.015 0.01218369259606373
0 0.626875 0.5576382380506092 0.01125 0.01218369259606373
0 0.4275 0.5018744142455482 0.01 0.008434864104967198
0 0.4275 0.4943767572633552 0.01125 0.00937207122774133
0 0.324375 0.45735707591377694 0.01125 0.00937207122774133
0 0.325 0.4484536082474227 0.0175 0.008434864104967198
0 0.174375 0.4029990627928772 0.0175 0.00937207122774133