0 0.32 0.31021555763823805 0.025 0.04311152764761012
1 0.469375 0.34114339268978444 0.23875 0.20618556701030927
1 0.2258375 0.27416119962511715 0.26832500000000004 0.2134208059981256
1 0.62125 0.8533270852858482 0.175 0.11152764761012184
0 0.3525 0.6611996251171509 0.0825 0.044048734770384255
1 0.65875 0.5238987816307404 0.16 0.13495782567947517
1 0.70375 0.7924086223055296 0.09 0.08153701968134958
0 0.549375 0.6443298969072165 0.08125 0.04029990627928772
0 0.97125 0.5679475164011246 0.055 0.06373008434864105
1 0.35 0.5328022492970946 0.33 0.1415182755388941
0 0.21875 0.5909090909090909 0.095 0.04967197750702906
0 0.325625 0.31958762886597936 0.03375 0.05998125585754452
0 0.855625 0.48870665417057174 0.07375 0.025398313027178973
0 0.373125 0.4662605435801312 0.04625 0.03280224929709466
1 0.503125 0.47375820056232426 0.20125 0.17150890346766634
1 0.3393 0.45456419868791004 0.13332499999999997 0.10875351452671037
0 0.8076875 0.5868697282099344 0.06963750000000005 0.03409559512652306
0 0.3875 0.34629803186504216 0.0375 0.03280224929709466
0 0.553125 0.5454545454545454 0.07625 0.046860356138706656
0 0.941875 0.7061855670103093 0.04125 0.04592314901593252
0 0.5206875 0.1885473289597001 0.033575000000000015 0.026579194001874428
0 0.39795 0.1662136832239925 0.034825000000000016 0.027947516401124643
0 0.288725 0.22939081537019682 0.0221875 0.013598875351452662
0 0.3034625 0.23887535145267103 0.00833750000000002 0.011799437675726339
0 0.5288125 0.3219025304592315 0.013700000000000045 0.009109653233364599
0 0.4882 0.32461105904404874 0.016724999999999993 0.010009372071227695
1 0.45208750000000003 0.3972446110590441 0.09977500000000006 0.09198687910028114
1 0.4599125 0.3155763823805061 0.1298625 0.09662605435801314
0 0.290525 0.4308528584817245 0.029412500000000036 0.02036551077788193
0 0.21502500000000002 0.4926710402999062 0.008387499999999975 0.0086316776007498
0 0.4791625 0.571883786316776 0.021525000000000034 0.011836925960637403
0 0.4572 0.56601686972821 0.018525000000000062 0.014536082474226796
0 0.398225 0.5470571696344892 0.09677499999999994 0.03799437675726332
0 0.5655375 0.4308528584817245 0.012549999999999955 0.009522024367385163
0 0.5893125 0.4373945641986879 0.009525000000000006 0.010880974695407698
0 0.6879875 0.5314901593252109 0.010699999999999932 0.013167760074976527
0 0.248 0.08812558575445173 0.016599999999999965 0.024301780693533278
1 0.268425 0.05984067478912839 0.09082499999999996 0.11967197750702906
0 0.9628749999999999 0.31798500468603563 0.03319999999999993 0.021349578256794725
0 0.804125 0.6130271790065605 0.07326249999999987 0.019653233364573596
1 0.9268375 0.6242924086223055 0.11300000000000011 0.1418556701030927
0 0.6525875000000001 0.6713683223992503 0.08423750000000005 0.01809746954076846
0 0.6560250000000001 0.6489971883786317 0.07738750000000003 0.034020618556700986
0 0.5908874999999999 0.6561761949390815 0.14184999999999995 0.09350515463917525
0 0.6645749999999999 0.897572633552015 0.02617500000000007 0.016054358013121002
0 0.14552500000000002 0.7042549203373946 0.057474999999999984 0.01998125585754446
0 0.1373 0.7446110590440488 0.03142499999999998 0.0235613870665418
0 0.045774999999999996 0.7240487347703842 0.028025 0.020646672914714125
0 0.13045 0.7857544517338332 0.023187500000000014 0.012455482661668195
1 0.133175 0.8109465791940018 0.10819999999999999 0.05564198687910018
1 0.1637125 0.8533552014995314 0.10912500000000001 0.06106841611996259
0 0.6505249999999999 0.40778819119025306 0.10067499999999996 0.21911902530459226