0 0.2225 0.1471415182755389 0.03875 0.03467666354264293
0 0.223125 0.24742268041237114 0.02625 0.03280224929709466
0 0.3425 0.1958762886597938 0.0275 0.02155576382380506
0 0.31 0.11152764761012184 0.0275 0.04217432052483599
0 0.289375 0.11293345829428304 0.02625 0.02530459231490159
0 0.1675 0.1790065604498594 0.01 0.007497656982193065
0 0.7275 0.22446110590440488 0.0325 0.046860356138706656
0 0.41125 0.2774133083411434 0.02375 0.01780693533270853
0 0.625625 0.23898781630740393 0.04 0.033739456419868794
0 0.98625 0.38191190253045926 0.0175 0.013120899718837863
0 0.899375 0.26991565135895035 0.02125 0.01780693533270853
0 0.815625 0.3444236176194939 0.03125 0.041237113402061855
0 0.273125 0.5074976569821931 0.0325 0.020618556701030927
0 0.195 0.5187441424554826 0.02875 0.020618556701030927
0 0.08125 0.5876288659793815 0.0275 0.020618556701030927
0 0.263125 0.4709465791940019 0.03 0.01874414245548266
0 0.25 0.4343955014058107 0.02 0.02530459231490159
0 0.265625 0.48922211808809746 0.03 0.01874414245548266
0 0.24625 0.6302717900656045 0.01875 0.01499531396438613
0 0.238125 0.41518275538894095 0.025 0.01499531396438613
0 0.19375 0.3683223992502343 0.02125 0.014058106841611996
0 0.3325 0.5388940955951266 0.02875 0.031865042174320526
0 0.533125 0.5004686035613871 0.03 0.02436738519212746
0 0.351875 0.5595126522961574 0.02125 0.015932521087160263
0 0.375625 0.3458294283036551 0.01625 0.02155576382380506
0 0.44 0.5712277413308341 0.01875 0.01780693533270853
0 0.56125 0.5229615745079662 0.01875 0.015932521087160263
0 0.535 0.41377694470477977 0.0175 0.016869728209934397
0 0.82875 0.43252108716026244 0.03375 0.026241799437675725
0 0.814375 0.46719775070290537 0.0225 0.01780693533270853
0 0.769375 0.6743205248359887 0.015 0.01499531396438613
0 0.799375 0.6307403936269915 0.015 0.01499531396438613
0 0.798125 0.5412371134020618 0.01625 0.01218369259606373
0 0.800625 0.4662605435801312 0.01625 0.015932521087160263
0 0.094375 0.6265229615745079 0.02875 0.02155576382380506
0 0.28125 0.7047797563261481 0.02625 0.02155576382380506
0 0.4475 0.7563261480787254 0.02875 0.019681349578256794
0 0.418125 0.7671040299906279 0.025 0.016869728209934397
0 0.33625 0.732427366447985 0.025 0.016869728209934397
0 0.4075 0.6757263355201499 0.02375 0.015932521087160263
0 0.80125 0.788191190253046 0.02125 0.019681349578256794
0 0.359375 0.6344892221180881 0.0875 0.06747891283973759
0 0.1575 0.07825679475164012 0.075 0.05248359887535145
0 0.488125 0.6021555763823805 0.11125 0.07310215557638237
0 0.579375 0.6574507966260543 0.18125 0.1218369259606373
0 0.795 0.1541705716963449 0.01875 0.026241799437675725
0 0.809375 0.16026241799437677 0.01375 0.016869728209934397
0 0.911875 0.211340206185567 0.04125 0.03655107778819119
0 0.75 0.24320524835988752 0.0175 0.015932521087160263
0 0.8025 0.32052483598875353 0.01875 0.023430178069353328
0 0.82 0.4526710402999063 0.0125 0.010309278350515464
0 0.831875 0.5871602624179943 0.02125 0.02530459231490159
0 0.81375 0.5745079662605436 0.0375 0.05529522024367385
0 0.4975 0.5923149015932521 0.02125 0.011246485473289597
0 0.515625 0.6073102155576382 0.05875 0.04592314901593252
0 0.445 0.4681349578256795 0.01875 0.01218369259606373
0 0.435 0.4700093720712277 0.0175 0.010309278350515464
0 0.38125 0.6776007497656982 0.02375 0.015932521087160263
0 0.815625 0.7895970009372071 0.02 0.015932521087160263
0 0.156875 0.18181818181818182 0.01375 0.00937207122774133
0 0.034375 0.3673851921274602 0.01375 0.010309278350515464