0 0.11 0.21321462043111528 0.03625 0.03280224929709466
0 0.145 0.309746954076851 0.02375 0.031865042174320526
0 0.243125 0.23711340206185566 0.02625 0.020618556701030927
0 0.1825 0.16166822867853795 0.02375 0.041237113402061855
0 0.163125 0.1668228678537957 0.02375 0.023430178069353328
0 0.068125 0.25445173383317715 0.01 0.007497656982193065
0 0.625 0.18978444236176195 0.02875 0.04498594189315839
0 0.3375 0.3022492970946579 0.02125 0.015932521087160263
0 0.53125 0.22352389878163073 0.0375 0.031865042174320526
0 0.92875 0.29194001874414244 0.01625 0.01218369259606373
0 0.80625 0.20056232427366447 0.01875 0.016869728209934397
0 0.75125 0.2881911902530459 0.0275 0.04029990627928772
0 0.283125 0.5515463917525774 0.03 0.01874414245548266
0 0.211875 0.5773195876288659 0.0275 0.019681349578256794
0 0.12625 0.6658856607310215 0.02625 0.019681349578256794
0 0.26125 0.5178069353327085 0.02875 0.016869728209934397
0 0.23625 0.4854732895970009 0.0175 0.02436738519212746
0 0.27 0.5346766635426429 0.0275 0.01780693533270853
0 0.299375 0.6747891283973758 0.0175 0.014058106841611996
0 0.2175 0.46860356138706655 0.02375 0.014058106841611996
0 0.15875 0.4320524835988753 0.02 0.013120899718837863
0 0.35125 0.569821930646673 0.02625 0.02999062792877226
0 0.531875 0.4939081537019681 0.0275 0.023430178069353328
0 0.3775 0.5862230552952202 0.02 0.01499531396438613
0 0.326875 0.3753514526710403 0.01375 0.02155576382380506
0 0.466875 0.5801312089971884 0.01625 0.016869728209934397
0 0.566875 0.5103092783505154 0.0175 0.01499531396438613
0 0.50375 0.41002811621368324 0.015 0.015932521087160263
0 0.794375 0.3711340206185567 0.03125 0.02436738519212746
0 0.7925 0.4072164948453608 0.02 0.016869728209934397
0 0.820625 0.6162136832239925 0.01375 0.014058106841611996
0 0.834375 0.5684161199625117 0.01375 0.014058106841611996
0 0.8025 0.48219306466729145 0.015 0.011246485473289597
0 0.77875 0.4090909090909091 0.015 0.01499531396438613
0 0.066875 0.8228678537956888 0.0275 0.019681349578256794
0 0.151875 0.7010309278350515 0.0275 0.020618556701030927
0 0.359375 0.7403936269915652 0.02375 0.019681349578256794
0 0.5375 0.7577319587628866 0.02625 0.01874414245548266
0 0.513125 0.7736644798500468 0.02375 0.015932521087160263
0 0.421875 0.7563261480787254 0.02375 0.015932521087160263
0 0.47125 0.6879100281162137 0.0225 0.014058106841611996
0 0.890625 0.7197750702905342 0.01875 0.01874414245548266
0 0.410625 0.6574507966260543 0.08125 0.06373008434864105
0 0.029375 0.15932521087160262 0.05875 0.04873477038425492
0 0.52375 0.6007497656982193 0.10625 0.06747891283973759
0 0.63125 0.6363636363636364 0.17125 0.11246485473289597
0 0.665625 0.10871602624179943 0.015 0.02530459231490159
0 0.68125 0.11199625117150891 0.0125 0.016869728209934397
0 0.798125 0.1415182755388941 0.0375 0.03467666354264293
0 0.6525 0.20384254920337394 0.015 0.01499531396438613
0 0.73 0.26804123711340205 0.01625 0.022492970946579195
0 0.7925 0.3917525773195876 0.01125 0.010309278350515464
0 0.850625 0.5196813495782568 0.01875 0.02436738519212746
0 0.82875 0.5112464854732895 0.03125 0.05435801312089972
0 0.529375 0.5895032802249297 0.02 0.00937207122774133
0 0.5525 0.6002811621368322 0.055 0.04311152764761012
0 0.435625 0.47985004686035615 0.01875 0.011246485473289597
0 0.426875 0.4835988753514527 0.01625 0.010309278350515464
0 0.446875 0.6944704779756327 0.0225 0.01499531396438613
0 0.905 0.7188378631677601 0.0175 0.01499531396438613
0 0.05875 0.2591377694470478 0.0125 0.008434864104967198
0 0.005 0.4620431115276476 0.01 0.00937207122774133