0 0.8925 0.24882849109653232 0.03875 0.02155576382380506
0 0.89875 0.17291471415182755 0.0375 0.01780693533270853
0 0.95875 0.08153701968134958 0.0175 0.01218369259606373
0 0.654375 0.28209934395501407 0.05125 0.023430178069353328
0 0.6775 0.27319587628865977 0.0525 0.019681349578256794
0 0.383125 0.19212746016869728 0.02625 0.03936269915651359
0 0.329375 0.04967197750702906 0.02875 0.00937207122774133
0 0.704375 0.4231490159325211 0.03 0.01874414245548266
0 0.41625 0.46579194001874413 0.04125 0.03280224929709466
0 0.45 0.6223055295220243 0.02625 0.023430178069353328
0 0.66 0.4967197750702905 0.01875 0.013120899718837863
0 0.00875 0.5759137769447048 0.0175 0.02530459231490159
0 0.953125 0.7638238050609185 0.03 0.04029990627928772
0 0.91875 0.8575445173383318 0.02 0.01780693533270853
0 0.006875 0.7160262417994376 0.01375 0.028116213683223992
0 0.51 0.7474226804123711 0.05 0.05529522024367385
0 0.675625 0.4700093720712277 0.0875 0.07310215557638237
0 0.355 0.8388003748828491 0.05125 0.05716963448922212
0 0.364375 0.19072164948453607 0.025 0.03655107778819119
0 0.208125 0.13917525773195877 0.03875 0.022492970946579195
0 0.264375 0.36082474226804123 0.01375 0.00937207122774133
0 0.628125 0.619962511715089 0.02875 0.03936269915651359
0 0.64 0.6213683223992502 0.02 0.02717900656044986
0 0.545 0.8392689784442362 0.0075 0.007497656982193065