0 0.904375 0.2591377694470478 0.04 0.022492970946579195
0 0.91375 0.1836925960637301 0.0375 0.01874414245548266
0 0.978125 0.09372071227741331 0.01875 0.013120899718837863
0 0.664375 0.28631677600749766 0.0525 0.02436738519212746
0 0.688125 0.2778819119025305 0.0525 0.020618556701030927
0 0.3975 0.1893158388003749 0.0275 0.03936269915651359
0 0.350625 0.045454545454545456 0.02875 0.010309278350515464
0 0.7075 0.4287722586691659 0.03 0.019681349578256794
0 0.4175 0.46344892221180883 0.0425 0.033739456419868794
0 0.44375 0.6208997188378632 0.0275 0.023430178069353328
0 0.66 0.5009372071227741 0.02 0.014058106841611996
0 0.0075 0.5623242736644799 0.015 0.026241799437675725
0 0.940625 0.7755388940955952 0.03125 0.04029990627928772
0 0.901875 0.8683223992502344 0.02125 0.01780693533270853
0 0.498125 0.7474226804123711 0.05125 0.056232427366447985
0 0.676875 0.4746954076850984 0.09 0.07497656982193064
0 0.339375 0.8345829428303655 0.05375 0.05810684161199625
0 0.379375 0.18744142455482662 0.02625 0.03655107778819119
0 0.225625 0.1316776007497657 0.04 0.023430178069353328
0 0.27125 0.3547328959700094 0.01375 0.00937207122774133
0 0.6225 0.6232427366447985 0.03 0.04029990627928772
0 0.634375 0.6251171508903468 0.02125 0.02717900656044986
0 0.529375 0.8402061855670103 0.00875 0.007497656982193065