0 0.144375 0.21930646672914714 0.03625 0.01874414245548266
0 0.14875 0.14339268978444236 0.035 0.01499531396438613
0 0.101875 0.04779756326148079 0.01625 0.011246485473289597
0 0.376875 0.2713214620431115 0.04875 0.019681349578256794
0 0.354925 0.26055295220243674 0.050662499999999965 0.015567010309278363
0 0.6589375 0.20304592314901593 0.0211375000000001 0.03777881911902531
0 0.7325 0.06560449859418932 0.0275 0.007497656982193065
0 0.3075 0.4076850984067479 0.0275 0.016869728209934397
0 0.58825 0.47234301780693533 0.037437500000000054 0.02996251171508906
0 0.5329999999999999 0.6254451733833177 0.023499999999999945 0.02146204311152773
0 0.34125 0.48406747891283974 0.0175 0.01218369259606373
0 0.984375 0.6143392689784443 0.02875 0.023430178069353328
0 0.012375 0.7268041237113402 0.02475 0.03841611996251172
0 0.0334375 0.8226335520149953 0.018125 0.01640112464854733
0 0.971875 0.7549203373945642 0.03375 0.02530459231490159
0 0.4556875 0.7451733833177132 0.042362499999999984 0.05229615745079658
0 0.329375 0.4564198687910028 0.07875 0.06747891283973759
0 0.5968 0.8481255857544517 0.043612499999999985 0.05444236176194931
0 0.6777875 0.20296157450796626 0.020262500000000044 0.03491096532333646
0 0.8403375 0.1639268978444236 0.03641250000000014 0.019409559512652278
0 0.7537125 0.3802249297094658 0.012750000000000056 0.008425492033739466
0 0.35585 0.609203373945642 0.02364999999999995 0.038078725398313126
0 0.343825 0.6097656982193065 0.01613749999999996 0.025595126522961524
0 0.40771250000000003 0.8339550140581069 0.007112500000000068 0.006719775070290602