0 0.77125 0.15370196813495782 0.03375 0.02155576382380506
0 0.888125 0.2310215557638238 0.03625 0.022492970946579195
0 0.979375 0.28069353327085284 0.01375 0.02155576382380506
0 0.659375 0.2694470477975633 0.025 0.02155576382380506
0 0.185625 0.46579194001874413 0.03375 0.03280224929709466
0 0.13625 0.5576382380506092 0.02875 0.01874414245548266
0 0.125625 0.6785379568884724 0.03375 0.01874414245548266
0 0.949375 0.46157450796626054 0.0375 0.02999062792877226
0 0.97125 0.514058106841612 0.0375 0.02530459231490159
0 0.13625 0.7769447047797563 0.03125 0.01780693533270853
1 0.66 0.7839737582005624 0.12875 0.1021555763823805
1 0.395625 0.6002811621368322 0.18625 0.14526710402999063
0 0.77625 0.23195876288659795 0.0675 0.05060918462980318
0 0.0525 0.4939081537019681 0.06125 0.028116213683223992
1 0.655 0.5014058106841612 0.15625 0.13214620431115276
0 0.935625 0.7661668228678538 0.08625 0.06373008434864105
0 0.8525 0.7656982193064668 0.09625 0.08903467666354264
0 0.585 0.12136832239925023 0.05 0.03280224929709466
0 0.865625 0.4250234301780694 0.04875 0.04311152764761012
1 0.598125 0.37207122774133083 0.20375 0.15745079662605435
0 0.9375 0.5529522024367385 0.04375 0.03936269915651359
0 0.1925 0.6012183692596064 0.08875 0.05529522024367385
1 0.418125 0.34723523898781633 0.16875 0.12933458294283037
1 0.31125 0.4629803186504217 0.23125 0.17432052483598875
1 0.58125 0.627460168697282 0.21625 0.1733833177132146
1 0.783125 0.7193064667291471 0.26 0.14995313964386128
0 0.848125 0.7722586691658857 0.03 0.02155576382380506
0 0.835 0.7061855670103093 0.015 0.011246485473289597
0 0.98625 0.5913776944704779 0.0275 0.041237113402061855
0 0.999375 0.5641986879100281 0.00125 0.00937207122774133
0 0.965 0.5595126522961574 0.02 0.026241799437675725
0 0.955625 0.4873477038425492 0.03625 0.02436738519212746
0 0.98375 0.3964386129334583 0.02 0.01499531396438613
0 0.6825 0.26101218369259604 0.02 0.015932521087160263
0 0.723125 0.12839737582005623 0.0275 0.01499531396438613
0 0.446875 0.11527647610121837 0.03625 0.019681349578256794
0 0.294375 0.10871602624179943 0.01875 0.013120899718837863
0 0.21625 0.10402999062792877 0.02625 0.016869728209934397
0 0.304375 0.23289597000937207 0.02 0.01218369259606373
0 0.33875 0.36035613870665417 0.02 0.01780693533270853
0 0.324375 0.39737582005623245 0.015 0.010309278350515464
0 0.416875 0.4536082474226804 0.01 0.015932521087160263
0 0.48875 0.3233364573570759 0.01125 0.01499531396438613
0 0.523125 0.33083411433926896 0.02125 0.00937207122774133
0 0.686875 0.34208059981255856 0.01625 0.019681349578256794
0 0.526875 0.3673851921274602 0.0175 0.01218369259606373
0 0.529375 0.38003748828491096 0.015 0.016869728209934397
0 0.626875 0.4835988753514527 0.015 0.010309278350515464
0 0.5375 0.5735707591377694 0.01875 0.011246485473289597
0 0.44625 0.57029053420806 0.01625 0.014058106841611996
0 0.32125 0.6387066541705717 0.02375 0.01780693533270853
0 0.18875 0.8683223992502344 0.03 0.01499531396438613
0 0.125 0.5791940018744143 0.03875 0.04029990627928772
0 0.08375 0.5735707591377694 0.05375 0.04029990627928772
0 0.05 0.47282099343955014 0.05375 0.02436738519212746