0 0.8475 0.1944704779756326 0.03625 0.023430178069353328
0 0.944375 0.28537956888472354 0.03875 0.023430178069353328
0 0.710625 0.29381443298969073 0.0275 0.022492970946579195
0 0.198125 0.42549203373945643 0.03625 0.03467666354264293
0 0.128125 0.5093720712277413 0.03 0.020618556701030927
0 0.09 0.627460168697282 0.035 0.020618556701030927
0 0.95125 0.520618556701031 0.04 0.031865042174320526
0 0.960625 0.5749765698219307 0.04 0.02717900656044986
0 0.0775 0.725398313027179 0.0325 0.019681349578256794
1 0.591875 0.8008434864104967 0.1375 0.1077788191190253
1 0.374375 0.5852858481724461 0.1975 0.15370196813495782
0 0.83375 0.2717900656044986 0.07125 0.053420805998125584
0 0.060625 0.43580131208997186 0.06375 0.030927835051546393
1 0.6525 0.5215557638238051 0.1675 0.1387066541705717
0 0.866875 0.8191190253045924 0.09125 0.06841611996251172
0 0.785625 0.8078725398313027 0.10375 0.09278350515463918
0 0.67125 0.13823805060918462 0.0525 0.03467666354264293
0 0.8775 0.47375820056232426 0.0525 0.04498594189315839
1 0.62625 0.3865979381443299 0.21625 0.1668228678537957
0 0.91875 0.6087160262417994 0.0475 0.041237113402061855
0 0.17375 0.5599812558575445 0.0925 0.059044048734770385
1 0.454375 0.3388003748828491 0.17875 0.13683223992502344
1 0.323125 0.4386129334582943 0.24625 0.1846298031865042
1 0.550625 0.6358950328022493 0.23 0.1836925960637301
1 0.728125 0.753045923149016 0.27125 0.16213683223992503
0 0.78 0.8134957825679475 0.03125 0.023430178069353328
0 0.781875 0.746485473289597 0.01625 0.01218369259606373
0 0.961875 0.6541705716963448 0.03875 0.04311152764761012
0 0.98 0.6283973758200563 0.0075 0.00937207122774133
0 0.944375 0.6190253045923149 0.0225 0.02717900656044986
0 0.95125 0.5468603561387066 0.03875 0.026241799437675725
0 0.995 0.4606373008434864 0.01 0.015932521087160263
0 0.735625 0.2881911902530459 0.02125 0.016869728209934397
0 0.805625 0.16307403936269915 0.02875 0.015932521087160263
0 0.536875 0.11387066541705718 0.0375 0.02155576382380506
0 0.388125 0.08762886597938144 0.02 0.014058106841611996
0 0.3125 0.07310215557638237 0.0275 0.01780693533270853
0 0.369375 0.21180880974695407 0.02 0.013120899718837863
0 0.064375 0.10590440487347703 0.00875 0.013120899718837863
0 0.373125 0.3416119962511715 0.02125 0.01780693533270853
0 0.350625 0.37582005623242737 0.01625 0.011246485473289597
0 0.42875 0.44329896907216493 0.01125 0.015932521087160263
0 0.529375 0.3247422680412371 0.0125 0.01499531396438613
0 0.561875 0.3364573570759138 0.02125 0.010309278350515464
0 0.720625 0.36879100281162136 0.01875 0.019681349578256794
0 0.5575 0.3725398313027179 0.01875 0.013120899718837863
0 0.556875 0.3856607310215558 0.0175 0.01780693533270853
0 0.62875 0.5004686035613871 0.01625 0.011246485473289597
0 0.52 0.5773195876288659 0.01875 0.01218369259606373
0 0.430625 0.5623242736644799 0.0175 0.01499531396438613
0 0.291875 0.6134020618556701 0.025 0.01874414245548266
0 0.108125 0.8223992502343018 0.03125 0.016869728209934397
0 0.111875 0.5290534208059982 0.0425 0.04217432052483599
0 0.073125 0.5182755388940956 0.0575 0.04217432052483599
0 0.063125 0.4147141518275539 0.05625 0.02717900656044986