0 0.7950624999999999 0.16478912839737583 0.032637499999999875 0.020309278350515478
0 0.9063125 0.24658856607310217 0.03513749999999988 0.020824742268041263
0 0.99375 0.29996251171508903 0.0125 0.020721649484536097
0 0.6754875 0.2759512652296157 0.024037500000000024 0.020412371134020592
0 0.188125 0.4536082474226804 0.03125 0.031865042174320526
0 0.1325 0.5431115276476102 0.0275 0.01780693533270853
0 0.11375 0.6638050609184629 0.0325 0.01739456419868786
0 0.95125 0.4793814432989691 0.035 0.029053420805998126
0 0.969375 0.5323336457357076 0.03625 0.02436738519212746
0 0.1175 0.7624742268041237 0.03 0.016869728209934397
1 0.64 0.7900656044985942 0.1225 0.09746954076850985
1 0.3889375 0.5960637300843487 0.17674999999999996 0.1387066541705717
0 0.794375 0.24320524835988752 0.06375 0.04779756326148079
0 0.053687500000000006 0.47631677600749767 0.05986250000000001 0.02580131208997186
1 0.655 0.5074976569821931 0.1475 0.12652296157450796
0 0.91625 0.7830365510777882 0.0825 0.06091846298031865
0 0.83375 0.7792877225866917 0.09 0.08528584817244611
0 0.61125 0.12506091846298031 0.0475 0.030824742268041223
0 0.870625 0.4395501405810684 0.04625 0.041237113402061855
1 0.60685 0.3760824742268041 0.19379999999999994 0.15046860356138703
0 0.933125 0.569821930646673 0.04125 0.03748828491096532
0 0.1861125 0.5891940018744142 0.08528750000000002 0.051855670103092714
1 0.42865000000000003 0.3443017806935333 0.16017499999999998 0.12286785379568887
1 0.3142375 0.45541705716963454 0.22041250000000004 0.16588566073102162
1 0.5722375000000001 0.6304498594189316 0.20462499999999992 0.1658669165885661
1 0.7672374999999999 0.7301312089971883 0.25 0.14017806935332702
0 0.8288500000000001 0.7857075913776945 0.028587499999999863 0.020712277413308257
0 0.82005 0.7190346766635427 0.014699999999999989 0.011021555763823796
0 0.983575 0.6108059981255858 0.03284999999999996 0.040000000000000056
0 0.9972 0.58369259606373 0.005587500000000034 0.009147141518275531
0 0.9601500000000001 0.577647610121837 0.018287500000000137 0.025407685098406654
0 0.9556999999999999 0.5052671040299906 0.03497500000000002 0.023317713214620533
0 0.990525 0.4157825679475164 0.018950000000000102 0.01455482661668226
0 0.6992125 0.2683036551077788 0.019424999999999956 0.014948453608247465
0 0.748725 0.13753514526710403 0.027199999999999988 0.013730084348641028
0 0.4736 0.11353327085285848 0.03444999999999993 0.018294283036551087
0 0.32170000000000004 0.10102155576382381 0.01776250000000001 0.01245548266166822
0 0.244375 0.093514526710403 0.025562499999999985 0.015791940018744136
0 0.32337499999999997 0.22574507966260543 0.018862500000000004 0.011611996251171496
0 0.0036875000000000002 0.14858481724461106 0.007362499999999998 0.012464854732895981
0 0.3484125 0.35424554826616683 0.01886250000000004 0.016635426429240863
0 0.331725 0.39053420805998124 0.014424999999999955 0.009953139643861297
0 0.4201875 0.45039362699156515 0.00885000000000005 0.015360824742268029
0 0.50085 0.32316776007497655 0.009962500000000034 0.01455482661668226
0 0.5347999999999999 0.3319306466729147 0.020087500000000064 0.008716026241799395
0 0.6978 0.34944704779756325 0.015475000000000136 0.018716026241799463
0 0.5361875 0.3684254920337395 0.0171875 0.011630740393626961
0 0.537575 0.3811527647610122 0.014412499999999965 0.01621368322399246
0 0.6279875 0.48856607310215555 0.014950000000000045 0.009943767572633459
0 0.532575 0.5749109653233364 0.017750000000000057 0.010768509840674798
0 0.441325 0.5680318650421744 0.015537499999999937 0.013701968134957724
0 0.3116875 0.6314432989690721 0.022225000000000036 0.0170384254920338
0 0.16368749999999999 0.8556607310215558 0.028887500000000017 0.014095595126522928
0 0.11973750000000001 0.564489222118088 0.036675000000000006 0.039156513589503256
0 0.0791125 0.5571977507029053 0.05115 0.037910028116213725
0 0.0526875 0.45520149953139644 0.0528125 0.022483598875351462