0 0.79125 0.09746954076850985 0.03 0.01874414245548266
0 0.534375 0.23570759137769448 0.03625 0.019681349578256794
0 0.6975 0.4400187441424555 0.0175 0.01218369259606373
0 0.646875 0.6382380506091846 0.03625 0.028116213683223992
0 0.613125 0.5224929709465792 0.01625 0.010309278350515464
0 0.33 0.49625117150890347 0.0375 0.02717900656044986
0 0.201875 0.604967197750703 0.03125 0.019681349578256794
0 0.354375 0.6991565135895033 0.02125 0.013120899718837863
0 0.31375 0.7628865979381443 0.02 0.013120899718837863
1 0.738125 0.450796626054358 0.25375 0.15557638238050608
0 0.4375 0.7193064667291471 0.065 0.05716963448922212
0 0.45125 0.3467666354264292 0.0725 0.04873477038425492
0 0.843125 0.9020618556701031 0.06125 0.04592314901593252
0 0.428125 0.6138706654170571 0.05875 0.061855670103092786
0 0.645625 0.7624179943767573 0.05625 0.06091846298031865
0 0.434375 0.5356138706654171 0.08375 0.044048734770384255
0 0.6925 0.767572633552015 0.04 0.031865042174320526
0 0.13 0.2268041237113402 0.055 0.041237113402061855
1 0.135 0.7155576382380506 0.0975 0.03280224929709466
1 0.11625 0.37300843486410495 0.045 0.033739456419868794
1 0.15 0.8561387066541706 0.07 0.05716963448922212
1 0.260625 0.5135895032802249 0.05625 0.033739456419868794
0 0.5025 0.5829428303655108 0.0675 0.06373008434864105
1 0.23 0.46954076850984067 0.0375 0.05154639175257732
0 0.830625 0.09746954076850985 0.01875 0.010309278350515464
0 0.905 0.1991565135895033 0.0275 0.016869728209934397
0 0.534375 0.15604498594189317 0.0375 0.01874414245548266
1 0.204375 0.45407685098406747 0.05875 0.02999062792877226
1 0.084375 0.5656044985941893 0.0425 0.03936269915651359
1 0.29875 0.5590440487347704 0.0725 0.053420805998125584
0 0.166875 0.6180880974695407 0.02 0.01780693533270853
0 0.00875 0.8509840674789129 0.0175 0.019681349578256794
0 0.91375 0.7052483598875351 0.015 0.011246485473289597
0 0.625625 0.3781630740393627 0.025 0.008434864104967198
1 0.923125 0.4372071227741331 0.15375 0.16026241799437677
1 0.85 0.492970946579194 0.03125 0.03280224929709466
1 0.874375 0.4896907216494845 0.02875 0.04498594189315839
0 0.005 0.3458294283036551 0.01 0.01218369259606373