0 0.145625 0.12699156513589505 0.0325 0.02155576382380506
0 0.423125 0.2408622305529522 0.03875 0.022492970946579195
0 0.294375 0.45829428303655106 0.01875 0.014058106841611996
0 0.376875 0.6504217432052484 0.04 0.030927835051546393
0 0.39125 0.5328022492970946 0.0175 0.01218369259606373
0 0.668125 0.48078725398313027 0.04125 0.02999062792877226
0 0.813125 0.5768509840674789 0.03375 0.022492970946579195
0 0.676875 0.6841611996251171 0.02375 0.01499531396438613
0 0.7275 0.7441424554826617 0.0225 0.01499531396438613
1 0.255625 0.47282099343955014 0.2775 0.1780693533270853
0 0.5975 0.711808809746954 0.07375 0.06279287722586692
0 0.52375 0.3434864104967198 0.08 0.05529522024367385
0 0.225 0.9306466729147141 0.06875 0.05154639175257732
0 0.59 0.6063730084348641 0.06875 0.06654170571696345
0 0.398125 0.7736644798500468 0.06625 0.06560449859418932
0 0.570625 0.5295220243673852 0.09 0.05154639175257732
0 0.3525 0.7830365510777882 0.045 0.03561387066541706
0 0.823125 0.1949390815370197 0.06125 0.04592314901593252
1 0.8975 0.6804123711340206 0.1025 0.041237113402061855
1 0.86 0.3388003748828491 0.05 0.03748828491096532
1 0.905 0.8214620431115276 0.07875 0.06279287722586692
1 0.74 0.4915651358950328 0.06125 0.038425492033739454
0 0.51125 0.5824742268041238 0.0775 0.07029053420805999
1 0.763125 0.4451733833177132 0.04625 0.05435801312089972
0 0.10625 0.13074039362699155 0.02 0.011246485473289597
0 0.04875 0.2380506091846298 0.03 0.019681349578256794
0 0.41 0.16213683223992503 0.04 0.022492970946579195
1 0.785625 0.42783505154639173 0.06375 0.03467666354264293
1 0.923125 0.5271790065604499 0.04875 0.04311152764761012
1 0.709375 0.5398313027179007 0.08 0.05998125585754452
0 0.849375 0.5866916588566073 0.0225 0.019681349578256794
0 0.1225 0.7413308341143393 0.0175 0.01218369259606373
0 0.355625 0.39034676663542645 0.02625 0.011246485473289597
1 0.079375 0.47563261480787256 0.15875 0.1733833177132146
1 0.151875 0.5248359887535146 0.03625 0.03467666354264293
1 0.12625 0.5238987816307404 0.035 0.046860356138706656
0 0.96625 0.30178069353327086 0.01125 0.013120899718837863