0 0.05625 0.10356138706654171 0.035 0.008434864104967198
0 0.25056249999999997 0.11152764761012184 0.036112499999999985 0.01874414245548266
0 0.3725 0.2034208059981256 0.0375 0.01884723523898783
0 0.5053375 0.13087160262417993 0.0525 0.010412371134020632
0 0.9925 0.04311152764761012 0.0125 0.011246485473289597
0 0.42 0.5965323336457357 0.01 0.006560449859418931
0 0.989375 0.4475164011246485 0.01875 0.014058106841611996
0 0.435 0.9259606373008434 0.03 0.01874414245548266
0 0.608125 0.7764761012183693 0.03125 0.01780693533270853
0 0.36625 0.851921274601687 0.02 0.011246485473289597
0 0.818125 0.7914714151827554 0.01875 0.014058106841611996
0 0.498125 0.3697282099343955 0.11875 0.10402999062792877
0 0.27375 0.6616682286785379 0.1175 0.056232427366447985
0 0.586875 0.3055295220243674 0.05125 0.06747891283973759
0 0.1725 0.09418931583880037 0.0875 0.03655107778819119
0 0.751875 0.9292408622305529 0.04625 0.03655107778819119
0 0.6675 0.07310215557638237 0.1375 0.046860356138706656
0 0.840625 0.21508903467666354 0.14125 0.13964386129334583
0 0.24125 0.3673851921274602 0.02 0.07310215557638237
1 0.91375 0.4082099343955014 0.1725 0.15797563261480793
1 0.970475 0.632211808809747 0.05905000000000001 0.19200562324273676
1 0.17577500000000001 0.5973008434864105 0.23095 0.10369259606373017
0 0.498625 0.5520056232427366 0.01958749999999995 0.00892221180880973
0 0.5759125 0.4817525773195876 0.015862500000000068 0.007394564198687951
0 0.5757375 0.47477975632614805 0.031087500000000004 0.010684161199625095
0 0.49896250000000003 0.541593252108716 0.04732500000000002 0.010834114339268928
0 0.5584875 0.4652671040299906 0.060174999999999985 0.01136832239925023
0 0.6357875 0.41074039362699155 0.015862500000000068 0.008837863167760028
0 0.4377375 0.10312089971883787 0.033799999999999955 0.01847235238987817
0 0.3276375 0.28609184629803186 0.015862500000000033 0.07096532333645739
1 0.19316250000000001 0.5415463917525773 0.1935125 0.1596719775070291
1 0.16885000000000003 0.5022399250234302 0.11880000000000003 0.18090909090909088
1 0.060625 0.4536082474226804 0.12125 0.14807872539831302
0 0.045274999999999996 0.45668228678537953 0.09054999999999999 0.1215089034676664
0 0.020625 0.48922211808809746 0.04125 0.01874414245548266
0 0.021425 0.50912839737582 0.042837500000000014 0.015117150890346868
0 0.1038125 0.5680318650421744 0.014824999999999982 0.07430178069353324
1 0.8384375 0.666738519212746 0.010324999999999989 0.008359887535145336
1 0.836625 0.6221836925960638 0.22547500000000015 0.1851921274601686
0 0.75755 0.5067291471415182 0.009712499999999978 0.010112464854732862