0 0.134375 0.06091846298031865 0.03625 0.01218369259606373
0 0.325 0.0895032802249297 0.03875 0.022492970946579195
0 0.42875 0.19306466729147143 0.04125 0.022492970946579195
0 0.57375 0.13495782567947517 0.05375 0.015932521087160263
0 0.403125 0.5871602624179943 0.01125 0.007497656982193065
0 0.991875 0.4990627928772259 0.01625 0.015932521087160263
0 0.356875 0.915182755388941 0.03375 0.02155576382380506
0 0.555625 0.7849109653233365 0.03375 0.020618556701030927
0 0.3025 0.8345829428303655 0.0225 0.013120899718837863
0 0.760625 0.8219306466729147 0.02125 0.015932521087160263
0 0.5225 0.37066541705716965 0.1375 0.11527647610121837
0 0.24625 0.6363636363636364 0.12625 0.06747891283973759
0 0.621875 0.31630740393626994 0.06375 0.07216494845360824
0 0.25125 0.06419868791002811 0.09375 0.04498594189315839
0 0.67 0.9512652296157451 0.0525 0.041237113402061855
0 0.745 0.09465791940018745 0.145 0.06091846298031865
0 0.89 0.253514526710403 0.16625 0.1527647610121837
0 0.268125 0.3416119962511715 0.03375 0.07403936269915651
1 0.913125 0.45173383317713217 0.17375 0.17432052483598875
1 0.94125 0.6799437675726335 0.09375 0.1958762886597938
1 0.160625 0.5623242736644799 0.2475 0.12652296157450796
0 0.48875 0.5515463917525774 0.02125 0.011246485473289597
0 0.57875 0.4896907216494845 0.0175 0.00937207122774133
0 0.579375 0.4831302717900656 0.0325 0.014058106841611996
0 0.49125 0.5412371134020618 0.04875 0.015932521087160263
0 0.564375 0.471883786316776 0.06125 0.01780693533270853
0 0.65125 0.4259606373008435 0.0175 0.010309278350515464
0 0.511875 0.10028116213683223 0.0375 0.02155576382380506
0 0.36875 0.2703842549203374 0.02875 0.07216494845360824
1 0.188125 0.5089034676663543 0.22125 0.1780693533270853
1 0.171875 0.4676663542642924 0.15125 0.19119025304592316
1 0.07375 0.40815370196813494 0.1475 0.15932521087160262
0 0.0575 0.4095595126522962 0.1125 0.12933458294283037
0 0.0275 0.43908153701968133 0.04375 0.022492970946579195
0 0.024375 0.4592314901593252 0.045 0.019681349578256794
0 0.095 0.5262417994376757 0.02875 0.07497656982193064
1 0.804375 0.7005623242736645 0.01125 0.00937207122774133
1 0.810625 0.6560449859418932 0.2575 0.20712277413308341
0 0.75375 0.5337394564198688 0.01125 0.011246485473289597