0 0.925 0.0923149015932521 0.035 0.00937207122774133
0 0.73125 0.10543580131208997 0.0375 0.019681349578256794
0 0.61375 0.2000937207122774 0.03875 0.019681349578256794
0 0.4775 0.13120899718837864 0.0525 0.01218369259606373
0 0.584375 0.5941893158388004 0.01 0.006560449859418931
0 0.009375 0.46016869728209936 0.01875 0.01499531396438613
0 0.585 0.9240862230552952 0.03125 0.019681349578256794
0 0.405 0.7792877225866917 0.0325 0.01874414245548266
0 0.65 0.8481724461105904 0.02 0.01218369259606373
0 0.195625 0.7994376757263355 0.02 0.01499531396438613
0 0.495625 0.3697282099343955 0.12375 0.10684161199625117
0 0.73375 0.6555763823805061 0.12 0.059044048734770385
0 0.404375 0.3078725398313027 0.05375 0.06841611996251172
0 0.808125 0.08575445173383317 0.08875 0.038425492033739454
0 0.268125 0.9358013120899719 0.0475 0.03748828491096532
0 0.3125 0.07778819119025304 0.14 0.05060918462980318
0 0.14625 0.22399250234301782 0.1475 0.14339268978444236
0 0.7525 0.36082474226804123 0.02375 0.07403936269915651
1 0.08625 0.4184629803186504 0.1725 0.16213683223992503
1 0.03625 0.6443298969072165 0.0675 0.19306466729147143
1 0.82875 0.5885660731021556 0.23625 0.10965323336457357
0 0.50375 0.5520149953139644 0.02 0.00937207122774133
0 0.423125 0.4835988753514527 0.01625 0.007497656982193065
0 0.423125 0.4765698219306467 0.03125 0.011246485473289597
0 0.503125 0.5417057169634489 0.0475 0.01218369259606373
0 0.44 0.46672914714151825 0.06125 0.013120899718837863
0 0.36 0.41424554826616683 0.01625 0.00937207122774133
0 0.54375 0.10168697282099344 0.035 0.019681349578256794
0 0.6625 0.281630740393627 0.01875 0.07122774133083412
1 0.80875 0.5332708528584817 0.20125 0.16494845360824742
1 0.83125 0.49343955014058105 0.1275 0.1836925960637301
1 0.93625 0.44189315838800375 0.1275 0.15089034676663543
0 0.951875 0.4442361761949391 0.09625 0.12371134020618557
0 0.97875 0.4765698219306467 0.0425 0.019681349578256794
0 0.978125 0.49625117150890347 0.04375 0.015932521087160263
0 0.899375 0.5576382380506092 0.01875 0.07497656982193064
1 0.169375 0.6757263355201499 0.01125 0.008434864104967198
1 0.169375 0.6307403936269915 0.23375 0.19119025304592316
0 0.243125 0.5135895032802249 0.01 0.010309278350515464