0 0.195625 0.3477038425492034 0.08625 0.07497656982193064
0 0.689375 0.1991565135895033 0.08375 0.05435801312089972
0 0.646875 0.5651358950328023 0.05125 0.038425492033739454
1 0.441875 0.7713214620431116 0.315 0.15932521087160262
0 0.909375 0.8186504217432052 0.0475 0.031865042174320526
0 0.945625 0.48078725398313027 0.04875 0.038425492033739454
0 0.873125 0.6532333645735707 0.04875 0.03561387066541706
0 0.844375 0.3252108716026242 0.04625 0.028116213683223992
0 0.7425 0.6377694470477976 0.04875 0.03561387066541706
0 0.671875 0.5342080599812559 0.04875 0.029053420805998126
0 0.37 0.1958762886597938 0.05125 0.038425492033739454
1 0.7375 0.8280224929709465 0.30875 0.15463917525773196
0 0.894375 0.6087160262417994 0.06 0.04029990627928772
0 0.8325 0.4245548266166823 0.045 0.03561387066541706
0 0.77 0.6780693533270853 0.0775 0.03936269915651359
0 0.691875 0.5098406747891284 0.0475 0.02530459231490159
0 0.901875 0.7385192127460168 0.04625 0.030927835051546393
0 0.58375 0.3430178069353327 0.04375 0.029053420805998126
0 0.470625 0.32849109653233366 0.03625 0.02530459231490159
0 0.4625 0.2521087160262418 0.03625 0.02436738519212746
0 0.9025 0.4948453608247423 0.05 0.03467666354264293
0 0.86125 0.5838800374882849 0.0425 0.030927835051546393
1 0.280625 0.45313964386129335 0.30375 0.15089034676663543
0 0.398125 0.29662605435801315 0.0175 0.011246485473289597
0 0.005625 0.23758200562324275 0.01125 0.023430178069353328
0 0.03125 0.34114339268978444 0.02875 0.01499531396438613
0 0.915 0.31724461105904406 0.02375 0.019681349578256794
0 0.976875 0.373477038425492 0.0175 0.030927835051546393
0 0.034375 0.6424554826616682 0.03125 0.02530459231490159
0 0.055625 0.42642924086223055 0.02875 0.015932521087160263
0 0.133125 0.6925960637300843 0.02375 0.01780693533270853
0 0.0925 0.6808809746954076 0.025 0.01780693533270853
0 0.075 0.43908153701968133 0.02875 0.014058106841611996
0 0.164375 0.6649484536082474 0.01875 0.014058106841611996
0 0.081875 0.5820056232427366 0.0175 0.01218369259606373
0 0.165 0.8017806935332709 0.01625 0.013120899718837863
0 0.95125 0.20103092783505155 0.00875 0.010309278350515464
0 0.398125 0.4906279287722587 0.01 0.007497656982193065
0 0.334375 0.7591377694470478 0.06625 0.04029990627928772
0 0.618125 0.8219306466729147 0.01625 0.016869728209934397
0 0.743125 0.6822867853795689 0.02375 0.01780693533270853