0 0.7774625000000001 0.3209934395501406 0.07507499999999993 0.06841611996251172
0 0.2630875 0.21885660731021556 0.076325 0.04775070290534207
0 0.36481250000000004 0.5779850046860356 0.04594999999999999 0.03473289597000932
1 0.6016875 0.7640768509840674 0.29544999999999993 0.13348641049671983
0 0.145625 0.8537956888472352 0.04375 0.028116213683223992
0 0.054375 0.5215557638238051 0.04375 0.03467666354264293
0 0.154375 0.6860356138706654 0.04375 0.031865042174320526
0 0.13 0.3580131208997188 0.0425 0.02436738519212746
0 0.281875 0.6588566073102156 0.04375 0.031865042174320526
0 0.33478749999999996 0.5495126522961575 0.045437500000000026 0.0247422680412372
0 0.579775 0.18609184629803185 0.04545000000000002 0.03457357075913776
1 0.3175 0.8472164948453609 0.29 0.1292877225866917
0 0.12625 0.6438612933458294 0.055 0.03561387066541706
0 0.15775 0.4552858481724461 0.0394875 0.03225866916588562
0 0.26125 0.7014995313964386 0.0725 0.03280224929709466
0 0.31125 0.5273477038425491 0.045 0.021218369259606466
0 0.14 0.7736644798500468 0.0425 0.02717900656044986
0 0.39125 0.351921274601687 0.04 0.02530459231490159
0 0.5014 0.32697282099343955 0.03236249999999998 0.022502343017806927
0 0.497025 0.2505342080599812 0.03302499999999995 0.021124648547328925
0 0.1 0.5318650421743205 0.045 0.030927835051546393
0 0.155175 0.6164573570759138 0.03785 0.02766635426429239
1 0.7099625 0.4332708528584817 0.285975 0.1254920337394564
0 0.568125 0.28865979381443296 0.01625 0.00937207122774133
0 0.9617625 0.19325210871602624 0.03603749999999991 0.02023430178069351
0 0.9392625 0.2996532333645736 0.02646250000000009 0.012624179943767598
0 0.058125 0.35660731021555764 0.02125 0.01780693533270853
0 0.00625 0.41818181818181815 0.0125 0.029606373008434893
0 0.985 0.5988097469540768 0.0275 0.022624179943767666
0 0.929125 0.3865979381443299 0.026762500000000102 0.014058106841611996
0 0.895625 0.6574507966260543 0.02125 0.015932521087160263
0 0.93375 0.6424554826616682 0.0225 0.015932521087160263
0 0.9117624999999999 0.4006560449859419 0.02646250000000009 0.01218369259606373
0 0.86 0.6330834114339269 0.0175 0.01218369259606373
0 0.928125 0.5431115276476102 0.01625 0.010309278350515464
0 0.881875 0.7689784442361762 0.01375 0.01218369259606373
0 0.00375 0.24461105904404873 0.0075 0.00937207122774133
0 0.5995 0.4812371134020619 0.009375 0.006813495782567931
0 0.7062 0.7420243673851922 0.06097499999999997 0.03516401124648546
0 0.43488750000000004 0.8303842549203374 0.013774999999999976 0.0158294283036552
0 0.288025 0.7030178069353327 0.021400000000000006 0.016044985941893058