0 0.2225 0.3209934395501406 0.075 0.06841611996251172
0 0.736875 0.21883786316776008 0.07625 0.04779756326148079
0 0.635 0.577788191190253 0.04625 0.03467666354264293
1 0.398125 0.7642924086223055 0.295 0.1330834114339269
0 0.854375 0.8537956888472352 0.04375 0.028116213683223992
0 0.945625 0.5215557638238051 0.04375 0.03467666354264293
0 0.845625 0.6860356138706654 0.04375 0.031865042174320526
0 0.87 0.3580131208997188 0.0425 0.02436738519212746
0 0.718125 0.6588566073102156 0.04375 0.031865042174320526
0 0.665 0.549671977507029 0.045 0.02436738519212746
0 0.42 0.18603561387066542 0.045 0.03467666354264293
1 0.6825 0.8472352389878163 0.29 0.12933458294283037
0 0.87375 0.6438612933458294 0.055 0.03561387066541706
0 0.8425 0.4554826616682287 0.04 0.031865042174320526
0 0.73875 0.7014995313964386 0.0725 0.03280224929709466
0 0.68875 0.5271790065604499 0.045 0.02155576382380506
0 0.86 0.7736644798500468 0.0425 0.02717900656044986
0 0.60875 0.351921274601687 0.04 0.02530459231490159
0 0.49875 0.3270852858481724 0.0325 0.022492970946579195
0 0.503125 0.2507029053420806 0.0325 0.02155576382380506
0 0.9 0.5318650421743205 0.045 0.030927835051546393
0 0.845 0.6166822867853796 0.0375 0.028116213683223992
1 0.29 0.43345829428303656 0.28625 0.12558575445173384
0 0.431875 0.28865979381443296 0.01625 0.00937207122774133
0 0.038125 0.19306466729147143 0.03625 0.020618556701030927
0 0.060625 0.2994376757263355 0.02625 0.01218369259606373
0 0.941875 0.35660731021555764 0.02125 0.01780693533270853
0 0.99375 0.41799437675726336 0.0125 0.02999062792877226
0 0.015 0.598875351452671 0.0275 0.022492970946579195
0 0.070625 0.3865979381443299 0.02625 0.014058106841611996
0 0.104375 0.6574507966260543 0.02125 0.015932521087160263
0 0.06625 0.6424554826616682 0.0225 0.015932521087160263
0 0.088125 0.4006560449859419 0.02625 0.01218369259606373
0 0.14 0.6330834114339269 0.0175 0.01218369259606373
0 0.071875 0.5431115276476102 0.01625 0.010309278350515464
0 0.118125 0.7689784442361762 0.01375 0.01218369259606373
0 0.99625 0.24461105904404873 0.0075 0.00937207122774133
0 0.400625 0.48125585754451733 0.01 0.006560449859418931
0 0.29375 0.7417994376757263 0.06125 0.03561387066541706
0 0.565 0.8303655107778819 0.01375 0.015932521087160263
0 0.711875 0.7029053420805998 0.02125 0.015932521087160263