0 0.760625 0.20534458509142053 0.12375 0.0759493670886076
0 0.174375 0.6367791842475387 0.10625 0.051336146272855133
0 0.190625 0.19655414908579466 0.09625 0.05555555555555555
0 0.63375 0.43424753867791843 0.0775 0.04289732770745429
0 0.96375 0.6002109704641351 0.0725 0.034458509142053444
0 0.859375 0.6040787623066104 0.06625 0.03375527426160337
0 0.3925 0.6448663853727145 0.0575 0.026722925457102673
0 0.738125 0.5362165963431786 0.05375 0.027426160337552744
0 0.161875 0.510548523206751 0.07875 0.03234880450070324
0 0.82625 0.5221518987341772 0.0625 0.03727144866385373
0 0.185625 0.47433192686357245 0.14625 0.03867791842475387
0 0.70625 0.4363572433192686 0.0575 0.034458509142053444
0 0.44625 0.42158931082981715 0.06 0.03727144866385373
0 0.659375 0.38853727144866385 0.04625 0.028832630098452883
0 0.558125 0.339662447257384 0.06125 0.02531645569620253
0 0.693125 0.7239803094233473 0.06625 0.04430379746835443
0 0.25875 0.5924753867791842 0.0675 0.026019690576652602
0 0.76875 0.5098452883263009 0.0475 0.02390998593530239
0 0.11375 0.24367088607594936 0.06 0.030239099859353025
0 0.870625 0.54957805907173 0.09125 0.023206751054852322
0 0.64625 0.7092123769338959 0.045 0.02461322081575246
0 0.035 0.1529535864978903 0.0525 0.02461322081575246
0 0.609375 0.710618846694796 0.04125 0.02461322081575246
0 0.44375 0.3062587904360056 0.04 0.02180028129395218
0 0.250625 0.3234880450070324 0.0325 0.008438818565400843
0 0.06875 0.30766526019690577 0.0375 0.017580872011251757
0 0.080625 0.30168776371308015 0.02875 0.015471167369901548
0 0.2675 0.3322784810126582 0.035 0.007735583684950774
0 0.68625 0.4110407876230661 0.0375 0.02180028129395218
0 0.91125 0.6012658227848101 0.0375 0.01828410689170183
0 0.7275 0.4704641350210971 0.035 0.01969057665260197
0 0.76125 0.6090014064697609 0.0375 0.01828410689170183
0 0.74625 0.45921237693389594 0.035 0.016877637130801686
0 0.784375 0.6543600562587905 0.02125 0.010548523206751054
0 0.57375 0.6385372714486639 0.03 0.016877637130801686
0 0.425 0.4310829817158931 0.02 0.015471167369901548
0 0.548125 0.6417018284106891 0.03125 0.0189873417721519
0 0.075 0.5407876230661041 0.025 0.014064697609001406
0 0.58875 0.6891701828410689 0.03 0.02390998593530239
1 0.81375 0.7872714486638537 0.3375 0.09212376933895922
0 0.995 0.23171589310829818 0.01 0.02531645569620253
0 0.275625 0.24542897327707455 0.0425 0.02109704641350211
0 0.8675 0.5492264416315049 0.02625 0.005625879043600563
0 0.751875 0.20182841068917018 0.09875 0.047116736990154715
0 0.40375 0.6483825597749648 0.01875 0.009845288326300985