0 0.704375 0.19163150492264416 0.1375 0.0829817158931083
0 0.201875 0.6550632911392406 0.115 0.056962025316455694
0 0.13625 0.21624472573839662 0.10625 0.06118143459915612
0 0.620625 0.4268635724331927 0.085 0.047116736990154715
0 0.97 0.5720815752461322 0.06 0.03867791842475387
0 0.876875 0.5822784810126582 0.0725 0.03727144866385373
0 0.42 0.650492264416315 0.0625 0.030239099859353025
0 0.74375 0.5221518987341772 0.05875 0.030239099859353025
0 0.165625 0.530239099859353 0.08375 0.03656821378340366
0 0.82875 0.5028129395218003 0.06875 0.040787623066104076
0 0.1825 0.4929676511954993 0.1525 0.047116736990154715
0 0.693125 0.42440225035161744 0.06375 0.0379746835443038
0 0.431875 0.42510548523206754 0.06625 0.040787623066104076
0 0.6375 0.379746835443038 0.05125 0.03164556962025317
0 0.528125 0.33720112517580875 0.065 0.028832630098452883
0 0.73375 0.7113220815752461 0.07375 0.04781997187060478
0 0.2775 0.6061884669479606 0.0725 0.030239099859353025
0 0.769375 0.4940225035161744 0.05125 0.026722925457102673
0 0.068125 0.2679324894514768 0.065 0.03375527426160337
0 0.8775 0.5274261603375527 0.095 0.02812939521800281
0 0.684375 0.6993670886075949 0.04875 0.027426160337552744
0 0.648125 0.7028832630098453 0.045 0.026722925457102673
0 0.408125 0.31047819971870605 0.04375 0.02390998593530239
0 0.219375 0.3389592123769339 0.03375 0.010548523206751054
0 0.035625 0.3340365682137834 0.04 0.01969057665260197
0 0.04625 0.32735583684950775 0.03125 0.016877637130801686
0 0.2375 0.3466947960618847 0.03625 0.009845288326300985
0 0.66875 0.400492264416315 0.04125 0.02390998593530239
0 0.9275 0.5766526019690577 0.04125 0.020393811533052038
0 0.720625 0.4571026722925457 0.03875 0.02180028129395218
0 0.78 0.5931786216596343 0.04125 0.020393811533052038
0 0.7375 0.44479606188466947 0.0375 0.0189873417721519
0 0.81125 0.6367791842475387 0.0225 0.011954992967651195
0 0.599375 0.6336146272855133 0.0325 0.01828410689170183
0 0.4125 0.4360056258790436 0.0225 0.016877637130801686
0 0.574375 0.6381856540084389 0.035 0.020393811533052038
0 0.085 0.5654008438818565 0.0275 0.015471167369901548
0 0.623125 0.6828410689170182 0.03375 0.02531645569620253
1 0.844375 0.7672292545710268 0.31125 0.1111111111111111
0 0.9425 0.2039381153305204 0.01375 0.026019690576652602
0 0.229375 0.26019690576652604 0.04625 0.023206751054852322
0 0.875 0.5274261603375527 0.0275 0.007032348804500703
0 0.695 0.18881856540084388 0.10625 0.052742616033755275
0 0.431875 0.6533052039381153 0.02125 0.011251758087201125