0 0.92375 0.3083411433926898 0.02875 0.023430178069353328
0 0.795 0.21180880974695407 0.0375 0.022492970946579195
0 0.92875 0.2197750702905342 0.03375 0.01874414245548266
0 0.708125 0.2572633552014995 0.0325 0.016869728209934397
0 0.379375 0.14526710402999063 0.03125 0.029053420805998126
0 0.55 0.3055295220243674 0.03875 0.026241799437675725
0 0.335625 0.2755388940955951 0.0125 0.010309278350515464
0 0.115 0.16447985004686036 0.0325 0.03467666354264293
0 0.26875 0.17291471415182755 0.035 0.02436738519212746
0 0.049375 0.14761012183692596 0.03625 0.029053420805998126
0 0.0325 0.21368322399250234 0.03875 0.029053420805998126
0 0.670625 0.3880037488284911 0.0425 0.038425492033739454
0 0.886875 0.3547328959700094 0.0325 0.028116213683223992
0 0.853125 0.33973758200562326 0.035 0.028116213683223992
0 0.745 0.6143392689784443 0.01625 0.010309278350515464
0 0.679375 0.5955951265229615 0.0125 0.01218369259606373
0 0.848125 0.48125585754451733 0.025 0.01218369259606373
0 0.685 0.5 0.0125 0.008434864104967198
0 0.615625 0.5773195876288659 0.01375 0.00937207122774133
0 0.5375 0.6438612933458294 0.0175 0.01499531396438613
0 0.63375 0.6930646672914714 0.015 0.010309278350515464
1 0.34875 0.45829428303655106 0.21625 0.17525773195876287
1 0.205 0.4939081537019681 0.22875 0.1780693533270853
1 0.45 0.5965323336457357 0.19125 0.14620431115276475
1 0.928125 0.6710402999062793 0.14375 0.12371134020618557
1 0.759375 0.7741330834114339 0.16125 0.12371134020618557
0 0.07625 0.4119025304592315 0.05125 0.04873477038425492
0 0.59875 0.42924086223055297 0.05125 0.04779756326148079
0 0.035625 0.44611059044048734 0.0375 0.03655107778819119
0 0.75375 0.44611059044048734 0.035 0.04967197750702906
0 0.518125 0.7985004686035614 0.05625 0.059044048734770385
0 0.501875 0.3908153701968135 0.04625 0.04217432052483599
0 0.71375 0.46016869728209936 0.03625 0.05154639175257732
0 0.345625 0.8022492970946579 0.0575 0.059044048734770385
0 0.184375 0.584817244611059 0.1625 0.015932521087160263
0 0.36875 0.4526710402999063 0.02625 0.03280224929709466
0 0.395625 0.4606373008434864 0.05375 0.041237113402061855
0 0.54875 0.6387066541705717 0.01125 0.00937207122774133