0 0.085625 0.29756326148078727 0.03 0.023430178069353328
0 0.21875 0.204311152764761 0.03875 0.023430178069353328
0 0.085 0.20852858481724462 0.03375 0.019681349578256794
0 0.303125 0.2521087160262418 0.0325 0.01780693533270853
0 0.636875 0.1485473289597001 0.0325 0.02999062792877226
0 0.459375 0.30412371134020616 0.04 0.02717900656044986
0 0.674375 0.2797563261480787 0.01375 0.011246485473289597
0 0.900625 0.17478912839737581 0.03375 0.03561387066541706
0 0.74625 0.1794751640112465 0.03625 0.02530459231490159
0 0.966875 0.15932521087160262 0.0375 0.02999062792877226
0 0.98 0.22586691658856609 0.04 0.02999062792877226
0 0.335 0.3837863167760075 0.045 0.03936269915651359
0 0.120625 0.344892221180881 0.03375 0.029053420805998126
0 0.154375 0.33083411433926896 0.03625 0.029053420805998126
0 0.25 0.6082474226804123 0.0175 0.011246485473289597
0 0.31625 0.5909090909090909 0.01375 0.013120899718837863
0 0.153125 0.471883786316776 0.02625 0.01218369259606373
0 0.315 0.4948453608247423 0.01375 0.00937207122774133
0 0.38125 0.5740393626991566 0.015 0.010309278350515464
0 0.45625 0.6429240862230553 0.0175 0.015932521087160263
0 0.3575 0.6893158388003748 0.01625 0.011246485473289597
1 0.653125 0.4620431115276476 0.22375 0.17994376757263356
1 0.795 0.5018744142455482 0.23625 0.1836925960637301
1 0.545 0.5979381443298969 0.1975 0.15089034676663543
1 0.069375 0.6588566073102156 0.13875 0.1274601686972821
1 0.228125 0.7671040299906279 0.16625 0.1274601686972821
0 0.9275 0.422680412371134 0.0525 0.05060918462980318
0 0.404375 0.4268978444236176 0.05375 0.04967197750702906
0 0.966875 0.45829428303655106 0.04 0.03748828491096532
0 0.24875 0.4395501405810684 0.0375 0.05060918462980318
0 0.468125 0.7975632614807873 0.05875 0.06091846298031865
0 0.503125 0.3908153701968135 0.0475 0.04311152764761012
0 0.288125 0.45454545454545453 0.03875 0.05248359887535145
0 0.640625 0.8059981255857545 0.06125 0.05998125585754452
0 0.811875 0.5927835051546392 0.1625 0.020618556701030927
0 0.63375 0.4564198687910028 0.0275 0.033739456419868794
0 0.60625 0.46344892221180883 0.055 0.04217432052483599
0 0.445 0.6377694470477976 0.01125 0.010309278350515464