0 0.0675 0.31958762886597936 0.0275 0.022492970946579195
0 0.191875 0.2197750702905342 0.03625 0.02155576382380506
0 0.05875 0.2310215557638238 0.0325 0.01780693533270853
0 0.280625 0.26288659793814434 0.03125 0.015932521087160263
0 0.60375 0.14245548266166824 0.03 0.028116213683223992
0 0.44125 0.3069353327085286 0.0375 0.02530459231490159
0 0.65375 0.2713214620431115 0.0125 0.010309278350515464
0 0.869375 0.15463917525773196 0.03125 0.033739456419868794
0 0.715625 0.16729147141518275 0.03375 0.023430178069353328
0 0.93375 0.1358950328022493 0.035 0.028116213683223992
0 0.95375 0.2014995313964386 0.0375 0.028116213683223992
0 0.32433750000000006 0.39268978444236174 0.04118750000000002 0.03748828491096532
0 0.106875 0.3650421743205248 0.03125 0.02717900656044986
0 0.139375 0.34910965323336457 0.03375 0.02717900656044986
0 0.260625 0.6208997188378632 0.01625 0.010309278350515464
0 0.325 0.6002811621368322 0.0125 0.01218369259606373
0 0.15125 0.4901593252108716 0.025 0.011246485473289597
0 0.315 0.5046860356138707 0.0125 0.008434864104967198
0 0.388125 0.5801312089971884 0.01375 0.00937207122774133
0 0.469375 0.6447985004686035 0.01625 0.01499531396438613
0 0.3752125 0.6965417057169635 0.015 0.010309278350515464
1 0.649125 0.4541705716963449 0.20872500000000002 0.16943767572633547
1 0.7943875 0.4863167760074976 0.22122500000000003 0.1722492970946579
1 0.55425 0.5953139643861294 0.1849875 0.14169634489222124
1 0.074575 0.6821180880974695 0.14915 0.1198969072164949
1 0.25339999999999996 0.7808997188378632 0.15546249999999998 0.11955014058106836
0 0.919375 0.4006560449859419 0.04875 0.04779756326148079
0 0.3977875 0.4320524835988753 0.049424999999999955 0.046860356138706656
0 0.961875 0.4339268978444236 0.03625 0.03561387066541706
0 0.24375 0.4526710402999063 0.0325 0.04873477038425492
0 0.4958125 0.798659793814433 0.054000000000000055 0.05778819119025312
0 0.493125 0.3908153701968135 0.04375 0.041237113402061855
0 0.284375 0.46579194001874413 0.03375 0.05060918462980318
0 0.668525 0.797863167760075 0.055462499999999866 0.057516401124648446
0 0.8196875 0.5764573570759138 0.16216250000000001 0.011724461105904397
0 0.6291875 0.4493908153701968 0.024499999999999956 0.032230552952202424
0 0.6024 0.45802249297094655 0.052037499999999993 0.03972820993439549
0 0.4579125 0.6401030927835052 0.010587500000000034 0.009540768509840734