0 0.165625 0.2980318650421743 0.035 0.033739456419868794
0 0.131875 0.2774133083411434 0.03125 0.026241799437675725
0 0.594375 0.3083411433926898 0.0425 0.026241799437675725
0 0.630625 0.29896907216494845 0.03875 0.026241799437675725
0 0.58 0.28256794751640113 0.03125 0.029053420805998126
0 0.005 0.5548266166822868 0.01 0.02436738519212746
0 0.325 0.39878163074039363 0.02375 0.016869728209934397
0 0.0025 0.5993439550140581 0.005 0.01780693533270853
0 0.35 0.5585754451733833 0.04125 0.026241799437675725
0 0.45625 0.6091846298031866 0.035 0.023430178069353328
0 0.42 0.37910028116213684 0.02125 0.02155576382380506
0 0.5825 0.4095595126522962 0.02375 0.02436738519212746
0 0.581875 0.5670103092783505 0.015 0.01218369259606373
0 0.476875 0.626991565135895 0.03875 0.016869728209934397
0 0.49125 0.4896907216494845 0.03 0.023430178069353328
0 0.525625 0.42783505154639173 0.03125 0.019681349578256794
0 0.43625 0.4611059044048735 0.025 0.031865042174320526
0 0.473125 0.45173383317713217 0.0275 0.033739456419868794
0 0.62625 0.6462043111527648 0.0175 0.01218369259606373
0 0.38375 0.48500468603561386 0.01125 0.01780693533270853
0 0.546875 0.6466729147141518 0.02 0.038425492033739454
0 0.7825 0.41283973758200565 0.0325 0.026241799437675725
0 0.720625 0.35520149953139646 0.05125 0.02530459231490159
0 0.864375 0.6705716963448922 0.035 0.015932521087160263
0 0.7425 0.6073102155576382 0.02 0.00937207122774133
0 0.036875 0.7614807872539832 0.01625 0.011246485473289597
0 0.423125 0.6729147141518276 0.06375 0.016869728209934397
0 0.399375 0.704311152764761 0.02625 0.00937207122774133
0 0.553125 0.7572633552014996 0.02125 0.01499531396438613
0 0.785 0.6869728209934396 0.02 0.011246485473289597
0 0.933125 0.6888472352389878 0.08375 0.05716963448922212
0 0.25 0.32427366447985007 0.06 0.06747891283973759
0 0.741875 0.5187441424554826 0.07625 0.056232427366447985
0 0.038125 0.42361761949390814 0.07 0.06841611996251172
0 0.155625 0.7052483598875351 0.1225 0.04967197750702906
0 0.835625 0.5613870665417057 0.0775 0.041237113402061855
0 0.66875 0.44704779756326146 0.06625 0.056232427366447985
0 0.351875 0.6293345829428304 0.04625 0.03655107778819119
0 0.671875 0.7328959700093721 0.08125 0.03748828491096532
0 0.450625 0.3631677600749766 0.04375 0.03561387066541706
0 0.025625 0.5046860356138707 0.05125 0.07216494845360824
0 0.31375 0.563261480787254 0.0475 0.05435801312089972
0 0.813125 0.5164011246485474 0.06875 0.04779756326148079
0 0.720625 0.3514526710402999 0.05 0.03280224929709466
0 0.72625 0.6644798500468604 0.04 0.05060918462980318
0 0.789375 0.49250234301780693 0.06875 0.05435801312089972
0 0.86125 0.6541705716963448 0.05 0.03748828491096532
0 0.03625 0.6982193064667291 0.05125 0.02999062792877226
0 0.606875 0.4287722586691659 0.06125 0.046860356138706656
0 0.178125 0.738987816307404 0.075 0.028116213683223992
0 0.79375 0.6059044048734771 0.07375 0.056232427366447985
0 0.530625 0.6508903467666354 0.02625 0.02999062792877226
0 0.39 0.626991565135895 0.06625 0.03280224929709466
0 0.696875 0.3725398313027179 0.045 0.03748828491096532
1 0.430625 0.5262417994376757 0.22375 0.06560449859418932
0 0.4175 0.44892221180880976 0.02125 0.030927835051546393
0 0.38125 0.549671977507029 0.0275 0.005623242736644799
0 0.385625 0.5571696344892221 0.04 0.015932521087160263
0 0.495625 0.5618556701030928 0.04 0.013120899718837863
0 0.509375 0.5810684161199625 0.0575 0.014058106841611996
0 0.496875 0.6462043111527648 0.06375 0.016869728209934397
0 0.404375 0.6401124648547329 0.06125 0.016869728209934397
0 0.28125 0.5117150890346767 0.06125 0.020618556701030927
0 0.00625 0.6499531396438613 0.0125 0.015932521087160263
0 0.009375 0.4339268978444236 0.0125 0.033739456419868794
0 0.015 0.3477038425492034 0.00625 0.01218369259606373
1 0.334375 0.43064667291471415 0.15125 0.1330834114339269
0 0.678125 0.5674789128397376 0.0075 0.011246485473289597
1 0.61875 0.5323336457357076 0.15125 0.13495782567947517
1 0.648125 0.6466729147141518 0.1375 0.12933458294283037
0 0.754375 0.6148078725398313 0.01625 0.010309278350515464
0 0.961875 0.732427366447985 0.03875 0.03748828491096532
0 0.828125 0.7778819119025304 0.00625 0.004686035613870665
0 0.57375 0.7713214620431116 0.01 0.007497656982193065