0 0.856875 0.32052483598875353 0.03375 0.031865042174320526
0 0.8925 0.3022492970946579 0.02875 0.02436738519212746
0 0.428125 0.302717900656045 0.04 0.02530459231490159
0 0.393125 0.2910028116213683 0.03625 0.02530459231490159
0 0.445625 0.2778819119025305 0.03 0.02717900656044986
0 0.990625 0.5871602624179943 0.015 0.023430178069353328
0 0.685625 0.4104967197750703 0.0225 0.015932521087160263
0 0.989375 0.6326148078725399 0.015 0.016869728209934397
0 0.643125 0.5679475164011246 0.03875 0.02530459231490159
0 0.53125 0.6119962511715089 0.0325 0.022492970946579195
0 0.59375 0.3847235238987816 0.02 0.020618556701030927
0 0.428125 0.4044048734770384 0.0225 0.023430178069353328
0 0.410625 0.5613870665417057 0.01375 0.011246485473289597
0 0.508125 0.6279287722586692 0.0375 0.015932521087160263
0 0.51 0.4901593252108716 0.02875 0.022492970946579195
0 0.483125 0.4268978444236176 0.03 0.01780693533270853
0 0.568125 0.4653233364573571 0.02375 0.030927835051546393
0 0.5325 0.4536082474226804 0.02625 0.03280224929709466
0 0.3575 0.6373008434864105 0.01625 0.011246485473289597
0 0.6175 0.49250234301780693 0.01 0.016869728209934397
0 0.43625 0.6429240862230553 0.0175 0.03748828491096532
0 0.22875 0.39456419868791004 0.03 0.02436738519212746
0 0.296875 0.34114339268978444 0.04875 0.023430178069353328
0 0.116875 0.6457357075913777 0.03375 0.014058106841611996
0 0.245625 0.5913776944704779 0.01875 0.008434864104967198
0 0.930625 0.7905342080599812 0.015 0.010309278350515464
0 0.55625 0.6771321462043112 0.0625 0.01499531396438613
0 0.57625 0.7099343955014058 0.025 0.008434864104967198
0 0.416875 0.7525773195876289 0.02 0.014058106841611996
0 0.194375 0.6677600749765699 0.01875 0.010309278350515464
0 0.046875 0.6597938144329897 0.08 0.05435801312089972
0 0.769375 0.34114339268978444 0.055 0.06560449859418932
0 0.256875 0.5028116213683224 0.0725 0.053420805998125584
0 0.968125 0.45407685098406747 0.06375 0.06654170571696345
0 0.819375 0.7268041237113402 0.12 0.04498594189315839
0 0.158125 0.5388940955951266 0.075 0.038425492033739454
0 0.338125 0.43580131208997186 0.0625 0.05435801312089972
0 0.6325 0.6387066541705717 0.045 0.03561387066541706
0 0.301875 0.7211808809746955 0.08 0.03467666354264293
0 0.565 0.3669165885660731 0.0425 0.033739456419868794
0 0.974375 0.5356138706654171 0.05125 0.07029053420805999
0 0.678125 0.5749765698219307 0.04375 0.053420805998125584
0 0.18625 0.4957825679475164 0.06625 0.04498594189315839
0 0.2975 0.3373945641986879 0.04875 0.030927835051546393
0 0.255 0.6490159325210871 0.03625 0.04873477038425492
0 0.2125 0.47375820056232426 0.065 0.05248359887535145
0 0.121875 0.6298031865042174 0.04875 0.03561387066541706
0 0.939375 0.7277413308341143 0.05 0.028116213683223992
0 0.401875 0.4217432052483599 0.05875 0.04498594189315839
0 0.7925 0.7591377694470478 0.0725 0.02530459231490159
0 0.195 0.5866916588566073 0.07 0.053420805998125584
0 0.451875 0.6485473289597001 0.025 0.029053420805998126
0 0.595 0.634020618556701 0.065 0.030927835051546393
0 0.31875 0.36035613870665417 0.0425 0.03655107778819119
1 0.56625 0.5309278350515464 0.22125 0.05716963448922212
0 0.588125 0.45454545454545453 0.01875 0.030927835051546393
0 0.6125 0.5571696344892221 0.0275 0.004686035613870665
0 0.606875 0.5646672914714151 0.03875 0.01499531396438613
0 0.496875 0.5623242736644799 0.03875 0.011246485473289597
0 0.480625 0.5801312089971884 0.0575 0.01218369259606373
0 0.48625 0.6457357075913777 0.0625 0.014058106841611996
0 0.579375 0.6457357075913777 0.06125 0.01499531396438613
0 0.716875 0.5257731958762887 0.06125 0.01780693533270853
0 0.978125 0.6818181818181818 0.02125 0.01499531396438613
0 0.995625 0.46579194001874413 0.00875 0.033739456419868794
0 0.99875 0.38003748828491096 0.0025 0.01218369259606373
1 0.673125 0.4414245548266167 0.14375 0.1274601686972821
0 0.315 0.555763823805061 0.00625 0.010309278350515464
1 0.378125 0.5243673851921274 0.1425 0.1302717900656045
1 0.335 0.6363636363636364 0.12875 0.1246485473289597
0 0.23375 0.5979381443298969 0.015 0.010309278350515464
0 0.015625 0.7010309278350515 0.03125 0.03561387066541706
0 0.140625 0.7553889409559512 0.00625 0.004686035613870665
0 0.395 0.7652296157450796 0.01 0.006560449859418931