0 0.463125 0.14058106841611998 0.03375 0.016869728209934397
0 0.34875 0.1738519212746017 0.0325 0.019681349578256794
0 0.61 0.13964386129334583 0.02 0.01874414245548266
0 0.954375 0.18650421743205248 0.03875 0.026241799437675725
0 0.886875 0.23336457357075913 0.02375 0.020618556701030927
0 0.839375 0.1635426429240862 0.03375 0.02530459231490159
0 0.72 0.24601686972820994 0.0175 0.01780693533270853
0 0.91 0.4746954076850984 0.03 0.023430178069353328
0 0.986875 0.5759137769447048 0.02375 0.02717900656044986
0 0.80375 0.4493908153701968 0.03 0.02530459231490159
0 0.879375 0.5759137769447048 0.03625 0.02530459231490159
0 0.743125 0.60543580131209 0.03875 0.020618556701030927
0 0.85 0.6316776007497656 0.04 0.020618556701030927
0 0.92375 0.6569821930646673 0.0175 0.011246485473289597
0 0.885625 0.6298031865042174 0.01625 0.013120899718837863
0 0.77625 0.5501405810684161 0.015 0.013120899718837863
0 0.70375 0.5257731958762887 0.02 0.011246485473289597
0 0.868125 0.42127460168697284 0.01625 0.01218369259606373
0 0.1425 0.8191190253045924 0.0125 0.011246485473289597
0 0.8925 0.7146204311152765 0.0375 0.02530459231490159
1 0.221875 0.12230552952202436 0.10875 0.07778819119025304
1 0.289375 0.6143392689784443 0.15625 0.17713214620431114
0 0.700625 0.48266166822867856 0.10125 0.061855670103092786
1 0.474375 0.7150890346766635 0.17042500000000005 0.17369259606373003
0 0.300625 0.24882849109653232 0.04875 0.09465791940018745
0 0.9597875 0.3500468603561387 0.060424999999999895 0.07029053420805999
0 0.626875 0.41705716963448924 0.09875 0.05810684161199625
0 0.638125 0.53514526710403 0.04375 0.02999062792877226
0 0.63465 0.2437113402061856 0.02335000000000001 0.023748828491096535
0 0.5349375 0.21430178069353326 0.039212500000000004 0.030627928772258676
0 0.6840999999999999 0.10357075913776945 0.022924999999999897 0.01061855670103094
0 0.7519 0.13829428303655109 0.03836250000000007 0.021883786316776028
0 0.7890375000000001 0.23166822867853795 0.039199999999999874 0.02781630740393625
0 0.8026000000000001 0.27749765698219303 0.036274999999999974 0.030627928772258624
0 0.8651875 0.3147235238987816 0.043787499999999965 0.029999999999999992
0 0.6987000000000001 0.4217150890346767 0.014587500000000092 0.011855670103092762
0 0.6407125 0.5121274601686974 0.02793749999999996 0.014423617619494003
0 0.99375 0.7089971883786317 0.0125 0.01218369259606373
0 0.8297125 0.7991471415182756 0.03711250000000007 0.02280224929709459
0 0.14795 0.638041237113402 0.007937499999999993 0.009100281162136866
0 0.1598375 0.4362605435801312 0.012524999999999994 0.015360824742268029