0 0.38875 0.14948453608247422 0.03625 0.020618556701030927
0 0.2825 0.19540768509840675 0.03625 0.023430178069353328
0 0.53375 0.13120899718837864 0.02375 0.020618556701030927
0 0.883125 0.1373008434864105 0.04375 0.030927835051546393
0 0.82625 0.19119025304592316 0.0275 0.023430178069353328
0 0.765 0.12792877225866917 0.03875 0.029053420805998126
0 0.664375 0.22352389878163073 0.02125 0.019681349578256794
0 0.899375 0.4268978444236176 0.035 0.026241799437675725
0 0.99125 0.5173383317713215 0.0175 0.02999062792877226
0 0.789375 0.41424554826616683 0.035 0.028116213683223992
0 0.890625 0.5304592314901593 0.04125 0.029053420805998126
0 0.761875 0.5754451733833177 0.0425 0.02530459231490159
0 0.873125 0.5890346766635426 0.04375 0.02530459231490159
0 0.95125 0.60543580131209 0.02 0.013120899718837863
0 0.908125 0.5829428303655108 0.01875 0.01499531396438613
0 0.783125 0.5173383317713215 0.0175 0.01499531396438613
0 0.706875 0.5014058106841612 0.0225 0.013120899718837863
0 0.846875 0.37910028116213684 0.01875 0.014058106841611996
0 0.21375 0.8570759137769447 0.015 0.01218369259606373
0 0.9325 0.6658856607310215 0.0425 0.029053420805998126
1 0.14625 0.15979381443298968 0.12375 0.08997188378631678
1 0.315625 0.6377694470477976 0.19125 0.19306466729147143
0 0.694375 0.4592314901593252 0.1125 0.07310215557638237
1 0.519375 0.7155576382380506 0.205 0.19119025304592316
0 0.250625 0.2755388940955951 0.0675 0.09934395501405811
0 0.923125 0.2980318650421743 0.07375 0.07685098406747891
0 0.608125 0.4029990627928772 0.11 0.06935332708528585
0 0.64375 0.5187441424554826 0.05 0.03467666354264293
0 0.579375 0.2310215557638238 0.0275 0.026241799437675725
0 0.475 0.21368322399250234 0.045 0.03467666354264293
0 0.599375 0.0866916588566073 0.025 0.013120899718837863
0 0.673125 0.1134020618556701 0.0425 0.026241799437675725
0 0.729375 0.20103092783505155 0.045 0.031865042174320526
0 0.7525 0.24461105904404873 0.0425 0.03467666354264293
0 0.821875 0.27413308341143394 0.05 0.03467666354264293
0 0.68 0.3992502343017807 0.0175 0.013120899718837863
0 0.64125 0.49531396438612935 0.03 0.01780693533270853
0 0.888125 0.7567947516401125 0.04125 0.02717900656044986
0 0.18125 0.6776007497656982 0.01 0.010309278350515464
0 0.150625 0.47703842549203374 0.015 0.016869728209934397