0 0.495 0.13964386129334583 0.035 0.01874414245548266
0 0.6125 0.16541705716963448 0.035 0.02155576382380506
0 0.34875 0.14807872539831302 0.0225 0.019681349578256794
0 0.015625 0.2169634489222118 0.03125 0.029053420805998126
0 0.08375 0.25960637300843487 0.02625 0.022492970946579195
0 0.1225 0.18697282099343954 0.03625 0.02717900656044986
0 0.25125 0.2614807872539831 0.02 0.01874414245548266
0 0.08875 0.5014058106841612 0.0325 0.02530459231490159
0 0.02375 0.6073102155576382 0.02625 0.029053420805998126
0 0.19125 0.46954076850984067 0.0325 0.02717900656044986
0 0.130625 0.6002811621368322 0.03875 0.02717900656044986
0 0.27 0.6208997188378632 0.04125 0.023430178069353328
0 0.166875 0.6541705716963448 0.0425 0.023430178069353328
0 0.09625 0.6841611996251171 0.01875 0.01218369259606373
0 0.130625 0.654639175257732 0.0175 0.014058106841611996
0 0.230625 0.5679475164011246 0.01625 0.014058106841611996
0 0.3 0.5388940955951266 0.02125 0.01218369259606373
0 0.124375 0.4456419868791003 0.0175 0.013120899718837863
0 0.893125 0.7947516401124649 0.01375 0.01218369259606373
0 0.13375 0.739456419868791 0.04 0.028116213683223992
1 0.733125 0.10543580131208997 0.1175 0.08434864104967198
1 0.723125 0.6002811621368322 0.17625 0.18650421743205248
0 0.298125 0.4957825679475164 0.1075 0.06841611996251172
1 0.550625 0.7127460168697282 0.19 0.1846298031865042
0 0.669375 0.2366447985004686 0.06 0.09746954076850985
0 0.029375 0.38003748828491096 0.05875 0.07403936269915651
0 0.36375 0.42549203373945643 0.105 0.06466729147141519
0 0.36625 0.5440487347703843 0.0475 0.03280224929709466
0 0.33625 0.253514526710403 0.02625 0.02530459231490159
0 0.431875 0.21790065604498593 0.0425 0.03280224929709466
0 0.270625 0.11715089034676664 0.02375 0.01218369259606373
0 0.206875 0.15604498594189317 0.04125 0.02436738519212746
0 0.180625 0.25164011246485474 0.0425 0.02999062792877226
0 0.1725 0.2980318650421743 0.04 0.03280224929709466
0 0.114375 0.3392689784442362 0.0475 0.03280224929709466
0 0.293125 0.43486410496719774 0.01625 0.013120899718837863
0 0.36125 0.521087160262418 0.03 0.015932521087160263
0 0.0325 0.7403936269915652 0.01375 0.013120899718837863
0 0.20625 0.8195876288659794 0.04 0.02530459231490159
0 0.866875 0.6143392689784443 0.00875 0.00937207122774133
0 0.83125 0.41424554826616683 0.01375 0.015932521087160263