0 0.765625 0.3701968134957826 0.02625 0.02436738519212746
0 0.97625 0.3931583880037488 0.02375 0.022492970946579195
0 0.72375 0.612464854732896 0.025 0.015932521087160263
0 0.4075 0.4948453608247423 0.01375 0.008434864104967198
0 0.520625 0.3880037488284911 0.0225 0.01874414245548266
0 0.128125 0.5159325210871603 0.0425 0.028116213683223992
0 0.06375 0.5192127460168697 0.04375 0.029053420805998126
0 0.234375 0.3950328022492971 0.04375 0.023430178069353328
0 0.874375 0.7268041237113402 0.03125 0.02530459231490159
0 0.92125 0.8022492970946579 0.03125 0.02717900656044986
0 0.898125 0.6401124648547329 0.025 0.019681349578256794
0 0.805 0.7225866916588566 0.02 0.01874414245548266
0 0.831875 0.8481724461105904 0.0175 0.013120899718837863
0 0.400625 0.7731958762886598 0.03375 0.03280224929709466
1 0.601875 0.373477038425492 0.28625 0.25960637300843487
0 0.173125 0.6701030927835051 0.1475 0.053420805998125584
1 0.43625 0.1162136832239925 0.0925 0.08153701968134958
1 0.644375 0.29896907216494845 0.1925 0.2624179943767573
0 0.08 0.2703842549203374 0.06125 0.041237113402061855
1 0.248125 0.9667291471415183 0.10375 0.06654170571696345
0 0.800625 0.4957825679475164 0.07875 0.07778819119025304
1 0.089375 0.7000937207122774 0.0675 0.05248359887535145
0 0.510625 0.044048734770384255 0.09125 0.05529522024367385
0 0.618125 0.6780693533270853 0.0375 0.04311152764761012
1 0.49125 0.3322399250234302 0.05125 0.046860356138706656
0 0.121875 0.14620431115276475 0.0425 0.038425492033739454
1 0.441875 0.5932521087160263 0.06625 0.056232427366447985
0 0.013125 0.3458294283036551 0.02625 0.03561387066541706
1 0.56625 0.2366447985004686 0.06625 0.04967197750702906
1 0.5925 0.422680412371134 0.055 0.04217432052483599
0 0.748125 0.5037488284910965 0.06 0.04029990627928772
1 0.634375 0.901593252108716 0.05 0.056232427366447985
0 0.771875 0.5337394564198688 0.05875 0.03936269915651359
0 0.388125 0.2197750702905342 0.0275 0.01780693533270853
0 0.2775 0.1232427366447985 0.0525 0.03467666354264293
0 0.491875 0.03280224929709466 0.0475 0.016869728209934397
0 0.673125 0.4568884723523899 0.02125 0.01499531396438613
0 0.6925 0.4681349578256795 0.025 0.01874414245548266
0 0.75125 0.5960637300843487 0.01 0.007497656982193065
0 0.7575 0.5899718837863168 0.025 0.01874414245548266
0 0.911875 0.6321462043111528 0.025 0.019681349578256794
1 0.115 0.6532333645735707 0.08875 0.056232427366447985
1 0.085625 0.8462980318650422 0.08375 0.12277413308341144