0 0.79 0.4029990627928772 0.02375 0.023430178069353328
0 0.990625 0.45032802249297094 0.01875 0.02155576382380506
0 0.6975 0.6373008434864105 0.02375 0.01499531396438613
0 0.409375 0.48406747891283974 0.0125 0.007497656982193065
0 0.54375 0.3917525773195876 0.02125 0.01780693533270853
0 0.129375 0.471883786316776 0.04 0.02530459231490159
0 0.065 0.4681349578256795 0.04125 0.026241799437675725
0 0.259375 0.3650421743205248 0.0425 0.020618556701030927
0 0.8225 0.767572633552015 0.02875 0.023430178069353328
0 0.8525 0.8477038425492034 0.02875 0.026241799437675725
0 0.864375 0.6850984067478912 0.02375 0.01874414245548266
0 0.754375 0.7558575445173383 0.01875 0.016869728209934397
0 0.755625 0.8828491096532334 0.01625 0.01218369259606373
0 0.345 0.7582005623242737 0.03 0.030927835051546393
1 0.6275 0.38706654170571697 0.26 0.24554826616682288
0 0.141875 0.6298031865042174 0.1425 0.04498594189315839
1 0.5175 0.1134020618556701 0.085 0.07685098406747891
1 0.685 0.3181818181818182 0.16375 0.2539831302717901
0 0.133125 0.22399250234301782 0.0575 0.038425492033739454
1 0.154375 0.9320524835988754 0.0975 0.06091846298031865
0 0.7975 0.5313964386129335 0.07125 0.07403936269915651
1 0.0525 0.6494845360824743 0.0625 0.04967197750702906
0 0.605625 0.05060918462980318 0.08625 0.04967197750702906
0 0.579375 0.689784442361762 0.0325 0.041237113402061855
1 0.52625 0.3331771321462043 0.0475 0.044048734770384255
0 0.200625 0.10637300843486411 0.03875 0.03655107778819119
1 0.423125 0.5852858481724461 0.06125 0.053420805998125584
0 0.0375 0.28959700093720714 0.05 0.03280224929709466
1 0.620625 0.24742268041237114 0.0625 0.046860356138706656
1 0.6075 0.4343955014058107 0.05 0.03936269915651359
0 0.744375 0.5328022492970946 0.05625 0.03655107778819119
1 0.54875 0.9123711340206185 0.04375 0.053420805998125584
0 0.76125 0.5651358950328023 0.055 0.03561387066541706
0 0.4475 0.2104029990627929 0.025 0.015932521087160263
0 0.35875 0.10168697282099344 0.04875 0.031865042174320526
0 0.589375 0.03748828491096532 0.04625 0.014058106841611996
0 0.68 0.4775070290534208 0.01875 0.014058106841611996
0 0.696875 0.49109653233364575 0.02375 0.01780693533270853
0 0.728125 0.6241799437675727 0.01 0.007497656982193065
0 0.735625 0.6190253045923149 0.02375 0.016869728209934397
0 0.879375 0.6785379568884724 0.02375 0.01874414245548266
1 0.0875 0.6059044048734771 0.08375 0.05154639175257732
1 0.026875 0.7928772258669166 0.05375 0.11996251171508904