0 0.2975 0.08013120899718838 0.03 0.010309278350515464
0 0.398125 0.18837863167760074 0.03625 0.01874414245548266
0 0.824425 0.2528772258669166 0.03875 0.019681349578256794
0 0.9415749999999999 0.31079662605435804 0.01814999999999998 0.02507029053420806
0 0.808125 0.16869728209934395 0.01625 0.013120899718837863
0 0.848125 0.09278350515463918 0.05375 0.01499531396438613
0 0.85 0.10543580131208997 0.0575 0.01780693533270853
0 0.29625 0.40253045923149017 0.0125 0.008434864104967198
0 0.505 0.6447985004686035 0.03 0.022492970946579195
0 0.935 0.4423617619493908 0.04 0.01499531396438613
0 0.013325 0.6721180880974695 0.02665 0.026560449859418855
0 0.531875 0.711340206185567 0.03125 0.02436738519212746
0 0.476875 0.7905342080599812 0.03125 0.02717900656044986
0 0.354375 0.9029990627928772 0.01125 0.008434864104967198
0 0.68125 0.8716026241799437 0.03 0.028116213683223992
0 0.7175 0.5187441424554826 0.1275 0.07029053420805999
0 0.653125 0.6035613870665417 0.14875 0.06747891283973759
0 0.5975 0.5674789128397376 0.09 0.044048734770384255
0 0.05875 0.9254920337394564 0.05 0.06279287722586692
0 0.720775 0.5285285848172446 0.03007499999999993 0.019231490159325192
0 0.6026250000000001 0.5679287722586692 0.028075000000000044 0.019821930646673
0 0.6575875000000001 0.6076288659793815 0.028874999999999887 0.022820993439550054
0 0.956275 0.30999062792877224 0.01802500000000009 0.02613870665417056
0 0.22971250000000001 0.21223055295220242 0.022049999999999983 0.03817244611059046
0 0.20905 0.2123805060918463 0.022449999999999973 0.04088097469540769
0 0.1013375 0.49739456419868794 0.04052500000000002 0.03341143392689793