0 0.24 0.09840674789128398 0.03125 0.01218369259606373
0 0.355 0.19821930646672914 0.03875 0.02155576382380506
0 0.788125 0.22867853795688847 0.04125 0.022492970946579195
0 0.9125 0.2774133083411434 0.02125 0.026241799437675725
0 0.76 0.14620431115276475 0.0175 0.014058106841611996
0 0.789375 0.06794751640112465 0.055 0.01874414245548266
0 0.793125 0.08013120899718838 0.06 0.022492970946579195
0 0.28375 0.4189315838800375 0.01375 0.00937207122774133
0 0.525 0.6433926897844423 0.0325 0.02436738519212746
0 0.924375 0.408622305529522 0.04125 0.01780693533270853
0 0.04 0.7094657919400188 0.03 0.028116213683223992
0 0.56125 0.7075913776944704 0.035 0.026241799437675725
0 0.5175 0.7905342080599812 0.035 0.029053420805998126
0 0.41125 0.9123711340206185 0.0125 0.00937207122774133
0 0.731875 0.8552014995313965 0.03375 0.02999062792877226
0 0.71875 0.5014058106841612 0.13625 0.07966260543580131
0 0.666875 0.5909090909090909 0.1575 0.07872539831302718
0 0.60625 0.5595126522961574 0.09625 0.05060918462980318
0 0.120625 0.9578256794751641 0.05875 0.06654170571696345
0 0.72375 0.5112464854732895 0.0325 0.02155576382380506
0 0.61125 0.5595126522961574 0.03125 0.02155576382380506
0 0.671875 0.5946579194001874 0.0325 0.02530459231490159
0 0.9275 0.27507029053420806 0.02125 0.02717900656044986
0 0.19125 0.23477038425492033 0.0275 0.03936269915651359
0 0.170625 0.2366447985004686 0.0275 0.04217432052483599
0 0.103125 0.528584817244611 0.045 0.03655107778819119