0 0.249375 0.0951265229615745 0.03125 0.01218369259606373
0 0.3625 0.19634489222118087 0.03875 0.020618556701030927
0 0.794375 0.232427366447985 0.04125 0.022492970946579195
0 0.918125 0.28256794751640113 0.02125 0.026241799437675725
0 0.76875 0.14995313964386128 0.0175 0.014058106841611996
0 0.799375 0.07169634489222118 0.055 0.01874414245548266
0 0.8025 0.08388003748828492 0.05875 0.02155576382380506
0 0.285625 0.41611996251171507 0.01375 0.00937207122774133
0 0.521875 0.6438612933458294 0.0325 0.02436738519212746
0 0.926875 0.41424554826616683 0.04125 0.01780693533270853
0 0.035 0.7033739456419869 0.03 0.028116213683223992
0 0.55625 0.7085285848172446 0.03375 0.026241799437675725
0 0.510625 0.7910028116213683 0.03375 0.029053420805998126
0 0.401875 0.9109653233364574 0.0125 0.00937207122774133
0 0.72375 0.8584817244611059 0.03375 0.02999062792877226
0 0.71875 0.5046860356138707 0.135 0.07872539831302718
0 0.664375 0.5932521087160263 0.15625 0.07685098406747891
0 0.605 0.5609184629803187 0.095 0.04967197750702906
0 0.11 0.9526710402999062 0.0575 0.06560449859418932
0 0.723125 0.514058106841612 0.0325 0.02155576382380506
0 0.61 0.5609184629803187 0.03 0.02155576382380506
0 0.669375 0.5970009372071228 0.03125 0.02436738519212746
0 0.9325 0.28069353327085284 0.02125 0.02717900656044986
0 0.1975 0.2310215557638238 0.02625 0.03936269915651359
0 0.176875 0.232427366447985 0.0275 0.04217432052483599
0 0.1025 0.5234301780693533 0.04375 0.03561387066541706