0 0.74875 0.2000937207122774 0.03 0.028116213683223992
0 0.898125 0.2666354264292409 0.01375 0.00937207122774133
0 0.826875 0.29475164011246485 0.01625 0.013120899718837863
0 0.765 0.246485473289597 0.0125 0.010309278350515464
0 0.525 0.15557638238050608 0.035 0.03280224929709466
0 0.623125 0.1471415182755389 0.0525 0.01874414245548266
0 0.3825 0.2755388940955951 0.015 0.010309278350515464
0 0.383125 0.12136832239925023 0.01875 0.007497656982193065
0 0.556875 0.24554826616682288 0.03375 0.031865042174320526
0 0.153125 0.17291471415182755 0.0325 0.030927835051546393
0 0.074375 0.1176194939081537 0.02875 0.008434864104967198
0 0.159375 0.3158388003748828 0.03625 0.02999062792877226
0 0.319375 0.19775070290534208 0.02625 0.019681349578256794
0 0.1425 0.23617619493908154 0.015 0.007497656982193065
0 0.94625 0.5651358950328023 0.015 0.011246485473289597
0 0.760625 0.5885660731021556 0.0275 0.019681349578256794
0 0.7425 0.6504217432052484 0.015 0.015932521087160263
0 0.8625 0.5238987816307404 0.01375 0.011246485473289597
0 0.81875 0.5360824742268041 0.01375 0.01218369259606373
0 0.728125 0.4353327085285848 0.01625 0.011246485473289597
0 0.899375 0.46485473289597 0.0175 0.010309278350515464
0 0.69875 0.6490159325210871 0.02125 0.01780693533270853
0 0.43875 0.4639175257731959 0.02625 0.01874414245548266
0 0.344375 0.436269915651359 0.01875 0.00937207122774133
0 0.63625 0.415651358950328 0.00875 0.01218369259606373
0 0.51375 0.5613870665417057 0.0125 0.011246485473289597
0 0.48875 0.5548266166822868 0.015 0.010309278350515464
0 0.62375 0.3786316776007498 0.0125 0.011246485473289597
0 0.531875 0.6630740393626992 0.03625 0.015932521087160263
0 0.23875 0.514058106841612 0.01875 0.011246485473289597
0 0.290625 0.5267104029990628 0.0175 0.011246485473289597
0 0.324375 0.634020618556701 0.025 0.013120899718837863
0 0.0575 0.4554826616682287 0.0275 0.011246485473289597
0 0.05875 0.44470477975632616 0.02 0.010309278350515464
0 0.7375 0.7141518275538894 0.015 0.02155576382380506
0 0.766875 0.7952202436738519 0.02 0.02155576382380506
0 0.82 0.8556701030927835 0.01875 0.014058106841611996
0 0.713125 0.8120899718837863 0.01875 0.014058106841611996
0 0.928125 0.738987816307404 0.0175 0.01218369259606373
0 0.588125 0.7005623242736645 0.0175 0.013120899718837863
0 0.37 0.8448922211808809 0.02125 0.014058106841611996
0 0.5175 0.746954076850984 0.02125 0.015932521087160263
0 0.505625 0.6794751640112465 0.02 0.00937207122774133
0 0.519375 0.6710402999062793 0.0175 0.01218369259606373
0 0.5375 0.676194939081537 0.02375 0.013120899718837863
0 0.0125 0.6836925960637301 0.025 0.03280224929709466
0 0.5725 0.3373945641986879 0.06875 0.04779756326148079
0 0.974375 0.4629803186504217 0.05125 0.05060918462980318
0 0.535 0.2970946579194002 0.06875 0.04311152764761012
0 0.085 0.6354264292408622 0.0675 0.03280224929709466
0 0.10125 0.7577319587628866 0.04875 0.030927835051546393
0 0.05 0.6715089034676663 0.065 0.03280224929709466
0 0.94125 0.41283973758200565 0.0575 0.05998125585754452
0 0.965 0.309746954076851 0.03125 0.026241799437675725
0 0.7775 0.36457357075913777 0.0125 0.010309278350515464
0 0.628125 0.415651358950328 0.01125 0.010309278350515464
0 0.71875 0.44470477975632616 0.01625 0.007497656982193065
0 0.481875 0.4465791940018744 0.01625 0.011246485473289597
0 0.474375 0.4423617619493908 0.0325 0.014058106841611996
0 0.34375 0.42783505154639173 0.0175 0.00937207122774133
0 0.34375 0.5215557638238051 0.025 0.010309278350515464
0 0.3325 0.6105904404873477 0.01625 0.014058106841611996
0 0.328125 0.6237113402061856 0.01875 0.011246485473289597
0 0.519375 0.6991565135895033 0.185 0.10309278350515463
0 0.528125 0.7104029990627929 0.1925 0.1077788191190253
0 0.696875 0.6068416119962512 0.01875 0.014058106841611996
0 0.710625 0.619962511715089 0.0125 0.015932521087160263
0 0.6525 0.6312089971883786 0.09375 0.05248359887535145
0 0.6625 0.6415182755388941 0.0975 0.056232427366447985
0 0.723125 0.5651358950328023 0.00875 0.00937207122774133
0 0.718125 0.5688847235238987 0.01125 0.01218369259606373
0 0.72875 0.5773195876288659 0.01 0.01499531396438613
0 0.72125 0.5810684161199625 0.01 0.01218369259606373
0 0.765625 0.5581068416119962 0.06875 0.04217432052483599
0 0.77375 0.5674789128397376 0.07 0.04592314901593252
0 0.95625 0.40159325210871605 0.03375 0.026241799437675725
0 0.2725 0.8181818181818182 0.02 0.010309278350515464
1 0.020625 0.42924086223055297 0.03875 0.02436738519212746
0 0.008125 0.27319587628865977 0.00625 0.020618556701030927
0 0.011875 0.27507029053420806 0.0125 0.011246485473289597
0 0.0225 0.2572633552014995 0.01125 0.007497656982193065
0 0.040625 0.2539831302717901 0.01125 0.006560449859418931
0 0.03375 0.25773195876288657 0.01375 0.011246485473289597
0 0.128125 0.14432989690721648 0.0275 0.010309278350515464
0 0.07625 0.11152764761012184 0.02625 0.007497656982193065
0 0.311875 0.2000937207122774 0.03125 0.016869728209934397
0 0.31 0.20290534208059982 0.01375 0.007497656982193065
0 0.451875 0.15745079662605435 0.01375 0.007497656982193065
0 0.62375 0.15229615745079664 0.01125 0.005623242736644799