0 0.258125 0.19681349578256796 0.02875 0.028116213683223992
0 0.10751250000000001 0.2614807872539831 0.01375 0.00937207122774133
0 0.178125 0.29053420805998126 0.01625 0.013120899718837863
0 0.24125 0.24320524835988752 0.0125 0.010309278350515464
0 0.483125 0.15510777881911902 0.03375 0.03280224929709466
0 0.385 0.1457357075913777 0.0525 0.01780693533270853
0 0.6225 0.2769447047797563 0.015 0.010309278350515464
0 0.625625 0.12277413308341144 0.01875 0.007497656982193065
0 0.44875 0.24461105904404873 0.0325 0.031865042174320526
0 0.854375 0.17760074976569823 0.03125 0.030927835051546393
0 0.934375 0.12345829428303653 0.02875 0.008003748828491102
0 0.845 0.32019681349578255 0.035 0.02932521087160259
0 0.6878 0.20001874414245546 0.025600000000000022 0.01953139643861291
0 0.86375 0.2408622305529522 0.015 0.007497656982193065
0 0.0525 0.5595126522961574 0.015 0.011246485473289597
0 0.2375 0.5852858481724461 0.0275 0.019681349578256794
0 0.25375 0.6471415182755389 0.015 0.015932521087160263
0 0.136875 0.5192127460168697 0.01375 0.011246485473289597
0 0.180625 0.5318650421743205 0.01375 0.01218369259606373
0 0.27344999999999997 0.43239925023430176 0.015612500000000012 0.010984067478912866
0 0.10125 0.4597000937207123 0.0175 0.010309278350515464
0 0.298125 0.6462043111527648 0.02125 0.01780693533270853
0 0.561875 0.46485473289597 0.02625 0.01874414245548266
0 0.6569125 0.43852858481724466 0.01875 0.009540768509840628
0 0.36566249999999995 0.41377694470477977 0.008824999999999932 0.01218369259606373
0 0.485 0.5613870665417057 0.0125 0.011246485473289597
0 0.5100374999999999 0.5550796626054357 0.015 0.010309278350515464
0 0.3793875 0.3770103092783505 0.011712500000000006 0.010740393626991598
0 0.46447499999999997 0.6626804123711341 0.03603750000000005 0.0151546391752578
0 0.7609125 0.5173477038425492 0.018174999999999955 0.011218369259606398
0 0.7087375 0.5295220243673852 0.017462500000000034 0.011246485473289597
0 0.6724125 0.6363636363636364 0.025175000000000124 0.013120899718837863
0 0.94375 0.4611059044048735 0.0275 0.011246485473289597
0 0.9425 0.45032802249297094 0.02 0.010309278350515464
0 0.2575 0.7110028116213684 0.015 0.02129334582942833
0 0.22625 0.7914714151827554 0.02 0.02155576382380506
0 0.171875 0.8514526710402999 0.01875 0.014058106841611996
0 0.279375 0.8092783505154639 0.01875 0.014058106841611996
0 0.06625 0.7333645735707591 0.0175 0.01218369259606373
0 0.4075 0.6991565135895033 0.0175 0.013120899718837863
0 0.621875 0.8467666354264293 0.02125 0.014058106841611996
0 0.476875 0.746485473289597 0.02125 0.015932521087160263
0 0.49 0.6794751640112465 0.02 0.00937207122774133
0 0.47674999999999995 0.6707872539831303 0.01771249999999995 0.011752577319587594
0 0.458175 0.6755014058106842 0.02364999999999995 0.012558575445173468
0 0.985 0.6902530459231491 0.0275 0.03280224929709466
0 0.43125 0.3364573570759138 0.0675 0.046860356138706656
0 0.025625 0.4568884723523899 0.05125 0.04967197750702906
0 0.47 0.29662605435801315 0.0675 0.04217432052483599
0 0.911875 0.6410496719775071 0.06625 0.031865042174320526
0 0.8925 0.7628865979381443 0.0475 0.02999062792877226
0 0.945625 0.6776007497656982 0.06375 0.031865042174320526
0 0.0608375 0.4072164948453608 0.05582499999999999 0.059044048734770385
0 0.039425 0.30345829428303656 0.03115 0.02622305529522026
0 0.22561250000000002 0.360796626054358 0.012175000000000012 0.009859418931583862
0 0.3735625 0.41391752577319585 0.011287499999999966 0.01058106841611993
0 0.282325 0.44162136832239923 0.01571249999999999 0.007197750702905295
0 0.5192875 0.4466729147141518 0.015400000000000063 0.011049671977506994
0 0.527 0.44282099343955017 0.032099999999999934 0.013945641986879096
0 0.6577625 0.4298125585754452 0.017312499999999887 0.009606373008434864
0 0.6559999999999999 0.5237582005623242 0.025349999999999966 0.010084348641049663
0 0.6648375 0.6125304592314902 0.015374999999999943 0.01417057169634479
0 0.6686875000000001 0.62601686972821 0.018587499999999865 0.011274601686972795
0 0.47606250000000006 0.6986410496719776 0.18276250000000005 0.10111527647610132
0 0.4669 0.7099531396438613 0.18951250000000003 0.10542642924086223
0 0.3009625 0.604348641049672 0.018287499999999995 0.014236176194939132
0 0.28666250000000004 0.616991565135895 0.0121875 0.01544517338331773
0 0.34448749999999995 0.6292689784442361 0.09313749999999998 0.051508903467666386
0 0.3342125 0.6395032802249297 0.09571249999999995 0.05511715089034672
0 0.275575 0.5623055295220244 0.008012500000000032 0.00966260543580126
0 0.280075 0.5660356138706655 0.010625 0.01177132146204306
0 0.2693125 0.574348641049672 0.009612499999999998 0.01448922211808813
0 0.277025 0.5779662605435801 0.010262499999999975 0.012080599812558669
0 0.23285 0.5544704779756326 0.06841250000000003 0.041640112464854794
0 0.22465 0.5637488284910965 0.069375 0.04524835988753512
0 0.046174999999999994 0.39560449859418934 0.03307500000000001 0.025510777881911927
0 0.720025 0.8210590440487349 0.02008749999999992 0.009887535145267062
1 0.9808499999999999 0.43569821930646674 0.038287500000000134 0.024320524835988795
0 0.9969125 0.2795032802249297 0.006162500000000079 0.020131208997188395
0 0.9931874999999999 0.2817057169634489 0.011712499999999864 0.0106279287722587
0 0.9829875 0.2637394564198688 0.011087499999999863 0.007619493908153698
0 0.9649 0.25991565135895034 0.01085000000000008 0.00599812558575443
0 0.9720125000000001 0.2637394564198688 0.013950000000000103 0.011330834114339298
0 0.8801875 0.14933458294283036 0.026875 0.010168697282099366
0 0.9328875 0.11697282099343956 0.025749999999999888 0.006963448922211815
0 0.695225 0.20280224929709464 0.03146250000000009 0.016551077788191215
0 0.6969124999999999 0.20561387066541703 0.013050000000000068 0.007656982193064682
0 0.5563125 0.15793814432989692 0.013299999999999984 0.007413308341143416
0 0.3843875 0.1508153701968135 0.011437499999999972 0.005782567947516416