0 0.316875 0.17432052483598875 0.03375 0.030927835051546393
0 0.155625 0.22305529522024367 0.015 0.010309278350515464
0 0.22 0.2591377694470478 0.01875 0.01499531396438613
0 0.29125 0.21883786316776008 0.01375 0.011246485473289597
0 0.5475 0.15651358950328023 0.04 0.03561387066541706
0 0.451875 0.1373008434864105 0.055 0.023430178069353328
0 0.6625 0.29194001874414244 0.01625 0.01218369259606373
0 0.694375 0.13964386129334583 0.02 0.00937207122774133
0 0.496875 0.24179943767572634 0.0375 0.03467666354264293
0 0.910625 0.21790065604498593 0.03625 0.033739456419868794
0 0.9925 0.1724461105904405 0.015 0.011246485473289597
0 0.875 0.3580131208997188 0.04 0.03280224929709466
0 0.741875 0.2225866916588566 0.02875 0.02155576382380506
0 0.908125 0.28116213683223995 0.01625 0.00937207122774133
0 0.045625 0.5121836925960638 0.0175 0.013120899718837863
0 0.224375 0.5571696344892221 0.03125 0.022492970946579195
0 0.22875 0.619962511715089 0.0175 0.01780693533270853
0 0.136875 0.48125585754451733 0.01625 0.01218369259606373
0 0.178125 0.49812558575445176 0.01625 0.013120899718837863
0 0.288125 0.4095595126522962 0.0175 0.01218369259606373
0 0.1125 0.4184629803186504 0.01875 0.01218369259606373
0 0.273125 0.6237113402061856 0.02375 0.019681349578256794
0 0.5675 0.471883786316776 0.03 0.02155576382380506
0 0.666875 0.4554826616682287 0.02 0.011246485473289597
0 0.383125 0.4006560449859419 0.01125 0.013120899718837863
0 0.47375 0.5590440487347704 0.015 0.01218369259606373
0 0.5 0.555763823805061 0.01625 0.01218369259606373
0 0.403125 0.3655107778819119 0.01375 0.01218369259606373
0 0.434375 0.6574507966260543 0.03875 0.01874414245548266
0 0.755 0.5445173383317713 0.02 0.013120899718837863
0 0.70125 0.5510777881911902 0.02 0.013120899718837863
0 0.645625 0.6532333645735707 0.0275 0.015932521087160263
0 0.946875 0.5079662605435802 0.02875 0.014058106841611996
0 0.9475 0.4971883786316776 0.02125 0.01218369259606373
0 0.220625 0.6836925960637301 0.01875 0.022492970946579195
0 0.175 0.7600749765698219 0.02375 0.023430178069353328
0 0.11 0.8139643861293346 0.02125 0.015932521087160263
0 0.224375 0.7830365510777882 0.02125 0.015932521087160263
0 0.026875 0.6860356138706654 0.02 0.014058106841611996
0 0.37125 0.6874414245548266 0.02 0.01499531396438613
0 0.55625 0.8561387066541706 0.02375 0.015932521087160263
0 0.43125 0.7417994376757263 0.02375 0.01780693533270853
0 0.456875 0.676663542642924 0.02125 0.011246485473289597
0 0.445 0.6668228678537957 0.02 0.013120899718837863
0 0.42625 0.6696344892221181 0.02625 0.01499531396438613
0 0.945 0.738987816307404 0.03375 0.03561387066541706
0 0.4625 0.33083411433926896 0.075 0.053420805998125584
0 0.038125 0.4076850984067479 0.06 0.05435801312089972
0 0.508125 0.29568884723523897 0.075 0.04873477038425492
0 0.881875 0.682755388940956 0.07125 0.038425492033739454
0 0.84 0.8013120899718837 0.0525 0.03467666354264293
0 0.908125 0.7225866916588566 0.06875 0.038425492033739454
0 0.0825 0.3622305529522024 0.06625 0.06466729147141519
0 0.080625 0.2572633552014995 0.03625 0.029053420805998126
0 0.254375 0.3336457357075914 0.01375 0.011246485473289597
0 0.390625 0.40159325210871605 0.01375 0.011246485473289597
0 0.295 0.41940018744142454 0.0175 0.008434864104967198
0 0.52875 0.4493908153701968 0.0175 0.01218369259606373
0 0.5375 0.44611059044048734 0.035 0.016869728209934397
0 0.669375 0.44704779756326146 0.01875 0.011246485473289597
0 0.65 0.5398313027179007 0.0275 0.01218369259606373
0 0.6425 0.6288659793814433 0.0175 0.015932521087160263
0 0.64375 0.6424554826616682 0.02 0.013120899718837863
0 0.439375 0.6940018744142455 0.2 0.1190253045923149
0 0.428125 0.704311152764761 0.2075 0.12371134020618557
0 0.28375 0.5824742268041238 0.02125 0.015932521087160263
0 0.266875 0.5937207122774133 0.015 0.016869728209934397
0 0.321875 0.6119962511715089 0.10125 0.06091846298031865
0 0.31 0.6208997188378632 0.105 0.06466729147141519
0 0.26625 0.5384254920337395 0.01 0.010309278350515464
0 0.27 0.542642924086223 0.0125 0.013120899718837863
0 0.2575 0.549671977507029 0.0125 0.01499531396438613
0 0.265 0.5538894095595126 0.0125 0.013120899718837863
0 0.225625 0.5262417994376757 0.075 0.04873477038425492
0 0.215625 0.5342080599812559 0.0775 0.05248359887535145
0 0.07 0.34910965323336457 0.0375 0.029053420805998126
0 0.658125 0.8406747891283973 0.02125 0.01218369259606373
1 0.983125 0.48641049671977504 0.03375 0.028116213683223992
0 0.941875 0.19259606373008434 0.02875 0.013120899718837863
0 0.993125 0.16588566073102157 0.01375 0.00937207122774133
0 0.74875 0.22586691658856609 0.03375 0.019681349578256794
0 0.749375 0.22914714151827553 0.01375 0.00937207122774133
0 0.619375 0.16729147141518275 0.015 0.008434864104967198
0 0.450625 0.14198687910028115 0.0125 0.006560449859418931