0 0.339275 0.12347703842549203 0.05825000000000003 0.05711340206185567
1 0.46887500000000004 0.23555763823805065 0.2123375 0.26334582942830365
0 0.717975 0.6497282099343955 0.064075 0.040037488284910994
0 0.3168625 0.5787628865979381 0.04317499999999999 0.02798500468603552
0 0.2699 0.1866447985004686 0.07505000000000002 0.05426429240862229
1 0.2224 0.354892221180881 0.08295000000000002 0.07075913776944705
1 0.6009875 0.4067666354264292 0.3033875 0.14901593252108716
0 0.365925 0.4342924086223055 0.07223749999999995 0.13082474226804122
1 0.115425 0.518875351452671 0.077625 0.07421743205248366
0 0.3002875 0.23 0.04946249999999999 0.043514526710403005
1 0.4108 0.37412371134020617 0.09765 0.07349578256794748
0 0.8734375 0.1390721649484536 0.031887499999999985 0.025651358950328027
1 0.10625 0.6363636363636364 0.0875 0.07872539831302718
1 0.8184625 0.5902717900656046 0.08016250000000014 0.036148078725398256
1 0.7063875000000001 0.5141330834114339 0.278775 0.13149015932521083
0 0.9209499999999999 0.35978444236176194 0.02352499999999992 0.020168697282099326
0 0.16875 0.2539831302717901 0.035 0.02436738519212746
0 0.346875 0.3191190253045923 0.02625 0.02155576382380506
0 0.5375 0.25866916588566075 0.015 0.016869728209934397
0 0.910625 0.28256794751640113 0.03125 0.02717900656044986
0 0.95625 0.2047797563261481 0.0325 0.02717900656044986
0 0.975 0.2736644798500469 0.025 0.02436738519212746
0 0.805625 0.12985004686035614 0.02375 0.01804123711340206
0 0.68375 0.19634489222118087 0.015 0.01780693533270853
0 0.2475 0.5299906279287723 0.0275 0.019681349578256794
0 0.185 0.35941893158388005 0.025 0.03280224929709466
0 0.308125 0.47703842549203374 0.01875 0.01499531396438613
0 0.15125 0.5923149015932521 0.0225 0.016869728209934397
0 0.181875 0.3402061855670103 0.01875 0.01499531396438613
0 0.106875 0.344892221180881 0.03625 0.02436738519212746
0 0.395 0.37582005623242737 0.02 0.016869728209934397
0 0.98625 0.5595126522961574 0.0275 0.033739456419868794
0 0.88875 0.38191190253045926 0.025 0.023430178069353328
0 0.896875 0.4835988753514527 0.02375 0.01499531396438613
0 0.900625 0.4592314901593252 0.02375 0.01499531396438613
0 0.085625 0.7942830365510778 0.02875 0.02530459231490159
0 0.151875 0.6620805998125586 0.02875 0.02187441424554819
0 0.1125 0.7441424554826617 0.03 0.022492970946579195
0 0.866875 0.7399250234301781 0.01125 0.008434864104967198
0 0.4822125 0.6293345829428304 0.013562500000000028 0.013458294283036458
1 0.109675 0.5047797563261481 0.06168749999999999 0.026054358013120858
1 0.05983749999999999 0.4819493908153702 0.05402499999999999 0.06915651358950324
1 0.06212500000000001 0.410796626054358 0.052887500000000004 0.06800374882849115
1 0.5318875 0.11431115276476102 0.10147500000000008 0.05375820056232428
1 0.752875 0.4308528584817245 0.03555000000000007 0.07123711340206185
0 0.041550000000000004 0.688697282099344 0.029737500000000004 0.023570759137769532
0 0.0633625 0.6985848172446111 0.01928750000000001 0.014442361761949468
1 0.050687499999999996 0.681846298031865 0.052774999999999996 0.06109653233364579
1 0.09532500000000001 0.8560262417994376 0.04938749999999999 0.040309278350515454
0 0.935875 0.3519306466729147 0.025687499999999943 0.014226804123711294
0 0.6010625 0.49143392689784443 0.012175000000000012 0.00962511715089033