0 0.304375 0.13261480787253982 0.06375 0.05998125585754452
1 0.444375 0.2380506091846298 0.23625 0.2736644798500469
0 0.73125 0.6377694470477976 0.0675 0.04311152764761012
0 0.324375 0.5880974695407685 0.04625 0.02999062792877226
0 0.24125 0.19962511715089035 0.08 0.05810684161199625
1 0.209375 0.3697282099343955 0.08875 0.07497656982193064
1 0.591875 0.40159325210871605 0.31625 0.16494845360824742
0 0.36 0.4414245548266167 0.08375 0.13402061855670103
1 0.118125 0.5388940955951266 0.08375 0.07778819119025304
0 0.275625 0.24133083411433928 0.05375 0.04592314901593252
1 0.399375 0.37910028116213684 0.10375 0.07872539831302718
0 0.83875 0.1204311152764761 0.03375 0.02717900656044986
1 0.12 0.6565135895032802 0.095 0.08341143392689784
1 0.82625 0.5735707591377694 0.08375 0.04029990627928772
1 0.7075 0.5032802249297095 0.29 0.14620431115276475
0 0.906875 0.338331771321462 0.025 0.02155576382380506
0 0.146875 0.2717900656044986 0.0375 0.026241799437675725
0 0.330625 0.32755388940955954 0.02875 0.022492970946579195
0 0.515 0.2572633552014995 0.01625 0.01780693533270853
0 0.889375 0.2614807872539831 0.03375 0.029053420805998126
0 0.9275 0.18181818181818182 0.035 0.029053420805998126
0 0.9525 0.2492970946579194 0.0275 0.02530459231490159
0 0.770625 0.1148078725398313 0.025 0.019681349578256794
0 0.655 0.18744142455482662 0.01625 0.01874414245548266
0 0.250625 0.5431115276476102 0.02875 0.020618556701030927
0 0.1725 0.37628865979381443 0.0275 0.033739456419868794
0 0.30625 0.4873477038425492 0.02 0.015932521087160263
0 0.160625 0.6101218369259607 0.02375 0.01780693533270853
0 0.1675 0.3570759137769447 0.02 0.015932521087160263
0 0.093125 0.36597938144329895 0.03875 0.026241799437675725
0 0.38375 0.38144329896907214 0.02125 0.01780693533270853
0 0.9875 0.5337394564198688 0.025 0.03467666354264293
0 0.876875 0.36176194939081535 0.0275 0.02436738519212746
0 0.894375 0.4629803186504217 0.025 0.015932521087160263
0 0.895625 0.4381443298969072 0.025 0.015932521087160263
0 0.11375 0.8153701968134958 0.03125 0.02717900656044986
0 0.1675 0.6799437675726335 0.03125 0.023430178069353328
0 0.13625 0.7638238050609185 0.0325 0.02436738519212746
0 0.888125 0.7202436738519212 0.0125 0.00937207122774133
0 0.494375 0.6298031865042174 0.015 0.014058106841611996
1 0.11125 0.5253045923149016 0.06375 0.029053420805998126
1 0.059375 0.5051546391752577 0.06 0.07216494845360824
1 0.055 0.4339268978444236 0.05875 0.07029053420805999
1 0.495625 0.1134020618556701 0.10625 0.059044048734770385
1 0.745625 0.41799437675726336 0.0425 0.07310215557638237
0 0.06 0.7122774133083412 0.03125 0.02530459231490159
0 0.083125 0.7207122774133083 0.02 0.01499531396438613
1 0.06875 0.7047797563261481 0.05875 0.06373008434864105
1 0.129375 0.8762886597938144 0.0525 0.04311152764761012
0 0.92125 0.3294283036551078 0.0275 0.015932521087160263
0 0.6 0.485941893158388 0.0125 0.010309278350515464