0 0.174375 0.20899718837863168 0.03125 0.03280224929709466
0 0.223125 0.22024367385192128 0.0325 0.028116213683223992
0 0.62 0.22727272727272727 0.03125 0.028116213683223992
0 0.656875 0.3158388003748828 0.03125 0.026241799437675725
0 0.58625 0.1738519212746017 0.0375 0.02436738519212746
0 0.468125 0.3036551077788191 0.0125 0.010309278350515464
0 0.4375 0.32567947516401125 0.0125 0.010309278350515464
0 0.153125 0.4906279287722587 0.03875 0.02436738519212746
0 0.19875 0.6494845360824743 0.03125 0.04217432052483599
0 0.3175 0.41940018744142454 0.025 0.031865042174320526
0 0.18875 0.5398313027179007 0.0075 0.010309278350515464
0 0.38 0.3964386129334583 0.03125 0.038425492033739454
0 0.44375 0.6358950328022493 0.03875 0.02436738519212746
0 0.344375 0.3697282099343955 0.03 0.02717900656044986
0 0.60625 0.555763823805061 0.025 0.019681349578256794
0 0.595 0.3673851921274602 0.01625 0.014058106841611996
0 0.653125 0.5548266166822868 0.02125 0.01874414245548266
0 0.576875 0.37582005623242737 0.015 0.013120899718837863
0 0.655625 0.6063730084348641 0.01375 0.01499531396438613
0 0.52 0.45313964386129335 0.015 0.007497656982193065
0 0.880625 0.5763823805060918 0.04125 0.028116213683223992
0 0.9175 0.6007497656982193 0.0425 0.02717900656044986
0 0.825625 0.5590440487347704 0.03875 0.02717900656044986
0 0.123125 0.6921274601686973 0.0325 0.02155576382380506
0 0.1675 0.7989690721649485 0.03375 0.02436738519212746
0 0.8225 0.7080599812558576 0.0175 0.013120899718837863
1 0.23 0.5627928772258669 0.09625 0.07872539831302718
0 0.835625 0.36597938144329895 0.13125 0.061855670103092786
0 0.48 0.40112464854732893 0.05125 0.03936269915651359
0 0.7025 0.5927835051546392 0.0825 0.04873477038425492
1 0.258125 0.6865042174320525 0.09875 0.08903467666354264
1 0.175625 0.6208997188378632 0.04875 0.038425492033739454
0 0.968125 0.1527647610121837 0.06375 0.11246485473289597
1 0.571875 0.7900656044985942 0.05125 0.04592314901593252
0 0.85375 0.06654170571696345 0.04625 0.03655107778819119
0 0.7725 0.5548266166822868 0.04625 0.03280224929709466
0 0.74375 0.6312089971883786 0.0425 0.030927835051546393
1 0.641875 0.8364573570759137 0.0525 0.05060918462980318
1 0.369375 0.8106841611996252 0.0525 0.046860356138706656
0 0.776875 0.6035613870665417 0.0475 0.030927835051546393
1 0.48625 0.5482661668228679 0.04625 0.04029990627928772
1 0.164375 0.46157450796626054 0.04625 0.03280224929709466
0 0.4075 0.28350515463917525 0.01375 0.01218369259606373
0 0.51125 0.2858481724461106 0.0125 0.029053420805998126
0 0.503125 0.2858481724461106 0.005 0.02155576382380506
0 0.34375 0.28116213683223995 0.03 0.02717900656044986
0 0.270625 0.5693533270852859 0.01 0.007497656982193065
0 0.509375 0.6166822867853796 0.0275 0.010309278350515464
0 0.51 0.6265229615745079 0.0225 0.01499531396438613
0 0.468125 0.6672914714151827 0.01875 0.011246485473289597
0 0.459375 0.676194939081537 0.01125 0.014058106841611996
0 0.47375 0.6771321462043112 0.02125 0.015932521087160263
0 0.68875 0.6232427366447985 0.02375 0.007497656982193065
0 0.8975 0.6260543580131209 0.04375 0.02999062792877226
0 0.845625 0.577788191190253 0.035 0.02530459231490159
0 0.988125 0.5407685098406748 0.02125 0.00937207122774133
0 0.9925 0.5318650421743205 0.01375 0.007497656982193065
0 0.468125 0.521087160262418 0.00875 0.013120899718837863
0 0.458125 0.5299906279287723 0.01 0.029053420805998126