0 0.81875 0.2047797563261481 0.03125 0.033739456419868794
0 0.77 0.2169634489222118 0.0325 0.029053420805998126
0 0.37375 0.22914714151827553 0.03125 0.029053420805998126
0 0.33875 0.3181818181818182 0.0325 0.02717900656044986
0 0.40625 0.17525773195876287 0.03875 0.02436738519212746
0 0.526875 0.30318650421743204 0.0125 0.010309278350515464
0 0.558125 0.3252108716026242 0.0125 0.010309278350515464
0 0.84625 0.48641049671977504 0.04 0.02436738519212746
0 0.804375 0.6452671040299907 0.0325 0.04217432052483599
0 0.680625 0.41705716963448924 0.025 0.03280224929709466
0 0.811875 0.5360824742268041 0.0075 0.010309278350515464
0 0.6175 0.39456419868791004 0.03125 0.03936269915651359
0 0.559375 0.6354264292408622 0.04 0.02436738519212746
0 0.6525 0.3673851921274602 0.03 0.028116213683223992
0 0.395 0.5571696344892221 0.02625 0.020618556701030927
0 0.401875 0.3683223992502343 0.0175 0.014058106841611996
0 0.348125 0.5571696344892221 0.0225 0.019681349578256794
0 0.420625 0.3767572633552015 0.015 0.013120899718837863
0 0.346875 0.6087160262417994 0.015 0.01499531396438613
0 0.47875 0.45313964386129335 0.015 0.007497656982193065
0 0.12125 0.5810684161199625 0.04125 0.028116213683223992
0 0.084375 0.6059044048734771 0.04375 0.02717900656044986
0 0.175625 0.563261480787254 0.04 0.02717900656044986
0 0.88125 0.6874414245548266 0.03375 0.022492970946579195
0 0.839375 0.7942830365510778 0.035 0.02530459231490159
0 0.1825 0.7122774133083412 0.0175 0.013120899718837863
1 0.771875 0.5595126522961574 0.09875 0.08059981255857544
0 0.16125 0.37066541705716965 0.1325 0.06373008434864105
0 0.518125 0.40112464854732893 0.05125 0.03936269915651359
0 0.3 0.5951265229615745 0.08375 0.04967197750702906
1 0.74625 0.683223992502343 0.10125 0.08997188378631678
1 0.826875 0.6166822867853796 0.04875 0.038425492033739454
0 0.028125 0.15885660731021556 0.05625 0.1134020618556701
1 0.435 0.7910028116213683 0.0525 0.04592314901593252
0 0.13625 0.07122774133083412 0.04625 0.03655107778819119
0 0.22875 0.5581068416119962 0.04625 0.03280224929709466
0 0.259375 0.6344892221180881 0.0425 0.030927835051546393
1 0.36625 0.8383317713214621 0.05375 0.05060918462980318
1 0.6375 0.8088097469540768 0.05375 0.04779756326148079
0 0.225625 0.6068416119962512 0.0475 0.030927835051546393
1 0.515 0.5482661668228679 0.04625 0.04029990627928772
1 0.834375 0.4568884723523899 0.04625 0.03280224929709466
0 0.5875 0.28209934395501407 0.01375 0.01218369259606373
0 0.48375 0.28631677600749766 0.0125 0.029053420805998126
0 0.491875 0.2858481724461106 0.00625 0.022492970946579195
0 0.65125 0.27928772258669166 0.03 0.02717900656044986
0 0.730625 0.5660731021555764 0.01125 0.007497656982193065
0 0.49375 0.6166822867853796 0.0275 0.010309278350515464
0 0.493125 0.6265229615745079 0.0225 0.015932521087160263
0 0.535625 0.6668228678537957 0.01875 0.011246485473289597
0 0.545 0.6757263355201499 0.01125 0.01499531396438613
0 0.530625 0.676663542642924 0.0225 0.015932521087160263
0 0.314375 0.6255857544517338 0.02375 0.008434864104967198
0 0.105625 0.6312089971883786 0.04375 0.030927835051546393
0 0.15625 0.5820056232427366 0.03625 0.026241799437675725
0 0.0125 0.5473289597000938 0.0225 0.00937207122774133
0 0.00875 0.5384254920337395 0.01375 0.007497656982193065
0 0.5325 0.520618556701031 0.00875 0.013120899718837863
0 0.5425 0.5295220243673852 0.01125 0.029053420805998126