0 0.765625 0.31865042174320524 0.035 0.028116213683223992
0 0.418125 0.2858481724461106 0.025 0.01874414245548266
0 0.54375 0.2338331771321462 0.0225 0.020618556701030927
0 0.4925 0.2891283973758201 0.02625 0.020618556701030927
0 0.33 0.1344892221180881 0.03625 0.02436738519212746
0 0.26125 0.15182755388940955 0.04875 0.023430178069353328
0 0.054375 0.2647610121836926 0.03625 0.03467666354264293
0 0.710625 0.40674789128397376 0.04375 0.031865042174320526
0 0.67375 0.48922211808809746 0.01125 0.02717900656044986
0 0.615625 0.5173383317713215 0.045 0.029053420805998126
0 0.653125 0.4887535145267104 0.035 0.028116213683223992
0 0.598125 0.38940955951265227 0.025 0.019681349578256794
0 0.146875 0.5941893158388004 0.02 0.015932521087160263
0 0.08875 0.4835988753514527 0.0225 0.01218369259606373
0 0.654375 0.19634489222118087 0.1275 0.07310215557638237
1 0.45875 0.46438612933458295 0.2575 0.18088097469540768
0 0.376875 0.35660731021555764 0.08 0.06373008434864105
0 0.85625 0.42221180880974696 0.09875 0.06935332708528585
0 0.42 0.09840674789128398 0.07 0.04873477038425492
0 0.04625 0.5895032802249297 0.06125 0.028116213683223992
0 0.598125 0.8992502343017807 0.07 0.04311152764761012
0 0.73375 0.5857544517338332 0.06125 0.030927835051546393
0 0.64625 0.6991565135895033 0.08375 0.044048734770384255
0 0.546875 0.8083411433926898 0.04625 0.03467666354264293
0 0.5625 0.7614807872539832 0.05125 0.03467666354264293
0 0.2825 0.5899718837863168 0.03375 0.041237113402061855
0 0.548125 0.5791940018744143 0.0575 0.03467666354264293
1 0.921875 0.485941893158388 0.15625 0.09090909090909091
0 0.79375 0.14526710402999063 0.04125 0.029053420805998126
0 0.904375 0.09653233364573571 0.04625 0.038425492033739454
0 0.969375 0.07357075913776945 0.06125 0.029053420805998126
0 0.52375 0.14198687910028115 0.03625 0.02717900656044986
0 0.195625 0.10590440487347703 0.03375 0.02155576382380506
0 0.1425 0.10402999062792877 0.065 0.038425492033739454
0 0.081875 0.09090909090909091 0.0325 0.023430178069353328
0 0.025 0.3364573570759138 0.0175 0.01218369259606373
1 0.056875 0.3626991565135895 0.1 0.13402061855670103
1 0.05375 0.29990627928772257 0.07 0.05248359887535145
0 0.315 0.42924086223055297 0.02375 0.01499531396438613
0 0.438125 0.45829428303655106 0.00875 0.011246485473289597
0 0.26625 0.5866916588566073 0.01625 0.01874414245548266
0 0.313125 0.5834114339268979 0.03125 0.01218369259606373
0 0.305 0.577788191190253 0.00875 0.004686035613870665
0 0.515625 0.6218369259606373 0.0475 0.02436738519212746
0 0.53875 0.6007497656982193 0.05375 0.03280224929709466
0 0.645625 0.6738519212746017 0.04875 0.03280224929709466
1 0.94125 0.8786316776007498 0.035 0.020618556701030927
0 0.279375 0.8355201499531396 0.02 0.01499531396438613
0 0.245 0.7736644798500468 0.0175 0.01499531396438613
0 0.21125 0.7132146204311153 0.02125 0.013120899718837863
0 0.195625 0.6818181818181818 0.02 0.01499531396438613
0 0.244375 0.6719775070290535 0.0125 0.01218369259606373
0 0.360625 0.7478912839737581 0.0125 0.008434864104967198
0 0.35875 0.753514526710403 0.02125 0.011246485473289597
0 0.151875 0.8266166822867854 0.02125 0.013120899718837863
0 0.048125 0.5754451733833177 0.03 0.01499531396438613