0 0.225625 0.32567947516401125 0.03625 0.029053420805998126
0 0.571875 0.2839737582005623 0.025 0.019681349578256794
0 0.44375 0.2352389878163074 0.0225 0.02155576382380506
0 0.4975 0.2891283973758201 0.02625 0.020618556701030927
0 0.6525 0.1302717900656045 0.03625 0.02530459231490159
0 0.7225 0.1457357075913777 0.04875 0.02436738519212746
0 0.934375 0.2530459231490159 0.0375 0.03561387066541706
0 0.285625 0.4119025304592315 0.045 0.03280224929709466
0 0.325625 0.4939081537019681 0.0125 0.02717900656044986
0 0.385 0.520618556701031 0.04625 0.02999062792877226
0 0.34625 0.492970946579194 0.03625 0.029053420805998126
0 0.396875 0.3917525773195876 0.025 0.020618556701030927
0 0.856875 0.584817244611059 0.02125 0.016869728209934397
0 0.910625 0.4732895970009372 0.0225 0.013120899718837863
0 0.33125 0.20056232427366447 0.13 0.07591377694470477
1 0.539375 0.46344892221180883 0.26375 0.18650421743205248
0 0.61625 0.35332708528584816 0.0825 0.06560449859418932
0 0.140625 0.43158388003748827 0.10125 0.07122774133083412
0 0.56125 0.09653233364573571 0.07125 0.05060918462980318
0 0.958125 0.5773195876288659 0.0625 0.029053420805998126
0 0.42 0.901593252108716 0.0725 0.04498594189315839
0 0.27 0.5918462980318651 0.0625 0.03280224929709466
0 0.363125 0.7029053420805998 0.08625 0.04592314901593252
0 0.4675 0.8092783505154639 0.0475 0.03561387066541706
0 0.45 0.7628865979381443 0.0525 0.03561387066541706
0 0.72125 0.5838800374882849 0.035 0.04217432052483599
0 0.455625 0.5805998125585754 0.05875 0.03561387066541706
1 0.07875 0.4971883786316776 0.1575 0.09465791940018745
0 0.19 0.15323336457357076 0.0425 0.02999062792877226
0 0.076875 0.1077788191190253 0.0475 0.03936269915651359
0 0.020625 0.0866916588566073 0.04125 0.030927835051546393
0 0.459375 0.1429240862230553 0.0375 0.028116213683223992
0 0.78625 0.0979381443298969 0.035 0.022492970946579195
0 0.83875 0.09465791940018745 0.06625 0.03936269915651359
0 0.89875 0.08013120899718838 0.0325 0.023430178069353328
0 0.966875 0.32427366447985007 0.0175 0.01218369259606373
1 0.93625 0.3514526710402999 0.105 0.1358950328022493
1 0.93625 0.28865979381443296 0.0725 0.05435801312089972
0 0.68125 0.4245548266166823 0.02375 0.01499531396438613
0 0.56 0.4568884723523899 0.00875 0.011246485473289597
0 0.738125 0.5801312089971884 0.0175 0.01874414245548266
0 0.690625 0.5782567947516402 0.03125 0.01218369259606373
0 0.698125 0.5726335520149953 0.01 0.004686035613870665
0 0.49 0.6223055295220243 0.04875 0.026241799437675725
0 0.465625 0.6016869728209935 0.055 0.03467666354264293
0 0.3625 0.6776007497656982 0.05 0.033739456419868794
1 0.07625 0.8898781630740393 0.035 0.02155576382380506
0 0.73625 0.8294283036551078 0.02125 0.015932521087160263
0 0.7675 0.7671040299906279 0.0175 0.01499531396438613
0 0.79875 0.7057169634489222 0.02125 0.014058106841611996
0 0.8125 0.6733833177132146 0.02125 0.01499531396438613
0 0.763125 0.6654170571696345 0.01375 0.01218369259606373
0 0.65125 0.7436738519212746 0.01375 0.008434864104967198
0 0.653125 0.7497656982193065 0.02125 0.01218369259606373
0 0.863125 0.8177132146204311 0.02125 0.014058106841611996
0 0.955 0.563730084348641 0.03125 0.01499531396438613