0 0.25625 0.30178069353327086 0.0325 0.026241799437675725
0 0.60625 0.29194001874414244 0.0225 0.01780693533270853
0 0.4875 0.23195876288659795 0.02 0.019681349578256794
0 0.531875 0.29053420805998126 0.02375 0.01874414245548266
0 0.7116750000000001 0.14701030927835051 0.033400000000000034 0.022230552952202463
0 0.778125 0.16869728209934395 0.04625 0.020618556701030927
0 0.97125 0.29475164011246485 0.0325 0.03280224929709466
0 0.30125 0.3931583880037488 0.04 0.029053420805998126
0 0.328125 0.47797563261480785 0.00875 0.026241799437675725
0 0.3825 0.5098406747891284 0.0425 0.026241799437675725
0 0.34875 0.47891283973758203 0.0325 0.026241799437675725
0 0.415 0.38331771321462044 0.0225 0.01874414245548266
0 0.840625 0.6166822867853796 0.01875 0.01499531396438613
0 0.911875 0.5107778819119025 0.02125 0.011246485473289597
0 0.38125 0.18744142455482662 0.12 0.06560449859418932
1 0.5450750000000001 0.4673945641986879 0.23846250000000005 0.16628865979381438
0 0.639375 0.3650421743205248 0.07375 0.059044048734770385
0 0.154375 0.3992502343017807 0.09125 0.06373008434864105
0 0.62625 0.1049671977507029 0.065 0.04498594189315839
0 0.941875 0.6187722586691659 0.05875 0.023945641986879058
0 0.355625 0.8912839737582006 0.06625 0.03936269915651359
0 0.256875 0.57029053420806 0.05875 0.02717900656044986
0 0.33125 0.6888472352389878 0.08 0.03936269915651359
0 0.4175 0.8041237113402062 0.0425 0.031865042174320526
0 0.4075 0.7563261480787254 0.0475 0.031865042174320526
0 0.7059375 0.6036832239925023 0.029375 0.039597000937207125
0 0.4428125 0.5758200562324274 0.05375 0.03139643861293346
1 0.0775 0.4587628865979381 0.155 0.08153701968134958
0 0.248475 0.12731021555763825 0.03816250000000004 0.02647610121836926
0 0.1437875 0.0718369259606373 0.04265000000000001 0.03563261480787255
0 0.07894999999999999 0.04486410496719775 0.06420000000000001 0.024967197750702906
0 0.517825 0.14179943767572634 0.03370000000000004 0.02495782567947516
0 0.8491500000000001 0.1271696344892221 0.0320750000000001 0.019475164011246472
0 0.9022 0.12868791002811622 0.061737500000000126 0.03410496719775069
0 0.9642000000000001 0.11985004686035614 0.02961250000000007 0.021312089971883795
0 0.991875 0.3683223992502343 0.01625 0.011246485473289597
1 0.9574124999999999 0.392211808809747 0.08516249999999985 0.128950328022493
1 0.9675 0.32989690721649484 0.065 0.04873477038425492
0 0.6922375 0.44174320524835986 0.022324999999999876 0.013383317713214595
0 0.5664125 0.46246485473289595 0.007287500000000051 0.010937207122774096
0 0.7231125 0.6014526710402999 0.01416249999999991 0.017628865979381392
0 0.6767749999999999 0.5952108716026242 0.029625000000000058 0.010018744142455533
0 0.6851125 0.5901780693533271 0.008887499999999875 0.004226804123711332
0 0.4704625 0.6203561387066542 0.04549999999999997 0.021893158388003656
0 0.449525 0.5977975632614808 0.05078749999999999 0.029831302717900587
0 0.334675 0.6637863167760075 0.04556250000000002 0.02951265229615746
1 0.01625 0.8481724461105904 0.0325 0.01874414245548266
0 0.68105 0.8485004686035614 0.01866250000000008 0.014264292408622332
0 0.7219 0.7893814432989691 0.015812500000000115 0.013673851921274524
0 0.7631749999999999 0.7313120899718837 0.01946249999999992 0.012155576382380531
0 0.782075 0.7008341143392689 0.01905000000000001 0.013383317713214595
0 0.7345125 0.6881818181818181 0.011750000000000115 0.011246485473289597
0 0.6103125 0.7558481724461106 0.012162500000000022 0.007572633552014927
0 0.6115375000000001 0.7617900656044986 0.020300000000000012 0.010318650421743196
0 0.8089 0.8483505154639176 0.019862500000000127 0.012136832239925066
0 0.9412375000000001 0.6048172446110591 0.029212499999999864 0.01276476101218359