0 0.78 0.2366447985004686 0.0175 0.01218369259606373
0 0.81875 0.4896907216494845 0.0325 0.014058106841611996
0 0.838125 0.718369259606373 0.03875 0.019681349578256794
0 0.32 0.7436738519212746 0.12 0.07029053420805999
0 0.440625 0.4793814432989691 0.12375 0.06654170571696345
0 0.81625 0.3631677600749766 0.105 0.053420805998125584
0 0.109375 0.36597938144329895 0.06125 0.05154639175257732
0 0.96 0.5473289597000938 0.035 0.033739456419868794
0 0.1502125 0.3926522961574508 0.06208749999999998 0.04865979381443295
0 0.62155 0.6418462980318651 0.043087500000000035 0.022211808809746998
0 0.17329999999999998 0.5088003748828491 0.03708750000000002 0.014798500468603527
0 0.60205 0.5175351452671041 0.11912499999999994 0.06459231490159333
0 0.6640999999999999 0.49250234301780693 0.11235000000000006 0.07406747891283971
0 0.8080625 0.5210965323336457 0.02569999999999993 0.014179943767572737
0 0.768575 0.4004686035613871 0.023449999999999988 0.01659793814432993
0 0.7573000000000001 0.3940393626991565 0.030662499999999968 0.010468603561387029
0 0.9797374999999999 0.38676663542642925 0.040512500000000104 0.035210871602624226
0 0.9581125 0.4009746954076851 0.0478125 0.02771321462043116
0 0.9366875 0.7481349578256795 0.02569999999999993 0.013495782567947602
0 0.7868625 0.7032989690721649 0.0247999999999999 0.01451733833177133
0 0.62845 0.6544142455482661 0.025712499999999992 0.012830365510777934
0 0.765425 0.827647610121837 0.024350000000000024 0.014245548266166865
0 0.37888750000000004 0.7019493908153702 0.030212499999999948 0.013898781630740325
0 0.192275 0.5212652296157452 0.039699999999999985 0.015192127460168731
0 0.21530000000000002 0.5210965323336457 0.03159999999999997 0.014920337394564267
0 0.14376250000000002 0.4140018744142456 0.04466249999999999 0.015866916588566028
0 0.0361375 0.6929803186504218 0.029799999999999997 0.022361761949390723
0 0.41318750000000004 0.8158013120899719 0.009462500000000063 0.006729147141518335
0 0.707525 0.7344892221180881 0.012512499999999989 0.006044985941893201
0 0.091075 0.8354545454545454 0.007512499999999989 0.007938144329896932
0 0.0225 0.2380506091846298 0.045 0.013120899718837863
0 0.593625 0.2661293345829428 0.035587500000000036 0.009531396438612895
0 0.736475 0.2549297094657919 0.03206250000000011 0.00892221180880973
0 0.8936125 0.24619493908153703 0.020200000000000103 0.01381443298969073
0 0.7101125 0.1928116213683224 0.018887499999999877 0.012539831302717897
1 0.7173625 0.21257731958762885 0.03866250000000008 0.02304592314901591
1 0.7254875 0.21076850984067477 0.013612500000000125 0.013486410496719762
1 0.7443875 0.22921274601686972 0.04789999999999992 0.022052483598875326
1 0.7527375000000001 0.23663542642924087 0.08217500000000001 0.023036551077788202