0 0.791875 0.24414245548266167 0.0175 0.01218369259606373
0 0.81875 0.49812558575445176 0.03375 0.01499531396438613
0 0.8275 0.7272727272727273 0.04 0.020618556701030927
0 0.30875 0.738987816307404 0.12375 0.07310215557638237
0 0.441875 0.47797563261480785 0.12625 0.06935332708528585
0 0.8225 0.3716026241799438 0.1075 0.056232427366447985
0 0.115625 0.3556701030927835 0.06375 0.053420805998125584
0 0.9575 0.5595126522961574 0.03625 0.03467666354264293
0 0.155625 0.3837863167760075 0.06375 0.05060918462980318
0 0.615 0.6447985004686035 0.04375 0.023430178069353328
0 0.173125 0.5004686035613871 0.0375 0.015932521087160263
0 0.60125 0.5201499531396439 0.1225 0.06747891283973759
0 0.664375 0.4967197750702905 0.11625 0.07685098406747891
0 0.806875 0.5290534208059982 0.02625 0.01499531396438613
0 0.773125 0.4076850984067479 0.02375 0.016869728209934397
0 0.761875 0.4006560449859419 0.03125 0.011246485473289597
0 0.981875 0.39878163074039363 0.03625 0.03655107778819119
0 0.9625 0.41283973758200565 0.04875 0.029053420805998126
0 0.925 0.7596063730084348 0.02625 0.014058106841611996
0 0.7775 0.7108716026241799 0.025 0.01499531396438613
0 0.62125 0.6574507966260543 0.02625 0.013120899718837863
0 0.75 0.8345829428303655 0.025 0.01499531396438613
0 0.369375 0.6986879100281163 0.03125 0.01499531396438613
0 0.19125 0.5131208997188379 0.04 0.015932521087160263
0 0.214375 0.5135895032802249 0.0325 0.015932521087160263
0 0.148125 0.40487347703842547 0.045 0.016869728209934397
0 0.0275 0.6808809746954076 0.03125 0.023430178069353328
0 0.39875 0.8134957825679475 0.01 0.006560449859418931
0 0.69625 0.7399250234301781 0.0125 0.006560449859418931
0 0.075625 0.8247422680412371 0.0075 0.008434864104967198
0 0.035 0.22586691658856609 0.045 0.014058106841611996
0 0.604375 0.2685098406747891 0.03625 0.010309278350515464
0 0.7475 0.2614807872539831 0.0325 0.00937207122774133
0 0.905 0.25679475164011245 0.02125 0.014058106841611996
0 0.724375 0.19868791002811623 0.02 0.013120899718837863
1 0.730625 0.21836925960637302 0.04 0.02436738519212746
1 0.73875 0.2169634489222118 0.01375 0.014058106841611996
1 0.756875 0.23570759137769448 0.04875 0.023430178069353328
1 0.765 0.24320524835988752 0.08375 0.02530459231490159