0 0.245 0.2225866916588566 0.01875 0.013120899718837863
0 0.183125 0.47282099343955014 0.03375 0.015932521087160263
0 0.1425 0.7000937207122774 0.04 0.02155576382380506
0 0.656875 0.7525773195876289 0.12625 0.07685098406747891
0 0.56125 0.48266166822867856 0.13 0.07310215557638237
0 0.1975 0.3467666354264292 0.11 0.059044048734770385
0 0.901875 0.3865979381443299 0.06625 0.05435801312089972
0 0.036875 0.5229615745079662 0.0375 0.03561387066541706
0 0.85875 0.4114339268978444 0.06625 0.05154639175257732
0 0.365625 0.6349578256794751 0.045 0.02436738519212746
0 0.825 0.5257731958762887 0.03875 0.016869728209934397
0 0.396875 0.5121836925960638 0.125 0.07029053420805999
0 0.336875 0.48406747891283974 0.11875 0.07966260543580131
0 0.190625 0.5051546391752577 0.0275 0.015932521087160263
0 0.24125 0.3865979381443299 0.025 0.01780693533270853
0 0.253125 0.3809746954076851 0.03125 0.01218369259606373
0 0.031875 0.36176194939081535 0.04375 0.03748828491096532
0 0.0525 0.37722586691658855 0.05 0.02999062792877226
0 0.04125 0.7244611059044048 0.0275 0.01499531396438613
0 0.195 0.6879100281162137 0.02625 0.015932521087160263
0 0.3575 0.6471415182755389 0.02625 0.014058106841611996
0 0.205 0.8130271790065604 0.025 0.015932521087160263
0 0.601875 0.7075913776944704 0.03125 0.01499531396438613
0 0.805 0.5374882849109653 0.04125 0.016869728209934397
0 0.781875 0.5360824742268041 0.0325 0.016869728209934397
0 0.863125 0.4329896907216495 0.04625 0.01780693533270853
0 0.945 0.7169634489222118 0.03125 0.023430178069353328
0 0.5575 0.8195876288659794 0.01 0.007497656982193065
0 0.27125 0.7230552952202437 0.0125 0.006560449859418931
0 0.876875 0.8561387066541706 0.00875 0.008434864104967198
0 0.98875 0.2633552014995314 0.0225 0.01499531396438613
0 0.428125 0.2619493908153702 0.03625 0.011246485473289597
0 0.286875 0.24320524835988752 0.0325 0.010309278350515464
0 0.13125 0.22633552014995315 0.02125 0.01499531396438613
0 0.31875 0.18275538894095594 0.02 0.013120899718837863
1 0.31 0.20196813495782567 0.04125 0.02530459231490159
1 0.301875 0.19962511715089035 0.015 0.014058106841611996
1 0.28125 0.2169634489222118 0.05 0.02436738519212746
1 0.2725 0.22399250234301782 0.08375 0.02717900656044986