0 0.93 0.3191190253045923 0.0325 0.016869728209934397
0 0.91375 0.2591377694470478 0.0325 0.015932521087160263
0 0.82 0.26522961574507964 0.03875 0.013120899718837863
0 0.79625 0.21227741330834116 0.03 0.016869728209934397
0 0.9925 0.33270852858481725 0.015 0.011246485473289597
0 0.5075 0.2591377694470478 0.0425 0.02999062792877226
0 0.475 0.29990627928772257 0.04375 0.02999062792877226
0 0.49875 0.1583880037488285 0.0375 0.028116213683223992
0 0.718125 0.17760074976569823 0.04 0.029053420805998126
0 0.34125 0.2661668228678538 0.04125 0.02999062792877226
0 0.356875 0.14479850046860357 0.04 0.02999062792877226
0 0.199375 0.23289597000937207 0.03375 0.023430178069353328
0 0.265 0.18744142455482662 0.02875 0.016869728209934397
0 0.69375 0.57029053420806 0.03625 0.02717900656044986
0 0.734375 0.4147141518275539 0.0425 0.030927835051546393
0 0.66625 0.5941893158388004 0.03375 0.033739456419868794
0 0.886875 0.6293345829428304 0.0175 0.01218369259606373
0 0.705 0.38425492033739456 0.04375 0.030927835051546393
0 0.789375 0.5192127460168697 0.01625 0.01218369259606373
0 0.845625 0.5876288659793815 0.01875 0.01218369259606373
0 0.988125 0.5716963448922212 0.00875 0.01218369259606373
0 0.859375 0.5735707591377694 0.02 0.03467666354264293
0 0.785625 0.38612933458294285 0.015 0.011246485473289597
0 0.633125 0.46719775070290537 0.04625 0.031865042174320526
0 0.364375 0.4386129334582943 0.035 0.02436738519212746
0 0.37125 0.549203373945642 0.02125 0.016869728209934397
0 0.4375 0.4062792877225867 0.02125 0.014058106841611996
0 0.45625 0.39550140581068416 0.01375 0.010309278350515464
0 0.645625 0.5913776944704779 0.0175 0.030927835051546393
0 0.37125 0.45220243673851923 0.01125 0.00937207122774133
0 0.2225 0.4493908153701968 0.0375 0.026241799437675725
0 0.31625 0.3626991565135895 0.0425 0.031865042174320526
0 0.331875 0.45454545454545453 0.04 0.02999062792877226
0 0.189375 0.3931583880037488 0.0275 0.019681349578256794
0 0.201875 0.37207122774133083 0.03375 0.022492970946579195
0 0.208125 0.6185567010309279 0.02625 0.01874414245548266
0 0.0675 0.5885660731021556 0.02125 0.01499531396438613
0 0.101875 0.5731021555763823 0.03 0.02155576382380506
0 0.176875 0.37910028116213684 0.01625 0.01218369259606373
0 0.16625 0.48687910028116216 0.015 0.010309278350515464
0 0.9225 0.7638238050609185 0.0175 0.01218369259606373
0 0.796875 0.7385192127460168 0.0475 0.01499531396438613
0 0.134375 0.6668228678537957 0.0225 0.019681349578256794
0 0.026875 0.6588566073102156 0.0175 0.013120899718837863
0 0.37375 0.6433926897844423 0.06375 0.05060918462980318
0 0.64625 0.5337394564198688 0.06625 0.04873477038425492
0 0.3025 0.28959700093720714 0.0575 0.04217432052483599
0 0.52875 0.2910028116213683 0.06 0.044048734770384255
0 0.581875 0.4835988753514527 0.0625 0.04498594189315839
0 0.60125 0.1893158388003749 0.05875 0.04217432052483599
0 0.155 0.13683223992502344 0.0625 0.04311152764761012
0 0.47 0.7024367385192127 0.04625 0.03467666354264293
1 0.950625 0.6073102155576382 0.09125 0.13683223992502344
1 0.029375 0.48500468603561386 0.05875 0.044048734770384255
1 0.04375 0.4114339268978444 0.0875 0.14432989690721648
0 0.539375 0.5135895032802249 0.04375 0.03280224929709466
1 0.055 0.35520149953139646 0.05625 0.041237113402061855
0 0.80875 0.2713214620431115 0.01875 0.007497656982193065
0 0.86875 0.5665417057169635 0.015 0.01780693533270853
0 0.99125 0.5534208059981256 0.01 0.013120899718837863
0 0.98625 0.5468603561387066 0.02 0.020618556701030927
1 0.935 0.6930646672914714 0.07625 0.06373008434864105
0 0.329375 0.36457357075913777 0.00875 0.004686035613870665
0 0.634375 0.521087160262418 0.01 0.006560449859418931
0 0.576875 0.492970946579194 0.01 0.006560449859418931
0 0.60125 0.43580131208997186 0.01125 0.008434864104967198