0 0.92625 0.3134957825679475 0.0325 0.016869728209934397
0 0.908125 0.2539831302717901 0.0325 0.015932521087160263
0 0.815 0.26101218369259604 0.03875 0.01218369259606373
0 0.789375 0.20852858481724462 0.03 0.016869728209934397
0 0.989375 0.32661668228678536 0.01625 0.010309278350515464
0 0.501875 0.25866916588566075 0.04125 0.029053420805998126
0 0.470625 0.3003748828491096 0.0425 0.02999062792877226
0 0.49125 0.1583880037488285 0.0375 0.028116213683223992
0 0.710625 0.17478912839737581 0.03875 0.028116213683223992
0 0.335625 0.26804123711340205 0.04 0.029053420805998126
0 0.34875 0.14667291471415184 0.03875 0.029053420805998126
0 0.193125 0.23711340206185566 0.03375 0.023430178069353328
0 0.258125 0.19072164948453607 0.02875 0.015932521087160263
0 0.695625 0.5674789128397376 0.03625 0.02717900656044986
0 0.7325 0.4119025304592315 0.04125 0.02999062792877226
0 0.668125 0.5918462980318651 0.03375 0.033739456419868794
0 0.89 0.6241799437675727 0.0175 0.01218369259606373
0 0.7025 0.38191190253045926 0.04375 0.030927835051546393
0 0.789375 0.5154639175257731 0.01625 0.011246485473289597
0 0.848125 0.5829428303655108 0.01875 0.01218369259606373
0 0.99 0.5656044985941893 0.0075 0.01218369259606373
0 0.86125 0.5688847235238987 0.02 0.03467666354264293
0 0.7825 0.3823805060918463 0.015 0.011246485473289597
0 0.6325 0.4653233364573571 0.045 0.031865042174320526
0 0.363125 0.4400187441424555 0.035 0.02436738519212746
0 0.3725 0.5510777881911902 0.02125 0.016869728209934397
0 0.435 0.4072164948453608 0.02 0.014058106841611996
0 0.45375 0.3959700093720712 0.01375 0.010309278350515464
0 0.6475 0.5895032802249297 0.0175 0.030927835051546393
0 0.37 0.45407685098406747 0.01125 0.00937207122774133
0 0.22125 0.45313964386129335 0.0375 0.02530459231490159
0 0.313125 0.3650421743205248 0.04125 0.030927835051546393
0 0.33125 0.4564198687910028 0.04 0.029053420805998126
0 0.186875 0.39690721649484534 0.0275 0.01874414245548266
0 0.199375 0.37582005623242737 0.0325 0.022492970946579195
0 0.21125 0.6223055295220243 0.02625 0.01874414245548266
0 0.069375 0.5941893158388004 0.02125 0.01499531396438613
0 0.10375 0.5782567947516402 0.02875 0.020618556701030927
0 0.174375 0.38331771321462044 0.01625 0.011246485473289597
0 0.165625 0.4915651358950328 0.015 0.010309278350515464
0 0.92875 0.7586691658856607 0.0175 0.01218369259606373
0 0.8025 0.7343017806935332 0.0475 0.01499531396438613
0 0.138125 0.6715089034676663 0.0225 0.019681349578256794
0 0.030625 0.6649484536082474 0.01625 0.01218369259606373
0 0.3775 0.6447985004686035 0.06375 0.04967197750702906
0 0.646875 0.5318650421743205 0.06625 0.04779756326148079
0 0.298125 0.29194001874414244 0.0575 0.04217432052483599
0 0.52375 0.29053420805998126 0.06 0.04311152764761012
0 0.581875 0.48266166822867856 0.0625 0.044048734770384255
0 0.59375 0.18791002811621368 0.05875 0.04217432052483599
0 0.14625 0.14104967197750704 0.0625 0.04217432052483599
0 0.475 0.7024367385192127 0.04625 0.03467666354264293
1 0.953125 0.6012183692596064 0.0875 0.1358950328022493
1 0.029375 0.4906279287722587 0.05875 0.044048734770384255
1 0.0425 0.41705716963448924 0.085 0.14432989690721648
0 0.54 0.5131208997188379 0.0425 0.03280224929709466
1 0.051875 0.3612933458294283 0.05625 0.041237113402061855
0 0.80375 0.26710402999062793 0.01875 0.007497656982193065
0 0.870625 0.5618556701030928 0.01375 0.01780693533270853
0 0.991875 0.5468603561387066 0.01 0.013120899718837863
0 0.986875 0.5402999062792877 0.01875 0.019681349578256794
1 0.939375 0.6874414245548266 0.075 0.06373008434864105
0 0.32625 0.3669165885660731 0.00875 0.004686035613870665
0 0.635 0.5196813495782568 0.01 0.006560449859418931
0 0.57625 0.4915651358950328 0.01 0.006560449859418931
0 0.6 0.4343955014058107 0.01 0.008434864104967198