0 0.2025 0.26288659793814434 0.085 0.05435801312089972
0 0.22375 0.41518275538894095 0.09 0.05716963448922212
0 0.2125 0.4568884723523899 0.07 0.05810684161199625
0 0.245625 0.5074976569821931 0.06375 0.046860356138706656
0 0.381875 0.2942830365510778 0.07375 0.053420805998125584
0 0.171875 0.5656044985941893 0.0625 0.04498594189315839
0 0.5225 0.3725398313027179 0.06875 0.05154639175257732
0 0.04375 0.1944704779756326 0.05375 0.03936269915651359
0 0.65375 0.5332708528584817 0.07125 0.056232427366447985
0 0.31375 0.45313964386129335 0.06125 0.05060918462980318
0 0.423125 0.3716026241799438 0.07625 0.04311152764761012
0 0.395 0.450796626054358 0.12 0.1049671977507029
0 0.093125 0.5693533270852859 0.0625 0.04498594189315839
0 0.709375 0.6396438612933458 0.04875 0.03936269915651359
0 0.95125 0.5332708528584817 0.06875 0.04779756326148079
0 0.955625 0.5660731021555764 0.0525 0.05060918462980318
0 0.464375 0.1738519212746017 0.0375 0.029053420805998126
0 0.09375 0.28865979381443296 0.05125 0.030927835051546393
0 0.3575 0.42221180880974696 0.05375 0.03467666354264293
0 0.75 0.704311152764761 0.03875 0.031865042174320526
0 0.178125 0.7713214620431116 0.04375 0.033739456419868794
1 0.02625 0.32146204311152765 0.0525 0.07497656982193064
0 0.72625 0.29194001874414244 0.04625 0.03467666354264293
0 0.8625 0.2422680412371134 0.0425 0.033739456419868794
0 0.695 0.3022492970946579 0.025 0.05060918462980318
0 0.933125 0.37300843486410495 0.0425 0.03280224929709466
0 0.61 0.21227741330834116 0.055 0.015932521087160263
0 0.8675 0.42736644798500467 0.045 0.04029990627928772
0 0.52125 0.32427366447985007 0.0375 0.03280224929709466
0 0.131875 0.5360824742268041 0.03625 0.028116213683223992
0 0.2825 0.31958762886597936 0.0375 0.023430178069353328
0 0.126875 0.1949390815370197 0.02875 0.02155576382380506
0 0.550625 0.20056232427366447 0.03375 0.020618556701030927
0 0.41875 0.2197750702905342 0.035 0.020618556701030927
0 0.7775 0.26804123711340205 0.0175 0.014058106841611996
0 0.254375 0.6185567010309279 0.02875 0.020618556701030927
0 0.214375 0.6204311152764761 0.02625 0.019681349578256794
0 0.625625 0.4803186504217432 0.0375 0.01780693533270853
0 0.545625 0.604967197750703 0.0175 0.013120899718837863
0 0.654375 0.49625117150890347 0.0175 0.01218369259606373
0 0.40375 0.6115276476101218 0.01875 0.013120899718837863
0 0.4725 0.5534208059981256 0.01625 0.013120899718837863
0 0.631875 0.5018744142455482 0.0125 0.00937207122774133
0 0.431875 0.44704779756326146 0.015 0.014058106841611996
0 0.68375 0.5023430178069354 0.03 0.02436738519212746
0 0.98 0.46860356138706655 0.01125 0.013120899718837863
0 0.335625 0.761012183692596 0.03125 0.02436738519212746
0 0.336875 0.7900656044985942 0.0225 0.01874414245548266
0 0.1375 0.8050609184629803 0.02 0.01499531396438613
0 0.295625 0.7047797563261481 0.02 0.015932521087160263
0 0.163125 0.865979381443299 0.0175 0.013120899718837863
0 0.269375 0.7858481724461106 0.02125 0.013120899718837863
0 0.445625 0.6949390815370197 0.025 0.019681349578256794
0 0.9175 0.6640112464854733 0.01125 0.008434864104967198
0 0.995625 0.676194939081537 0.00875 0.01218369259606373
0 0.873125 0.42221180880974696 0.0425 0.046860356138706656
0 0.94125 0.358950328022493 0.0325 0.030927835051546393
0 0.686875 0.30412371134020616 0.01375 0.041237113402061855
0 0.58625 0.2563261480787254 0.05 0.04592314901593252
0 0.60875 0.20103092783505155 0.0575 0.015932521087160263
0 0.2975 0.49625117150890347 0.0125 0.014058106841611996
0 0.2575 0.648078725398313 0.04375 0.031865042174320526