0 0.18125 0.27928772258669166 0.08875 0.059044048734770385
0 0.21625 0.42970946579194 0.09375 0.06091846298031865
0 0.209375 0.471883786316776 0.07375 0.06091846298031865
0 0.246875 0.521087160262418 0.0675 0.05060918462980318
0 0.363125 0.30084348641049674 0.0775 0.056232427366447985
0 0.17875 0.5824742268041238 0.06625 0.04779756326148079
0 0.510625 0.3716026241799438 0.0725 0.05435801312089972
0 0.0225 0.21883786316776008 0.045 0.04217432052483599
0 0.65625 0.5253045923149016 0.07625 0.059044048734770385
0 0.31 0.4629803186504217 0.065 0.053420805998125584
0 0.41125 0.37582005623242737 0.07875 0.046860356138706656
0 0.390625 0.4564198687910028 0.12875 0.1105904404873477
0 0.100625 0.5904404873477038 0.06625 0.04779756326148079
0 0.721875 0.6283973758200563 0.0525 0.041237113402061855
0 0.953125 0.5098406747891284 0.0725 0.05060918462980318
0 0.960625 0.5421743205248359 0.05625 0.05248359887535145
0 0.43375 0.17619493908153702 0.04 0.030927835051546393
0 0.075 0.3106841611996251 0.05375 0.033739456419868794
0 0.350625 0.4301780693533271 0.05625 0.03655107778819119
0 0.76875 0.6907216494845361 0.04125 0.033739456419868794
0 0.20375 0.7872539831302718 0.04625 0.03561387066541706
1 0.02 0.34723523898781633 0.04 0.07778819119025304
0 0.70625 0.28069353327085284 0.04875 0.03655107778819119
0 0.8375 0.22399250234301782 0.045 0.03561387066541706
0 0.675625 0.2924086223055295 0.02875 0.05154639175257732
0 0.92 0.35098406747891286 0.045 0.03467666354264293
0 0.5825 0.20712277413308341 0.05625 0.01874414245548266
0 0.86 0.40815370196813494 0.04875 0.04217432052483599
0 0.505 0.3233364573570759 0.04 0.03467666354264293
0 0.13625 0.5552952202436738 0.03875 0.02999062792877226
0 0.26625 0.331302717900656 0.04 0.02530459231490159
0 0.099375 0.21508903467666354 0.03125 0.023430178069353328
0 0.5225 0.19868791002811623 0.035 0.022492970946579195
0 0.3925 0.22492970946579194 0.03625 0.022492970946579195
0 0.755 0.2539831302717901 0.01875 0.014058106841611996
0 0.265625 0.6312089971883786 0.03 0.022492970946579195
0 0.22625 0.6354264292408622 0.0275 0.020618556701030927
0 0.62375 0.47375820056232426 0.03875 0.019681349578256794
0 0.555 0.6026241799437676 0.0175 0.013120899718837863
0 0.65375 0.48828491096532334 0.0175 0.01218369259606373
0 0.414375 0.6166822867853796 0.01875 0.014058106841611996
0 0.4775 0.5548266166822868 0.01625 0.013120899718837863
0 0.631875 0.4948453608247423 0.0125 0.010309278350515464
0 0.426875 0.45032802249297094 0.01625 0.014058106841611996
0 0.683125 0.49250234301780693 0.0325 0.026241799437675725
0 0.975625 0.44329896907216493 0.0125 0.014058106841611996
0 0.36 0.7689784442361762 0.03375 0.026241799437675725
0 0.364375 0.7975632614807873 0.02375 0.019681349578256794
0 0.166875 0.823336457357076 0.02125 0.015932521087160263
0 0.315625 0.7146204311152765 0.02125 0.016869728209934397
0 0.198125 0.8828491096532334 0.0175 0.013120899718837863
0 0.296875 0.7970946579194002 0.02125 0.014058106841611996
0 0.46375 0.697282099343955 0.02625 0.020618556701030927
0 0.931875 0.6415182755388941 0.0125 0.00937207122774133
0 0.865 0.4029990627928772 0.04625 0.04873477038425492
0 0.926875 0.3364573570759138 0.035 0.03280224929709466
0 0.668125 0.29475164011246485 0.0175 0.041237113402061855
0 0.56375 0.2521087160262418 0.05375 0.04779756326148079
0 0.580625 0.1958762886597938 0.05875 0.01874414245548266
0 0.2975 0.507029053420806 0.01375 0.01499531396438613
0 0.271875 0.6602624179943768 0.04625 0.033739456419868794