0 0.803125 0.19259606373008434 0.045 0.02999062792877226
0 0.76875 0.17619493908153702 0.04 0.030927835051546393
0 0.905625 0.19119025304592316 0.03875 0.03280224929709466
0 0.8575 0.24461105904404873 0.0175 0.013120899718837863
0 0.92125 0.23570759137769448 0.0175 0.01218369259606373
0 0.5875 0.31865042174320524 0.035 0.030927835051546393
0 0.45875 0.253514526710403 0.02625 0.011246485473289597
0 0.30125 0.3486410496719775 0.0125 0.01218369259606373
0 0.395 0.23851921274601687 0.01375 0.011246485473289597
0 0.40625 0.23711340206185566 0.015 0.01218369259606373
0 0.29 0.35098406747891286 0.015 0.01218369259606373
0 0.1075 0.3477038425492034 0.015 0.011246485473289597
0 0.73125 0.3584817244611059 0.035 0.044048734770384255
0 0.955625 0.4320524835988753 0.0275 0.01874414245548266
0 0.5725 0.5332708528584817 0.04125 0.03280224929709466
0 0.65375 0.4550140581068416 0.0175 0.010309278350515464
0 0.509375 0.5135895032802249 0.0125 0.01218369259606373
0 0.291875 0.4550140581068416 0.02125 0.015932521087160263
0 0.1025 0.717900656044986 0.03 0.02436738519212746
0 0.651875 0.7202436738519212 0.0225 0.014058106841611996
0 0.4575 0.7900656044985942 0.15875 0.11996251171508904
0 0.560625 0.6846298031865042 0.1575 0.1190253045923149
1 0.898125 0.520618556701031 0.20375 0.21462043111527648
0 0.2825 0.5998125585754451 0.105 0.08903467666354264
0 0.6425 0.42549203373945643 0.03875 0.05154639175257732
0 0.129375 0.6316776007497656 0.09875 0.061855670103092786
0 0.861875 0.5670103092783505 0.04875 0.03561387066541706
0 0.631875 0.5449859418931584 0.0375 0.06091846298031865
0 0.536875 0.5098406747891284 0.0525 0.03936269915651359
0 0.718125 0.34208059981255856 0.04625 0.04592314901593252
0 0.541875 0.39128397375820057 0.06 0.05998125585754452
0 0.186875 0.6232427366447985 0.21875 0.1105904404873477
0 0.37 0.6232427366447985 0.08375 0.05716963448922212
0 0.670625 0.5787253983130272 0.045 0.08997188378631678
0 0.91125 0.4287722586691659 0.025 0.013120899718837863
0 0.67125 0.43486410496719774 0.03625 0.023430178069353328
0 0.674375 0.4268978444236176 0.0425 0.02717900656044986
0 0.325 0.47375820056232426 0.02875 0.019681349578256794
0 0.231875 0.4301780693533271 0.01375 0.015932521087160263
0 0.24125 0.42830365510777885 0.0125 0.013120899718837863
0 0.45625 0.24742268041237114 0.02 0.00937207122774133
0 0.32125 0.612464854732896 0.02125 0.014058106841611996
0 0.31875 0.6016869728209935 0.01875 0.01218369259606373