0 0.86375 0.23195876288659795 0.04 0.026241799437675725
0 0.8325 0.21180880974695407 0.035 0.02717900656044986
0 0.965625 0.24273664479850046 0.03375 0.029053420805998126
0 0.90625 0.2900656044985942 0.015 0.011246485473289597
0 0.97125 0.28865979381443296 0.015 0.010309278350515464
0 0.624375 0.33083411433926896 0.03 0.028116213683223992
0 0.510625 0.25164011246485474 0.025 0.008434864104967198
0 0.335 0.32755388940955954 0.01 0.011246485473289597
0 0.45125 0.22914714151827553 0.0125 0.00937207122774133
0 0.4625 0.2296157450796626 0.0125 0.010309278350515464
0 0.32375 0.3280224929709466 0.0125 0.010309278350515464
0 0.144375 0.3036551077788191 0.0125 0.00937207122774133
0 0.758125 0.38753514526710403 0.0275 0.041237113402061855
0 0.964375 0.48641049671977504 0.02375 0.015932521087160263
0 0.565 0.5412371134020618 0.03625 0.029053420805998126
0 0.66125 0.4732895970009372 0.01625 0.008434864104967198
0 0.506875 0.514526710402999 0.01 0.011246485473289597
0 0.30375 0.4311152764761012 0.01875 0.014058106841611996
0 0.061875 0.668697282099344 0.025 0.02155576382380506
0 0.604375 0.7352389878163074 0.02 0.011246485473289597
0 0.396875 0.781630740393627 0.13875 0.10590440487347703
0 0.52125 0.6893158388003748 0.13875 0.1049671977507029
1 0.895625 0.5684161199625117 0.18 0.19681349578256796
0 0.264375 0.5731021555763823 0.08875 0.07966260543580131
0 0.65625 0.44283036551077787 0.02875 0.04873477038425492
0 0.10625 0.5866916588566073 0.09 0.05248359887535145
0 0.84375 0.6087160262417994 0.04375 0.031865042174320526
0 0.620625 0.5599812558575445 0.025 0.059044048734770385
0 0.534375 0.514058106841612 0.04625 0.03467666354264293
0 0.748125 0.3697282099343955 0.03875 0.04217432052483599
0 0.56375 0.39737582005623245 0.04875 0.05529522024367385
0 0.165 0.584817244611059 0.20375 0.08809746954076851
0 0.345625 0.6063730084348641 0.075 0.04967197750702906
0 0.6525 0.5979381443298969 0.0275 0.08809746954076851
0 0.92125 0.4775070290534208 0.0225 0.010309278350515464
0 0.6825 0.45595126522961577 0.03375 0.019681349578256794
0 0.6875 0.4484536082474227 0.0375 0.023430178069353328
0 0.3325 0.4536082474226804 0.025 0.016869728209934397
0 0.25 0.3992502343017807 0.01125 0.01499531396438613
0 0.259375 0.39878163074039363 0.01 0.01218369259606373
0 0.51 0.2450796626054358 0.01875 0.006560449859418931
0 0.3 0.5899718837863168 0.01875 0.011246485473289597
0 0.299375 0.5791940018744143 0.01625 0.010309278350515464
1 0.974375 0.8036551077788191 0.05125 0.07029053420805999
1 0.9925 0.6241799437675727 0.015 0.09184629803186505