0 0.805625 0.044048734770384255 0.02125 0.015932521087160263
0 0.82375 0.04732895970009372 0.02125 0.014058106841611996
0 0.4075 0.1077788191190253 0.045 0.029053420805998126
0 0.1675 0.13495782567947517 0.03875 0.030927835051546393
0 0.495625 0.5955951265229615 0.0175 0.010309278350515464
0 0.619375 0.654639175257732 0.0225 0.020618556701030927
0 0.03125 0.634020618556701 0.03125 0.01780693533270853
0 0.073125 0.5993439550140581 0.03 0.01780693533270853
0 0.95375 0.6710402999062793 0.02875 0.01499531396438613
0 0.530625 0.8149015932521088 0.0525 0.02436738519212746
0 0.1725 0.7563261480787254 0.01875 0.01218369259606373
0 0.310625 0.39878163074039363 0.09625 0.09090909090909091
0 0.239375 0.6237113402061856 0.07 0.07122774133083412
0 0.839375 0.2666354264292409 0.19375 0.13120899718837864
0 0.38625 0.3219306466729147 0.07 0.09653233364573571
0 0.555 0.06841611996251172 0.085 0.07310215557638237
0 0.7275 0.788659793814433 0.09125 0.056232427366447985
0 0.611875 0.2970946579194002 0.05625 0.038425492033739454
0 0.451875 0.3528584817244611 0.07625 0.08997188378631678
0 0.599375 0.7343017806935332 0.07125 0.053420805998125584
0 0.190625 0.457825679475164 0.0525 0.038425492033739454
0 0.151875 0.4775070290534208 0.055 0.03561387066541706
0 0.701875 0.2666354264292409 0.045 0.031865042174320526
0 0.2775 0.22914714151827553 0.05125 0.03467666354264293
0 0.96375 0.5660731021555764 0.0525 0.03280224929709466
0 0.4 0.22164948453608246 0.045 0.05248359887535145
0 0.94125 0.1471415182755389 0.04875 0.09090909090909091
0 0.918125 0.2155576382380506 0.08625 0.09559512652296158
0 0.13875 0.3795688847235239 0.05 0.03561387066541706
0 0.66125 0.4732895970009372 0.01625 0.008434864104967198
0 0.918125 0.42549203373945643 0.0175 0.00937207122774133
0 0.935 0.4320524835988753 0.0275 0.013120899718837863
0 0.846875 0.2582005623242737 0.015 0.010309278350515464
0 0.731875 0.07216494845360824 0.01125 0.016869728209934397
0 0.099375 0.2900656044985942 0.065 0.05248359887535145
0 0.041875 0.31958762886597936 0.06375 0.05248359887535145
0 0.043125 0.823805060918463 0.02 0.05435801312089972
0 0.550625 0.7216494845360825 0.03 0.05154639175257732
0 0.550625 0.7150890346766635 0.01625 0.01499531396438613
0 0.980625 0.5745079662605436 0.03875 0.05060918462980318