0 0.81625 0.04779756326148079 0.02125 0.015932521087160263
0 0.834375 0.05154639175257732 0.02125 0.014058106841611996
0 0.416875 0.10637300843486411 0.045 0.028116213683223992
0 0.17625 0.13074039362699155 0.0375 0.030927835051546393
0 0.493125 0.5955951265229615 0.0175 0.010309278350515464
0 0.61625 0.6560449859418932 0.02125 0.019681349578256794
0 0.028125 0.6279287722586692 0.03125 0.01780693533270853
0 0.070625 0.5937207122774133 0.03 0.01780693533270853
0 0.95 0.6771321462043112 0.02875 0.01499531396438613
0 0.523125 0.8153701968134958 0.0525 0.02436738519212746
0 0.16625 0.7521087160262419 0.01875 0.01218369259606373
0 0.313125 0.3959700093720712 0.09375 0.08997188378631678
0 0.236875 0.6204311152764761 0.06875 0.07029053420805999
0 0.844375 0.27085285848172447 0.19125 0.12933458294283037
0 0.390625 0.32052483598875353 0.06875 0.09559512652296158
0 0.565 0.06888472352389878 0.08375 0.07216494845360824
0 0.720625 0.7914714151827554 0.09125 0.05529522024367385
0 0.61625 0.2985004686035614 0.055 0.03748828491096532
0 0.455625 0.35238987816307404 0.07375 0.08903467666354264
0 0.59375 0.7357075913776945 0.07125 0.053420805998125584
0 0.191875 0.4536082474226804 0.0525 0.038425492033739454
0 0.1525 0.4732895970009372 0.05375 0.03561387066541706
0 0.706875 0.2694470477975633 0.04375 0.030927835051546393
0 0.28375 0.22633552014995315 0.05 0.03467666354264293
0 0.9625 0.5721649484536082 0.05125 0.03280224929709466
0 0.40625 0.22024367385192128 0.045 0.05154639175257732
0 0.949375 0.15323336457357076 0.04625 0.08997188378631678
0 0.924375 0.2211808809746954 0.085 0.09465791940018745
0 0.141875 0.37488284910965325 0.04875 0.03467666354264293
1 0.006875 0.16447985004686036 0.01375 0.06654170571696345
0 0.661875 0.4751640112464855 0.01625 0.008434864104967198
0 0.92 0.43064667291471415 0.0175 0.008434864104967198
0 0.93625 0.43767572633552015 0.0275 0.013120899718837863
0 0.8525 0.2624179943767573 0.015 0.010309278350515464
0 0.741875 0.07544517338331772 0.01125 0.016869728209934397
0 0.104375 0.2849109653233365 0.06375 0.05154639175257732
0 0.04625 0.3139643861293346 0.0625 0.05154639175257732
0 0.035625 0.8177132146204311 0.01875 0.053420805998125584
0 0.545 0.7225866916588566 0.02875 0.05154639175257732
0 0.545625 0.7155576382380506 0.01625 0.01499531396438613
0 0.980625 0.5805998125585754 0.03875 0.04967197750702906