0 0.45625 0.23992502343017807 0.07375 0.056232427366447985
0 0.29 0.7169634489222118 0.08 0.06747891283973759
0 0.318125 0.8074039362699157 0.065 0.05435801312089972
0 0.66 0.3537956888472352 0.05875 0.04311152764761012
0 0.75625 0.5056232427366448 0.06125 0.044048734770384255
0 0.636875 0.8894095595126523 0.07125 0.04873477038425492
0 0.435 0.4746954076850984 0.07875 0.04217432052483599
0 0.518125 0.598406747891284 0.04625 0.04217432052483599
0 0.92 0.8973758200562324 0.0625 0.04217432052483599
0 0.424375 0.6119962511715089 0.05375 0.04029990627928772
0 0.56625 0.6930646672914714 0.06 0.04311152764761012
0 0.596875 0.2689784442361762 0.04 0.02999062792877226
0 0.636875 0.738987816307404 0.06 0.04311152764761012
0 0.885 0.8701968134957826 0.06125 0.03936269915651359
0 0.993125 0.2985004686035614 0.01375 0.03280224929709466
0 0.9475 0.5131208997188379 0.03625 0.03561387066541706
0 0.771875 0.31208997188378634 0.0525 0.04592314901593252
0 0.119375 0.7872539831302718 0.085 0.061855670103092786
1 0.444375 0.5787253983130272 0.245 0.19868791002811623
0 0.03625 0.6771321462043112 0.0725 0.04967197750702906
0 0.72625 0.309746954076851 0.05125 0.046860356138706656
0 0.915 0.4062792877225867 0.05 0.023430178069353328
0 0.8 0.5060918462980318 0.0375 0.03748828491096532
0 0.086875 0.23992502343017807 0.04125 0.02155576382380506
0 0.15375 0.29662605435801315 0.04 0.02436738519212746
0 0.51 0.232427366447985 0.01875 0.011246485473289597
0 0.9175 0.2910028116213683 0.03625 0.020618556701030927
0 0.654375 0.4034676663542643 0.03 0.020618556701030927
0 0.685625 0.5515463917525774 0.03 0.014058106841611996
0 0.748125 0.6321462043111528 0.0225 0.01874414245548266
0 0.71125 0.6265229615745079 0.03125 0.015932521087160263
0 0.669375 0.5360824742268041 0.03125 0.01499531396438613
0 0.67375 0.38612933458294285 0.0275 0.020618556701030927
0 0.07375 0.6593252108716027 0.0325 0.02155576382380506
0 0.099375 0.6729147141518276 0.03 0.026241799437675725
0 0.393125 0.9104967197750703 0.02125 0.016869728209934397
0 0.92875 0.7582005623242737 0.0225 0.015932521087160263
0 0.7625 0.7666354264292409 0.01875 0.01499531396438613
0 0.025 0.3134957825679475 0.01125 0.008434864104967198
0 0.0375 0.18791002811621368 0.0075 0.011246485473289597
0 0.00625 0.8819119025304593 0.0125 0.01874414245548266