0 0.620625 0.2539831302717901 0.07625 0.059044048734770385
0 0.639375 0.746485473289597 0.08375 0.06935332708528585
0 0.585 0.8303655107778819 0.0675 0.056232427366447985
0 0.388125 0.33083411433926896 0.06125 0.04498594189315839
0 0.24875 0.4620431115276476 0.06375 0.04592314901593252
0 0.249375 0.8566073102155577 0.07375 0.05154639175257732
0 0.570625 0.485941893158388 0.08125 0.04498594189315839
0 0.453125 0.5927835051546392 0.04875 0.04311152764761012
0 0.54 0.6218369259606373 0.05625 0.04217432052483599
0 0.378125 0.676663542642924 0.0625 0.04498594189315839
0 0.475 0.2582005623242737 0.04125 0.031865042174320526
0 0.295 0.7099343955014058 0.0625 0.04498594189315839
0 0.023125 0.795688847235239 0.04625 0.041237113402061855
0 0.066875 0.21790065604498593 0.0425 0.033739456419868794
0 0.06 0.4372071227741331 0.03875 0.03655107778819119
0 0.29125 0.2713214620431115 0.055 0.04779756326148079
0 0.784375 0.8439550140581068 0.0875 0.06466729147141519
1 0.530625 0.5862230552952202 0.2575 0.20618556701030927
0 0.910625 0.753514526710403 0.1 0.053420805998125584
0 0.336875 0.27647610121836924 0.05375 0.04873477038425492
0 0.12375 0.3388003748828491 0.05125 0.02530459231490159
0 0.20625 0.4554826616682287 0.04 0.038425492033739454
0 0.979375 0.3158388003748828 0.04125 0.022492970946579195
0 0.89875 0.36035613870665417 0.04125 0.02530459231490159
0 0.570625 0.23758200562324275 0.01875 0.01218369259606373
0 0.155625 0.22586691658856609 0.0375 0.022492970946579195
0 0.37875 0.3795688847235239 0.03125 0.02155576382380506
0 0.30375 0.5192127460168697 0.03125 0.01499531396438613
0 0.21875 0.5866916588566073 0.0225 0.019681349578256794
0 0.25625 0.5880974695407685 0.0325 0.016869728209934397
0 0.324375 0.506560449859419 0.03125 0.015932521087160263
0 0.365 0.35941893158388005 0.02875 0.02155576382380506
0 0.8675 0.7272727272727273 0.03375 0.022492970946579195
0 0.838125 0.7357075913776945 0.03125 0.02717900656044986
0 0.480625 0.9179943767572634 0.0225 0.01780693533270853
0 0.008125 0.6794751640112465 0.01625 0.016869728209934397
0 0.164375 0.7155576382380506 0.02 0.015932521087160263
0 0.875625 0.9568884723523898 0.03375 0.019681349578256794