0 0.36625 0.7778819119025304 0.15875 0.07310215557638237
1 0.146875 0.6391752577319587 0.155 0.11715089034676664
0 0.791875 0.3744142455482662 0.06375 0.07778819119025304
0 0.184375 0.823336457357076 0.11 0.06279287722586692
1 0.119375 0.5487347703842549 0.1525 0.1134020618556701
0 0.87375 0.4184629803186504 0.05375 0.06560449859418932
0 0.93625 0.3898781630740394 0.0525 0.06654170571696345
0 0.25125 0.7703842549203374 0.1075 0.03936269915651359
0 0.571875 0.20805998125585753 0.05375 0.07216494845360824
0 0.684375 0.2408622305529522 0.07875 0.09840674789128398
1 0.64125 0.7647610121836926 0.1225 0.07403936269915651
0 0.9125 0.4414245548266167 0.05375 0.06841611996251172
1 0.530625 0.746954076850984 0.13 0.07403936269915651
1 0.165625 0.7235238987816307 0.15125 0.10121836925960637
0 0.70875 0.3392689784442362 0.04625 0.07029053420805999
0 0.655625 0.4775070290534208 0.04875 0.02436738519212746
0 0.6925 0.43580131208997186 0.03625 0.028116213683223992
0 0.654375 0.45829428303655106 0.09625 0.033739456419868794
0 0.195625 0.5379568884723523 0.03875 0.04217432052483599
0 0.48375 0.16729147141518275 0.05875 0.06747891283973759
0 0.3725 0.225398313027179 0.03375 0.030927835051546393
0 0.460625 0.3233364573570759 0.0375 0.014058106841611996
0 0.510625 0.1944704779756326 0.01375 0.010309278350515464
0 0.049375 0.3641049671977507 0.0175 0.01780693533270853
0 0.060625 0.3477038425492034 0.01875 0.014058106841611996
0 0.10625 0.3486410496719775 0.0225 0.01499531396438613
0 0.095 0.1991565135895033 0.02 0.014058106841611996
0 0.121875 0.17291471415182755 0.02375 0.015932521087160263
0 0.14375 0.16541705716963448 0.02 0.014058106841611996
0 0.735625 0.5154639175257731 0.01625 0.01218369259606373
0 0.8525 0.5309278350515464 0.01625 0.011246485473289597
0 0.850625 0.5726335520149953 0.01375 0.011246485473289597
0 0.691875 0.47891283973758203 0.01375 0.010309278350515464
0 0.774375 0.5805998125585754 0.0075 0.005623242736644799
0 0.600625 0.4700093720712277 0.0225 0.02155576382380506
0 0.416875 0.41424554826616683 0.02875 0.011246485473289597
0 0.39 0.3983130271790066 0.02 0.01499531396438613
0 0.4225 0.40581068416119964 0.0175 0.01218369259606373
0 0.394375 0.4076850984067479 0.03625 0.011246485473289597
0 0.14625 0.3922211808809747 0.02 0.01780693533270853
0 0.1375 0.3795688847235239 0.02 0.015932521087160263
0 0.3075 0.46251171508903466 0.0175 0.01780693533270853
0 0.114375 0.380506091846298 0.02375 0.014058106841611996
0 0.1225 0.38847235238987815 0.02375 0.01780693533270853
0 0.15375 0.6607310215557638 0.01875 0.013120899718837863
0 0.121875 0.5670103092783505 0.01875 0.014058106841611996
0 0.749375 0.7141518275538894 0.01875 0.014058106841611996
0 0.64 0.7863167760074976 0.025 0.019681349578256794
0 0.56875 0.7446110590440488 0.0275 0.019681349578256794
0 0.4325 0.703842549203374 0.025 0.01499531396438613
0 0.4375 0.7343017806935332 0.03 0.01874414245548266
0 0.43375 0.689784442361762 0.015 0.010309278350515464
0 0.429375 0.7263355201499532 0.0175 0.01218369259606373
0 0.5925 0.21180880974695407 0.01 0.01499531396438613
0 0.466875 0.17666354264292408 0.015 0.020618556701030927
0 0.2825 0.2694470477975633 0.0375 0.031865042174320526
0 0.061875 0.3669165885660731 0.01375 0.014058106841611996
0 0.133125 0.39737582005623245 0.0125 0.010309278350515464
0 0.150625 0.3795688847235239 0.01 0.00937207122774133
0 0.1075 0.3776944704779756 0.01375 0.010309278350515464
0 0.16625 0.5445173383317713 0.05375 0.05154639175257732
0 0.185625 0.7338331771321462 0.02 0.01499531396438613
0 0.64375 0.2760074976569822 0.0175 0.015932521087160263
0 0.444375 0.31865042174320524 0.035 0.013120899718837863
0 0.446875 0.31302717900656046 0.02875 0.00937207122774133
0 0.436875 0.41283973758200565 0.00875 0.006560449859418931