0 0.646875 0.774601686972821 0.15625 0.07029053420805999
1 0.859375 0.6298031865042174 0.15 0.11433926897844424
0 0.2025 0.3823805060918463 0.06125 0.07591377694470477
0 0.830625 0.8149015932521088 0.1075 0.05998125585754452
1 0.8825 0.5388940955951266 0.14875 0.1105904404873477
0 0.1225 0.42830365510777885 0.05125 0.06466729147141519
0 0.993125 0.18275538894095594 0.01375 0.03561387066541706
0 0.059375 0.40159325210871605 0.04875 0.06560449859418932
0 0.76125 0.7638238050609185 0.10625 0.03655107778819119
0 0.414375 0.2099343955014058 0.05125 0.07122774133083412
0 0.30375 0.24554826616682288 0.075 0.09746954076850985
1 0.370625 0.7685098406747891 0.12 0.07122774133083412
0 0.085 0.45220243673851923 0.05125 0.06747891283973759
1 0.48125 0.7474226804123711 0.1275 0.07122774133083412
1 0.844375 0.7146204311152765 0.14875 0.09746954076850985
0 0.28375 0.344892221180881 0.04375 0.06935332708528585
0 0.34375 0.4817244611059044 0.04875 0.023430178069353328
0 0.304375 0.44095595126522963 0.035 0.02717900656044986
0 0.34375 0.46251171508903466 0.09625 0.031865042174320526
0 0.805625 0.5299906279287723 0.03625 0.04217432052483599
0 0.500625 0.16729147141518275 0.05625 0.06654170571696345
0 0.615 0.22211808809746955 0.03375 0.030927835051546393
0 0.53125 0.32239925023430177 0.03625 0.013120899718837863
0 0.475625 0.1949390815370197 0.01375 0.010309278350515464
0 0.944375 0.35238987816307404 0.01625 0.01780693533270853
0 0.931875 0.3364573570759138 0.01875 0.013120899718837863
0 0.88625 0.3388003748828491 0.02125 0.014058106841611996
0 0.890625 0.1888472352389878 0.02 0.013120899718837863
0 0.8625 0.1635426429240862 0.0225 0.01499531396438613
0 0.840625 0.15651358950328023 0.02 0.013120899718837863
0 0.265625 0.5215557638238051 0.01625 0.01218369259606373
0 0.14875 0.5398313027179007 0.01625 0.011246485473289597
0 0.153125 0.5815370196813496 0.01375 0.011246485473289597
0 0.3075 0.48406747891283974 0.01375 0.010309278350515464
0 0.229375 0.5876288659793815 0.00625 0.004686035613870665
0 0.3975 0.47282099343955014 0.0225 0.020618556701030927
0 0.579375 0.4119025304592315 0.02875 0.010309278350515464
0 0.605 0.39550140581068416 0.01875 0.014058106841611996
0 0.573125 0.4034676663542643 0.0175 0.01218369259606373
0 0.60125 0.40487347703842547 0.03625 0.010309278350515464
0 0.84875 0.3828491096532334 0.02 0.01780693533270853
0 0.856875 0.3701968134957826 0.02 0.01499531396438613
0 0.690625 0.45735707591377694 0.0175 0.01780693533270853
0 0.88 0.37066541705716965 0.0225 0.013120899718837863
0 0.871875 0.3786316776007498 0.0225 0.016869728209934397
0 0.85375 0.6518275538894096 0.01875 0.01218369259606373
0 0.88125 0.5571696344892221 0.01875 0.013120899718837863
0 0.26125 0.7202436738519212 0.01875 0.013120899718837863
0 0.37375 0.7895970009372071 0.02375 0.01874414245548266
0 0.443125 0.7460168697282099 0.02625 0.019681349578256794
0 0.576875 0.7019681349578257 0.02375 0.01499531396438613
0 0.573125 0.732427366447985 0.02875 0.01780693533270853
0 0.575625 0.6879100281162137 0.015 0.010309278350515464
0 0.58125 0.7244611059044048 0.0175 0.011246485473289597
0 0.394375 0.21462043111527648 0.01 0.01499531396438613
0 0.518125 0.17619493908153702 0.01375 0.019681349578256794
0 0.70625 0.2642924086223055 0.03625 0.030927835051546393
0 0.93125 0.3556701030927835 0.0125 0.014058106841611996
0 0.861875 0.3880037488284911 0.01125 0.010309278350515464
0 0.84375 0.37066541705716965 0.01 0.00937207122774133
0 0.88625 0.3673851921274602 0.01375 0.010309278350515464
0 0.835625 0.5360824742268041 0.05125 0.05060918462980318
0 0.825 0.725398313027179 0.01875 0.014058106841611996
0 0.34625 0.2797563261480787 0.0175 0.01499531396438613
0 0.5475 0.3177132146204311 0.035 0.01218369259606373
0 0.544375 0.31162136832239923 0.02875 0.008434864104967198
0 0.55875 0.41096532333645736 0.0075 0.006560449859418931