0 0.503125 0.2436738519212746 0.0375 0.030927835051546393
0 0.3775 0.3003748828491096 0.03625 0.031865042174320526
0 0.59 0.3181818181818182 0.0125 0.007497656982193065
0 0.69625 0.5032802249297095 0.0275 0.015932521087160263
0 0.88 0.6298031865042174 0.03375 0.013120899718837863
0 0.951875 0.584348641049672 0.02 0.013120899718837863
0 0.943125 0.4629803186504217 0.04125 0.02530459231490159
0 0.67875 0.43345829428303656 0.035 0.013120899718837863
0 0.763125 0.45595126522961577 0.055 0.026241799437675725
0 0.84875 0.48500468603561386 0.0175 0.008434864104967198
0 0.701875 0.39456419868791004 0.0175 0.007497656982193065
0 0.7025 0.39971883786316775 0.0175 0.008434864104967198
0 0.95375 0.5946579194001874 0.02125 0.008434864104967198
0 0.705 0.5731021555763823 0.0575 0.019681349578256794
0 0.828125 0.4990627928772259 0.01 0.007497656982193065
0 0.459375 0.44329896907216493 0.0325 0.02530459231490159
0 0.355625 0.35520149953139646 0.02 0.016869728209934397
0 0.420625 0.6302717900656045 0.04625 0.022492970946579195
0 0.610625 0.33786316776007497 0.025 0.01874414245548266
0 0.618125 0.43486410496719774 0.02625 0.01780693533270853
0 0.498125 0.3641049671977507 0.01625 0.008434864104967198
0 0.645 0.4245548266166823 0.0825 0.01780693533270853
0 0.514375 0.5407685098406748 0.00875 0.006560449859418931
0 0.541875 0.4896907216494845 0.0075 0.006560449859418931
0 0.01 0.37300843486410495 0.02 0.02999062792877226
0 0.11125 0.46344892221180883 0.03875 0.02530459231490159
0 0.335625 0.6494845360824743 0.0325 0.02436738519212746
0 0.796875 0.8284910965323337 0.0175 0.014058106841611996
0 0.608125 0.6888472352389878 0.015 0.01218369259606373
0 0.2175 0.739456419868791 0.0175 0.013120899718837863
0 0.2825 0.7582005623242737 0.01625 0.013120899718837863
0 0.253125 0.6888472352389878 0.0175 0.01218369259606373
0 0.1125 0.7230552952202437 0.02 0.013120899718837863
0 0.18625 0.6902530459231491 0.05125 0.02436738519212746
0 0.06 0.8847235238987816 0.02 0.014058106841611996
0 0.24625 0.8106841611996252 0.0175 0.013120899718837863
0 0.338125 0.7019681349578257 0.01625 0.013120899718837863
0 0.279375 0.8074039362699157 0.01625 0.01499531396438613
0 0.05875 0.8992502343017807 0.01125 0.01218369259606373
0 0.070625 0.2802249297094658 0.07125 0.05435801312089972
0 0.444375 0.5018744142455482 0.08375 0.08809746954076851
0 0.53 0.6288659793814433 0.09875 0.04217432052483599
0 0.98375 0.6991565135895033 0.0325 0.03936269915651359
0 0.725625 0.5890346766635426 0.06125 0.031865042174320526
0 0.120625 0.6438612933458294 0.06125 0.02717900656044986
1 0.269375 0.5590440487347704 0.06 0.07029053420805999
1 0.28875 0.45595126522961577 0.05625 0.07029053420805999
0 0.246875 0.4587628865979381 0.05 0.06841611996251172
0 0.404375 0.7450796626054358 0.04125 0.03561387066541706
0 0.386875 0.5501405810684161 0.07 0.04873477038425492
0 0.445625 0.6077788191190253 0.05 0.03561387066541706
0 0.311875 0.6298031865042174 0.0675 0.04779756326148079
1 0.2075 0.5 0.0625 0.07122774133083412
0 0.22875 0.5618556701030928 0.05125 0.05810684161199625
0 0.943125 0.41283973758200565 0.0425 0.03467666354264293
0 0.16625 0.5018744142455482 0.05 0.06466729147141519
1 0.149375 0.3917525773195876 0.08125 0.06279287722586692
0 0.65875 0.5740393626991566 0.1575 0.02999062792877226
0 0.14625 0.41237113402061853 0.055 0.04311152764761012
0 0.59 0.6002811621368322 0.085 0.015932521087160263
0 0.09625 0.5913776944704779 0.09875 0.03748828491096532
0 0.65125 0.4939081537019681 0.08625 0.01218369259606373
0 0.44125 0.2727272727272727 0.04125 0.02999062792877226
0 0.49875 0.3711340206185567 0.015 0.007497656982193065
0 0.495 0.37488284910965325 0.00875 0.006560449859418931
0 0.530625 0.38425492033739456 0.01625 0.006560449859418931
0 0.530625 0.3908153701968135 0.01375 0.006560449859418931
0 0.526875 0.39550140581068416 0.01 0.006560449859418931
0 0.5875 0.3280224929709466 0.015 0.007497656982193065
0 0.655 0.3064667291471415 0.01375 0.007497656982193065
0 0.77125 0.25445173383317715 0.035 0.01499531396438613
0 0.769375 0.2478912839737582 0.0375 0.015932521087160263
0 0.9525 0.31537019681349576 0.02625 0.013120899718837863
0 0.950625 0.3064667291471415 0.015 0.008434864104967198
0 0.7275 0.37628865979381443 0.01125 0.005623242736644799
0 0.660625 0.48406747891283974 0.04625 0.01499531396438613
0 0.85 0.4915651358950328 0.0175 0.007497656982193065
0 0.821875 0.5051546391752577 0.0125 0.008434864104967198
0 0.824375 0.5112464854732895 0.015 0.006560449859418931
1 0.075625 0.556232427366448 0.15125 0.09465791940018745
1 0.08375 0.5159325210871603 0.1675 0.16588566073102157
0 0.525625 0.6185567010309279 0.01625 0.006560449859418931
0 0.570625 0.5913776944704779 0.05125 0.014058106841611996
0 0.74625 0.7211808809746955 0.01125 0.008434864104967198