0 0.49125 0.24414245548266167 0.03875 0.031865042174320526
0 0.368125 0.30412371134020616 0.0375 0.03280224929709466
0 0.58125 0.3158388003748828 0.0125 0.007497656982193065
0 0.696875 0.49812558575445176 0.02875 0.015932521087160263
0 0.88625 0.619962511715089 0.03375 0.014058106841611996
0 0.955625 0.5721649484536082 0.02 0.014058106841611996
0 0.94125 0.45126522961574506 0.04125 0.026241799437675725
0 0.675625 0.4287722586691659 0.035 0.014058106841611996
0 0.76125 0.4493908153701968 0.05625 0.02717900656044986
0 0.848125 0.4761012183692596 0.0175 0.00937207122774133
0 0.696875 0.38940955951265227 0.0175 0.008434864104967198
0 0.6975 0.39456419868791004 0.0175 0.00937207122774133
0 0.958125 0.5829428303655108 0.02125 0.00937207122774133
0 0.708125 0.5674789128397376 0.05875 0.020618556701030927
0 0.8275 0.4906279287722587 0.01 0.007497656982193065
0 0.456875 0.44470477975632616 0.03375 0.026241799437675725
0 0.349375 0.358950328022493 0.02125 0.01780693533270853
0 0.426875 0.6321462043111528 0.04625 0.023430178069353328
0 0.6025 0.33505154639175255 0.025 0.01874414245548266
0 0.615 0.4320524835988753 0.0275 0.01780693533270853
0 0.491875 0.3641049671977507 0.01625 0.008434864104967198
0 0.64125 0.4208059981255858 0.0825 0.019681349578256794
0 0.51625 0.5407685098406748 0.01 0.006560449859418931
0 0.541875 0.4887535145267104 0.0075 0.007497656982193065
0 0.008125 0.3865979381443299 0.01625 0.030927835051546393
0 0.109375 0.47375820056232426 0.04 0.026241799437675725
0 0.3425 0.6537019681349578 0.03375 0.02530459231490159
0 0.811875 0.8205248359887535 0.01875 0.014058106841611996
0 0.616875 0.6860356138706654 0.015 0.01218369259606373
0 0.22875 0.746954076850984 0.0175 0.013120899718837863
0 0.294375 0.7638238050609185 0.01625 0.013120899718837863
0 0.261875 0.6954076850984068 0.0175 0.01218369259606373
0 0.123125 0.7328959700093721 0.02 0.014058106841611996
0 0.195625 0.6982193064667291 0.05125 0.02530459231490159
0 0.078125 0.8964386129334583 0.02125 0.01499531396438613
0 0.260625 0.816776007497657 0.01875 0.014058106841611996
0 0.348125 0.7057169634489222 0.01625 0.013120899718837863
0 0.29375 0.8130271790065604 0.0175 0.01499531396438613
0 0.0775 0.9104967197750703 0.01125 0.01218369259606373
0 0.060625 0.2914714151827554 0.0725 0.056232427366447985
0 0.444375 0.5032802249297095 0.08625 0.08997188378631678
0 0.53625 0.6279287722586692 0.1 0.04498594189315839
0 0.988125 0.6865042174320525 0.02375 0.04029990627928772
0 0.729375 0.5834114339268979 0.0625 0.033739456419868794
0 0.128125 0.6537019681349578 0.0625 0.029053420805998126
1 0.2725 0.5646672914714151 0.0625 0.07216494845360824
1 0.286875 0.4611059044048735 0.05875 0.07122774133083412
0 0.245 0.4653233364573571 0.0525 0.06935332708528585
0 0.415625 0.7474226804123711 0.0425 0.03655107778819119
0 0.389375 0.5529522024367385 0.07125 0.05060918462980318
0 0.450625 0.6091846298031866 0.05125 0.03655107778819119
0 0.318125 0.6349578256794751 0.06875 0.04967197750702906
1 0.2075 0.5074976569821931 0.065 0.07216494845360824
0 0.231875 0.5688847235238987 0.05375 0.059044048734770385
0 0.93875 0.40159325210871605 0.04375 0.03561387066541706
0 0.166875 0.5103092783505154 0.0525 0.06560449859418932
1 0.144375 0.40112464854732893 0.08375 0.06466729147141519
0 0.661875 0.57029053420806 0.15875 0.033739456419868794
0 0.141875 0.4217432052483599 0.05625 0.04498594189315839
0 0.595 0.5979381443298969 0.085 0.01780693533270853
0 0.100625 0.6016869728209935 0.1 0.03936269915651359
0 0.650625 0.4901593252108716 0.08625 0.01499531396438613
0 0.430625 0.274601686972821 0.0425 0.02999062792877226
0 0.4925 0.3716026241799438 0.015 0.008434864104967198
0 0.48875 0.37488284910965325 0.00875 0.006560449859418931
0 0.525 0.3837863167760075 0.01625 0.006560449859418931
0 0.525625 0.39034676663542645 0.01375 0.006560449859418931
0 0.521875 0.3950328022492971 0.01 0.006560449859418931
0 0.579375 0.32567947516401125 0.015 0.007497656982193065
0 0.645625 0.302717900656045 0.01375 0.008434864104967198
0 0.76 0.24742268041237114 0.035 0.015932521087160263
0 0.7575 0.24133083411433928 0.03875 0.016869728209934397
0 0.94375 0.3036551077788191 0.0275 0.014058106841611996
0 0.94125 0.29475164011246485 0.01625 0.008434864104967198
0 0.721875 0.3701968134957826 0.0125 0.006560449859418931
0 0.66 0.47985004686035615 0.04625 0.015932521087160263
0 0.85 0.48266166822867856 0.0175 0.007497656982193065
0 0.821875 0.4967197750702905 0.01375 0.008434864104967198
0 0.825 0.5028116213683224 0.015 0.006560449859418931
1 0.07875 0.5674789128397376 0.155 0.09840674789128398
1 0.08625 0.5271790065604499 0.1725 0.1696344892221181
0 0.53125 0.6180880974695407 0.01625 0.006560449859418931
0 0.575 0.5895032802249297 0.05125 0.01499531396438613
0 0.75625 0.7146204311152765 0.01125 0.00937207122774133