0 0.945625 0.274601686972821 0.0325 0.019681349578256794
0 0.909375 0.18134957825679476 0.03125 0.019681349578256794
0 0.8925 0.11199625117150891 0.015 0.015932521087160263
0 0.7075 0.10262417994376757 0.01 0.008434864104967198
0 0.62625 0.4662605435801312 0.03375 0.02155576382380506
0 0.329375 0.43345829428303656 0.02875 0.01499531396438613
0 0.70875 0.31302717900656046 0.0325 0.023430178069353328
0 0.8325 0.528116213683224 0.02875 0.030927835051546393
0 0.79875 0.5590440487347704 0.03375 0.023430178069353328
0 0.909375 0.3125585754451734 0.02875 0.016869728209934397
0 0.7825 0.38331771321462044 0.02875 0.01780693533270853
0 0.809375 0.4775070290534208 0.02375 0.01499531396438613
0 0.661875 0.39550140581068416 0.03 0.04967197750702906
0 0.84875 0.4873477038425492 0.03125 0.015932521087160263
0 0.93375 0.3219306466729147 0.02375 0.01499531396438613
0 0.84875 0.3139643861293346 0.0475 0.01780693533270853
0 0.130625 0.8369259606373008 0.02625 0.01218369259606373
0 0.234375 0.7783505154639175 0.02125 0.01218369259606373
0 0.538125 0.7975632614807873 0.015 0.00937207122774133
0 0.8325 0.7202436738519212 0.0325 0.02530459231490159
0 0.86 0.8514526710402999 0.0225 0.01499531396438613
0 0.894375 0.8228678537956888 0.02 0.01499531396438613
0 0.87875 0.6630740393626992 0.02375 0.01499531396438613
0 0.854375 0.6368322399250235 0.02125 0.019681349578256794
0 0.778125 0.6419868791002812 0.02875 0.02155576382380506
0 0.401875 0.865979381443299 0.155 0.10121836925960637
0 0.68 0.7150890346766635 0.07375 0.04873477038425492
0 0.445625 0.32989690721649484 0.09625 0.07872539831302718
0 0.553125 0.11387066541705718 0.08625 0.07029053420805999
0 0.199375 0.28772258669165884 0.09125 0.09746954076850985
0 0.034375 0.4765698219306467 0.06875 0.07591377694470477
0 0.321875 0.1415182755388941 0.07625 0.06279287722586692
0 0.943125 0.5576382380506092 0.08375 0.059044048734770385
0 0.45625 0.6307403936269915 0.05625 0.04873477038425492
0 0.64 0.39878163074039363 0.07125 0.05435801312089972
0 0.223125 0.4620431115276476 0.05375 0.04779756326148079
0 0.03375 0.37300843486410495 0.0675 0.05810684161199625
0 0.840625 0.13964386129334583 0.04625 0.03748828491096532
0 0.259375 0.5346766635426429 0.1 0.05154639175257732
0 0.068125 0.4034676663542643 0.06875 0.05435801312089972
0 0.455 0.19212746016869728 0.04375 0.03748828491096532
0 0.10875 0.612464854732896 0.05875 0.041237113402061855
0 0.944375 0.5965323336457357 0.0975 0.04967197750702906
0 0.066875 0.20337394564198688 0.0475 0.041237113402061855
0 0.123125 0.2380506091846298 0.05 0.03467666354264293
0 0.576875 0.5051546391752577 0.0625 0.07403936269915651
0 0.531875 0.5332708528584817 0.0775 0.07310215557638237
0 0.884375 0.09653233364573571 0.07875 0.022492970946579195
0 0.026875 0.1485473289597001 0.05375 0.02717900656044986
0 0.20125 0.5074976569821931 0.085 0.04029990627928772
0 0.988125 0.5374882849109653 0.02375 0.05716963448922212
0 0.4875 0.5941893158388004 0.02125 0.011246485473289597
0 0.3075 0.5815370196813496 0.02125 0.01499531396438613
0 0.45625 0.4742268041237113 0.01625 0.00937207122774133
0 0.24625 0.5117150890346767 0.02875 0.019681349578256794
0 0.156875 0.4901593252108716 0.03375 0.01499531396438613
0 0.07875 0.598406747891284 0.025 0.013120899718837863
0 0.051875 0.6148078725398313 0.0175 0.010309278350515464
0 0.383125 0.30506091846298033 0.04125 0.031865042174320526
0 0.325 0.4250234301780694 0.0225 0.010309278350515464
0 0.466875 0.3744142455482662 0.03375 0.015932521087160263
0 0.486875 0.36363636363636365 0.02375 0.01218369259606373
0 0.744375 0.2755388940955951 0.045 0.03467666354264293
0 0.8525 0.30178069353327086 0.03125 0.01218369259606373
0 0.895625 0.33692596063730085 0.0325 0.014058106841611996
0 0.89875 0.34817244611059045 0.0375 0.014058106841611996
0 0.95375 0.4217432052483599 0.08125 0.05998125585754452
0 0.9575 0.44470477975632616 0.06875 0.030927835051546393
0 0.653125 0.7586691658856607 0.14625 0.06091846298031865
0 0.67 0.7877225866916588 0.1525 0.09746954076850985
0 0.455 0.6190253045923149 0.01125 0.007497656982193065
0 0.605625 0.20665417057169636 0.035 0.008434864104967198
0 0.595 0.21602624179943766 0.06 0.022492970946579195