0 0.94 0.2685098406747891 0.0325 0.019681349578256794
0 0.901875 0.17619493908153702 0.03125 0.019681349578256794
0 0.883125 0.10684161199625117 0.015 0.015932521087160263
0 0.698125 0.10028116213683223 0.01 0.008434864104967198
0 0.625 0.46438612933458295 0.035 0.02155576382380506
0 0.328125 0.4353327085285848 0.02875 0.01499531396438613
0 0.704375 0.3106841611996251 0.03375 0.023430178069353328
0 0.833125 0.5234301780693533 0.02875 0.030927835051546393
0 0.8 0.5548266166822868 0.035 0.023430178069353328
0 0.905 0.30740393626991563 0.02875 0.01780693533270853
0 0.78 0.3795688847235239 0.02875 0.01874414245548266
0 0.80875 0.47375820056232426 0.02375 0.01499531396438613
0 0.659375 0.3931583880037488 0.03125 0.04967197750702906
0 0.848125 0.48266166822867856 0.03125 0.015932521087160263
0 0.929375 0.31630740393626994 0.02375 0.01499531396438613
0 0.844375 0.309746954076851 0.0475 0.01874414245548266
0 0.13875 0.8420805998125586 0.02625 0.013120899718837863
0 0.24125 0.782099343955014 0.02125 0.01218369259606373
0 0.545 0.7970946579194002 0.015 0.00937207122774133
0 0.8375 0.7155576382380506 0.0325 0.02530459231490159
0 0.868125 0.8467666354264293 0.0225 0.01499531396438613
0 0.901875 0.8177132146204311 0.02 0.01499531396438613
0 0.8825 0.6579194001874414 0.02375 0.01499531396438613
0 0.8575 0.6326148078725399 0.0225 0.020618556701030927
0 0.78125 0.6382380506091846 0.03 0.02155576382380506
0 0.410625 0.8673851921274601 0.15625 0.10309278350515463
0 0.685 0.7127460168697282 0.075 0.04967197750702906
0 0.441875 0.3303655107778819 0.0975 0.07966260543580131
0 0.544375 0.1134020618556701 0.0875 0.07122774133083412
0 0.194375 0.29194001874414244 0.09375 0.09840674789128398
0 0.034375 0.48266166822867856 0.06875 0.07685098406747891
0 0.313125 0.14386129334582942 0.0775 0.06373008434864105
0 0.944375 0.5520149953139644 0.085 0.05998125585754452
0 0.45875 0.6312089971883786 0.0575 0.04873477038425492
0 0.638125 0.39690721649484534 0.0725 0.05529522024367385
0 0.2225 0.46579194001874413 0.055 0.04873477038425492
0 0.033125 0.37910028116213684 0.06625 0.059044048734770385
0 0.8325 0.13495782567947517 0.0475 0.03748828491096532
0 0.260625 0.5379568884723523 0.10125 0.05248359887535145
0 0.065625 0.4090909090909091 0.07 0.05435801312089972
0 0.448125 0.19259606373008434 0.045 0.03748828491096532
0 0.11125 0.6176194939081537 0.06 0.04217432052483599
0 0.94625 0.5909090909090909 0.09875 0.05060918462980318
0 0.06 0.20899718837863168 0.0475 0.041237113402061855
0 0.1175 0.24320524835988752 0.05 0.03561387066541706
0 0.576875 0.5042174320524836 0.06375 0.07497656982193064
0 0.5325 0.5328022492970946 0.07875 0.07403936269915651
0 0.874375 0.09137769447047797 0.07875 0.023430178069353328
0 0.023125 0.15463917525773196 0.04625 0.028116213683223992
0 0.201875 0.5117150890346767 0.085 0.041237113402061855
0 0.988125 0.5304592314901593 0.02375 0.05810684161199625
0 0.49 0.5941893158388004 0.0225 0.011246485473289597
0 0.309375 0.5838800374882849 0.02125 0.01499531396438613
0 0.455625 0.4751640112464855 0.01625 0.00937207122774133
0 0.246875 0.5149953139643861 0.03 0.019681349578256794
0 0.156875 0.4943767572633552 0.03375 0.01499531396438613
0 0.08125 0.6040299906279287 0.025 0.014058106841611996
0 0.054375 0.6204311152764761 0.0175 0.010309278350515464
0 0.37875 0.3064667291471415 0.04125 0.03280224929709466
0 0.323125 0.42736644798500467 0.0225 0.011246485473289597
0 0.46375 0.37488284910965325 0.03375 0.015932521087160263
0 0.48375 0.36363636363636365 0.02375 0.01218369259606373
0 0.739375 0.27225866916588565 0.045 0.03561387066541706
0 0.8475 0.29756326148078727 0.03125 0.013120899718837863
0 0.891875 0.33177132146204313 0.0325 0.014058106841611996
0 0.895 0.3430178069353327 0.0375 0.014058106841611996
0 0.951875 0.415651358950328 0.0825 0.06091846298031865
0 0.95625 0.4386129334582943 0.06875 0.031865042174320526
0 0.659375 0.7567947516401125 0.1475 0.061855670103092786
0 0.676875 0.7858481724461106 0.15375 0.09934395501405811
0 0.4575 0.619493908153702 0.01125 0.007497656982193065
0 0.59875 0.20524835988753515 0.035 0.00937207122774133
0 0.588125 0.21462043111527648 0.06 0.023430178069353328