0 0.7675 0.2592137592137592 0.0225 0.0171990171990172
0 0.5475 0.20106470106470106 0.04125 0.021294021294021293
0 0.4275 0.15192465192465193 0.02125 0.013923013923013924
0 0.1225 0.14004914004914004 0.015 0.011466011466011465
0 0.204375 0.1248976248976249 0.02 0.009009009009009009
0 0.151875 0.15438165438165438 0.0275 0.011466011466011465
0 0.108125 0.19533169533169534 0.0125 0.0171990171990172
0 0.255625 0.09541359541359541 0.02375 0.009009009009009009
0 0.0275 0.19369369369369369 0.01875 0.02457002457002457
0 0.15875 0.1457821457821458 0.02125 0.009009009009009009
0 0.71125 0.5593775593775594 0.04 0.015561015561015561
0 0.754375 0.4176904176904177 0.02125 0.013923013923013924
0 0.491875 0.481981981981982 0.0375 0.018018018018018018
0 0.60875 0.6126126126126126 0.045 0.020475020475020474
0 0.644375 0.6560196560196561 0.03625 0.0171990171990172
0 0.44 0.5642915642915642 0.03375 0.01638001638001638
0 0.549375 0.6408681408681409 0.035 0.015561015561015561
0 0.51875 0.3837018837018837 0.03125 0.015561015561015561
0 0.47625 0.6052416052416052 0.04 0.013104013104013105
0 0.448125 0.4963144963144963 0.035 0.01638001638001638
0 0.290625 0.5229320229320229 0.035 0.019656019656019656
0 0.281875 0.5900900900900901 0.0275 0.013104013104013105
0 0.045625 0.4582309582309582 0.01625 0.01638001638001638
0 0.088125 0.6162981162981163 0.01375 0.011466011466011465
0 0.111875 0.4950859950859951 0.0225 0.014742014742014743
0 0.09 0.5687960687960688 0.0125 0.009009009009009009
0 0.115 0.36936936936936937 0.0175 0.01638001638001638
0 0.23875 0.45904995904995904 0.0275 0.013923013923013924
0 0.086875 0.6519246519246519 0.0125 0.009009009009009009
0 0.11375 0.411957411957412 0.0175 0.013104013104013105
0 0.113125 0.4357084357084357 0.01875 0.013104013104013105
0 0.57 0.7534807534807535 0.04375 0.02375102375102375
0 0.416875 0.8013923013923014 0.0425 0.021294021294021293
0 0.59625 0.7051597051597052 0.0425 0.0171990171990172
0 0.386875 0.7166257166257166 0.03875 0.015561015561015561
0 0.40875 0.6945126945126945 0.035 0.018018018018018018
0 0.571875 0.671990171990172 0.03875 0.018018018018018018
0 0.4475 0.6986076986076986 0.02125 0.011466011466011465
0 0.324375 0.785012285012285 0.0375 0.02375102375102375
0 0.6475 0.866912366912367 0.04 0.022113022113022112
0 0.1325 0.8865683865683865 0.0425 0.02457002457002457
0 0.015 0.7428337428337428 0.01125 0.007371007371007371
0 0.886875 0.08722358722358722 0.10875 0.10237510237510238
0 0.67125 0.8104013104013104 0.05125 0.02293202293202293
0 0.901875 0.5904995904995906 0.11 0.10319410319410319
0 0.98 0.2035217035217035 0.04 0.0990990990990991
0 0.801875 0.4811629811629812 0.02125 0.02375102375102375
0 0.9575 0.28746928746928746 0.085 0.062244062244062245
0 0.469375 0.13513513513513514 0.04 0.022113022113022112
0 0.400625 0.07657657657657657 0.03625 0.021294021294021293
0 0.304375 0.0819000819000819 0.04125 0.013923013923013924
0 0.403125 0.17977067977067976 0.0175 0.010647010647010647
0 0.254375 0.8325143325143325 0.02875 0.013104013104013105
0 0.21625 0.9111384111384111 0.04875 0.022113022113022112
0 0.085625 0.6281736281736282 0.01 0.009828009828009828
0 0.105 0.5925470925470926 0.015 0.011466011466011465
0 0.091875 0.5274365274365275 0.01625 0.018837018837018837