0 0.19 0.2821457821457821 0.025 0.018018018018018018
0 0.3975 0.2072072072072072 0.045 0.02457002457002457
0 0.5075 0.14905814905814907 0.0225 0.014742014742014743
0 0.8075 0.11261261261261261 0.0175 0.013104013104013105
0 0.72375 0.10442260442260443 0.02125 0.010647010647010647
0 0.78125 0.128992628992629 0.03 0.013104013104013105
0 0.8325 0.16625716625716624 0.015 0.018018018018018018
0 0.666875 0.07862407862407862 0.025 0.011466011466011465
0 0.9125 0.15847665847665848 0.02375 0.02620802620802621
0 0.7725 0.12121212121212122 0.0225 0.010647010647010647
0 0.30125 0.5757575757575758 0.04125 0.018837018837018837
0 0.231875 0.43857493857493857 0.0225 0.014742014742014743
0 0.505 0.4811629811629812 0.04 0.020475020475020474
0 0.413125 0.6203931203931204 0.0475 0.02375102375102375
0 0.385625 0.6666666666666666 0.03875 0.019656019656019656
0 0.57125 0.558968058968059 0.03625 0.018837018837018837
0 0.476875 0.6437346437346437 0.03625 0.018018018018018018
0 0.46 0.38615888615888616 0.03375 0.018018018018018018
0 0.543125 0.6023751023751024 0.04125 0.01638001638001638
0 0.550625 0.49221949221949224 0.0375 0.018837018837018837
0 0.7125 0.5061425061425061 0.0375 0.022113022113022112
0 0.733125 0.5720720720720721 0.02875 0.014742014742014743
0 0.943125 0.4221949221949222 0.01875 0.018018018018018018
0 0.930625 0.5827190827190827 0.01625 0.013104013104013105
0 0.884375 0.4643734643734644 0.02375 0.015561015561015561
0 0.92 0.5356265356265356 0.01375 0.009828009828009828
0 0.858125 0.33988533988533987 0.02 0.018018018018018018
0 0.751875 0.43857493857493857 0.02875 0.015561015561015561
0 0.93875 0.6179361179361179 0.015 0.009828009828009828
0 0.866875 0.3820638820638821 0.01875 0.014742014742014743
0 0.871875 0.40540540540540543 0.02 0.014742014742014743
0 0.4775 0.7571662571662572 0.0475 0.02702702702702703
0 0.638125 0.7923832923832924 0.04625 0.02457002457002457
0 0.443125 0.7113022113022113 0.045 0.020475020475020474
0 0.6525 0.7059787059787059 0.04 0.018018018018018018
0 0.626875 0.685913185913186 0.0375 0.020475020475020474
0 0.460625 0.6764946764946765 0.04125 0.021294021294021293
0 0.589375 0.6932841932841933 0.02375 0.012285012285012284
0 0.7275 0.7686322686322686 0.04125 0.02620802620802621
0 0.421875 0.8759213759213759 0.04375 0.025389025389025387
0 0.936875 0.8542178542178542 0.04625 0.027846027846027847
0 0.05125 0.1208026208026208 0.1025 0.10892710892710893
0 0.388125 0.8218673218673219 0.055 0.02702702702702703
0 0.118125 0.6216216216216216 0.1275 0.11056511056511056
0 0.196875 0.5053235053235053 0.025 0.02457002457002457
0 0.026875 0.32596232596232594 0.05375 0.0687960687960688
0 0.4625 0.13554463554463556 0.0425 0.02457002457002457
0 0.52 0.07166257166257166 0.04 0.02375102375102375
0 0.616875 0.06920556920556921 0.0425 0.0171990171990172
0 0.536875 0.17444717444717445 0.01875 0.012285012285012284
0 0.805625 0.8104013104013104 0.03 0.014742014742014743
0 0.858125 0.8853398853398854 0.05125 0.025389025389025387
0 0.935 0.5941850941850941 0.0125 0.010647010647010647
0 0.909375 0.5606060606060606 0.01625 0.013104013104013105
0 0.91 0.49467649467649466 0.02 0.019656019656019656