0 0.95875 0.23992502343017807 0.04 0.013120899718837863
0 0.281875 0.46579194001874413 0.02875 0.03748828491096532
0 0.0075 0.6059044048734771 0.015 0.019681349578256794
0 0.018125 0.5201499531396439 0.02875 0.01499531396438613
0 0.04875 0.5871602624179943 0.0125 0.006560449859418931
0 0.0825 0.6068416119962512 0.015 0.006560449859418931
0 0.004375 0.3744142455482662 0.00875 0.04029990627928772
0 0.5525 0.6110590440487348 0.035 0.01874414245548266
0 0.79 0.6040299906279287 0.02 0.023430178069353328
0 0.994375 0.42783505154639173 0.00875 0.019681349578256794
0 0.115625 0.7310215557638238 0.01125 0.011246485473289597
0 0.428125 0.6865042174320525 0.05125 0.019681349578256794
0 0.58375 0.7689784442361762 0.0325 0.02530459231490159
0 0.7146375 0.8419962511715089 0.03427500000000009 0.02325210871602619
0 0.9180125 0.6749015932521087 0.031012499999999932 0.022277413308341126
0 0.770625 0.7839737582005624 0.03625 0.02155576382380506
0 0.694375 0.761012183692596 0.02875 0.022492970946579195
0 0.693125 0.7361761949390815 0.01625 0.010309278350515464
0 0.174375 0.3477038425492034 0.10125 0.08059981255857544
0 0.24375 0.5970009372071228 0.07 0.04311152764761012
1 0.810625 0.5576382380506092 0.13625 0.10871602624179943
0 0.055 0.774601686972821 0.045 0.05154639175257732
0 0.914375 0.7642924086223055 0.07625 0.04029990627928772
0 0.48216250000000005 0.5115182755388941 0.06567499999999996 0.04350515463917533
0 0.435 0.5267104029990628 0.0525 0.02999062792877226
1 0.639475 0.5037019681349578 0.13646249999999996 0.10089034676663546
0 0.5375 0.6641799437675726 0.065 0.041846298031865126
0 0.3943125 0.5068416119962511 0.03852500000000006 0.03073102155576379
1 0.36488750000000003 0.43582005623242737 0.10629999999999999 0.05409559512652299
0 0.355 0.4452764761012184 0.020237500000000068 0.010712277413308295
0 0.4042 0.37407685098406745 0.01676249999999996 0.012942830365510727
0 0.6653625 0.4929334582942831 0.015749999999999886 0.0125679475164012
0 0.6774875 0.5928772258669166 0.023312500000000114 0.02045923149015926
0 0.6475624999999999 0.611415182755389 0.013787499999999966 0.01365510777881906
1 0.6999875 0.5780506091846298 0.12952499999999995 0.08273664479850044
0 0.8337875 0.5214995313964387 0.018237499999999896 0.01857544517338326
0 0.834775 0.5400374882849109 0.02021250000000009 0.016363636363636396
0 0.77765 0.6436832239925023 0.023700000000000044 0.008472352389878129
1 0.793725 0.6145829428303655 0.13003749999999997 0.07791002811621378
0 0.9904875 0.6714995313964386 0.019025000000000035 0.0071040299906278605
0 0.8869625000000001 0.6687160262417994 0.014787499999999908 0.009587628865979398
0 0.8745999999999999 0.6594470477975632 0.0128125 0.008847235238987868
1 0.8878499999999999 0.6488940955951266 0.22430000000000005 0.14280224929709476
0 0.21600000000000003 0.44806935332708525 0.038125 0.05492033739456422
0 0.0658875 0.5928772258669166 0.012825000000000007 0.006982193064667334
0 0.1314125 0.705979381443299 0.037049999999999986 0.029231490159325264
0 0.2288625 0.6136363636363636 0.014299999999999997 0.008462980318650396
0 0.4311625 0.27301780693533273 0.01726249999999993 0.0036644798500468307