0 0.95875 0.23992502343017807 0.04 0.013120899718837863
0 0.281875 0.46579194001874413 0.02875 0.03748828491096532
0 0.0075 0.6059044048734771 0.015 0.019681349578256794
0 0.018125 0.5201499531396439 0.02875 0.01499531396438613
0 0.04875 0.5871602624179943 0.0125 0.006560449859418931
0 0.0825 0.6068416119962512 0.015 0.006560449859418931
0 0.004375 0.3744142455482662 0.00875 0.04029990627928772
0 0.5525 0.6110590440487348 0.035 0.01874414245548266
0 0.79 0.6040299906279287 0.02 0.023430178069353328
0 0.994375 0.42783505154639173 0.00875 0.019681349578256794
0 0.115625 0.7310215557638238 0.01125 0.011246485473289597
0 0.428125 0.6865042174320525 0.05125 0.019681349578256794
0 0.58375 0.7689784442361762 0.0325 0.02530459231490159
0 0.714375 0.8420805998125586 0.03375 0.023430178069353328
0 0.918125 0.6747891283973758 0.03125 0.022492970946579195
0 0.770625 0.7839737582005624 0.03625 0.02155576382380506
0 0.694375 0.761012183692596 0.02875 0.022492970946579195
0 0.693125 0.7361761949390815 0.01625 0.010309278350515464
0 0.174375 0.3477038425492034 0.10125 0.08059981255857544
0 0.24375 0.5970009372071228 0.07 0.04311152764761012
1 0.810625 0.5576382380506092 0.13625 0.10871602624179943
0 0.055 0.774601686972821 0.045 0.05154639175257732
0 0.914375 0.7642924086223055 0.07625 0.04029990627928772
0 0.481875 0.5117150890346767 0.06625 0.04311152764761012
0 0.435 0.5267104029990628 0.0525 0.02999062792877226
1 0.639375 0.5037488284910965 0.13625 0.10121836925960637
0 0.5375 0.6640112464854733 0.065 0.04217432052483599
0 0.394375 0.507029053420806 0.03875 0.030927835051546393
1 0.365 0.43580131208997186 0.10625 0.05435801312089972
0 0.355 0.4451733833177132 0.02 0.010309278350515464
0 0.404375 0.3739456419868791 0.01625 0.013120899718837863
0 0.665625 0.492970946579194 0.01625 0.01218369259606373
0 0.6775 0.5927835051546392 0.02375 0.020618556701030927
0 0.6475 0.6115276476101218 0.01375 0.014058106841611996
1 0.7 0.5782567947516402 0.13 0.08247422680412371
0 0.83375 0.5215557638238051 0.01875 0.01874414245548266
0 0.835 0.5398313027179007 0.02 0.015932521087160263
0 0.7775 0.6438612933458294 0.02375 0.008434864104967198
1 0.79375 0.6148078725398313 0.13 0.07778819119025304
0 0.990625 0.6715089034676663 0.01875 0.007497656982193065
0 0.886875 0.668697282099344 0.015 0.00937207122774133
0 0.874375 0.6593252108716027 0.0125 0.008434864104967198
1 0.888125 0.6490159325210871 0.22375 0.14245548266166824
0 0.21625 0.44798500468603564 0.0375 0.05529522024367385
0 0.065625 0.5927835051546392 0.0125 0.006560449859418931
0 0.13125 0.7061855670103093 0.0375 0.029053420805998126
0 0.22875 0.6138706654170571 0.01375 0.008434864104967198
0 0.43125 0.27319587628865977 0.0175 0.0037488284910965324