0 0.990625 0.29053420805998126 0.01875 0.016869728209934397
0 0.290625 0.44329896907216493 0.035 0.04029990627928772
0 0.019375 0.46954076850984067 0.03125 0.01780693533270853
0 0.036875 0.5393626991565136 0.01375 0.007497656982193065
0 0.066875 0.5623242736644799 0.01625 0.008434864104967198
0 0.0325 0.323805060918463 0.01625 0.041237113402061855
0 0.53125 0.6152764761012184 0.03875 0.022492970946579195
0 0.768125 0.6330834114339269 0.02375 0.02530459231490159
0 0.998125 0.47985004686035615 0.00375 0.020618556701030927
0 0.07625 0.6888472352389878 0.01375 0.01218369259606373
0 0.394375 0.6771321462043112 0.055 0.02530459231490159
0 0.533125 0.7750702905342081 0.0375 0.028116213683223992
0 0.649375 0.8612933458294283 0.03875 0.026241799437675725
0 0.88125 0.7169634489222118 0.035 0.02530459231490159
0 0.715 0.8092783505154639 0.04 0.02530459231490159
0 0.64375 0.7788191190253045 0.0325 0.02530459231490159
0 0.6475 0.7539831302717901 0.0175 0.01218369259606373
0 0.205625 0.31537019681349576 0.115 0.08997188378631678
0 0.228125 0.5693533270852859 0.0775 0.04967197750702906
1 0.796875 0.5895032802249297 0.155 0.1218369259606373
0 0.0175 0.7249297094657919 0.035 0.05529522024367385
0 0.86125 0.8050609184629803 0.0825 0.04779756326148079
0 0.48 0.5093720712277413 0.0725 0.04967197750702906
0 0.430625 0.5196813495782568 0.0575 0.03561387066541706
1 0.6375 0.5182755388940956 0.15375 0.11433926897844424
0 0.506875 0.6663542642924086 0.0725 0.04779756326148079
0 0.394375 0.4957825679475164 0.04375 0.03467666354264293
1 0.378125 0.42221180880974696 0.115 0.06466729147141519
0 0.366875 0.43064667291471415 0.0225 0.013120899718837863
0 0.42875 0.3655107778819119 0.01875 0.01499531396438613
0 0.665 0.5103092783505154 0.0175 0.014058106841611996
0 0.65875 0.6105904404873477 0.0275 0.022492970946579195
0 0.625625 0.6255857544517338 0.01625 0.01499531396438613
1 0.68375 0.5979381443298969 0.14375 0.09559512652296158
0 0.82625 0.556232427366448 0.02125 0.020618556701030927
0 0.824375 0.5745079662605436 0.0225 0.01874414245548266
0 0.748125 0.6710402999062793 0.025 0.011246485473289597
1 0.769375 0.6443298969072165 0.14375 0.09090909090909091
0 0.95375 0.7211808809746955 0.02 0.00937207122774133
0 0.851875 0.7075913776944704 0.01625 0.011246485473289597
0 0.84125 0.6968134957825679 0.01375 0.010309278350515464
1 0.85625 0.6879100281162137 0.24875 0.16494845360824742
0 0.228125 0.4189315838800375 0.0475 0.05810684161199625
0 0.053125 0.5468603561387066 0.01375 0.008434864104967198
0 0.096875 0.6654170571696345 0.0425 0.03280224929709466
0 0.210625 0.584348641049672 0.01625 0.010309278350515464
0 0.47375 0.26804123711340205 0.0175 0.005623242736644799