0 0.475625 0.3149015932521087 0.03125 0.01874414245548266
0 0.015 0.514526710402999 0.03 0.022492970946579195
0 0.6825 0.3191190253045923 0.175 0.15089034676663543
0 0.75625 0.26522961574507964 0.1225 0.1049671977507029
0 0.055 0.8289597000937207 0.11 0.06841611996251172
1 0.37375 0.39128397375820057 0.075 0.07029053420805999
0 0.926875 0.43064667291471415 0.06375 0.06279287722586692
0 0.515625 0.41002811621368324 0.17875 0.13776944704779756
1 0.106875 0.5 0.21375 0.20899718837863168
0 0.885 0.29753514526710406 0.045 0.036504217432052524
0 0.0453375 0.5206560449859419 0.068425 0.029128397375819987
0 0.9807625 0.5342174320524836 0.038462499999999976 0.03164011246485472
0 0.8902249999999999 0.31876288659793817 0.020112499999999898 0.022380506091846292
0 0.9842749999999999 0.24043111527647612 0.014237500000000125 0.017019681349578254
0 0.99 0.23195876288659795 0.02 0.02717900656044986
0 0.9058499999999999 0.1909090909090909 0.018812499999999944 0.007769447047797582
0 0.9928125 0.1899343955014058 0.014375 0.012652296157450796
0 0.7828375 0.1501593252108716 0.014925000000000068 0.009240862230552965
0 0.5618625 0.14527647610121835 0.014287499999999937 0.008247422680412382
1 0.48115 0.13453608247422683 0.048125 0.01409559512652298
0 0.2962875 0.12257731958762885 0.1327375 0.022389878163074025
0 0.17620000000000002 0.09597000937207123 0.03446249999999999 0.02189315838800376
0 0.2299 0.08694470477975633 0.016875 0.008716026241799449
0 0.023512499999999995 0.1867572633552015 0.0470125 0.050328022492970935
0 0.2380375 0.2384817244611059 0.024037500000000024 0.017985004686035613
0 0.583975 0.3160731021555764 0.04158749999999998 0.03751640112464852
0 0.3555375 0.38000937207122776 0.02209999999999994 0.011283973758200528
0 0.52735 0.41611996251171507 0.014262499999999961 0.015051546391752527
0 0.3926125 0.5349578256794751 0.02075000000000003 0.019578256794751735
0 0.3913125 0.5583786316776007 0.011637499999999933 0.017638238050609125
0 0.37666249999999996 0.530328022492971 0.018799999999999956 0.0093345829428304
0 0.30670000000000003 0.5581349578256795 0.04030000000000001 0.024957825679475267
0 0.2640625 0.5386129334582943 0.03965000000000003 0.03945641986879092
0 0.2598375 0.5547141518275539 0.041612500000000024 0.01603561387066532
0 0.37731250000000005 0.6062043111527649 0.021412499999999994 0.023495782567947456
0 0.3776375 0.6191377694470478 0.02466250000000002 0.02203373945641986
0 0.3756875 0.6335332708528585 0.032475000000000025 0.014723523898781664
0 0.36267499999999997 0.6374320524835989 0.031175000000000067 0.013580131208997197
0 0.17425000000000002 0.5666729147141518 0.012325000000000016 0.013580131208997197
0 0.1885625 0.41393626991565136 0.017524999999999978 0.028341143392689793
0 0.2914 0.7352764761012184 0.024025000000000032 0.007216494845360868
1 0.34247500000000003 0.6752671040299906 0.2420375 0.14695407685098402
1 0.3184125 0.5871883786316776 0.18881250000000002 0.13180880974695397
1 0.304725 0.5261668228678538 0.20300000000000004 0.14925960637300842
0 0.25365 0.5713214620431115 0.016212500000000032 0.017132146204311128
0 0.8964125 0.7301499531396439 0.022062500000000113 0.013758200562324333
0 0.8951125000000001 0.717713214620431 0.0220750000000001 0.018144329896907122