0 0.475625 0.3149015932521087 0.03125 0.01874414245548266
0 0.015 0.514526710402999 0.03 0.022492970946579195
0 0.6825 0.3191190253045923 0.175 0.15089034676663543
0 0.75625 0.26522961574507964 0.1225 0.1049671977507029
0 0.055 0.8289597000937207 0.11 0.06841611996251172
1 0.37375 0.39128397375820057 0.075 0.07029053420805999
0 0.926875 0.43064667291471415 0.06375 0.06279287722586692
0 0.515625 0.41002811621368324 0.17875 0.13776944704779756
1 0.106875 0.5 0.21375 0.20899718837863168
0 0.885 0.29756326148078727 0.045 0.03655107778819119
0 0.045625 0.520618556701031 0.06875 0.029053420805998126
0 0.980625 0.5342080599812559 0.03875 0.031865042174320526
0 0.89 0.31865042174320524 0.02 0.022492970946579195
0 0.984375 0.24039362699156513 0.01375 0.016869728209934397
0 0.99 0.23195876288659795 0.02 0.02717900656044986
0 0.905625 0.19072164948453607 0.01875 0.007497656982193065
0 0.9925 0.18978444236176195 0.015 0.013120899718837863
0 0.783125 0.14995313964386128 0.015 0.00937207122774133
0 0.561875 0.14526710402999063 0.01375 0.008434864104967198
1 0.48125 0.1344892221180881 0.0475 0.014058106841611996
0 0.29625 0.12277413308341144 0.1325 0.022492970946579195
0 0.17625 0.09606373008434864 0.035 0.02155576382380506
0 0.23 0.08716026241799438 0.0175 0.008434864104967198
0 0.02375 0.18697282099343954 0.0475 0.05060918462980318
0 0.238125 0.23851921274601687 0.02375 0.01780693533270853
0 0.58375 0.3158388003748828 0.04125 0.03748828491096532
0 0.355625 0.38003748828491096 0.0225 0.011246485473289597
0 0.5275 0.41611996251171507 0.01375 0.01499531396438613
0 0.3925 0.53514526710403 0.02125 0.019681349578256794
0 0.39125 0.5585754451733833 0.01125 0.01780693533270853
0 0.376875 0.5304592314901593 0.01875 0.00937207122774133
0 0.306875 0.5581068416119962 0.04 0.02530459231490159
0 0.26375 0.5384254920337395 0.04 0.03936269915651359
0 0.26 0.5548266166822868 0.04125 0.015932521087160263
0 0.3775 0.6063730084348641 0.02125 0.023430178069353328
0 0.3775 0.6190253045923149 0.025 0.022492970946579195
0 0.375625 0.633552014995314 0.0325 0.01499531396438613
0 0.3625 0.6373008434864105 0.03125 0.013120899718837863
0 0.174375 0.5665417057169635 0.0125 0.013120899718837863
0 0.18875 0.41377694470477977 0.0175 0.028116213683223992
0 0.29125 0.7352389878163074 0.02375 0.007497656982193065
1 0.3425 0.6752577319587629 0.2425 0.1471415182755389
1 0.318125 0.5871602624179943 0.18875 0.13214620431115276
1 0.305 0.5262417994376757 0.2025 0.14901593252108716
0 0.25375 0.5712277413308341 0.01625 0.016869728209934397
0 0.89625 0.7300843486410497 0.0225 0.014058106841611996
0 0.895 0.717900656044986 0.0225 0.01780693533270853