0 0.51125 0.31443298969072164 0.0325 0.019681349578256794
0 0.985 0.49531396438612935 0.03 0.023430178069353328
0 0.305 0.32661668228678536 0.185 0.15745079662605435
0 0.2275 0.2755388940955951 0.13 0.10965323336457357
0 0.955 0.8106841611996252 0.09 0.07310215557638237
1 0.61875 0.3865979381443299 0.08 0.07310215557638237
0 0.06875 0.4475164011246485 0.0675 0.06560449859418932
0 0.478125 0.41096532333645736 0.1875 0.14432989690721648
1 0.889375 0.4845360824742268 0.22125 0.21743205248359887
0 0.10125 0.31302717900656046 0.0475 0.038425492033739454
0 0.955625 0.5028116213683224 0.07 0.031865042174320526
0 0.0225 0.5529522024367385 0.04 0.03280224929709466
0 0.0975 0.33411433926897843 0.02125 0.023430178069353328
0 0.0025 0.2591377694470478 0.005 0.01780693533270853
0 0.073125 0.20712277413308341 0.01875 0.008434864104967198
0 0.193125 0.16166822867853795 0.015 0.00937207122774133
0 0.41375 0.14807872539831302 0.015 0.008434864104967198
1 0.493125 0.1344892221180881 0.04875 0.015932521087160263
0 0.676875 0.11527647610121837 0.13375 0.02717900656044986
0 0.795 0.08388003748828492 0.03625 0.023430178069353328
0 0.740625 0.07685098406747891 0.0175 0.00937207122774133
0 0.95375 0.16869728209934395 0.05 0.05248359887535145
0 0.743125 0.22867853795688847 0.025 0.01874414245548266
0 0.403125 0.31958762886597936 0.04375 0.03936269915651359
0 0.635625 0.3744142455482662 0.0225 0.01218369259606373
0 0.466875 0.4175257731958763 0.015 0.015932521087160263
0 0.609375 0.5309278350515464 0.0225 0.020618556701030927
0 0.6125 0.5538894095595126 0.0125 0.01780693533270853
0 0.625 0.5253045923149016 0.02 0.010309278350515464
0 0.696875 0.5506091846298032 0.0425 0.026241799437675725
0 0.738125 0.5295220243673852 0.0425 0.041237113402061855
0 0.74375 0.5449859418931584 0.0425 0.01780693533270853
0 0.63 0.6012183692596064 0.0225 0.02436738519212746
0 0.630625 0.6143392689784443 0.02625 0.023430178069353328
0 0.63375 0.6283973758200563 0.03375 0.015932521087160263
0 0.646875 0.6316776007497656 0.0325 0.01499531396438613
0 0.83 0.5538894095595126 0.01375 0.014058106841611996
0 0.805 0.4020618556701031 0.02 0.029053420805998126
0 0.725 0.7268041237113402 0.025 0.008434864104967198
1 0.669375 0.668697282099344 0.2525 0.15651358950328023
1 0.6875 0.5801312089971884 0.1975 0.1387066541705717
1 0.696875 0.5182755388940956 0.21375 0.15745079662605435
0 0.75125 0.5613870665417057 0.0175 0.01780693533270853
0 0.12 0.7455482661668229 0.0225 0.01499531396438613
0 0.120625 0.7328959700093721 0.02375 0.01874414245548266