0 0.228125 0.22774133083411435 0.04375 0.023430178069353328
0 0.5875 0.05810684161199625 0.04625 0.026241799437675725
0 0.916875 0.20712277413308341 0.04125 0.02999062792877226
0 0.739375 0.18556701030927836 0.02875 0.03467666354264293
0 0.873125 0.11012183692596064 0.04 0.02717900656044986
0 0.525 0.344892221180881 0.03625 0.02999062792877226
0 0.463125 0.57029053420806 0.02875 0.026241799437675725
0 0.874375 0.5543580131208997 0.03875 0.028116213683223992
0 0.83875 0.5820056232427366 0.0375 0.02530459231490159
1 0.33875 0.4550140581068416 0.15375 0.1134020618556701
0 0.884375 0.4320524835988753 0.11625 0.07778819119025304
0 0.781875 0.4034676663542643 0.1175 0.11527647610121837
0 0.789375 0.34817244611059045 0.06 0.05154639175257732
0 0.43625 0.831302717900656 0.07125 0.038425492033739454
0 0.48375 0.20712277413308341 0.04125 0.06747891283973759
0 0.571875 0.865979381443299 0.08125 0.04498594189315839
0 0.21 0.12511715089034678 0.04875 0.031865042174320526
0 0.063125 0.3931583880037488 0.0625 0.03936269915651359
0 0.886875 0.604967197750703 0.0625 0.06091846298031865
0 0.380625 0.6007497656982193 0.04125 0.04311152764761012
0 0.9775 0.7057169634489222 0.04 0.056232427366447985
0 0.15 0.8851921274601687 0.065 0.03655107778819119
0 0.0675 0.5220243673851921 0.07125 0.04873477038425492
0 0.015625 0.04076850984067479 0.03125 0.02530459231490159
0 0.281875 0.5370196813495782 0.0475 0.029053420805998126
0 0.651875 0.38847235238987815 0.03875 0.02155576382380506
0 0.620625 0.514058106841612 0.0375 0.023430178069353328
0 0.756875 0.521087160262418 0.02875 0.020618556701030927
0 0.930625 0.6007497656982193 0.01375 0.013120899718837863
0 0.989375 0.5716963448922212 0.02125 0.026241799437675725
0 0.9675 0.5862230552952202 0.01625 0.008434864104967198
1 0.94375 0.5796626054358013 0.10125 0.08716026241799438
0 0.973125 0.40674789128397376 0.015 0.016869728209934397
0 0.565 0.2478912839737582 0.02375 0.02155576382380506
0 0.65875 0.1190253045923149 0.03875 0.02999062792877226
0 0.71625 0.05576382380506092 0.035 0.02717900656044986
0 0.288125 0.053420805998125584 0.03875 0.022492970946579195
0 0.115 0.042642924086223055 0.04125 0.019681349578256794
0 0.18625 0.2900656044985942 0.04 0.033739456419868794
0 0.63875 0.6658856607310215 0.04 0.03936269915651359
0 0.780625 0.7188378631677601 0.02375 0.020618556701030927
0 0.844375 0.7211808809746955 0.01625 0.010309278350515464
0 0.736875 0.8022492970946579 0.0275 0.022492970946579195
0 0.868125 0.8303655107778819 0.015 0.010309278350515464
0 0.016875 0.6499531396438613 0.01 0.01874414245548266