0 0.704375 0.19634489222118087 0.04375 0.02436738519212746
0 0.311875 0.07638238050609185 0.0475 0.028116213683223992
0 0.021875 0.26569821930646675 0.0425 0.030927835051546393
0 0.19125 0.2211808809746954 0.03125 0.03561387066541706
0 0.041875 0.16494845360824742 0.04125 0.028116213683223992
0 0.439375 0.35051546391752575 0.0375 0.030927835051546393
0 0.5525 0.5646672914714151 0.03 0.02717900656044986
0 0.144375 0.6021555763823805 0.04 0.029053420805998126
0 0.185625 0.6246485473289597 0.0375 0.026241799437675725
1 0.64875 0.4343955014058107 0.1575 0.1162136832239925
0 0.105625 0.4831302717900656 0.12 0.08059981255857544
0 0.2 0.4414245548266167 0.1225 0.11715089034676664
0 0.18 0.3880037488284911 0.06125 0.05248359887535145
0 0.639375 0.8177132146204311 0.07375 0.04029990627928772
0 0.448125 0.20946579194001874 0.04375 0.06841611996251172
0 0.514375 0.8697282099343955 0.0825 0.046860356138706656
0 0.69875 0.09325210871602624 0.05 0.03280224929709466
0 0.905 0.33786316776007497 0.06375 0.041237113402061855
0 0.143125 0.6537019681349578 0.065 0.061855670103092786
0 0.64125 0.5834114339268979 0.0425 0.044048734770384255
0 0.076875 0.7647610121836926 0.0425 0.05716963448922212
0 0.93375 0.8336457357075914 0.06625 0.038425492033739454
0 0.93125 0.4653233364573571 0.07375 0.04967197750702906
0 0.72375 0.5079662605435802 0.04875 0.030927835051546393
0 0.325 0.41002811621368324 0.04 0.022492970946579195
0 0.384375 0.5295220243673852 0.03875 0.02436738519212746
0 0.251875 0.5538894095595126 0.03 0.02155576382380506
0 0.099375 0.6551077788191191 0.015 0.013120899718837863
0 0.03 0.6354264292408622 0.03125 0.026241799437675725
0 0.06 0.6457357075913777 0.01625 0.00937207122774133
1 0.08125 0.6363636363636364 0.105 0.08903467666354264
0 0.0125 0.46954076850984067 0.015 0.016869728209934397
0 0.3775 0.2600749765698219 0.025 0.022492970946579195
0 0.255625 0.1457357075913777 0.04 0.030927835051546393
0 0.18375 0.09044048734770384 0.035 0.028116213683223992
0 0.605 0.03233364573570759 0.04 0.023430178069353328
0 0.77375 0.004686035613870665 0.0425 0.00937207122774133
0 0.944375 0.13964386129334583 0.02 0.030927835051546393
0 0.963125 0.25866916588566075 0.01375 0.023430178069353328
0 0.760625 0.25257731958762886 0.04125 0.03467666354264293
0 0.401875 0.6818181818181818 0.0425 0.04029990627928772
0 0.274375 0.7521087160262419 0.025 0.020618556701030927
0 0.211875 0.7624179943767573 0.0175 0.011246485473289597
0 0.33625 0.8284910965323337 0.02875 0.022492970946579195
0 0.21375 0.8734770384254921 0.015 0.011246485473289597