0 0.254375 0.21415182755388942 0.04125 0.02155576382380506
0 0.628125 0.06373008434864105 0.04375 0.02436738519212746
0 0.943125 0.2296157450796626 0.03875 0.028116213683223992
0 0.768125 0.19868791002811623 0.02625 0.033739456419868794
0 0.90875 0.13074039362699155 0.0375 0.02530459231490159
0 0.539375 0.3467666354264292 0.03375 0.028116213683223992
0 0.456875 0.5684161199625117 0.02625 0.02530459231490159
0 0.868125 0.5735707591377694 0.03625 0.026241799437675725
0 0.83 0.5993439550140581 0.035 0.023430178069353328
1 0.343125 0.4465791940018744 0.14375 0.10590440487347703
0 0.89 0.45220243673851923 0.11 0.07216494845360824
0 0.79 0.4184629803186504 0.1075 0.10965323336457357
0 0.8025 0.36363636363636365 0.055 0.04873477038425492
0 0.405625 0.8270852858481724 0.06875 0.03467666354264293
0 0.51125 0.20712277413308341 0.035 0.06560449859418932
0 0.5375 0.8687910028116214 0.0775 0.041237113402061855
0 0.245625 0.11105904404873478 0.04625 0.029053420805998126
0 0.074375 0.37066541705716965 0.05875 0.03655107778819119
0 0.87625 0.6251171508903468 0.0575 0.05810684161199625
0 0.37125 0.5941893158388004 0.0375 0.041237113402061855
0 0.9575 0.7300843486410497 0.035 0.05435801312089972
0 0.115 0.865979381443299 0.0625 0.033739456419868794
0 0.06625 0.49953139643861294 0.0675 0.04498594189315839
0 0.046875 0.015932521087160263 0.05375 0.022492970946579195
0 0.27875 0.5253045923149016 0.045 0.02717900656044986
0 0.661675 0.3966073102155576 0.03686250000000001 0.020131208997188395
0 0.6189125 0.5202249297094659 0.03569999999999993 0.02142455482661659
0 0.7545125 0.5342736644798501 0.026899999999999976 0.01967197750702906
0 0.9202750000000001 0.6229803186504218 0.012837499999999977 0.01263355201499533
0 0.9862125 0.5977413308341143 0.027574999999999933 0.024676663542642856
0 0.9580500000000001 0.6104686035613871 0.015762499999999874 0.00799437675726333
1 0.9355 0.6027928772258668 0.09366250000000008 0.08220243673851925
0 0.9809 0.43152764761012186 0.013412500000000023 0.016307403936269893
0 0.5884625 0.25189315838800375 0.02163749999999993 0.02054358013120896
0 0.6938875 0.12849109653233365 0.03568749999999994 0.028462980318650424
0 0.7571375 0.068116213683224 0.032162500000000024 0.025417057169634494
0 0.33013750000000003 0.043308341143392694 0.03686250000000001 0.020693533270852858
0 0.158225 0.023542642924086223 0.03978750000000002 0.018059981255857546
0 0.007962499999999999 0.17658856607310214 0.0159125 0.029925023430178076
0 0.0056125 0.29652296157450797 0.011225 0.02282099343955016
0 0.20657499999999998 0.27432052483598873 0.03765 0.03176194939081536
0 0.6230625000000001 0.672970946579194 0.03718750000000007 0.037394564198687995
0 0.7594124999999999 0.7330084348641049 0.022199999999999987 0.01933458294283047
0 0.822925 0.7384536082474227 0.01583750000000009 0.0098125585754452
0 0.7083625000000001 0.8137863167760074 0.025374999999999943 0.021002811621368397
0 0.8367749999999999 0.8490065604498594 0.013574999999999875 0.009784442361762001
0 0.00435 0.6243017806935333 0.0087 0.018444236176195