0 0.635 0.34817244611059045 0.12125 0.07216494845360824
0 0.44625 0.24835988753514526 0.055 0.033739456419868794
0 0.9525 0.45454545454545453 0.04625 0.031865042174320526
0 0.97875 0.7596063730084348 0.0425 0.03280224929709466
0 0.28625 0.35754451733833176 0.09875 0.041237113402061855
0 0.946875 0.26382380506091846 0.05 0.026241799437675725
0 0.165625 0.6382380506091846 0.055 0.09653233364573571
0 0.915 0.5567010309278351 0.06 0.038425492033739454
0 0.940625 0.4095595126522962 0.04125 0.030927835051546393
0 0.190625 0.38612933458294285 0.06125 0.03748828491096532
0 0.74875 0.17994376757263356 0.03375 0.03280224929709466
0 0.595 0.24882849109653232 0.035 0.020618556701030927
0 0.70625 0.2582005623242737 0.035 0.028116213683223992
0 0.69375 0.28772258669165884 0.0275 0.02155576382380506
0 0.331875 0.48078725398313027 0.03125 0.02155576382380506
0 0.483125 0.5731021555763823 0.02875 0.031865042174320526
0 0.80125 0.5946579194001874 0.03375 0.026241799437675725
0 0.74 0.5815370196813496 0.02375 0.02155576382380506
0 0.73125 0.5571696344892221 0.025 0.02436738519212746
0 0.849375 0.4493908153701968 0.01625 0.01218369259606373
0 0.70375 0.5665417057169635 0.0275 0.02530459231490159
0 0.65375 0.3950328022492971 0.0275 0.01874414245548266
0 0.180625 0.6930646672914714 0.04625 0.020618556701030927
0 0.195625 0.9517338331771321 0.03125 0.023430178069353328
0 0.344375 0.8186504217432052 0.02875 0.019681349578256794
0 0.85625 0.7717900656044986 0.02875 0.022492970946579195
0 0.005625 0.23711340206185566 0.01125 0.011246485473289597
0 0.304375 0.1724461105904405 0.0575 0.023430178069353328
0 0.39 0.18088097469540768 0.03375 0.01874414245548266
0 0.498125 0.18978444236176195 0.03375 0.03561387066541706
0 0.6525 0.3828491096532334 0.0225 0.010309278350515464
0 0.5 0.32146204311152765 0.025 0.029053420805998126
0 0.52 0.3280224929709466 0.0275 0.01874414245548266
0 0.799375 0.5787253983130272 0.0325 0.029053420805998126
0 0.74 0.6733833177132146 0.0375 0.029053420805998126
0 0.021875 0.619962511715089 0.0225 0.03467666354264293
0 0.033125 0.6583880037488284 0.01625 0.04498594189315839
0 0.054375 0.6401124648547329 0.0175 0.05529522024367385
0 0.049375 0.6640112464854733 0.04125 0.14245548266166824
0 0.1625 0.6677600749765699 0.01875 0.019681349578256794
0 0.15375 0.676663542642924 0.03 0.02436738519212746