0 0.651875 0.35754451733833176 0.11375 0.06466729147141519
0 0.475625 0.24601686972820994 0.05125 0.030927835051546393
0 0.95625 0.48406747891283974 0.0425 0.029053420805998126
0 0.951875 0.7900656044985942 0.04875 0.02999062792877226
0 0.3037375 0.3442549203373946 0.09498750000000002 0.035014058106841627
0 0.9725 0.29381443298969073 0.0475 0.023430178069353328
0 0.150625 0.6159137769447047 0.04375 0.09404873477038417
0 0.906875 0.5834114339268979 0.05625 0.03467666354264293
0 0.949375 0.4386129334582943 0.03875 0.028116213683223992
0 0.205 0.36644798500468606 0.0575 0.033739456419868794
0 0.785 0.19728209934395502 0.03 0.030927835051546393
0 0.62375 0.25585754451733833 0.0325 0.01874414245548266
0 0.73375 0.2727272727272727 0.0325 0.026241799437675725
0 0.7175 0.3013120899718838 0.025 0.019681349578256794
0 0.3344375 0.4700093720712277 0.02863749999999996 0.019681349578256794
0 0.475 0.5716963448922212 0.025 0.02999062792877226
0 0.789375 0.6138706654170571 0.03125 0.02436738519212746
0 0.729375 0.5970009372071228 0.02125 0.020618556701030927
0 0.72375 0.5721649484536082 0.0225 0.023430178069353328
0 0.85375 0.4723523898781631 0.015 0.011246485473289597
0 0.695 0.5796626054358013 0.025 0.023430178069353328
0 0.6654625 0.4056232427366448 0.025900000000000034 0.017244611059044027
0 0.159375 0.6714995313964386 0.04375 0.017816307403936263
0 0.144375 0.930178069353327 0.02875 0.02155576382380506
0 0.308125 0.8074039362699157 0.02625 0.01780693533270853
0 0.823125 0.7938144329896907 0.02625 0.020618556701030927
0 0.0358375 0.20543580131208997 0.016649999999999995 0.010337394564198661
0 0.34340000000000004 0.1611340206185567 0.05488749999999996 0.019821930646672894
0 0.42761249999999995 0.1750796626054358 0.03248750000000001 0.01685098406747893
0 0.5342375 0.1910684161199625 0.0303125 0.03365510777881909
0 0.66525 0.393223992502343 0.021274999999999978 0.00925960637300843
0 0.5206875 0.32209934395501405 0.02207499999999996 0.027938144329896854
0 0.5398375 0.3298219306466729 0.025687499999999943 0.017385192127460126
0 0.7888625 0.5979568884723524 0.029237500000000125 0.026869728209934465
0 0.718925 0.6884536082474227 0.03393750000000011 0.02688847235238993
0 0.009575 0.5881255857544517 0.01915 0.03388940955951273
0 0.0164625 0.6271321462043111 0.0114 0.04419868791002819
0 0.0397125 0.6106841611996251 0.011687500000000002 0.05440487347703838
0 0.0321875 0.6341330834114339 0.025412499999999998 0.14144329896907223
0 0.144475 0.6451921274601686 0.017100000000000008 0.01862230552952192
0 0.13442500000000002 0.6534676663542643 0.02713750000000001 0.023149015932521128