0 0.3725 0.344892221180881 0.12375 0.07497656982193064
0 0.565625 0.25023430178069356 0.05625 0.03561387066541706
0 0.05 0.4423617619493908 0.0475 0.03280224929709466
0 0.015625 0.746485473289597 0.03125 0.03467666354264293
0 0.72 0.3631677600749766 0.1 0.04311152764761012
0 0.064375 0.2521087160262418 0.05125 0.02717900656044986
0 0.828125 0.6471415182755389 0.05875 0.09746954076850985
0 0.0825 0.5454545454545454 0.06125 0.03936269915651359
0 0.06375 0.3978444236176195 0.0425 0.031865042174320526
0 0.814375 0.39456419868791004 0.0625 0.038425492033739454
0 0.26625 0.1733833177132146 0.035 0.033739456419868794
0 0.416875 0.246485473289597 0.035 0.02155576382380506
0 0.305 0.2530459231490159 0.03625 0.029053420805998126
0 0.31625 0.2830365510777882 0.0275 0.02155576382380506
0 0.669375 0.4854732895970009 0.03125 0.022492970946579195
0 0.513125 0.5735707591377694 0.03 0.031865042174320526
0 0.194375 0.5866916588566073 0.035 0.02717900656044986
0 0.256875 0.5754451733833177 0.025 0.022492970946579195
0 0.26625 0.5510777881911902 0.02625 0.02530459231490159
0 0.153125 0.4400187441424555 0.01625 0.01218369259606373
0 0.29375 0.5613870665417057 0.02875 0.02530459231490159
0 0.35125 0.39128397375820057 0.02875 0.019681349578256794
0 0.81 0.7014995313964386 0.04625 0.02155576382380506
0 0.783125 0.9597000937207123 0.0325 0.02436738519212746
0 0.640625 0.8228678537956888 0.02875 0.019681349578256794
0 0.13125 0.7619493908153702 0.03 0.022492970946579195
0 0.710625 0.1780693533270853 0.0575 0.02436738519212746
0 0.624375 0.18416119962511715 0.035 0.019681349578256794
0 0.51625 0.190253045923149 0.035 0.03655107778819119
0 0.353125 0.37910028116213684 0.0225 0.011246485473289597
0 0.508125 0.32146204311152765 0.02625 0.02999062792877226
0 0.488125 0.32755388940955954 0.02875 0.019681349578256794
0 0.1975 0.5707591377694471 0.03375 0.029053420805998126
0 0.251875 0.6668228678537957 0.0375 0.02999062792877226
0 0.9725 0.6321462043111528 0.025 0.03561387066541706
0 0.959375 0.6705716963448922 0.01875 0.04498594189315839
0 0.93875 0.6518275538894096 0.02 0.05529522024367385
0 0.9425 0.6757263355201499 0.04875 0.14245548266166824
0 0.829375 0.676663542642924 0.02 0.019681349578256794
0 0.838125 0.6855670103092784 0.03125 0.02530459231490159