0 0.70875 0.47985004686035615 0.08375 0.06747891283973759
0 0.585 0.6893158388003748 0.1175 0.06841611996251172
1 0.3125 0.7811621368322399 0.2275 0.08997188378631678
0 0.3675 0.4854732895970009 0.0475 0.03280224929709466
0 0.0725 0.5749765698219307 0.04125 0.03561387066541706
0 0.426875 0.8364573570759137 0.0475 0.033739456419868794
0 0.388125 0.6757263355201499 0.05 0.03748828491096532
0 0.386875 0.4536082474226804 0.04375 0.02999062792877226
0 0.550625 0.4006560449859419 0.06375 0.04311152764761012
0 0.028125 0.49812558575445176 0.04875 0.03280224929709466
0 0.720625 0.42783505154639173 0.09625 0.05060918462980318
0 0.84375 0.2802249297094658 0.0725 0.04873477038425492
1 0.661875 0.6986879100281163 0.22625 0.11808809746954077
0 0.78625 0.44470477975632616 0.05375 0.041237113402061855
0 0.430625 0.6162136832239925 0.04875 0.03655107778819119
1 0.1725 0.584348641049672 0.0975 0.11527647610121837
0 0.3425 0.5487347703842549 0.04 0.030927835051546393
0 0.530625 0.4414245548266167 0.0425 0.031865042174320526
0 0.826875 0.32146204311152765 0.04 0.033739456419868794
0 0.979375 0.4400187441424555 0.035 0.03936269915651359
0 0.7975 0.2924086223055295 0.04125 0.02999062792877226
0 0.42125 0.31724461105904406 0.04125 0.023430178069353328
0 0.453125 0.3322399250234302 0.03 0.023430178069353328
0 0.881875 0.49343955014058105 0.03625 0.029053420805998126
0 0.66375 0.44329896907216493 0.03625 0.02530459231490159
0 0.86 0.5445173383317713 0.0125 0.00937207122774133
0 0.98125 0.49812558575445176 0.02125 0.01499531396438613
0 0.96 0.5196813495782568 0.02125 0.014058106841611996
0 0.64625 0.3345829428303655 0.02875 0.01780693533270853
0 0.6975 0.5477975632614808 0.015 0.008434864104967198
0 0.913125 0.5009372071227741 0.04 0.028116213683223992
0 0.791875 0.4217432052483599 0.01375 0.00937207122774133
0 0.506875 0.46579194001874413 0.03 0.02155576382380506
0 0.645625 0.5791940018744143 0.02375 0.015932521087160263
0 0.511875 0.34723523898781633 0.0275 0.01874414245548266
0 0.565 0.6157450796626054 0.02375 0.01499531396438613
0 0.491875 0.5407685098406748 0.0125 0.011246485473289597
0 0.559375 0.6611996251171509 0.0225 0.01499531396438613
0 0.36125 0.5768509840674789 0.015 0.010309278350515464
0 0.263125 0.4620431115276476 0.02875 0.03748828491096532
0 0.2475 0.5032802249297095 0.02625 0.028116213683223992
0 0.024375 0.598406747891284 0.0275 0.03655107778819119
0 0.805 0.6565135895032802 0.0325 0.02717900656044986
0 0.51625 0.8641049671977507 0.0175 0.01499531396438613
0 0.485625 0.880037488284911 0.01375 0.011246485473289597
0 0.55 0.8130271790065604 0.0175 0.013120899718837863
0 0.6375 0.8636363636363636 0.0175 0.013120899718837863
0 0.21 0.7806935332708529 0.02375 0.01874414245548266
0 0.066875 0.7694470477975632 0.025 0.01874414245548266
0 0.381875 0.8678537956888472 0.0225 0.016869728209934397
0 0.06375 0.7272727272727273 0.0275 0.022492970946579195
0 0.099375 0.8603561387066542 0.01625 0.01218369259606373
1 0.333125 0.3631677600749766 0.0825 0.1021555763823805
1 0.395 0.3716026241799438 0.0825 0.10871602624179943
0 0.716875 0.2942830365510778 0.02625 0.01218369259606373
0 0.113125 0.7057169634489222 0.015 0.011246485473289597
0 0.048125 0.7703842549203374 0.00625 0.01499531396438613
0 0.774375 0.7591377694470478 0.01125 0.00937207122774133
1 0.8225 0.6321462043111528 0.1175 0.1668228678537957
1 0.320625 0.5590440487347704 0.19375 0.11996251171508904
1 0.38875 0.604967197750703 0.12125 0.1162136832239925