0 0.710625 0.5046860356138707 0.07375 0.06091846298031865
0 0.544375 0.6968134957825679 0.10875 0.059044048734770385
1 0.25625 0.7553889409559512 0.2175 0.07029053420805999
0 0.371875 0.4700093720712277 0.04375 0.02999062792877226
0 0.061875 0.5238987816307404 0.03625 0.03280224929709466
0 0.3575 0.823805060918463 0.04375 0.030927835051546393
0 0.353125 0.6602624179943768 0.045 0.033739456419868794
0 0.398125 0.44095595126522963 0.03875 0.02717900656044986
0 0.570625 0.4076850984067479 0.05875 0.038425492033739454
0 0.034375 0.44283036551077787 0.045 0.029053420805998126
0 0.733125 0.45454545454545453 0.09 0.04311152764761012
0 0.885625 0.3233364573570759 0.06625 0.04311152764761012
0 0.956875 0.8097469540768509 0.04375 0.031865042174320526
1 0.61875 0.7155576382380506 0.2125 0.10028116213683223
0 0.79375 0.47891283973758203 0.04875 0.03748828491096532
0 0.4075 0.6063730084348641 0.04375 0.033739456419868794
1 0.15875 0.5445173383317713 0.08 0.10965323336457357
0 0.334375 0.5295220243673852 0.03625 0.02717900656044986
0 0.5425 0.4456419868791003 0.03875 0.029053420805998126
0 0.86 0.3622305529522024 0.035 0.030927835051546393
0 0.985625 0.4971883786316776 0.02875 0.03655107778819119
0 0.985 0.6597938144329897 0.02375 0.04311152764761012
0 0.836875 0.32989690721649484 0.03625 0.02717900656044986
0 0.460625 0.31021555763823805 0.0375 0.020618556701030927
0 0.488125 0.3289597000937207 0.02625 0.02155576382380506
0 0.87875 0.5384254920337395 0.03125 0.026241799437675725
0 0.67375 0.46344892221180883 0.0325 0.022492970946579195
0 0.84625 0.5862230552952202 0.01125 0.008434864104967198
0 0.975625 0.5543580131208997 0.01875 0.013120899718837863
0 0.95 0.5735707591377694 0.01875 0.01218369259606373
0 0.67875 0.3537956888472352 0.0275 0.015932521087160263
0 0.685 0.57029053420806 0.01375 0.007497656982193065
0 0.908125 0.549203373945642 0.03625 0.02530459231490159
0 0.805 0.4568884723523899 0.0125 0.008434864104967198
0 0.51375 0.46672914714151825 0.02625 0.01874414245548266
0 0.626875 0.5955951265229615 0.02125 0.014058106841611996
0 0.54375 0.35051546391752575 0.025 0.015932521087160263
0 0.54 0.6218369259606373 0.02125 0.013120899718837863
0 0.48375 0.5393626991565136 0.01125 0.010309278350515464
0 0.525 0.6663542642924086 0.02125 0.013120899718837863
0 0.346875 0.5595126522961574 0.01375 0.00937207122774133
0 0.27375 0.43486410496719774 0.02375 0.03561387066541706
0 0.25 0.47375820056232426 0.02125 0.026241799437675725
0 0.01 0.5412371134020618 0.02 0.03467666354264293
0 0.983125 0.7525773195876289 0.02375 0.03561387066541706
0 0.985625 0.6968134957825679 0.02 0.02155576382380506
0 0.76875 0.6907216494845361 0.02875 0.02436738519212746
0 0.440625 0.8612933458294283 0.015 0.013120899718837863
0 0.40625 0.8739456419868791 0.0125 0.010309278350515464
0 0.48375 0.8153701968134958 0.015 0.011246485473289597
0 0.56 0.8753514526710403 0.015 0.011246485473289597
0 0.155 0.7432052483598875 0.02125 0.016869728209934397
0 0.015625 0.7155576382380506 0.0225 0.016869728209934397
0 0.306875 0.8495782567947516 0.02 0.01499531396438613
0 0.02125 0.6733833177132146 0.02375 0.020618556701030927
0 0.02875 0.8088097469540768 0.015 0.010309278350515464
0 0.00625 0.35941893158388005 0.00625 0.01499531396438613
1 0.36375 0.34536082474226804 0.0675 0.09746954076850985
1 0.423125 0.36082474226804123 0.06625 0.10402999062792877
0 0.7575 0.32239925023430177 0.025 0.010309278350515464
0 0.075 0.6579194001874414 0.01375 0.010309278350515464
0 0.716875 0.788191190253046 0.01 0.008434864104967198
1 0.79125 0.6682286785379569 0.0925 0.16026241799437677
0 0.98875 0.8477038425492034 0.00625 0.011246485473289597
1 0.310625 0.5374882849109653 0.17875 0.1049671977507029
1 0.368125 0.5904404873477038 0.10375 0.1077788191190253