0 0.201875 0.31115276476101217 0.03 0.01874414245548266
0 0.364375 0.27835051546391754 0.03 0.01874414245548266
0 0.504375 0.28537956888472354 0.02875 0.01780693533270853
0 0.313125 0.302717900656045 0.01875 0.01499531396438613
0 0.79375 0.22914714151827553 0.0375 0.026241799437675725
0 0.93625 0.19962511715089035 0.0375 0.02717900656044986
0 0.724375 0.20243673851921273 0.03625 0.02436738519212746
0 0.21375 0.5370196813495782 0.04375 0.031865042174320526
0 0.084375 0.5670103092783505 0.0375 0.02717900656044986
0 0.28625 0.5576382380506092 0.0175 0.01499531396438613
0 0.215 0.4095595126522962 0.01 0.008434864104967198
0 0.2275 0.6757263355201499 0.01625 0.01218369259606373
0 0.556875 0.3983130271790066 0.02125 0.01780693533270853
0 0.560625 0.6110590440487348 0.015 0.010309278350515464
0 0.60375 0.5032802249297095 0.0225 0.016869728209934397
0 0.650625 0.41658856607310213 0.02375 0.020618556701030927
0 0.565625 0.38706654170571697 0.0225 0.019681349578256794
0 0.3675 0.4020618556701031 0.01875 0.014058106841611996
0 0.980625 0.5567010309278351 0.02125 0.01780693533270853
0 0.7875 0.5693533270852859 0.0325 0.023430178069353328
0 0.9775 0.4681349578256795 0.02375 0.019681349578256794
0 0.11375 0.8987816307403936 0.0175 0.01218369259606373
0 0.11 0.7975632614807873 0.015 0.00937207122774133
0 0.60125 0.6757263355201499 0.015 0.011246485473289597
0 0.41875 0.3078725398313027 0.0825 0.06279287722586692
0 0.70625 0.2952202436738519 0.085 0.06560449859418932
1 0.81875 0.7942830365510778 0.1175 0.06091846298031865
0 0.790625 0.39737582005623245 0.08875 0.046860356138706656
0 0.100625 0.3209934395501406 0.06125 0.04217432052483599
0 0.098125 0.4587628865979381 0.0625 0.04498594189315839
0 0.58375 0.4784442361761949 0.055 0.04498594189315839
1 0.335625 0.5862230552952202 0.08875 0.08528584817244611
0 0.25125 0.8458294283036552 0.04625 0.03655107778819119
0 0.431875 0.4775070290534208 0.05 0.03748828491096532
0 0.396875 0.5079662605435802 0.05125 0.02999062792877226
1 0.674375 0.7806935332708529 0.115 0.05810684161199625
0 0.863125 0.4095595126522962 0.09125 0.046860356138706656
0 0.886875 0.3139643861293346 0.1075 0.04873477038425492
0 0.83 0.5346766635426429 0.05 0.038425492033739454
0 0.750625 0.5398313027179007 0.01625 0.013120899718837863
0 0.744375 0.528584817244611 0.015 0.013120899718837863
0 0.5875 0.3270852858481724 0.065 0.05529522024367385
0 0.265 0.3444236176194939 0.01 0.00937207122774133
0 0.185 0.3823805060918463 0.0225 0.013120899718837863
0 0.430625 0.4114339268978444 0.0125 0.006560449859418931
0 0.425625 0.40674789128397376 0.015 0.007497656982193065
0 0.316875 0.45173383317713217 0.055 0.041237113402061855
0 0.326875 0.6059044048734771 0.01125 0.015932521087160263
1 0.466875 0.7830365510777882 0.27 0.07403936269915651
1 0.275 0.7310215557638238 0.1525 0.204311152764761
1 0.31875 0.6743205248359887 0.1525 0.19962511715089035