0 0.250625 0.27507029053420806 0.02875 0.016869728209934397
0 0.4175 0.26382380506091846 0.02875 0.016869728209934397
0 0.554375 0.2891283973758201 0.0275 0.016869728209934397
0 0.361875 0.281630740393627 0.0175 0.01499531396438613
0 0.851875 0.2717900656044986 0.035 0.02436738519212746
0 0.990625 0.26101218369259604 0.01875 0.02530459231490159
0 0.79 0.2366447985004686 0.03375 0.022492970946579195
0 0.209375 0.49953139643861294 0.0425 0.02999062792877226
0 0.075625 0.5117150890346767 0.035 0.02530459231490159
0 0.27625 0.528584817244611 0.01625 0.01499531396438613
0 0.240625 0.3739456419868791 0.00875 0.007497656982193065
0 0.19125 0.6377694470477976 0.01625 0.01218369259606373
0 0.58 0.4072164948453608 0.02 0.016869728209934397
0 0.53375 0.6171508903467666 0.015 0.010309278350515464
0 0.601875 0.5164011246485474 0.02125 0.015932521087160263
0 0.6675 0.43767572633552015 0.02125 0.019681349578256794
0 0.59125 0.39737582005623245 0.02125 0.01874414245548266
0 0.391875 0.3865979381443299 0.0175 0.014058106841611996
0 0.960625 0.6185567010309279 0.02 0.016869728209934397
0 0.7675 0.6059044048734771 0.03 0.02155576382380506
0 0.978125 0.5309278350515464 0.0225 0.01874414245548266
0 0.0275 0.8420805998125586 0.0175 0.01218369259606373
0 0.046875 0.7422680412371134 0.01375 0.00937207122774133
0 0.55875 0.6860356138706654 0.015 0.011246485473289597
0 0.464375 0.29990627928772257 0.0775 0.059044048734770385
0 0.750625 0.3247422680412371 0.08 0.061855670103092786
1 0.74625 0.8317713214620431 0.11375 0.056232427366447985
0 0.81 0.43673851921274603 0.085 0.04217432052483599
0 0.148125 0.2717900656044986 0.0575 0.03936269915651359
0 0.114375 0.40674789128397376 0.05875 0.04217432052483599
0 0.5875 0.4896907216494845 0.05125 0.04311152764761012
1 0.318125 0.563730084348641 0.08125 0.08153701968134958
0 0.175 0.8083411433926898 0.04375 0.03467666354264293
0 0.438125 0.4690721649484536 0.0475 0.03561387066541706
0 0.39625 0.4943767572633552 0.04875 0.028116213683223992
1 0.606875 0.7994376757263355 0.11125 0.05248359887535145
0 0.87875 0.45829428303655106 0.0875 0.04311152764761012
0 0.924375 0.3669165885660731 0.10375 0.04311152764761012
0 0.816875 0.5773195876288659 0.04625 0.03561387066541706
0 0.7375 0.5716963448922212 0.015 0.013120899718837863
0 0.73375 0.5599812558575445 0.01375 0.013120899718837863
0 0.625625 0.34114339268978444 0.06125 0.05248359887535145
0 0.305 0.31630740393626994 0.01 0.00937207122774133
0 0.2175 0.3430178069353327 0.02125 0.01218369259606373
0 0.4525 0.40393626991565135 0.0125 0.005623242736644799
0 0.448125 0.3983130271790066 0.01375 0.006560449859418931
0 0.330625 0.4287722586691659 0.0525 0.038425492033739454
0 0.305 0.5820056232427366 0.01 0.015932521087160263
1 0.401875 0.7741330834114339 0.26625 0.06091846298031865
1 0.225 0.6982193064667291 0.135 0.19962511715089035
1 0.28125 0.648078725398313 0.135 0.19400187441424555