0 0.153125 0.13964386129334583 0.02875 0.020618556701030927
0 0.41625 0.2661668228678538 0.03125 0.01780693533270853
0 0.73375 0.18041237113402062 0.03 0.029053420805998126
0 0.65875 0.15463917525773196 0.03625 0.033739456419868794
0 0.590625 0.13636363636363635 0.025 0.020618556701030927
0 0.186875 0.4761012183692596 0.04875 0.030927835051546393
0 0.308125 0.555763823805061 0.0225 0.01499531396438613
0 0.3 0.3936269915651359 0.0425 0.02436738519212746
0 0.6575 0.4915651358950328 0.0625 0.03280224929709466
0 0.32125 0.415651358950328 0.0425 0.026241799437675725
0 0.353125 0.5595126522961574 0.03 0.015932521087160263
0 0.513125 0.4611059044048735 0.03125 0.023430178069353328
0 0.7025 0.4611059044048735 0.03 0.019681349578256794
0 0.73125 0.5468603561387066 0.02375 0.01874414245548266
0 0.865625 0.32989690721649484 0.035 0.03280224929709466
0 0.33125 0.6935332708528584 0.02375 0.013120899718837863
0 0.291875 0.8336457357075914 0.03 0.01874414245548266
0 0.22375 0.8861293345829429 0.0275 0.015932521087160263
0 0.543125 0.7905342080599812 0.01625 0.013120899718837863
0 0.93875 0.6935332708528584 0.0225 0.02155576382380506
0 0.041875 0.457825679475164 0.08375 0.08528584817244611
0 0.10375 0.4723523898781631 0.125 0.07966260543580131
0 0.130625 0.30178069353327086 0.04625 0.03748828491096532
0 0.449375 0.4456419868791003 0.09625 0.07966260543580131
0 0.395625 0.4761012183692596 0.07 0.05435801312089972
0 0.028125 0.5323336457357076 0.05625 0.07122774133083412
0 0.48125 0.41611996251171507 0.07625 0.07685098406747891
0 0.034375 0.5852858481724461 0.055 0.053420805998125584
0 0.798125 0.3711340206185567 0.045 0.03936269915651359
0 0.833125 0.31115276476101217 0.09375 0.07778819119025304
0 0.228125 0.5552952202436738 0.04875 0.03655107778819119
0 0.170625 0.5028116213683224 0.1025 0.05810684161199625
0 0.075625 0.14948453608247422 0.0425 0.03748828491096532
0 0.19875 0.5449859418931584 0.06 0.041237113402061855
0 0.685 0.4901593252108716 0.045 0.04592314901593252
0 0.85625 0.5056232427366448 0.0775 0.04779756326148079
0 0.903125 0.47891283973758203 0.0475 0.046860356138706656
0 0.87125 0.47282099343955014 0.05875 0.05248359887535145
0 0.80875 0.19400187441424555 0.04375 0.03561387066541706
0 0.1175 0.21462043111527648 0.01125 0.007497656982193065
0 0.133125 0.13355201499531397 0.02 0.008434864104967198
0 0.32375 0.5473289597000938 0.0225 0.010309278350515464
0 0.321875 0.5384254920337395 0.02 0.01218369259606373
0 0.96375 0.6265229615745079 0.04 0.03561387066541706
0 0.6325 0.6068416119962512 0.01375 0.010309278350515464