0 0.29875 0.08200562324273665 0.0275 0.019681349578256794
0 0.505625 0.25773195876288657 0.03 0.016869728209934397
0 0.841875 0.24133083411433928 0.02875 0.028116213683223992
0 0.779375 0.20103092783505155 0.035 0.033739456419868794
0 0.720625 0.169165885660731 0.025 0.019681349578256794
0 0.2075 0.41237113402061853 0.0475 0.02999062792877226
0 0.295 0.5135895032802249 0.0225 0.01499531396438613
0 0.346875 0.35660731021555764 0.0425 0.023430178069353328
0 0.654375 0.5243673851921274 0.06125 0.030927835051546393
0 0.359375 0.3823805060918463 0.04125 0.02530459231490159
0 0.336875 0.5271790065604499 0.03 0.015932521087160263
0 0.526875 0.4653233364573571 0.03125 0.023430178069353328
0 0.70875 0.5046860356138707 0.02875 0.01874414245548266
0 0.705 0.5927835051546392 0.0225 0.01874414245548266
0 0.914375 0.4119025304592315 0.03375 0.03280224929709466
0 0.266875 0.6513589503280225 0.0225 0.01218369259606373
0 0.1775 0.7778819119025304 0.03 0.01780693533270853
0 0.091875 0.8139643861293346 0.0275 0.01499531396438613
0 0.434375 0.788191190253046 0.015 0.01218369259606373
0 0.850625 0.7769447047797563 0.02125 0.02155576382380506
0 0.065625 0.3626991565135895 0.10125 0.08341143392689784
0 0.129375 0.3917525773195876 0.1225 0.07778819119025304
0 0.2175 0.23336457357075913 0.045 0.03655107778819119
0 0.47125 0.4372071227741331 0.09375 0.07778819119025304
0 0.408125 0.4554826616682287 0.06875 0.053420805998125584
0 0.031875 0.43345829428303656 0.06 0.07029053420805999
0 0.5125 0.41518275538894095 0.07375 0.07591377694470477
0 0.02375 0.4854732895970009 0.0475 0.05248359887535145
0 0.83375 0.43767572633552015 0.0425 0.038425492033739454
0 0.89 0.38706654170571697 0.09125 0.07591377694470477
0 0.218125 0.4971883786316776 0.0475 0.03561387066541706
0 0.1825 0.43486410496719774 0.10125 0.056232427366447985
0 0.22125 0.07544517338331772 0.04125 0.03655107778819119
0 0.19375 0.48078725398313027 0.05875 0.04029990627928772
0 0.681875 0.5290534208059982 0.04375 0.04498594189315839
0 0.840625 0.5791940018744143 0.07625 0.04592314901593252
0 0.895 0.5627928772258669 0.04625 0.04592314901593252
0 0.866875 0.5506091846298032 0.0575 0.05154639175257732
0 0.909375 0.26991565135895035 0.0425 0.03467666354264293
0 0.236875 0.14667291471415184 0.01125 0.007497656982193065
0 0.281875 0.07169634489222118 0.01875 0.008434864104967198
0 0.313125 0.5089034676663543 0.0225 0.00937207122774133
0 0.315 0.5 0.01875 0.011246485473289597
0 0.899375 0.717900656044986 0.03875 0.03467666354264293
0 0.588125 0.6298031865042174 0.0125 0.010309278350515464