0 0.05375 0.6963448922211809 0.1075 0.07872539831302718
0 0.5533125 0.649746954076851 0.10837500000000005 0.07785379568884718
0 0.186875 0.612933458294283 0.08125 0.05810684161199625
0 0.81125 0.27225866916588565 0.0825 0.06279287722586692
0 0.299375 0.6949390815370197 0.07375 0.04029990627928772
0 0.41375 0.225398313027179 0.0475 0.03655107778819119
0 0.369375 0.44798500468603564 0.08875 0.031865042174320526
0 0.364375 0.738987816307404 0.05125 0.02717900656044986
0 0.229375 0.7900656044985942 0.07375 0.041237113402061855
0 0.409375 0.5763823805060918 0.08375 0.033739456419868794
0 0.26875 0.8083411433926898 0.065 0.02717900656044986
0 0.23875 0.6110590440487348 0.05 0.056232427366447985
0 0.665625 0.14901593252108716 0.05875 0.046860356138706656
0 0.4 0.8683223992502344 0.07 0.029053420805998126
0 0.311875 0.7296157450796626 0.05375 0.04779756326148079
0 0.29375 0.2642830365510778 0.04 0.03375820056232426
0 0.49048749999999997 0.15228678537956888 0.036512500000000045 0.03469540768509839
0 0.740625 0.2891283973758201 0.07375 0.053420805998125584
0 0.68125 0.3013120899718838 0.075 0.053420805998125584
0 0.33125 0.38612933458294285 0.0225 0.05060918462980318
0 0.02 0.5926335520149953 0.04 0.1125023430178069
0 0.6197625 0.6166822867853796 0.0529625 0.033739456419868794
0 0.150625 0.08716026241799438 0.02875 0.022492970946579195
0 0.37375 0.3134957825679475 0.0225 0.01780693533270853
0 0.426875 0.2985004686035614 0.01375 0.01218369259606373
0 0.411875 0.3055295220243674 0.01625 0.011246485473289597
0 0.373425 0.33082474226804126 0.02186250000000001 0.018716026241799463
0 0.628925 0.28444236176194937 0.015 0.01218369259606373
0 0.913375 0.14365510777881912 0.009250000000000114 0.006148078725398315
0 0.8125125 0.30927835051546393 0.03375 0.016869728209934397
0 0.9257625 0.17032802249297097 0.015987499999999953 0.00889409559512653
0 0.025 0.45220243673851923 0.0325 0.02155576382380506
0 0.08186249999999999 0.34078725398313026 0.015 0.021340206185566993
0 0.455625 0.5998125585754451 0.02875 0.016869728209934397
0 0.373125 0.34957825679475163 0.02375 0.020618556701030927
0 0.575 0.4831302717900656 0.0175 0.014058106841611996
0 0.565 0.49765698219306465 0.02 0.016869728209934397
0 0.649675 0.3336082474226804 0.030575000000000047 0.02070290534208063
0 0.6587875 0.6349203373945642 0.02258749999999992 0.014076850984067461
0 0.6771250000000001 0.5852858481724461 0.028249999999999886 0.02155576382380506
0 0.9798125 0.4924929709465792 0.026599999999999967 0.01966260543580133
0 0.95585 0.47329896907216495 0.014250000000000113 0.011855670103092762
0 0.9610375000000001 0.48283036551077785 0.015674999999999953 0.01626991565135891
0 0.4568625 0.5556607310215558 0.08331249999999997 0.017816307403936263
0 0.45666249999999997 0.5427835051546391 0.024412499999999965 0.008547328959699991