0 0.905625 0.7408622305529522 0.12125 0.08903467666354264
0 0.419375 0.6429240862230553 0.12125 0.08809746954076851
0 0.789375 0.6443298969072165 0.09125 0.06560449859418932
0 0.23375 0.24179943767572634 0.09375 0.07122774133083412
0 0.6625 0.7141518275538894 0.08 0.04779756326148079
0 0.63625 0.23711340206185566 0.05375 0.041237113402061855
0 0.63875 0.4620431115276476 0.09375 0.041237113402061855
0 0.59 0.7507029053420806 0.05625 0.031865042174320526
0 0.714375 0.8153701968134958 0.08125 0.04873477038425492
0 0.575625 0.5852858481724461 0.08875 0.04217432052483599
0 0.671875 0.8294283036551078 0.07 0.033739456419868794
0 0.738125 0.6373008434864105 0.06 0.06091846298031865
0 0.40125 0.13495782567947517 0.0675 0.05248359887535145
0 0.530625 0.8753514526710403 0.075 0.03561387066541706
0 0.64375 0.746954076850984 0.0625 0.05248359887535145
0 0.748125 0.2881911902530459 0.04625 0.03748828491096532
0 0.57375 0.15651358950328023 0.0425 0.038425492033739454
0 0.300625 0.2661668228678538 0.0825 0.06091846298031865
0 0.3575 0.28444236176194937 0.08375 0.06091846298031865
0 0.688125 0.40487347703842547 0.03125 0.05248359887535145
0 0.958125 0.6419868791002812 0.06 0.11527647610121837
0 0.36 0.6030927835051546 0.05875 0.03936269915651359
0 0.9225 0.1274601686972821 0.0325 0.02530459231490159
0 0.659375 0.32849109653233366 0.025 0.019681349578256794
0 0.61 0.3078725398313027 0.01625 0.013120899718837863
0 0.623125 0.316776007497657 0.01875 0.013120899718837863
0 0.656875 0.3458294283036551 0.025 0.020618556701030927
0 0.4125 0.27319587628865977 0.0175 0.014058106841611996
0 0.156875 0.10402999062792877 0.01 0.007497656982193065
0 0.225625 0.27835051546391754 0.03625 0.020618556701030927
0 0.139375 0.12933458294283037 0.0175 0.010309278350515464
0 0.979375 0.5023430178069354 0.03625 0.02436738519212746
0 0.94375 0.38612933458294285 0.01875 0.022492970946579195
0 0.525625 0.6035613870665417 0.03125 0.019681349578256794
0 0.65375 0.3641049671977507 0.0275 0.022492970946579195
0 0.42875 0.47563261480787256 0.02 0.015932521087160263
0 0.43625 0.49109653233364575 0.0225 0.01874414245548266
0 0.3825 0.31958762886597936 0.03375 0.023430178069353328
0 0.3175 0.6171508903467666 0.025 0.015932521087160263
0 0.30875 0.5660731021555764 0.0325 0.02436738519212746
0 0.02625 0.4423617619493908 0.03 0.022492970946579195
0 0.05375 0.4259606373008435 0.01625 0.013120899718837863
0 0.046875 0.43486410496719774 0.01875 0.01780693533270853
0 0.5325 0.5595126522961574 0.08625 0.026241799437675725
0 0.535 0.5468603561387066 0.02625 0.011246485473289597