0 0.97875 0.6286919831223629 0.0225 0.02250351617440225
0 0.615 0.4781997187060478 0.02125 0.014767932489451477
0 0.39 0.5991561181434599 0.025 0.02109704641350211
0 0.75875 0.2616033755274262 0.13625 0.07172995780590717
0 0.741875 0.3755274261603376 0.105 0.06047819971870605
0 0.925625 0.4623769338959212 0.12375 0.0710267229254571
0 0.83625 0.4219409282700422 0.1275 0.06540084388185655
0 0.12375 0.2960618846694796 0.1175 0.06540084388185655
0 0.33875 0.4229957805907173 0.1325 0.06680731364275667
0 0.54375 0.3069620253164557 0.16 0.06891701828410689
0 0.3025 0.3691983122362869 0.08625 0.053445850914205346
0 0.42125 0.529887482419128 0.14625 0.06188466947960619
0 0.714375 0.7215189873417721 0.11375 0.05414908579465542
0 0.529375 0.8287623066104078 0.13625 0.05063291139240506
0 0.89375 0.5168776371308017 0.08 0.057665260196905765
0 0.72125 0.670182841068917 0.06875 0.03656821378340366
0 0.78 0.6153305203938115 0.13375 0.06258790436005626
0 0.52625 0.7559774964838256 0.12875 0.04219409282700422
0 0.8425 0.6023206751054853 0.045 0.02531645569620253
0 0.801875 0.7816455696202531 0.055 0.026019690576652602
1 0.134375 0.5355133614627285 0.05625 0.027426160337552744
0 0.68375 0.5664556962025317 0.11 0.07454289732770746
0 0.665625 0.6016174402250352 0.01875 0.014767932489451477
0 0.394375 0.54957805907173 0.1075 0.030239099859353025
0 0.130625 0.5337552742616034 0.02 0.011954992967651195
0 0.033125 0.22679324894514769 0.01875 0.02180028129395218
0 0.043125 0.2120253164556962 0.02375 0.006329113924050633
0 0.516875 0.7320675105485233 0.0325 0.013361462728551337