0 0.395625 0.4651898734177215 0.02375 0.015471167369901548
0 0.570625 0.610056258790436 0.02875 0.02250351617440225
0 0.335 0.23628691983122363 0.1475 0.07876230661040788
0 0.309375 0.34985935302390997 0.115 0.06610407876230662
0 0.098125 0.41350210970464135 0.135 0.07735583684950774
0 0.2 0.3843178621659634 0.13875 0.07172995780590717
0 0.939375 0.3442334739803094 0.12125 0.0710267229254571
0 0.68625 0.4433895921237693 0.1425 0.07313642756680731
0 0.52875 0.3059071729957806 0.17 0.07735583684950774
0 0.74125 0.3952180028129395 0.095 0.057665260196905765
0 0.565625 0.5386779184247539 0.15625 0.06891701828410689
0 0.20875 0.6916315049226441 0.12125 0.06047819971870605
0 0.35 0.8182137834036568 0.14375 0.058368495077355836
0 0.108125 0.4704641350210971 0.09 0.06118143459915612
0 0.220625 0.6406469760900141 0.075 0.04008438818565401
0 0.183125 0.580168776371308 0.14375 0.06962025316455696
0 0.38 0.7475386779184248 0.13375 0.04922644163150492
0 0.1275 0.560126582278481 0.04875 0.027426160337552744
0 0.100625 0.7401547116736991 0.05875 0.028832630098452883
1 0.844375 0.5773558368495078 0.06 0.030239099859353025
0 0.295625 0.5432489451476793 0.1225 0.08016877637130802
0 0.300625 0.579817158931083 0.02125 0.015471167369901548
0 0.585 0.5608298171589311 0.1125 0.03656821378340366
0 0.84875 0.5763009845288326 0.0225 0.012658227848101266
0 0.3975 0.7250351617440225 0.03375 0.014767932489451477