0 0.70375 0.27085285848172447 0.0325 0.028116213683223992
0 0.801875 0.2057169634489222 0.03375 0.029053420805998126
0 0.5125 0.1733833177132146 0.0425 0.02530459231490159
0 0.640625 0.20056232427366447 0.03375 0.02999062792877226
0 0.524375 0.2642924086223055 0.0125 0.01218369259606373
0 0.656875 0.31302717900656046 0.015 0.01874414245548266
0 0.26125 0.2633552014995314 0.0375 0.02999062792877226
0 0.70125 0.3434864104967198 0.03875 0.029053420805998126
0 0.7325 0.38331771321462044 0.02375 0.03748828491096532
0 0.923125 0.4746954076850984 0.0175 0.01218369259606373
0 0.665625 0.5688847235238987 0.01625 0.014058106841611996
0 0.49625 0.48687910028116216 0.015 0.01218369259606373
0 0.39125 0.4175257731958763 0.02125 0.020618556701030927
0 0.581875 0.40253045923149017 0.02125 0.019681349578256794
0 0.518125 0.5477975632614808 0.01125 0.00937207122774133
0 0.584375 0.6171508903467666 0.03875 0.011246485473289597
0 0.124375 0.4414245548266167 0.04125 0.02436738519212746
0 0.26375 0.35098406747891286 0.035 0.028116213683223992
0 0.0775 0.6218369259606373 0.04125 0.02436738519212746
0 0.32625 0.45595126522961577 0.03875 0.029053420805998126
0 0.205 0.520618556701031 0.06375 0.016869728209934397
0 0.274375 0.485941893158388 0.05875 0.02530459231490159
0 0.94875 0.7066541705716963 0.02125 0.038425492033739454
0 0.0375 0.7792877225866917 0.03625 0.02155576382380506
0 0.2925 0.7895970009372071 0.02875 0.02155576382380506
0 0.140625 0.6921274601686973 0.035 0.019681349578256794
0 0.219375 0.8125585754451734 0.01625 0.01499531396438613
0 0.133125 0.5716963448922212 0.10875 0.059044048734770385
0 0.726875 0.6382380506091846 0.11375 0.04311152764761012
0 0.9275 0.5787253983130272 0.055 0.061855670103092786
0 0.17375 0.3402061855670103 0.08125 0.041237113402061855
0 0.40125 0.7052483598875351 0.14875 0.056232427366447985
0 0.7725 0.36597938144329895 0.08625 0.08247422680412371
0 0.168125 0.016869728209934397 0.04875 0.033739456419868794
0 0.45 0.17760074976569823 0.05125 0.03748828491096532
0 0.04375 0.10309278350515463 0.07125 0.12371134020618557
0 0.348125 0.6715089034676663 0.06375 0.01874414245548266
0 0.19 0.21368322399250234 0.11625 0.10590440487347703
0 0.635 0.8537956888472352 0.065 0.029053420805998126
0 0.254375 0.7230552952202437 0.1375 0.05435801312089972
0 0.37625 0.7549203373945642 0.14875 0.053420805998125584
0 0.58125 0.7141518275538894 0.18625 0.07216494845360824
0 0.19 0.21321462043111528 0.11625 0.10684161199625117
0 0.5625 0.6279287722586692 0.09375 0.014058106841611996
0 0.019375 0.5164011246485474 0.0325 0.010309278350515464
0 0.015 0.5079662605435802 0.01625 0.006560449859418931
0 0.37375 0.4372071227741331 0.01625 0.013120899718837863
0 0.38 0.43486410496719774 0.02375 0.020618556701030927
0 0.44 0.4896907216494845 0.01625 0.00937207122774133
0 0.575625 0.41705716963448924 0.00625 0.01874414245548266
0 0.5675 0.4133083411433927 0.00875 0.026241799437675725
0 0.504375 0.5548266166822868 0.0125 0.007497656982193065
0 0.503125 0.5618556701030928 0.0125 0.006560449859418931
0 0.584375 0.6096532333645736 0.02625 0.008434864104967198
0 0.775 0.5993439550140581 0.05 0.04592314901593252
0 0.61125 0.6602624179943768 0.14 0.05248359887535145
0 0.775625 0.8228678537956888 0.09 0.02155576382380506
0 0.75125 0.7895970009372071 0.055 0.056232427366447985
0 0.75875 0.3837863167760075 0.0225 0.038425492033739454
0 0.72875 0.3434864104967198 0.0125 0.010309278350515464
0 0.670625 0.3134957825679475 0.01125 0.013120899718837863
0 0.901875 0.17994376757263356 0.035 0.03936269915651359
0 0.50625 0.30412371134020616 0.0075 0.008434864104967198
0 0.513125 0.31021555763823805 0.0075 0.010309278350515464