0 0.6875 0.26288659793814434 0.0325 0.029053420805998126
0 0.78125 0.1944704779756326 0.03375 0.02999062792877226
0 0.49 0.1733833177132146 0.04375 0.02530459231490159
0 0.619375 0.19540768509840675 0.03375 0.030927835051546393
0 0.5075 0.2633552014995314 0.0125 0.01218369259606373
0 0.64375 0.30740393626991563 0.01625 0.01874414245548266
0 0.245 0.27319587628865977 0.0375 0.02999062792877226
0 0.69 0.33598875351452673 0.03875 0.02999062792877226
0 0.724375 0.3744142455482662 0.02375 0.038425492033739454
0 0.920625 0.457825679475164 0.0175 0.01218369259606373
0 0.670625 0.5623242736644799 0.01625 0.014058106841611996
0 0.495625 0.48687910028116216 0.015 0.01218369259606373
0 0.385625 0.4217432052483599 0.0225 0.02155576382380506
0 0.575 0.39971883786316775 0.0225 0.020618556701030927
0 0.521875 0.5468603561387066 0.01125 0.00937207122774133
0 0.5925 0.6138706654170571 0.03875 0.011246485473289597
0 0.120625 0.4564198687910028 0.0425 0.02436738519212746
0 0.25375 0.36082474226804123 0.035 0.029053420805998126
0 0.086875 0.6382380506091846 0.0425 0.02436738519212746
0 0.323125 0.4629803186504217 0.03875 0.029053420805998126
0 0.206875 0.5318650421743205 0.065 0.01780693533270853
0 0.27375 0.4948453608247423 0.06 0.026241799437675725
0 0.9625 0.6883786316776007 0.02125 0.03936269915651359
0 0.058125 0.7970946579194002 0.0375 0.02155576382380506
0 0.313125 0.7975632614807873 0.03 0.022492970946579195
0 0.154375 0.7061855670103093 0.03625 0.020618556701030927
0 0.241875 0.823336457357076 0.0175 0.01499531396438613
0 0.13875 0.5857544517338332 0.11 0.06091846298031865
0 0.73625 0.6293345829428304 0.11375 0.044048734770384255
0 0.9325 0.5618556701030928 0.05625 0.061855670103092786
0 0.163125 0.35332708528584816 0.08125 0.04217432052483599
0 0.415625 0.7089971883786317 0.15 0.05810684161199625
0 0.763125 0.35520149953139646 0.0875 0.08434864104967198
0 0.135 0.028116213683223992 0.04875 0.038425492033739454
0 0.4275 0.18041237113402062 0.05125 0.03748828491096532
0 0.026875 0.12136832239925023 0.05375 0.1246485473289597
0 0.36 0.6771321462043112 0.065 0.019681349578256794
0 0.17 0.22633552014995315 0.11875 0.10684161199625117
0 0.659375 0.8481724461105904 0.065 0.02999062792877226
0 0.27 0.732427366447985 0.13875 0.056232427366447985
0 0.394375 0.7591377694470478 0.15 0.05529522024367385
0 0.59625 0.7108716026241799 0.1875 0.07403936269915651
0 0.17 0.22586691658856609 0.11875 0.1077788191190253
0 0.57125 0.6251171508903468 0.09375 0.01499531396438613
0 0.02125 0.5356138706654171 0.03375 0.010309278350515464
0 0.01625 0.5271790065604499 0.01625 0.006560449859418931
0 0.369375 0.4423617619493908 0.01625 0.013120899718837863
0 0.375625 0.4400187441424555 0.02375 0.020618556701030927
0 0.439375 0.49203373945641987 0.01625 0.00937207122774133
0 0.569375 0.41424554826616683 0.00625 0.01874414245548266
0 0.56125 0.41096532333645736 0.01 0.02717900656044986
0 0.508125 0.5543580131208997 0.0125 0.008434864104967198
0 0.5075 0.5613870665417057 0.0125 0.006560449859418931
0 0.591875 0.6063730084348641 0.02625 0.008434864104967198
0 0.78125 0.5880974695407685 0.05125 0.04592314901593252
0 0.6225 0.6555763823805061 0.14125 0.05435801312089972
0 0.7975 0.8116213683223993 0.09 0.022492970946579195
0 0.77125 0.7792877225866917 0.05625 0.056232427366447985
0 0.75 0.3739456419868791 0.0225 0.03936269915651359
0 0.7175 0.3345829428303655 0.0125 0.010309278350515464
0 0.6575 0.3069353327085286 0.01125 0.013120899718837863
0 0.879375 0.16447985004686036 0.035 0.04029990627928772
0 0.4925 0.30412371134020616 0.0075 0.008434864104967198
0 0.5 0.31021555763823805 0.0075 0.010309278350515464