1 0.326875 0.7108716026241799 0.1475 0.11152764761012184
0 0.06875 0.11996251171508904 0.04375 0.03748828491096532
1 0.50625 0.5576382380506092 0.2575 0.1387066541705717
0 0.9075 0.13636363636363635 0.07125 0.05248359887535145
1 0.790625 0.5046860356138707 0.10375 0.06373008434864105
0 0.758125 0.2985004686035614 0.02375 0.022492970946579195
0 0.12875 0.21790065604498593 0.02 0.014058106841611996
0 0.149375 0.20337394564198688 0.01875 0.013120899718837863
0 0.2125 0.23055295220243674 0.01375 0.010309278350515464
0 0.9375 0.6232427366447985 0.01875 0.015932521087160263
0 0.8525 0.3828491096532334 0.02375 0.014058106841611996
0 0.831875 0.5224929709465792 0.0175 0.011246485473289597
0 0.92125 0.619493908153702 0.0125 0.010309278350515464
0 0.715625 0.4831302717900656 0.02 0.01499531396438613
0 0.8825 0.3631677600749766 0.0125 0.011246485473289597
0 0.875 0.39690721649484534 0.015 0.010309278350515464
0 0.728125 0.4854732895970009 0.01625 0.014058106841611996
0 0.383125 0.6485473289597001 0.035 0.02436738519212746
0 0.420625 0.4873477038425492 0.01875 0.01499531396438613
0 0.445625 0.3406747891283974 0.0175 0.011246485473289597
0 0.00625 0.46438612933458295 0.0125 0.014058106841611996
0 0.004375 0.42924086223055297 0.00875 0.02436738519212746
0 0.979375 0.7146204311152765 0.01625 0.01218369259606373
0 0.4475 0.8416119962511716 0.02 0.015932521087160263
0 0.266875 0.8242736644798501 0.02125 0.014058106841611996
0 0.755625 0.5257731958762887 0.0125 0.013120899718837863
0 0.75625 0.4845360824742268 0.00875 0.006560449859418931
0 0.745625 0.48500468603561386 0.01125 0.005623242736644799
0 0.481875 0.5712277413308341 0.0175 0.014058106841611996
0 0.46125 0.5164011246485474 0.01375 0.013120899718837863
0 0.345625 0.5459231490159325 0.01875 0.013120899718837863
1 0.384375 0.5937207122774133 0.285 0.22211808809746955
1 0.339375 0.569821930646673 0.1325 0.14432989690721648
0 0.69375 0.3631677600749766 0.01875 0.01780693533270853
0 0.865 0.1274601686972821 0.015 0.010309278350515464
0 0.99 0.4208059981255858 0.00625 0.010309278350515464