1 0.6970000000000001 0.6987816307403937 0.13566249999999996 0.1034489222118087
0 0.8851625 0.09330834114339269 0.039662500000000024 0.03457357075913776
1 0.5001875 0.5577788191190253 0.24450000000000002 0.12359887535145256
0 0.05154999999999999 0.16438612933458294 0.06597499999999999 0.04827553889409559
1 0.21125 0.5234301780693533 0.0975 0.05716963448922212
0 0.219375 0.31630740393626994 0.02125 0.02155576382380506
0 0.836875 0.1949390815370197 0.01875 0.013120899718837863
0 0.815 0.18134957825679476 0.0175 0.01218369259606373
0 0.755 0.21274601686972822 0.0125 0.00937207122774133
0 0.07875 0.6513589503280225 0.0175 0.01499531396438613
0 0.135 0.4062792877225867 0.0225 0.01218369259606373
0 0.171875 0.5440487347703843 0.01625 0.010309278350515464
0 0.094375 0.6466729147141518 0.01125 0.00937207122774133
0 0.283125 0.4971883786316776 0.01875 0.014058106841611996
0 0.103125 0.38847235238987815 0.01125 0.010309278350515464
0 0.114375 0.4217432052483599 0.01375 0.00937207122774133
0 0.27125 0.5004686035613871 0.015 0.013120899718837863
0 0.63375 0.6401124648547329 0.0325 0.022492970946579195
0 0.5775 0.48219306466729145 0.0175 0.014058106841611996
0 0.535625 0.33786316776007497 0.01625 0.010309278350515464
0 0.99 0.4320524835988753 0.0175 0.013120899718837863
0 0.990625 0.39690721649484534 0.01625 0.023430178069353328
0 0.0475 0.7450796626054358 0.015 0.011246485473289597
0 0.591875 0.8369259606373008 0.01875 0.01499531396438613
0 0.77 0.8078725398313027 0.02 0.013120899718837863
0 0.2485125 0.5422680412371135 0.010987500000000025 0.012089971883786401
0 0.243 0.50116213683224 0.00865000000000002 0.005988753514526804
0 0.253525 0.5012839737582006 0.0103125 0.005229615745079594
0 0.5261875 0.5698313027179006 0.01631249999999994 0.013102155576382397
0 0.540725 0.5136832239925023 0.012625000000000029 0.012052483598875258
0 0.65885 0.5356232427366447 0.0169874999999999 0.012324273664479935
1 0.625875 0.5855951265229616 0.26216249999999997 0.20540768509840682
1 0.6683875 0.5590159325210872 0.11698749999999997 0.1367947516401125
0 0.29125 0.37644798500468607 0.016787500000000007 0.016616682286785398
0 0.093025 0.1526991565135895 0.014475000000000016 0.009606373008434864
0 0.0025 0.45313964386129335 0.005 0.010309278350515464