1 0.3125 0.703842549203374 0.14 0.10684161199625117
0 0.09625 0.10356138706654171 0.04125 0.03561387066541706
1 0.5025 0.5576382380506092 0.25 0.1302717900656045
0 0.9325 0.1527647610121837 0.06875 0.04967197750702906
1 0.789375 0.5159325210871603 0.1 0.05998125585754452
0 0.771875 0.30927835051546393 0.0225 0.022492970946579195
0 0.149375 0.20384254920337394 0.01875 0.014058106841611996
0 0.170625 0.18978444236176195 0.0175 0.01218369259606373
0 0.231875 0.2197750702905342 0.0125 0.00937207122774133
0 0.928125 0.6401124648547329 0.01875 0.01499531396438613
0 0.860625 0.39690721649484534 0.0225 0.013120899718837863
0 0.83 0.5356138706654171 0.01625 0.010309278350515464
0 0.9125 0.6358950328022493 0.01125 0.00937207122774133
0 0.716875 0.4915651358950328 0.02 0.01499531396438613
0 0.89125 0.3781630740393627 0.01125 0.010309278350515464
0 0.881875 0.4119025304592315 0.01375 0.00937207122774133
0 0.72875 0.4943767572633552 0.015 0.013120899718837863
0 0.373125 0.6433926897844423 0.03375 0.023430178069353328
0 0.421875 0.48406747891283974 0.01875 0.014058106841611996
0 0.456875 0.3388003748828491 0.01625 0.010309278350515464
0 0.0075 0.4442361761949391 0.015 0.013120899718837863
0 0.006875 0.41002811621368324 0.01375 0.023430178069353328
0 0.96375 0.7328959700093721 0.015 0.011246485473289597
0 0.42375 0.8392689784442362 0.02 0.015932521087160263
0 0.244375 0.8149015932521088 0.02 0.014058106841611996
0 0.753125 0.5356138706654171 0.01125 0.01218369259606373
0 0.756875 0.4943767572633552 0.00875 0.006560449859418931
0 0.74625 0.4948453608247423 0.01 0.005623242736644799
0 0.476875 0.57029053420806 0.0175 0.013120899718837863
0 0.46 0.514526710402999 0.01375 0.01218369259606373
0 0.343125 0.5398313027179007 0.0175 0.013120899718837863
1 0.378125 0.5890346766635426 0.27125 0.21180880974695407
1 0.334375 0.563261480787254 0.12375 0.13964386129334583
0 0.703125 0.3711340206185567 0.0175 0.016869728209934397
0 0.890625 0.14245548266166824 0.015 0.010309278350515464
0 0.995 0.4400187441424555 0.005 0.010309278350515464