0 0.676875 0.2778819119025305 0.02375 0.02155576382380506
0 0.65625 0.15510777881911902 0.025 0.02155576382380506
0 0.165 0.4878163074039363 0.03125 0.02155576382380506
0 0.475625 0.40253045923149017 0.0275 0.022492970946579195
0 0.525625 0.39268978444236174 0.03 0.02717900656044986
0 0.753125 0.48828491096532334 0.02375 0.01499531396438613
0 0.225 0.1344892221180881 0.17625 0.12371134020618557
0 0.950625 0.7314901593252109 0.09875 0.07216494845360824
0 0.1825 0.3683223992502343 0.19875 0.15557638238050608
1 0.34375 0.8139643861293346 0.10125 0.1077788191190253
0 0.25375 0.4536082474226804 0.165 0.1077788191190253
0 0.714375 0.8364573570759137 0.12 0.08153701968134958
0 0.43125 0.05248359887535145 0.0575 0.030927835051546393
0 0.220625 0.5445173383317713 0.175 0.12371134020618557
1 0.245625 0.6471415182755389 0.10125 0.09465791940018745
1 0.035 0.2952202436738519 0.07 0.08059981255857544
0 0.495 0.3908153701968135 0.0675 0.05060918462980318
1 0.405 0.9133083411433927 0.10625 0.11433926897844424
1 0.23375 0.648078725398313 0.05625 0.029053420805998126
0 0.67375 0.41424554826616683 0.01125 0.00937207122774133
0 0.47375 0.4592314901593252 0.02375 0.01780693533270853
0 0.445625 0.45173383317713217 0.0225 0.022492970946579195
0 0.465 0.4526710402999063 0.0275 0.030927835051546393
0 0.65625 0.2642924086223055 0.02375 0.015932521087160263
0 0.653125 0.27928772258669166 0.0375 0.038425492033739454
0 0.6325 0.15510777881911902 0.0225 0.019681349578256794
0 0.6425 0.1429240862230553 0.02 0.020618556701030927
0 0.254375 0.2619493908153702 0.02875 0.019681349578256794
0 0.24875 0.26804123711340205 0.0225 0.01874414245548266
0 0.053125 0.1527647610121837 0.025 0.028116213683223992