0 0.003125 0.22399250234301782 0.00625 0.02436738519212746
0 0.6975 0.28772258669165884 0.0225 0.020618556701030927
0 0.688125 0.1640112464854733 0.02375 0.020618556701030927
0 0.166875 0.4704779756326148 0.03 0.019681349578256794
0 0.485 0.40159325210871605 0.025 0.02155576382380506
0 0.535625 0.39456419868791004 0.0275 0.026241799437675725
0 0.75375 0.5018744142455482 0.0225 0.014058106841611996
0 0.259375 0.12089971883786317 0.1675 0.1162136832239925
0 0.938125 0.7549203373945642 0.11375 0.06747891283973759
0 0.195625 0.351921274601687 0.1875 0.1471415182755389
1 0.315 0.8050609184629803 0.0925 0.10402999062792877
0 0.25875 0.44095595126522963 0.1575 0.10028116213683223
0 0.6825 0.8467666354264293 0.11375 0.07591377694470477
0 0.473125 0.05014058106841612 0.055 0.028116213683223992
0 0.2175 0.5299906279287723 0.16625 0.11527647610121837
1 0.2325 0.633552014995314 0.09375 0.09090909090909091
1 0.0475 0.27085285848172447 0.07875 0.07685098406747891
0 0.505 0.3908153701968135 0.0625 0.04779756326148079
1 0.366875 0.9072164948453608 0.0975 0.10965323336457357
1 0.220625 0.633552014995314 0.055 0.026241799437675725
0 0.68125 0.42361761949390814 0.01 0.00937207122774133
0 0.4775 0.457825679475164 0.0225 0.016869728209934397
0 0.45 0.4493908153701968 0.02125 0.02155576382380506
0 0.469375 0.45126522961574506 0.025 0.02999062792877226
0 0.6775 0.27319587628865977 0.0225 0.01499531396438613
0 0.67375 0.28772258669165884 0.035 0.03655107778819119
0 0.664375 0.16307403936269915 0.02 0.019681349578256794
0 0.675 0.1513589503280225 0.01875 0.019681349578256794
0 0.276875 0.2492970946579194 0.02625 0.01780693533270853
0 0.27125 0.25585754451733833 0.02125 0.01780693533270853
0 0.08625 0.12980318650421743 0.0225 0.02717900656044986