0 0.6735875 0.19353327085285849 0.04532499999999999 0.02530459231490159
0 0.11875 0.37488284910965325 0.035 0.013120899718837863
0 0.0225 0.6555763823805061 0.035 0.014058106841611996
0 0.734375 0.5149953139643861 0.01875 0.01218369259606373
0 0.723125 0.6569821930646673 0.02125 0.01499531396438613
0 0.9875 0.5852858481724461 0.0225 0.03655107778819119
0 0.583125 0.3322399250234302 0.11125 0.1077788191190253
0 0.854375 0.5852858481724461 0.12125 0.12652296157450796
1 0.3622625 0.38373008434864103 0.2189 0.12274601686972823
1 0.3238125 0.5557075913776945 0.17263750000000003 0.18358013120899724
0 0.81625 0.8252108716026242 0.045 0.03467666354264293
0 0.06875 0.4906279287722587 0.0775 0.03655107778819119
0 0.573125 0.9358013120899719 0.05125 0.030927835051546393
0 0.8572624999999999 0.707029053420806 0.10546249999999986 0.12070290534208057
0 0.025625 0.5674789128397376 0.05125 0.03467666354264293
0 0.14375 0.6485473289597001 0.1425 0.12371134020618557
0 0.637425 0.5073945641986879 0.04989999999999995 0.019971883786316726
0 0.6272749999999999 0.47940018744142454 0.03555 0.022577319587628843
0 0.57585 0.40096532333645735 0.01677499999999995 0.011827553889409564
0 0.80065 0.3963355201499531 0.0221875 0.013683223992502365
0 0.9505125 0.5151733833177132 0.03602499999999992 0.029597000937207053
0 0.990325 0.40096532333645735 0.01772500000000008 0.015529522024367432
0 0.5943875 0.13468603561387069 0.042987499999999984 0.028144329896907246
0 0.4195375 0.08925960637300843 0.021712500000000006 0.008491096532333648
0 0.355 0.10279287722586693 0.019249999999999972 0.008856607310215547
0 0.08220000000000001 0.1814058106841612 0.022712499999999993 0.010318650421743196
0 0.32951250000000004 0.31529522024367385 0.02268749999999997 0.0110777881911903
0 0.27213750000000003 0.33624179943767574 0.017749999999999985 0.018116213683224032
0 0.5451625 0.6188284910965323 0.04344999999999999 0.09522961574507957
0 0.8241375 0.6635238987816308 0.01773750000000007 0.012549203373945736
0 0.6562125000000001 0.8990065604498594 0.035037499999999965 0.02810684161199626
0 0.48706249999999995 0.7377038425492034 0.016274999999999977 0.013317713214620466
0 0.471225 0.7312183692596064 0.020237500000000068 0.012952202436738459
0 0.48136249999999997 0.7985004686035614 0.17306249999999992 0.16605435801312096