0 0.27125 0.21462043111527648 0.05 0.02999062792877226
0 0.854375 0.3364573570759138 0.0375 0.016869728209934397
0 0.99125 0.6040299906279287 0.0175 0.01780693533270853
0 0.270625 0.5393626991565136 0.02125 0.014058106841611996
0 0.308125 0.6785379568884724 0.02375 0.016869728209934397
0 0.033125 0.6354264292408622 0.02875 0.038425492033739454
0 0.38625 0.3425492033739456 0.13 0.11808809746954077
0 0.165 0.6213683223992502 0.14375 0.13776944704779756
1 0.615 0.37066541705716965 0.24 0.14432989690721648
1 0.685 0.5365510777881912 0.205 0.19962511715089035
0 0.2475 0.8552014995313965 0.05125 0.03936269915651359
0 0.925625 0.4456419868791003 0.08375 0.044048734770384255
0 0.50875 0.9390815370196813 0.05625 0.03561387066541706
0 0.184375 0.7422680412371134 0.12625 0.1302717900656045
0 0.976875 0.5173383317713215 0.04625 0.03936269915651359
0 0.880625 0.6101218369259607 0.16375 0.13776944704779756
0 0.365 0.5215557638238051 0.0525 0.02530459231490159
0 0.37 0.492970946579194 0.04 0.026241799437675725
0 0.40625 0.41002811621368324 0.01875 0.013120899718837863
0 0.183125 0.4287722586691659 0.025 0.015932521087160263
0 0.056875 0.5618556701030928 0.04125 0.03280224929709466
0 0.003125 0.4526710402999063 0.00625 0.016869728209934397
0 0.33875 0.14807872539831302 0.0475 0.03280224929709466
0 0.503125 0.08481724461105905 0.0225 0.010309278350515464
0 0.57 0.09137769447047797 0.02125 0.011246485473289597
0 0.854375 0.14104967197750704 0.025 0.01218369259606373
0 0.634375 0.2994376757263355 0.025 0.013120899718837863
0 0.695 0.3139643861293346 0.02125 0.019681349578256794
0 0.4775 0.6223055295220243 0.06125 0.09840674789128398
0 0.209375 0.6958762886597938 0.02 0.014058106841611996
0 0.419375 0.9114339268978444 0.04 0.031865042174320526
0 0.556875 0.7338331771321462 0.01875 0.01499531396438613
0 0.57125 0.7258669165885661 0.0225 0.01499531396438613
0 0.57375 0.7938144329896907 0.2025 0.18275538894095594