0 0.63 0.18181818181818182 0.04875 0.029053420805998126
0 0.103125 0.4053420805998126 0.03625 0.015932521087160263
0 0.046875 0.6921274601686973 0.03625 0.016869728209934397
0 0.735 0.4967197750702905 0.02 0.013120899718837863
0 0.74375 0.6387066541705717 0.02375 0.016869728209934397
0 0.99125 0.5459231490159325 0.0175 0.038425492033739454
0 0.559375 0.32661668228678536 0.12625 0.1162136832239925
0 0.864375 0.5571696344892221 0.13875 0.13495782567947517
1 0.346875 0.3950328022492971 0.235 0.13964386129334583
1 0.3325 0.5693533270852859 0.1975 0.1958762886597938
0 0.86 0.7985004686035614 0.05 0.038425492033739454
0 0.07 0.5243673851921274 0.0825 0.04217432052483599
0 0.63375 0.9278350515463918 0.055 0.03467666354264293
0 0.884375 0.6780693533270853 0.12125 0.12839737582005623
0 0.0375 0.6044985941893158 0.05625 0.038425492033739454
0 0.16625 0.6757263355201499 0.15875 0.13402061855670103
0 0.6375 0.4967197750702905 0.0525 0.023430178069353328
0 0.62375 0.46954076850984067 0.03875 0.02530459231490159
0 0.561875 0.39550140581068416 0.01875 0.013120899718837863
0 0.784375 0.373477038425492 0.02375 0.01499531396438613
0 0.95 0.47985004686035615 0.04 0.031865042174320526
0 0.97375 0.3631677600749766 0.02 0.016869728209934397
0 0.543125 0.12933458294283037 0.04625 0.030927835051546393
0 0.3625 0.0979381443298969 0.0225 0.010309278350515464
0 0.300625 0.1162136832239925 0.02 0.010309278350515464
0 0.04 0.21602624179943766 0.02375 0.01218369259606373
0 0.305 0.32989690721649484 0.02375 0.013120899718837863
0 0.250625 0.35520149953139646 0.02 0.019681349578256794
0 0.56125 0.6148078725398313 0.05625 0.09840674789128398
0 0.845 0.6373008434864105 0.02 0.014058106841611996
0 0.71125 0.8847235238987816 0.03875 0.030927835051546393
0 0.52 0.7375820056232427 0.0175 0.014058106841611996
0 0.50375 0.732427366447985 0.0225 0.014058106841611996
0 0.523125 0.7985004686035614 0.195 0.1790065604498594