0 0.0125 0.3233364573570759 0.025 0.016869728209934397
0 0.26125 0.31537019681349576 0.035 0.02530459231490159
0 0.11875 0.31302717900656046 0.03 0.01499531396438613
0 0.595625 0.2755388940955951 0.01125 0.007497656982193065
0 0.009375 0.6110590440487348 0.01875 0.016869728209934397
0 0.214375 0.5370196813495782 0.03125 0.01874414245548266
0 0.051875 0.5510777881911902 0.01375 0.00937207122774133
0 0.25625 0.5670103092783505 0.0575 0.011246485473289597
0 0.10875 0.45313964386129335 0.0375 0.023430178069353328
0 0.145 0.4639175257731959 0.03 0.031865042174320526
0 0.448125 0.5295220243673852 0.03625 0.02999062792877226
0 0.35375 0.344892221180881 0.015 0.011246485473289597
0 0.3575 0.60543580131209 0.02 0.013120899718837863
0 0.3575 0.38753514526710403 0.0175 0.01218369259606373
0 0.47125 0.48687910028116216 0.0175 0.01218369259606373
0 0.514375 0.5009372071227741 0.01125 0.008434864104967198
0 0.98625 0.49765698219306465 0.0225 0.01499531396438613
0 0.854375 0.408622305529522 0.04875 0.016869728209934397
0 0.818125 0.3612933458294283 0.01625 0.01218369259606373
0 0.156875 0.6813495782567948 0.01125 0.00937207122774133
0 0.721875 0.7258669165885661 0.01375 0.008434864104967198
0 0.98625 0.7731958762886598 0.015 0.00937207122774133
0 0.33375 0.2900656044985942 0.07 0.044048734770384255
0 0.625625 0.4775070290534208 0.07875 0.04967197750702906
0 0.621875 0.6429240862230553 0.06375 0.05060918462980318
0 0.43625 0.3744142455482662 0.075 0.05154639175257732
0 0.5875 0.5993439550140581 0.06 0.04967197750702906
0 0.0182875 0.5023992502343018 0.036575 0.05049671977507034
1 0.7671375 0.5519306466729147 0.07925000000000011 0.1497844423617619
0 0.145 0.3697282099343955 0.075 0.02717900656044986
1 0.6325 0.33177132146204313 0.085 0.15932521087160262
0 0.8775 0.38706654170571697 0.07 0.026241799437675725
1 0.6925 0.37461105904404873 0.05 0.06693533270852854
0 0.8325 0.6237113402061856 0.0625 0.07028116213683225
0 0.173125 0.35051546391752575 0.07125 0.026241799437675725
0 0.765 0.2839737582005623 0.045 0.031865042174320526
1 0.53655 0.42356138706654173 0.21663749999999993 0.045651358950328055
1 0.3484375 0.4887535145267104 0.18836250000000004 0.04854732895970005
0 0.5356875 0.37824742268041234 0.04806250000000006 0.03657919400187439
0 0.4930375 0.3462605435801312 0.0056000000000000225 0.026166822867853757
0 0.5067499999999999 0.3445735707591378 0.03980000000000004 0.057160262417994386
0 0.8377125 0.3155576382380506 0.025887500000000046 0.01322399250234303
0 0.9562999999999999 0.5436738519212746 0.051062499999999886 0.0732239925023429
0 0.8536875 0.6340018744142456 0.013487499999999954 0.016588566073102197
0 0.7446875 0.5532708528584818 0.008237499999999898 0.005604498594189333
0 0.39549999999999996 0.6899437675726335 0.0052375000000000685 0.005117150890346801
0 0.5039374999999999 0.6158294283036552 0.0056000000000000225 0.014686035613870734
0 0.3836625 0.582717900656045 0.028162499999999965 0.04427366447985005
0 0.27635000000000004 0.587497656982193 0.026287500000000037 0.016110590440487398
0 0.2744625 0.4805529522024367 0.012000000000000028 0.006166822867853781
1 0.4467875 0.4557544517338333 0.20027500000000004 0.05462980318650423
0 0.042925000000000005 0.49253045923149014 0.03685000000000001 0.04871602624179946
0 0.1019375 0.7316588566073101 0.036812499999999984 0.028781630740393662
0 0.37731250000000005 0.5164198687910028 0.014187500000000028 0.009147141518275531