0 0.229375 0.34208059981255856 0.03875 0.029053420805998126
0 0.0875 0.3547328959700094 0.0325 0.01780693533270853
0 0.553125 0.267572633552015 0.0125 0.008434864104967198
0 0.035 0.6611996251171509 0.02125 0.01874414245548266
0 0.22375 0.5665417057169635 0.035 0.02155576382380506
0 0.065625 0.5974695407685099 0.015 0.010309278350515464
0 0.27125 0.5918462980318651 0.05875 0.016869728209934397
0 0.10375 0.4943767572633552 0.04125 0.02717900656044986
0 0.141875 0.5014058106841612 0.035 0.03467666354264293
0 0.454375 0.5346766635426429 0.04125 0.033739456419868794
0 0.32625 0.36176194939081535 0.0175 0.013120899718837863
0 0.37875 0.619493908153702 0.0225 0.01499531396438613
0 0.338125 0.4034676663542643 0.02 0.014058106841611996
0 0.469375 0.4901593252108716 0.02 0.014058106841611996
0 0.514375 0.49953139643861294 0.0125 0.00937207122774133
0 0.98125 0.44704779756326146 0.025 0.016869728209934397
0 0.83375 0.3725398313027179 0.05125 0.02155576382380506
0 0.789375 0.3294283036551078 0.01875 0.014058106841611996
0 0.19375 0.7155576382380506 0.0125 0.010309278350515464
0 0.761875 0.7005623242736645 0.015 0.00937207122774133
0 0.29625 0.30927835051546393 0.0775 0.05060918462980318
0 0.62 0.46438612933458295 0.0875 0.05716963448922212
0 0.6475 0.6288659793814433 0.0725 0.05716963448922212
0 0.41375 0.3823805060918463 0.08375 0.059044048734770385
0 0.605 0.5890346766635426 0.06875 0.05529522024367385
0 0.023125 0.5524835988753515 0.045 0.053420805998125584
1 0.774375 0.5234301780693533 0.10625 0.15651358950328023
0 0.124375 0.40815370196813494 0.07875 0.03467666354264293
1 0.6 0.31958762886597936 0.11375 0.1668228678537957
0 0.853125 0.3486410496719775 0.07375 0.033739456419868794
1 0.6675 0.3556701030927835 0.0625 0.07122774133083412
0 0.8525 0.5876288659793815 0.075 0.07591377694470477
0 0.14875 0.38612933458294285 0.075 0.033739456419868794
0 0.7225 0.2582005623242737 0.05 0.03655107778819119
1 0.521875 0.42033739456419866 0.2225 0.06747891283973759
1 0.348125 0.5046860356138707 0.195 0.06747891283973759
0 0.5125 0.37582005623242737 0.055 0.041237113402061855
0 0.464375 0.3486410496719775 0.01 0.026241799437675725
0 0.478125 0.34536082474226804 0.05 0.06091846298031865
0 0.8 0.28209934395501407 0.0275 0.015932521087160263
0 0.96 0.4957825679475164 0.06375 0.07778819119025304
0 0.875 0.5955951265229615 0.01625 0.01780693533270853
0 0.7525 0.5271790065604499 0.00875 0.006560449859418931
0 0.431875 0.6991565135895033 0.00625 0.005623242736644799
0 0.525625 0.6143392689784443 0.00875 0.01499531396438613
0 0.4 0.5941893158388004 0.03625 0.046860356138706656
0 0.295 0.6101218369259607 0.02875 0.01874414245548266
0 0.273125 0.5042174320524836 0.0125 0.007497656982193065
1 0.439375 0.46157450796626054 0.20875 0.07497656982193064
0 0.04625 0.5402999062792877 0.045 0.05248359887535145
0 0.14875 0.7708528584817245 0.04125 0.03280224929709466
0 0.38125 0.5290534208059982 0.01625 0.010309278350515464