0 0.774375 0.3458294283036551 0.04 0.029053420805998126
0 0.915625 0.3598875351452671 0.0325 0.01874414245548266
0 0.4525 0.26710402999062793 0.0125 0.008434864104967198
0 0.96125 0.6672914714151827 0.0225 0.01874414245548266
0 0.774375 0.57029053420806 0.035 0.022492970946579195
0 0.931875 0.6030927835051546 0.015 0.011246485473289597
0 0.726875 0.5946579194001874 0.05875 0.01780693533270853
0 0.89625 0.49953139643861294 0.0425 0.02717900656044986
0 0.858125 0.5060918462980318 0.03625 0.03467666354264293
0 0.545 0.53514526710403 0.0425 0.033739456419868794
0 0.676875 0.3641049671977507 0.0175 0.013120899718837863
0 0.61875 0.6208997188378632 0.0225 0.01499531396438613
0 0.664375 0.40581068416119964 0.02 0.014058106841611996
0 0.53125 0.4906279287722587 0.02 0.014058106841611996
0 0.485625 0.4990627928772259 0.0125 0.00937207122774133
0 0.02 0.44048734770384257 0.025 0.01780693533270853
0 0.16875 0.3683223992502343 0.05125 0.022492970946579195
0 0.215 0.32567947516401125 0.01875 0.014058106841611996
0 0.80125 0.7193064667291471 0.0125 0.010309278350515464
0 0.23375 0.697282099343955 0.015 0.010309278350515464
0 0.708125 0.31208997188378634 0.07875 0.05154639175257732
0 0.380625 0.4629803186504217 0.08875 0.05810684161199625
0 0.35 0.626991565135895 0.07375 0.05716963448922212
0 0.589375 0.38331771321462044 0.085 0.05998125585754452
0 0.393125 0.5876288659793815 0.07 0.056232427366447985
0 0.975 0.5590440487347704 0.04625 0.05435801312089972
1 0.225625 0.5201499531396439 0.11 0.15745079662605435
0 0.8775 0.41283973758200565 0.08 0.03561387066541706
1 0.404375 0.3181818181818182 0.1175 0.16776007497656983
0 0.150625 0.34395501405810686 0.075 0.033739456419868794
1 0.33625 0.3537956888472352 0.06375 0.07216494845360824
0 0.145625 0.5834114339268979 0.07625 0.07685098406747891
0 0.85375 0.3908153701968135 0.07625 0.03467666354264293
0 0.283125 0.25538894095595127 0.05125 0.03655107778819119
1 0.48 0.42033739456419866 0.22375 0.07029053420805999
1 0.651875 0.506560449859419 0.19625 0.07029053420805999
0 0.49 0.3753514526710403 0.055 0.04217432052483599
0 0.53875 0.34910965323336457 0.01125 0.026241799437675725
0 0.525625 0.3458294283036551 0.05125 0.06091846298031865
0 0.205 0.27835051546391754 0.02875 0.015932521087160263
0 0.04 0.4896907216494845 0.06625 0.07872539831302718
0 0.1225 0.5909090909090909 0.01625 0.01780693533270853
0 0.2475 0.5238987816307404 0.00875 0.006560449859418931
0 0.56375 0.7000937207122774 0.00625 0.005623242736644799
0 0.471875 0.6138706654170571 0.00875 0.01499531396438613
0 0.5975 0.5951265229615745 0.0375 0.046860356138706656
0 0.7025 0.612464854732896 0.02875 0.01874414245548266
0 0.726875 0.507029053420806 0.01375 0.007497656982193065
1 0.561875 0.46251171508903466 0.20875 0.07778819119025304
0 0.953125 0.5463917525773195 0.04625 0.05248359887535145
0 0.845 0.7755388940955952 0.0425 0.03280224929709466
0 0.6175 0.5304592314901593 0.01625 0.010309278350515464