0 0.5126666666666667 0.874468085106383 0.108 0.11205673758865248
0 0.314 0.8475177304964538 0.11066666666666666 0.09645390070921986
0 0.7266666666666667 0.8191489361702128 0.108 0.10212765957446808
0 0.5126666666666667 0.7368794326241135 0.10933333333333334 0.09645390070921986
0 0.16733333333333333 0.7212765957446808 0.10266666666666667 0.10780141843971631
0 0.6953333333333334 0.6858156028368795 0.132 0.10921985815602837
0 0.332 0.674468085106383 0.10266666666666667 0.11773049645390071
0 0.57 0.6148936170212767 0.116 0.10212765957446808
0 0.8753333333333333 0.6070921985815603 0.11466666666666667 0.12624113475177304
0 0.44333333333333336 0.6127659574468085 0.1 0.10638297872340426
0 0.7566666666666667 0.5539007092198581 0.11066666666666666 0.10070921985815603
0 0.35 0.5255319148936171 0.09466666666666666 0.1276595744680851
0 0.6566666666666666 0.48439716312056735 0.09866666666666667 0.10354609929078014
0 0.25133333333333335 0.4978723404255319 0.096 0.10780141843971631
0 0.12066666666666667 0.4787234042553192 0.11066666666666666 0.1148936170212766
0 0.7313333333333333 0.39858156028368796 0.10933333333333334 0.12482269503546099
0 0.562 0.3822695035460993 0.10933333333333334 0.11063829787234042
0 0.442 0.3829787234042553 0.10933333333333334 0.11347517730496454
0 0.874 0.3468085106382979 0.09066666666666667 0.11347517730496454
0 0.31533333333333335 0.3517730496453901 0.12 0.10780141843971631
0 0.634 0.27872340425531916 0.14 0.1148936170212766
0 0.454 0.251063829787234 0.10266666666666667 0.10354609929078014
0 0.738 0.20070921985815604 0.10533333333333333 0.10780141843971631
0 0.25533333333333336 0.21773049645390072 0.12666666666666668 0.1375886524822695
0 0.49533333333333335 0.13191489361702127 0.092 0.09787234042553192