0 0.49583333333333335 0.1013179571663921 0.024074074074074074 0.060955518945634266
0 0.26990740740740743 0.841845140032949 0.05648148148148148 0.21746293245469522
0 0.262037037037037 0.6680395387149918 0.013888888888888888 0.029654036243822075
0 0.25092592592592594 0.6828665568369028 0.025 0.039538714991762765
0 0.20277777777777778 0.700164744645799 0.06018518518518518 0.14827018121911037
0 0.01712962962962963 0.6062602965403624 0.03425925925925926 0.05930807248764415
0 0.062037037037037036 0.6326194398682042 0.041666666666666664 0.07084019769357495
0 0.05787037037037037 0.5444810543657331 0.032407407407407406 0.057660626029654036
0 0.15231481481481482 0.5172981878088962 0.06296296296296296 0.13509060955518945
0 0.24861111111111112 0.42504118616144976 0.017592592592592594 0.07084019769357495
0 0.09861111111111111 0.34349258649093906 0.025 0.044481054365733116
0 0.040740740740740744 0.06589785831960461 0.026851851851851852 0.06260296540362438
0 0.0875 0.06836902800658978 0.02962962962962963 0.05930807248764415
0 0.2037037037037037 0.1515650741350906 0.09166666666666666 0.19439868204283361
0 0.26851851851851855 0.28912685337726524 0.062037037037037036 0.16803953871499178
0 0.3523148148148148 0.3805601317957166 0.07037037037037037 0.2158154859967051
0 0.3523148148148148 0.14991762767710048 0.07037037037037037 0.16639209225700163
0 0.3106481481481482 0.012355848434925865 0.11944444444444445 0.02471169686985173
0 0.4388888888888889 0.2116968698517298 0.13703703703703704 0.4233937397034596
0 0.5314814814814814 0.4975288303130148 0.02962962962962963 0.0757825370675453
0 0.6060185185185185 0.4769357495881384 0.08981481481481482 0.3228995057660626
0 0.5763888888888888 0.7841845140032949 0.04722222222222222 0.11696869851729819
0 0.5657407407407408 0.9110378912685337 0.046296296296296294 0.10873146622734761
0 0.600462962962963 0.9176276771004942 0.03981481481481482 0.07907742998352553
0 0.6773148148148148 0.8830313014827018 0.09166666666666666 0.23393739703459637
0 0.8069444444444445 0.984349258649094 0.08055555555555556 0.03130148270181219
0 0.8703703703703703 0.6194398682042833 0.05925925925925926 0.15980230642504117
0 0.762962962962963 0.6210873146622735 0.03888888888888889 0.10873146622734761
0 0.6824074074074075 0.4728171334431631 0.053703703703703705 0.12355848434925865
0 0.5694444444444444 0.025535420098846788 0.014814814814814815 0.029654036243822075
0 0.6680555555555555 0.16392092257001648 0.04722222222222222 0.09225700164744646
0 0.7675925925925926 0.1457990115321252 0.05740740740740741 0.17627677100494235
0 0.9143518518518519 0.27347611202635913 0.06666666666666667 0.17792421746293247