0 0.45694444444444443 0.10873146622734761 0.020370370370370372 0.057660626029654036
0 0.30648148148148147 0.9011532125205931 0.044444444444444446 0.19769357495881384
0 0.28194444444444444 0.7397034596375618 0.012962962962962963 0.026359143327841845
0 0.2726851851851852 0.757001647446458 0.023148148148148147 0.036243822075782535
0 0.22685185185185186 0.7891268533772653 0.05277777777777778 0.1400329489291598
0 0.031018518518518518 0.7553542009884678 0.03888888888888889 0.05271828665568369
0 0.08194444444444444 0.7660626029654036 0.03796296296296296 0.0642504118616145
0 0.06898148148148148 0.6803953871499177 0.02962962962962963 0.05271828665568369
0 0.15925925925925927 0.6243822075782537 0.05648148148148148 0.12685337726523888
0 0.24537037037037038 0.5032948929159803 0.012962962962962963 0.06919275123558484
0 0.08935185185185185 0.47034596375617793 0.023148148148148147 0.04118616144975288
0 0.008333333333333333 0.214168039538715 0.016666666666666666 0.05930807248764415
0 0.05185185185185185 0.2026359143327842 0.026851851851851852 0.054365733113673806
0 0.17407407407407408 0.24794069192751236 0.0824074074074074 0.1812191103789127
0 0.2513888888888889 0.3640856672158155 0.05277777777777778 0.15980230642504117
0 0.34305555555555556 0.42833607907743 0.058333333333333334 0.20757825370675453
0 0.32037037037037036 0.20098846787479407 0.062037037037037036 0.15650741350906094
0 0.2625 0.04612850082372323 0.11666666666666667 0.06919275123558484
0 0.4101851851851852 0.2215815485996705 0.11296296296296296 0.4382207578253707
0 0.5310185185185186 0.48846787479406917 0.025 0.07248764415156507
0 0.6023148148148149 0.4439868204283361 0.07314814814814814 0.3130148270181219
0 0.6027777777777777 0.7561779242174629 0.040740740740740744 0.11037891268533773
0 0.6046296296296296 0.8838550247116969 0.040740740740740744 0.10214168039538715
0 0.6393518518518518 0.8805601317957167 0.03518518518518519 0.07248764415156507
0 0.7129629629629629 0.8319604612850082 0.0787037037037037 0.24052718286655683
0 0.6777777777777778 0.9777594728171335 0.024074074074074074 0.02471169686985173
0 0.8541666666666666 0.9266886326194399 0.075 0.10873146622734761
0 0.8763888888888889 0.5032948929159803 0.05092592592592592 0.15321252059308071
0 0.7708333333333334 0.5387149917627677 0.03333333333333333 0.10378912685337727
0 0.6773148148148148 0.41680395387149916 0.04722222222222222 0.11696869851729819
0 0.5217592592592593 0.012355848434925865 0.013888888888888888 0.02471169686985173
0 0.6328703703703704 0.11696869851729819 0.04259259259259259 0.085667215815486
0 0.7291666666666666 0.07660626029654036 0.04722222222222222 0.15321252059308071
0 0.8861111111111111 0.14909390444810544 0.05740740740740741 0.1696869851729819