0 0.6368181818181818 0.8954545454545455 0.13727272727272727 0.09272727272727273
0 0.9004545454545455 0.8595454545454545 0.1709090909090909 0.12181818181818181
0 0.4009090909090909 0.93 0.09272727272727273 0.0890909090909091
0 0.22590909090909092 0.9427272727272727 0.08727272727272728 0.09909090909090909
0 0.2918181818181818 0.905 0.06909090909090909 0.08636363636363636
0 0.4740909090909091 0.8759090909090909 0.09363636363636364 0.1
0 0.3836363636363636 0.8654545454545455 0.08454545454545455 0.07636363636363637
0 0.20045454545454544 0.8927272727272727 0.07818181818181819 0.08272727272727273
0 0.6622727272727272 0.8031818181818182 0.10727272727272727 0.10636363636363637
0 0.4536363636363636 0.8240909090909091 0.08818181818181818 0.07636363636363637
0 0.5904545454545455 0.8086363636363636 0.10727272727272727 0.10818181818181818
0 0.9472727272727273 0.7372727272727273 0.09363636363636364 0.13545454545454547
0 0.8454545454545455 0.7513636363636363 0.11090909090909092 0.13636363636363635
0 0.275 0.8186363636363636 0.07545454545454545 0.08636363636363636
0 0.1890909090909091 0.8195454545454546 0.09545454545454546 0.06818181818181818
0 0.38181818181818183 0.7890909090909091 0.09090909090909091 0.07454545454545454
0 0.6554545454545454 0.7113636363636363 0.09727272727272727 0.0890909090909091
0 0.5631818181818182 0.7209090909090909 0.08636363636363636 0.08545454545454545
0 0.7977272727272727 0.6786363636363636 0.12181818181818181 0.10727272727272727
0 0.9063636363636364 0.634090909090909 0.11 0.07818181818181819
0 0.31863636363636366 0.6704545454545454 0.17363636363636364 0.1590909090909091
0 0.595 0.5768181818181818 0.22181818181818183 0.15636363636363637
0 0.7968181818181819 0.5281818181818182 0.2018181818181818 0.14
0 0.3013636363636364 0.595 0.14909090909090908 0.13363636363636364
0 0.18363636363636363 0.644090909090909 0.11181818181818182 0.19090909090909092
0 0.42045454545454547 0.5731818181818182 0.11272727272727273 0.17636363636363636
0 0.2677272727272727 0.49727272727272726 0.17363636363636364 0.1009090909090909
0 0.8068181818181818 0.3931818181818182 0.15363636363636363 0.19363636363636363
0 0.52 0.43727272727272726 0.1509090909090909 0.19
0 0.6745454545454546 0.4077272727272727 0.15 0.20454545454545456
0 0.11727272727272728 0.4027272727272727 0.22181818181818183 0.15636363636363637
0 0.3190909090909091 0.35363636363636364 0.2018181818181818 0.14
0 0.8436363636363636 0.1781818181818182 0.21 0.21363636363636362
0 0.5213636363636364 0.22590909090909092 0.21818181818181817 0.20636363636363636
0 0.6827272727272727 0.18772727272727271 0.1618181818181818 0.24272727272727274
0 0.32954545454545453 0.21954545454545454 0.15363636363636363 0.19272727272727272
0 0.05863636363636364 0.2631818181818182 0.11727272727272728 0.19
0 0.1968181818181818 0.23363636363636364 0.1481818181818182 0.20363636363636364
0 0.7772727272727272 0.05227272727272727 0.2109090909090909 0.10454545454545454
0 0.5440909090909091 0.11227272727272727 0.13818181818181818 0.2018181818181818