0 0.37727272727272726 0.9 0.13545454545454547 0.0890909090909091
0 0.11227272727272727 0.8731818181818182 0.16818181818181818 0.11727272727272728
0 0.6140909090909091 0.9263636363636364 0.09090909090909091 0.08727272727272728
0 0.7895454545454546 0.9327272727272727 0.08545454545454545 0.09636363636363636
0 0.7222727272727273 0.8977272727272727 0.06636363636363636 0.08545454545454545
0 0.5390909090909091 0.8745454545454545 0.09181818181818181 0.09727272727272727
0 0.6290909090909091 0.860909090909091 0.08272727272727273 0.07454545454545454
0 0.8131818181818182 0.8818181818181818 0.07545454545454545 0.0809090909090909
0 0.3481818181818182 0.8086363636363636 0.10454545454545454 0.10363636363636364
0 0.5577272727272727 0.8222727272727273 0.08636363636363636 0.07363636363636364
0 0.42045454545454547 0.8113636363636364 0.10454545454545454 0.10545454545454545
0 0.06136363636363636 0.7527272727272727 0.0890909090909091 0.13363636363636364
0 0.16363636363636364 0.7636363636363637 0.10727272727272727 0.13454545454545455
0 0.735909090909091 0.8104545454545454 0.07272727272727272 0.08454545454545455
0 0.8222727272727273 0.8081818181818182 0.09363636363636364 0.06545454545454546
0 0.6281818181818182 0.7845454545454545 0.0890909090909091 0.07181818181818182
0 0.3522727272727273 0.7163636363636363 0.09545454545454546 0.08636363636363636
0 0.445 0.7231818181818181 0.08363636363636363 0.08363636363636363
0 0.20863636363636365 0.6890909090909091 0.12 0.10454545454545454
0 0.09863636363636363 0.6481818181818182 0.10818181818181818 0.07545454545454545
0 0.6872727272727273 0.6640909090909091 0.17 0.15454545454545454
0 0.4077272727272727 0.5804545454545454 0.2190909090909091 0.15
0 0.20454545454545456 0.5381818181818182 0.1990909090909091 0.13363636363636364
0 0.7018181818181818 0.5881818181818181 0.14636363636363636 0.13
0 0.8209090909090909 0.6327272727272727 0.10636363636363637 0.1890909090909091
0 0.5818181818181818 0.5704545454545454 0.10727272727272727 0.17363636363636364
0 0.7318181818181818 0.4890909090909091 0.17272727272727273 0.09545454545454546
0 0.18954545454545454 0.4040909090909091 0.1481818181818182 0.19
0 0.4777272727272727 0.4381818181818182 0.14545454545454545 0.18636363636363637
0 0.32272727272727275 0.41409090909090907 0.14363636363636365 0.2009090909090909
0 0.8790909090909091 0.38954545454545453 0.2190909090909091 0.15
0 0.6754545454545454 0.3477272727272727 0.1990909090909091 0.13363636363636364
0 0.14545454545454545 0.19045454545454546 0.20454545454545456 0.20909090909090908
0 0.4690909090909091 0.2268181818181818 0.21272727272727274 0.2009090909090909
0 0.30636363636363634 0.1940909090909091 0.15454545454545454 0.24
0 0.6604545454545454 0.21363636363636362 0.1481818181818182 0.1890909090909091
0 0.9381818181818182 0.24681818181818183 0.12363636363636364 0.18636363636363637
0 0.7936363636363636 0.22318181818181818 0.14181818181818182 0.2009090909090909
0 0.2059090909090909 0.05545454545454546 0.2081818181818182 0.11090909090909092
0 0.44227272727272726 0.11409090909090909 0.1318181818181818 0.1990909090909091