0 0.8772727272727273 0.24319066147859922 0.22545454545454546 0.2840466926070039
0 0.69 0.1932555123216602 0.17181818181818181 0.24124513618677043
0 0.48318181818181816 0.21011673151750973 0.22818181818181818 0.2840466926070039
0 0.7677272727272727 0.45136186770428016 0.23545454545454544 0.29961089494163423
0 0.5490909090909091 0.41180285343709466 0.19363636363636363 0.2840466926070039
0 0.8372727272727273 0.771076523994812 0.1618181818181818 0.19066147859922178
0 0.735 0.6932555123216602 0.11363636363636363 0.19844357976653695
0 0.6290909090909091 0.6699092088197146 0.1290909090909091 0.20363164721141375
0 0.7763636363636364 0.9027237354085603 0.12 0.17769130998702984
0 0.6572727272727272 0.8346303501945526 0.13545454545454547 0.17769130998702984
0 0.2309090909090909 0.0907911802853437 0.11181818181818182 0.11154345006485085
0 0.2586363636363636 0.20298313878080415 0.10272727272727272 0.13488975356679636
0 0.15636363636363637 0.17898832684824903 0.10272727272727272 0.14267185473411154
0 0.2736363636363636 0.32490272373540857 0.1009090909090909 0.13488975356679636
0 0.16590909090909092 0.3404669260700389 0.11 0.17250324254215305
0 0.4395454545454546 0.6433203631647212 0.17181818181818181 0.24643320363164722
0 0.27090909090909093 0.6108949416342413 0.1690909090909091 0.26329442282749677
0 0.125 0.5804150453955902 0.1481818181818182 0.2243839169909209
0 0.31772727272727275 0.817769130998703 0.17454545454545456 0.21530479896238652
0 0.14 0.7795071335927367 0.18 0.2127107652399481