0 0.12272727272727273 0.24319066147859922 0.22545454545454546 0.2840466926070039
0 0.31 0.1932555123216602 0.17181818181818181 0.24124513618677043
0 0.5168181818181818 0.21011673151750973 0.22818181818181818 0.2840466926070039
0 0.23227272727272727 0.45136186770428016 0.23545454545454544 0.29961089494163423
0 0.4509090909090909 0.41180285343709466 0.19363636363636363 0.2840466926070039
0 0.16272727272727272 0.771076523994812 0.1618181818181818 0.19066147859922178
0 0.265 0.6932555123216602 0.11363636363636363 0.19844357976653695
0 0.3709090909090909 0.6699092088197146 0.1290909090909091 0.20363164721141375
0 0.22363636363636363 0.9027237354085603 0.12 0.17769130998702984
0 0.3427272727272727 0.8346303501945526 0.13545454545454547 0.17769130998702984
0 0.769090909090909 0.0907911802853437 0.11181818181818182 0.11154345006485085
0 0.7413636363636363 0.20298313878080415 0.10272727272727272 0.13488975356679636
0 0.8436363636363636 0.17898832684824903 0.10272727272727272 0.14267185473411154
0 0.7263636363636363 0.32490272373540857 0.1009090909090909 0.13488975356679636
0 0.8340909090909091 0.3404669260700389 0.11 0.17250324254215305
0 0.5604545454545454 0.6433203631647212 0.17181818181818181 0.24643320363164722
0 0.7290909090909091 0.6108949416342413 0.1690909090909091 0.26329442282749677
0 0.875 0.5804150453955902 0.1481818181818182 0.2243839169909209
0 0.6822727272727273 0.817769130998703 0.17454545454545456 0.21530479896238652
0 0.86 0.7795071335927367 0.18 0.2127107652399481