0 0.5513636363636364 0.8484848484848485 0.19454545454545455 0.21371610845295055
0 0.6886363636363636 0.7360446570972887 0.12090909090909091 0.3237639553429027
0 0.405 0.79585326953748 0.10454545454545454 0.30303030303030304
0 0.5354545454545454 0.6818181818181818 0.18 0.18341307814992025
0 0.30454545454545456 0.8157894736842105 0.12545454545454546 0.32057416267942584
0 0.29318181818181815 0.5063795853269537 0.1809090909090909 0.20893141945773525
0 0.7340909090909091 0.3963317384370016 0.13636363636363635 0.3157894736842105
0 0.58 0.43779904306220097 0.21727272727272728 0.3444976076555024
0 0.16 0.44976076555023925 0.09363636363636364 0.3062200956937799
0 0.2759090909090909 0.34768740031897927 0.16363636363636364 0.189792663476874
0 0.8677272727272727 0.2583732057416268 0.1781818181818182 0.34609250398724084
0 0.06954545454545455 0.33891547049441784 0.09727272727272727 0.26953748006379585
0 0.4768181818181818 0.2240829346092504 0.22727272727272727 0.34609250398724084
0 0.20227272727272727 0.20972886762360446 0.17636363636363636 0.17543859649122806
0 0.6754545454545454 0.1339712918660287 0.20545454545454545 0.2679425837320574