0 0.48772727272727273 0.8588516746411483 0.18727272727272729 0.18660287081339713
0 0.34045454545454545 0.7950558213716108 0.10727272727272727 0.31100478468899523
0 0.6254545454545455 0.7583732057416268 0.09090909090909091 0.2934609250398724
0 0.485 0.6905901116427432 0.17363636363636364 0.1594896331738437
0 0.7263636363636363 0.7440191387559809 0.11181818181818182 0.3078149920255183
0 0.7040909090909091 0.4370015948963317 0.17363636363636364 0.1850079744816587
0 0.2590909090909091 0.4768740031897927 0.12272727272727273 0.29984051036682613
0 0.41454545454545455 0.46570972886762363 0.20454545454545456 0.31738437001594894
0 0.8281818181818181 0.3373205741626794 0.07909090909090909 0.2982456140350877
0 0.7036363636363636 0.2751196172248804 0.1572727272727273 0.16905901116427433
0 0.11272727272727273 0.38516746411483255 0.16454545454545455 0.3253588516746411
0 0.905 0.19776714513556617 0.08545454545454545 0.25996810207336524
0 0.49272727272727274 0.22089314194577353 0.21363636363636362 0.31738437001594894
0 0.7609090909090909 0.11483253588516747 0.1709090909090909 0.15151515151515152
0 0.2859090909090909 0.1850079744816587 0.19454545454545455 0.2727272727272727