0 0.11 0.40671641791044777 0.164 0.15671641791044777
0 0.11733333333333333 0.5149253731343284 0.152 0.19900497512437812
0 0.154 0.32213930348258707 0.14266666666666666 0.14676616915422885
0 0.25866666666666666 0.2599502487562189 0.11733333333333333 0.1517412935323383
0 0.3 0.35323383084577115 0.13866666666666666 0.16417910447761194
0 0.2653333333333333 0.4664179104477612 0.144 0.18407960199004975
0 0.22066666666666668 0.6156716417910447 0.18133333333333335 0.22885572139303484
0 0.372 0.7176616915422885 0.16266666666666665 0.24378109452736318
0 0.41733333333333333 0.5572139303482587 0.17866666666666667 0.19154228855721392
0 0.38466666666666666 0.21890547263681592 0.132 0.1517412935323383
0 0.4513333333333333 0.31094527363184077 0.16 0.14676616915422885
0 0.5313333333333333 0.2263681592039801 0.12933333333333333 0.12437810945273632
0 0.57 0.7263681592039801 0.19733333333333333 0.2263681592039801
0 0.6293333333333333 0.5659203980099502 0.164 0.17661691542288557
0 0.6253333333333333 0.35199004975124376 0.12933333333333333 0.16417910447761194
0 0.7013333333333334 0.44776119402985076 0.144 0.18159203980099503
0 0.6773333333333333 0.26492537313432835 0.13466666666666666 0.13432835820895522
0 0.7886666666666666 0.33955223880597013 0.15333333333333332 0.16169154228855723
0 0.878 0.4427860696517413 0.164 0.16417910447761194
0 0.8686666666666667 0.5783582089552238 0.148 0.208955223880597
0 0.7786666666666666 0.7052238805970149 0.18933333333333333 0.23134328358208955