0 0.11933333333333333 0.31840796019900497 0.172 0.19154228855721392
0 0.11933333333333333 0.42786069651741293 0.16266666666666665 0.22885572139303484
0 0.168 0.24502487562189054 0.14933333333333335 0.17661691542288557
0 0.276 0.2064676616915423 0.12533333333333332 0.17661691542288557
0 0.31066666666666665 0.30970149253731344 0.14666666666666667 0.19154228855721392
0 0.2693333333333333 0.4129353233830846 0.15466666666666667 0.21393034825870647
0 0.21533333333333332 0.5522388059701493 0.19333333333333333 0.26616915422885573
0 0.3586666666666667 0.6878109452736318 0.176 0.27611940298507465
0 0.4146666666666667 0.5373134328358209 0.18933333333333333 0.22885572139303484
0 0.404 0.19402985074626866 0.14 0.1791044776119403
0 0.464 0.30223880597014924 0.16666666666666666 0.18159203980099503
0 0.5486666666666666 0.236318407960199 0.13466666666666666 0.1517412935323383
0 0.5546666666666666 0.7400497512437811 0.20933333333333334 0.26865671641791045
0 0.624 0.5945273631840796 0.17333333333333334 0.21144278606965175
0 0.634 0.3818407960199005 0.13866666666666666 0.19154228855721392
0 0.7033333333333334 0.4937810945273632 0.15333333333333332 0.21144278606965175
0 0.6913333333333334 0.3072139303482587 0.14133333333333334 0.16417910447761194
0 0.7966666666666666 0.40671641791044777 0.16133333333333333 0.19402985074626866
0 0.8786666666666667 0.5286069651741293 0.172 0.19900497512437812
0 0.8606666666666667 0.6616915422885572 0.15866666666666668 0.23880597014925373
0 0.7626666666666667 0.7661691542288557 0.20133333333333334 0.27114427860696516