0 0.8593333333333333 0.44308943089430897 0.21333333333333335 0.4065040650406504
0 0.7986666666666666 0.3150406504065041 0.128 0.24796747967479674
0 0.696 0.4024390243902439 0.16133333333333333 0.2967479674796748
0 0.612 0.35772357723577236 0.17866666666666667 0.3089430894308943
0 0.52 0.6544715447154471 0.28 0.3983739837398374
0 0.5193333333333333 0.5447154471544715 0.21333333333333335 0.33739837398373984
0 0.13866666666666666 0.7784552845528455 0.21866666666666668 0.42276422764227645
0 0.17666666666666667 0.5995934959349594 0.164 0.2967479674796748
0 0.29533333333333334 0.6036585365853658 0.18933333333333333 0.2967479674796748
0 0.4066666666666667 0.4634146341463415 0.152 0.25203252032520324
0 0.3446666666666667 0.4532520325203252 0.14666666666666667 0.23577235772357724