0 0.9 0.4980769230769231 0.116 0.17307692307692307
0 0.8433333333333334 0.4153846153846154 0.1 0.16153846153846155
0 0.8973333333333333 0.6365384615384615 0.14 0.23076923076923078
0 0.818 0.75 0.16 0.23846153846153847
0 0.8 0.5153846153846153 0.10533333333333333 0.17692307692307693
0 0.7533333333333333 0.3346153846153846 0.09466666666666666 0.1423076923076923
0 0.7546666666666667 0.4288461538461538 0.08266666666666667 0.14615384615384616
0 0.722 0.5788461538461539 0.13333333333333333 0.21923076923076923
0 0.666 0.49423076923076925 0.1 0.17692307692307693
0 0.6426666666666667 0.39615384615384613 0.07333333333333333 0.15384615384615385
0 0.6533333333333333 0.34615384615384615 0.09066666666666667 0.1423076923076923
0 0.612 0.2692307692307692 0.07466666666666667 0.13846153846153847
0 0.538 0.29615384615384616 0.08133333333333333 0.11923076923076924
0 0.462 0.22884615384615384 0.07733333333333334 0.12307692307692308
0 0.41933333333333334 0.27115384615384613 0.08533333333333333 0.14615384615384616
0 0.5153333333333333 0.3403846153846154 0.104 0.15384615384615385
0 0.3993333333333333 0.3326923076923077 0.104 0.16538461538461538
0 0.2866666666666667 0.2423076923076923 0.08666666666666667 0.13846153846153847
0 0.2853333333333333 0.3 0.092 0.16153846153846155
0 0.3293333333333333 0.38076923076923075 0.08266666666666667 0.15384615384615385
0 0.5413333333333333 0.5115384615384615 0.116 0.2
0 0.602 0.6384615384615384 0.136 0.2153846153846154
0 0.38333333333333336 0.46923076923076923 0.12133333333333333 0.17307692307692307
0 0.406 0.5615384615384615 0.124 0.21923076923076923
0 0.4553333333333333 0.6826923076923077 0.14666666666666667 0.25
0 0.23133333333333334 0.5980769230769231 0.14 0.24615384615384617
0 0.25 0.47884615384615387 0.116 0.20384615384615384
0 0.184 0.3769230769230769 0.116 0.18461538461538463
0 0.17333333333333334 0.2865384615384615 0.08 0.16153846153846155
0 0.096 0.4288461538461538 0.12 0.19615384615384615