0 0.1 0.5576923076923077 0.11866666666666667 0.18846153846153846
0 0.15533333333333332 0.4673076923076923 0.10266666666666667 0.17692307692307693
0 0.106 0.6961538461538461 0.14266666666666666 0.25
0 0.18666666666666668 0.7961538461538461 0.16133333333333333 0.25769230769230766
0 0.20066666666666666 0.5615384615384615 0.10666666666666667 0.18846153846153846
0 0.244 0.3730769230769231 0.096 0.15384615384615385
0 0.24466666666666667 0.4673076923076923 0.084 0.1576923076923077
0 0.28 0.6115384615384616 0.136 0.23461538461538461
0 0.33466666666666667 0.5192307692307693 0.10133333333333333 0.19230769230769232
0 0.356 0.4173076923076923 0.076 0.16538461538461538
0 0.344 0.36923076923076925 0.092 0.15384615384615385
0 0.38333333333333336 0.2865384615384615 0.076 0.15
0 0.458 0.3038461538461538 0.08266666666666667 0.13076923076923078
0 0.5326666666666666 0.225 0.07866666666666666 0.13076923076923078
0 0.5766666666666667 0.25769230769230766 0.08666666666666667 0.1576923076923077
0 0.482 0.3423076923076923 0.10533333333333333 0.16538461538461538
0 0.5973333333333334 0.3173076923076923 0.10666666666666667 0.17692307692307693
0 0.708 0.20961538461538462 0.088 0.15
0 0.7106666666666667 0.2673076923076923 0.09466666666666666 0.17307692307692307
0 0.668 0.3557692307692308 0.08533333333333333 0.16538461538461538
0 0.4593333333333333 0.5192307692307693 0.11866666666666667 0.2153846153846154
0 0.40066666666666667 0.6538461538461539 0.13866666666666666 0.23461538461538461
0 0.616 0.45 0.124 0.18846153846153846
0 0.5953333333333334 0.5480769230769231 0.12533333333333332 0.23461538461538461
0 0.548 0.676923076923077 0.14933333333333335 0.2692307692307692
0 0.77 0.5576923076923077 0.14266666666666666 0.2653846153846154
0 0.7493333333333333 0.4403846153846154 0.11866666666666667 0.21923076923076923
0 0.8133333333333334 0.32884615384615384 0.11733333333333333 0.2
0 0.8226666666666667 0.23846153846153847 0.08266666666666667 0.16923076923076924
0 0.9026666666666666 0.36923076923076925 0.12266666666666666 0.21153846153846154