0 0.09266666666666666 0.4823943661971831 0.13066666666666665 0.17253521126760563
0 0.11466666666666667 0.34330985915492956 0.08533333333333333 0.13028169014084506
0 0.18 0.27992957746478875 0.07466666666666667 0.12323943661971831
0 0.20466666666666666 0.3926056338028169 0.08533333333333333 0.14084507042253522
0 0.166 0.625 0.156 0.2007042253521127
0 0.2773333333333333 0.24295774647887325 0.092 0.10915492957746478
0 0.272 0.3274647887323944 0.07866666666666666 0.12323943661971831
0 0.272 0.4876760563380282 0.13466666666666666 0.176056338028169
0 0.3373333333333333 0.40316901408450706 0.08933333333333333 0.15140845070422534
0 0.38066666666666665 0.3485915492957746 0.084 0.11971830985915492
0 0.36666666666666664 0.29225352112676056 0.08666666666666667 0.11267605633802817
0 0.4026666666666667 0.23943661971830985 0.07066666666666667 0.10211267605633803
0 0.482 0.27992957746478875 0.08266666666666667 0.09859154929577464
0 0.48933333333333334 0.3362676056338028 0.08666666666666667 0.11267605633802817
0 0.4553333333333333 0.4859154929577465 0.12 0.16549295774647887
0 0.38066666666666665 0.5915492957746479 0.15066666666666667 0.19718309859154928
0 0.5533333333333333 0.2605633802816901 0.06533333333333333 0.10211267605633803
0 0.6033333333333334 0.30633802816901406 0.08533333333333333 0.1056338028169014
0 0.6066666666666667 0.3626760563380282 0.088 0.1267605633802817
0 0.6693333333333333 0.43485915492957744 0.10533333333333333 0.13732394366197184
0 0.7226666666666667 0.32922535211267606 0.096 0.11267605633802817
0 0.7213333333333334 0.3855633802816901 0.092 0.14084507042253522
0 0.8313333333333334 0.4084507042253521 0.07466666666666667 0.1267605633802817
0 0.8053333333333333 0.4788732394366197 0.11866666666666667 0.13380281690140844
0 0.598 0.49471830985915494 0.10666666666666667 0.14084507042253522
0 0.566 0.5915492957746479 0.12 0.1795774647887324
0 0.504 0.7077464788732394 0.156 0.21830985915492956
0 0.742 0.5669014084507042 0.13333333333333333 0.17253521126760563
0 0.7546666666666667 0.7007042253521126 0.14266666666666666 0.19014084507042253
0 0.8953333333333333 0.579225352112676 0.14 0.17253521126760563