0 0.9066666666666666 0.5580985915492958 0.132 0.18309859154929578
0 0.888 0.4137323943661972 0.08666666666666667 0.13732394366197184
0 0.8246666666666667 0.3380281690140845 0.076 0.13028169014084506
0 0.7973333333333333 0.4471830985915493 0.08666666666666667 0.14788732394366197
0 0.83 0.6866197183098591 0.15866666666666668 0.2147887323943662
0 0.7286666666666667 0.2852112676056338 0.092 0.11971830985915492
0 0.732 0.36971830985915494 0.08 0.13028169014084506
0 0.728 0.5299295774647887 0.136 0.18661971830985916
0 0.6646666666666666 0.43309859154929575 0.09066666666666667 0.15845070422535212
0 0.6226666666666667 0.3714788732394366 0.08533333333333333 0.1267605633802817
0 0.6386666666666667 0.31866197183098594 0.088 0.11971830985915492
0 0.604 0.25880281690140844 0.072 0.10915492957746478
0 0.524 0.2834507042253521 0.084 0.1056338028169014
0 0.5153333333333333 0.3380281690140845 0.088 0.11971830985915492
0 0.5446666666666666 0.49471830985915494 0.12133333333333333 0.176056338028169
0 0.6166666666666667 0.6126760563380281 0.15333333333333332 0.2112676056338028
0 0.45266666666666666 0.2517605633802817 0.06666666666666667 0.10915492957746478
0 0.402 0.2869718309859155 0.08666666666666667 0.11267605633802817
0 0.39666666666666667 0.34330985915492956 0.08933333333333333 0.13380281690140844
0 0.33266666666666667 0.40492957746478875 0.10666666666666667 0.14788732394366197
0 0.2826666666666667 0.2887323943661972 0.09733333333333333 0.12323943661971831
0 0.282 0.34507042253521125 0.09333333333333334 0.15140845070422534
0 0.172 0.34683098591549294 0.076 0.13380281690140844
0 0.196 0.4225352112676056 0.12 0.1443661971830986
0 0.4026666666666667 0.4753521126760563 0.108 0.15140845070422534
0 0.432 0.579225352112676 0.12133333333333333 0.19014084507042253
0 0.49066666666666664 0.7059859154929577 0.15866666666666668 0.2323943661971831
0 0.25666666666666665 0.522887323943662 0.13466666666666666 0.18309859154929578
0 0.24066666666666667 0.653169014084507 0.14533333333333334 0.2007042253521127
0 0.10333333333333333 0.5070422535211268 0.14133333333333334 0.18309859154929578