0 0.904 0.3888888888888889 0.09733333333333333 0.17037037037037037
0 0.8373333333333334 0.27037037037037037 0.104 0.15185185185185185
0 0.7853333333333333 0.34074074074074073 0.11466666666666667 0.16296296296296298
0 0.7826666666666666 0.44074074074074077 0.11733333333333333 0.18518518518518517
0 0.87 0.5333333333333333 0.12933333333333333 0.21851851851851853
0 0.7466666666666667 0.22592592592592592 0.1 0.13333333333333333
0 0.7026666666666667 0.29074074074074074 0.08266666666666667 0.12962962962962962
0 0.68 0.40185185185185185 0.09866666666666667 0.17777777777777778
0 0.6873333333333334 0.5722222222222222 0.14933333333333335 0.22962962962962963
0 0.614 0.725925925925926 0.18 0.2518518518518518
0 0.6226666666666667 0.2388888888888889 0.088 0.13333333333333333
0 0.5626666666666666 0.3 0.09333333333333334 0.13333333333333333
0 0.612 0.34629629629629627 0.10266666666666667 0.15925925925925927
0 0.6166666666666667 0.48703703703703705 0.12266666666666666 0.1814814814814815
0 0.5193333333333333 0.6166666666666667 0.14133333333333334 0.2037037037037037
0 0.4653333333333333 0.5407407407407407 0.10133333333333333 0.18518518518518517
0 0.5 0.3611111111111111 0.09333333333333334 0.14444444444444443
0 0.4713333333333333 0.26666666666666666 0.092 0.13703703703703704
0 0.40066666666666667 0.3388888888888889 0.10133333333333333 0.15185185185185185
0 0.39666666666666667 0.40925925925925927 0.096 0.15925925925925927
0 0.37066666666666664 0.5018518518518519 0.10266666666666667 0.16296296296296298
0 0.33466666666666667 0.6259259259259259 0.10666666666666667 0.17037037037037037
0 0.386 0.7574074074074074 0.14 0.2518518518518518
0 0.3313333333333333 0.3148148148148148 0.08666666666666667 0.1259259259259259
0 0.25066666666666665 0.38333333333333336 0.08933333333333333 0.14074074074074075
0 0.2693333333333333 0.45 0.104 0.17777777777777778
0 0.23533333333333334 0.5481481481481482 0.11066666666666666 0.1962962962962963
0 0.15133333333333332 0.48518518518518516 0.10933333333333334 0.17407407407407408
0 0.108 0.6203703703703703 0.116 0.2111111111111111
0 0.19666666666666666 0.7240740740740741 0.13866666666666666 0.25555555555555554