0 0.09933333333333333 0.30925925925925923 0.1 0.18518518518518517
0 0.16933333333333334 0.20555555555555555 0.10666666666666667 0.17037037037037037
0 0.21933333333333332 0.2851851851851852 0.11733333333333333 0.1814814814814815
0 0.21933333333333332 0.387037037037037 0.12 0.2037037037037037
0 0.13 0.46296296296296297 0.13333333333333333 0.24444444444444444
0 0.2613333333333333 0.17777777777777778 0.10266666666666667 0.15185185185185185
0 0.30333333333333334 0.2518518518518518 0.08533333333333333 0.14444444444444443
0 0.32266666666666666 0.36666666666666664 0.10133333333333333 0.1925925925925926
0 0.31066666666666665 0.5370370370370371 0.15333333333333332 0.25555555555555554
0 0.38066666666666665 0.7037037037037037 0.184 0.2851851851851852
0 0.38466666666666666 0.21481481481481482 0.09066666666666667 0.15185185185185185
0 0.44266666666666665 0.28888888888888886 0.096 0.14814814814814814
0 0.39266666666666666 0.32592592592592595 0.10666666666666667 0.17777777777777778
0 0.384 0.4648148148148148 0.12533333333333332 0.2037037037037037
0 0.47733333333333333 0.6129629629629629 0.14533333333333334 0.22962962962962963
0 0.5333333333333333 0.5462962962962963 0.10533333333333333 0.2037037037037037
0 0.5033333333333333 0.3611111111111111 0.096 0.15925925925925927
0 0.5346666666666666 0.2722222222222222 0.09466666666666666 0.15185185185185185
0 0.6033333333333334 0.3592592592592593 0.104 0.17037037037037037
0 0.6053333333333333 0.42962962962962964 0.1 0.17407407407407408
0 0.6293333333333333 0.5259259259259259 0.10533333333333333 0.1814814814814815
0 0.6613333333333333 0.6592592592592592 0.10933333333333334 0.18888888888888888
0 0.6073333333333333 0.7796296296296297 0.14533333333333334 0.2740740740740741
0 0.6726666666666666 0.34814814814814815 0.08933333333333333 0.14074074074074075
0 0.752 0.43148148148148147 0.092 0.15925925925925927
0 0.7313333333333333 0.49444444444444446 0.10666666666666667 0.1962962962962963
0 0.7626666666666667 0.5981481481481481 0.11466666666666667 0.21851851851851853
0 0.848 0.5537037037037037 0.112 0.1962962962962963
0 0.888 0.6962962962962963 0.12 0.22962962962962963
0 0.7966666666666666 0.7814814814814814 0.144 0.2777777777777778