0 0.08 0.5652866242038217 0.11066666666666666 0.18789808917197454
0 0.13333333333333333 0.42356687898089174 0.12666666666666668 0.15286624203821655
0 0.18666666666666668 0.4538216560509554 0.12133333333333333 0.16560509554140126
0 0.21466666666666667 0.3200636942675159 0.08666666666666667 0.1337579617834395
0 0.2613333333333333 0.3535031847133758 0.09866666666666667 0.14968152866242038
0 0.346 0.267515923566879 0.10933333333333334 0.14012738853503184
0 0.31266666666666665 0.46178343949044587 0.09733333333333333 0.16560509554140126
0 0.118 0.7070063694267515 0.14666666666666667 0.22929936305732485
0 0.20133333333333334 0.5589171974522293 0.12 0.2070063694267516
0 0.30866666666666664 0.6496815286624203 0.16666666666666666 0.2515923566878981
0 0.38666666666666666 0.7802547770700637 0.14533333333333334 0.21656050955414013
0 0.37733333333333335 0.5270700636942676 0.156 0.21019108280254778
0 0.374 0.35987261146496813 0.10933333333333334 0.16560509554140126
0 0.43733333333333335 0.28503184713375795 0.09733333333333333 0.14331210191082802
0 0.488 0.3248407643312102 0.104 0.15286624203821655
0 0.5146666666666667 0.2197452229299363 0.09866666666666667 0.1337579617834395
0 0.5853333333333334 0.25636942675159236 0.108 0.15286624203821655
0 0.6553333333333333 0.18949044585987262 0.09466666666666666 0.1305732484076433
0 0.6033333333333334 0.3248407643312102 0.12266666666666666 0.17197452229299362
0 0.64 0.4140127388535032 0.10533333333333333 0.15286624203821655
0 0.544 0.49203821656050956 0.12666666666666668 0.1942675159235669
0 0.49866666666666665 0.606687898089172 0.152 0.23885350318471338
0 0.6386666666666667 0.6894904458598726 0.15733333333333333 0.27388535031847133
0 0.69 0.5015923566878981 0.13333333333333333 0.24203821656050956
0 0.7453333333333333 0.2229299363057325 0.096 0.13694267515923567
0 0.7353333333333333 0.29777070063694266 0.104 0.16878980891719744
0 0.778 0.3837579617834395 0.128 0.19745222929936307
0 0.8626666666666667 0.2770700636942675 0.11866666666666667 0.1751592356687898
0 0.916 0.3964968152866242 0.12933333333333333 0.2197452229299363
0 0.8466666666666667 0.535031847133758 0.16266666666666665 0.2770700636942675