0 0.07933333333333334 0.5302547770700637 0.108 0.18152866242038215
0 0.13466666666666666 0.39331210191082805 0.12533333333333332 0.14331210191082802
0 0.18733333333333332 0.428343949044586 0.12 0.15605095541401273
0 0.21733333333333332 0.2961783439490446 0.08533333333333333 0.12738853503184713
0 0.264 0.3328025477707006 0.09733333333333333 0.14331210191082802
0 0.35 0.25477707006369427 0.108 0.1337579617834395
0 0.31333333333333335 0.445859872611465 0.096 0.1592356687898089
0 0.11466666666666667 0.6751592356687898 0.144 0.2197452229299363
0 0.20066666666666666 0.5334394904458599 0.11733333333333333 0.19745222929936307
0 0.30666666666666664 0.6337579617834395 0.164 0.23885350318471338
0 0.38266666666666665 0.7707006369426752 0.14266666666666666 0.2070063694267516
0 0.37666666666666665 0.5159235668789809 0.15333333333333332 0.19745222929936307
0 0.376 0.3503184713375796 0.10666666666666667 0.1592356687898089
0 0.44066666666666665 0.2802547770700637 0.096 0.13694267515923567
0 0.49 0.3248407643312102 0.10266666666666667 0.14331210191082802
0 0.5186666666666667 0.2213375796178344 0.09733333333333333 0.12738853503184713
0 0.5893333333333334 0.2643312101910828 0.10666666666666667 0.1464968152866242
0 0.66 0.20222929936305734 0.09333333333333334 0.12420382165605096
0 0.606 0.3343949044585987 0.12133333333333333 0.1624203821656051
0 0.6413333333333333 0.4251592356687898 0.104 0.14331210191082802
0 0.544 0.49522292993630573 0.12533333333333332 0.18471337579617833
0 0.49733333333333335 0.606687898089172 0.14933333333333335 0.22611464968152867
0 0.636 0.7006369426751592 0.15466666666666667 0.2611464968152866
0 0.69 0.517515923566879 0.13066666666666665 0.23248407643312102
0 0.7486666666666667 0.24363057324840764 0.09466666666666666 0.1305732484076433
0 0.738 0.31687898089171973 0.10266666666666667 0.1592356687898089
0 0.7793333333333333 0.40605095541401276 0.12533333333333332 0.18789808917197454
0 0.866 0.3073248407643312 0.11733333333333333 0.16560509554140126
0 0.9173333333333333 0.4299363057324841 0.128 0.21019108280254778
0 0.8453333333333334 0.5636942675159236 0.16 0.267515923566879