0 0.48130841121495327 0.3069852941176471 0.0814419225634179 0.1875
0 0.5727636849132176 0.3088235294117647 0.11481975967957277 0.19117647058823528
0 0.6522029372496663 0.3088235294117647 0.09879839786381843 0.21323529411764705
0 0.7496662216288384 0.31985294117647056 0.15620827770360482 0.21691176470588236
0 0.7983978638184246 0.3327205882352941 0.14686248331108145 0.23529411764705882
0 0.8651535380507344 0.44485294117647056 0.2096128170894526 0.31985294117647056
0 0.7323097463284379 0.5018382352941176 0.22429906542056074 0.4264705882352941
0 0.38317757009345793 0.3327205882352941 0.11348464619492657 0.19117647058823528
0 0.28437917222963954 0.35294117647058826 0.12283044058744993 0.2426470588235294
0 0.20160213618157544 0.39889705882352944 0.14819759679572764 0.2426470588235294
0 0.12016021361815754 0.4650735294117647 0.21495327102803738 0.29411764705882354
0 0.12149532710280374 0.5643382352941176 0.18958611481975968 0.3492647058823529
0 0.19225634178905207 0.6213235294117647 0.2590120160213618 0.4411764705882353
0 0.3484646194926569 0.6286764705882353 0.22029372496662217 0.41911764705882354
0 0.5507343124165555 0.5790441176470589 0.17623497997329773 0.47058823529411764