0 0.45466666666666666 0.24814814814814815 0.08666666666666667 0.11481481481481481
0 0.59 0.2777777777777778 0.088 0.1111111111111111
0 0.5206666666666667 0.3148148148148148 0.1 0.12222222222222222
0 0.604 0.3351851851851852 0.096 0.13703703703703704
0 0.65 0.3962962962962963 0.12 0.15185185185185185
0 0.7073333333333334 0.35 0.09866666666666667 0.13333333333333333
0 0.8046666666666666 0.43333333333333335 0.124 0.16296296296296298
0 0.726 0.4925925925925926 0.17866666666666667 0.18888888888888888
0 0.646 0.5388888888888889 0.15866666666666668 0.21481481481481482
0 0.4206666666666667 0.30925925925925923 0.112 0.16296296296296298
0 0.3333333333333333 0.25555555555555554 0.13733333333333334 0.13703703703703704
0 0.344 0.32222222222222224 0.124 0.15555555555555556
0 0.224 0.3148148148148148 0.12133333333333333 0.16296296296296298
0 0.30733333333333335 0.37407407407407406 0.16 0.15555555555555556
0 0.30333333333333334 0.44814814814814813 0.19866666666666666 0.21481481481481482
0 0.12066666666666667 0.42962962962962964 0.16533333333333333 0.22962962962962963
0 0.26066666666666666 0.6092592592592593 0.216 0.3074074074074074
0 0.45266666666666666 0.5203703703703704 0.232 0.2
0 0.5093333333333333 0.6648148148148149 0.17066666666666666 0.28888888888888886
0 0.8626666666666667 0.6111111111111112 0.20933333333333334 0.26666666666666666
0 0.7486666666666667 0.6907407407407408 0.17866666666666667 0.2777777777777778