0 0.5466666666666666 0.25 0.08666666666666667 0.1111111111111111
0 0.41133333333333333 0.2740740740740741 0.088 0.10740740740740741
0 0.48 0.31296296296296294 0.1 0.11851851851851852
0 0.3973333333333333 0.3296296296296296 0.09466666666666666 0.12962962962962962
0 0.3506666666666667 0.3888888888888889 0.11866666666666667 0.14444444444444443
0 0.294 0.34074074074074073 0.09733333333333333 0.1259259259259259
0 0.196 0.4185185185185185 0.12266666666666666 0.15555555555555556
0 0.274 0.48148148148148145 0.17733333333333334 0.1814814814814815
0 0.35333333333333333 0.5314814814814814 0.15733333333333333 0.2074074074074074
0 0.5806666666666667 0.31296296296296294 0.11066666666666666 0.15925925925925927
0 0.6686666666666666 0.26296296296296295 0.136 0.13333333333333333
0 0.6573333333333333 0.3296296296296296 0.12266666666666666 0.14814814814814814
0 0.7773333333333333 0.3277777777777778 0.12 0.15555555555555556
0 0.6933333333333334 0.38333333333333336 0.15866666666666668 0.14814814814814814
0 0.6966666666666667 0.45740740740740743 0.19866666666666666 0.2037037037037037
0 0.8793333333333333 0.44814814814814813 0.164 0.2222222222222222
0 0.7386666666666667 0.6222222222222222 0.21466666666666667 0.2962962962962963
0 0.5466666666666666 0.524074074074074 0.23066666666666666 0.18888888888888888
0 0.48933333333333334 0.6648148148148149 0.168 0.2814814814814815
0 0.13666666666666666 0.5925925925925926 0.208 0.25555555555555554
0 0.25 0.6777777777777778 0.17733333333333334 0.27037037037037037