0 0.5293333333333333 0.21264367816091953 0.1 0.1532567049808429
0 0.394 0.25862068965517243 0.10133333333333333 0.15708812260536398
0 0.4713333333333333 0.29310344827586204 0.104 0.18007662835249041
0 0.386 0.342911877394636 0.1 0.17624521072796934
0 0.27066666666666667 0.36590038314176243 0.09866666666666667 0.1685823754789272
0 0.17866666666666667 0.4885057471264368 0.128 0.21455938697318008
0 0.342 0.43486590038314177 0.09733333333333333 0.19157088122605365
0 0.274 0.5421455938697318 0.19333333333333333 0.25287356321839083
0 0.35933333333333334 0.5881226053639846 0.152 0.26053639846743293
0 0.16 0.7030651340996169 0.21466666666666667 0.3524904214559387
0 0.6593333333333333 0.20306513409961685 0.13866666666666666 0.1839080459770115
0 0.578 0.2720306513409962 0.12533333333333332 0.21455938697318008
0 0.6573333333333333 0.28160919540229884 0.12666666666666668 0.18773946360153257
0 0.7853333333333333 0.2739463601532567 0.12133333333333333 0.2222222222222222
0 0.6973333333333334 0.3544061302681992 0.16933333333333334 0.24904214559386972
0 0.6986666666666667 0.4444444444444444 0.21333333333333335 0.3103448275862069
0 0.8726666666666667 0.38122605363984674 0.164 0.29118773946360155
0 0.5453333333333333 0.5306513409961686 0.232 0.26436781609195403
0 0.718 0.6283524904214559 0.22 0.3716475095785441
0 0.508 0.7068965517241379 0.19333333333333333 0.32950191570881227
0 0.314 0.7777777777777778 0.19866666666666666 0.34099616858237547