0 0.5566666666666666 0.32857142857142857 0.084 0.16326530612244897
0 0.44866666666666666 0.2673469387755102 0.08 0.20408163265306123
0 0.504 0.34285714285714286 0.12533333333333332 0.22448979591836735
0 0.4013333333333333 0.2836734693877551 0.128 0.2
0 0.37933333333333336 0.3551020408163265 0.09866666666666667 0.2571428571428571
0 0.41133333333333333 0.46530612244897956 0.13866666666666666 0.30612244897959184
0 0.6126666666666667 0.3816326530612245 0.088 0.20408163265306123
0 0.7126666666666667 0.4326530612244898 0.10266666666666667 0.22040816326530613
0 0.6893333333333334 0.463265306122449 0.108 0.27346938775510204
0 0.814 0.5285714285714286 0.11066666666666666 0.24897959183673468
0 0.7426666666666667 0.5653061224489796 0.12933333333333333 0.30612244897959184
0 0.6126666666666667 0.536734693877551 0.15466666666666667 0.34285714285714286
0 0.8926666666666667 0.6612244897959184 0.128 0.3224489795918367
0 0.7686666666666667 0.7183673469387755 0.188 0.4326530612244898
0 0.558 0.6571428571428571 0.192 0.4122448979591837
0 0.29333333333333333 0.22244897959183674 0.08666666666666667 0.22857142857142856
0 0.2813333333333333 0.2897959183673469 0.13333333333333333 0.24897959183673468
0 0.22733333333333333 0.3346938775510204 0.132 0.3142857142857143
0 0.13466666666666666 0.2897959183673469 0.16266666666666665 0.3224489795918367
0 0.12533333333333332 0.4387755102040816 0.18933333333333333 0.3346938775510204
0 0.326 0.5591836734693878 0.24 0.45714285714285713