0 0.44666666666666666 0.32040816326530613 0.08266666666666667 0.1510204081632653
0 0.5553333333333333 0.2755102040816326 0.07866666666666666 0.19591836734693877
0 0.49866666666666665 0.34285714285714286 0.12266666666666666 0.20816326530612245
0 0.602 0.3 0.12666666666666668 0.1836734693877551
0 0.6226666666666667 0.37551020408163266 0.09466666666666666 0.24489795918367346
0 0.5893333333333334 0.47959183673469385 0.13466666666666666 0.2857142857142857
0 0.39 0.363265306122449 0.08533333333333333 0.19183673469387755
0 0.2886666666666667 0.3979591836734694 0.1 0.20816326530612245
0 0.31133333333333335 0.4346938775510204 0.10533333333333333 0.2571428571428571
0 0.186 0.4775510204081633 0.108 0.23673469387755103
0 0.25666666666666665 0.5265306122448979 0.12533333333333332 0.2897959183673469
0 0.38666666666666666 0.5183673469387755 0.15066666666666667 0.3224489795918367
0 0.10533333333333333 0.5979591836734693 0.124 0.30612244897959184
0 0.228 0.6755102040816326 0.18266666666666667 0.40816326530612246
0 0.43933333333333335 0.6469387755102041 0.188 0.3836734693877551
0 0.7113333333333334 0.25510204081632654 0.084 0.2163265306122449
0 0.722 0.32653061224489793 0.13066666666666665 0.22857142857142856
0 0.7746666666666666 0.3795918367346939 0.128 0.2979591836734694
0 0.8686666666666667 0.3489795918367347 0.15866666666666668 0.3020408163265306
0 0.8753333333333333 0.5 0.18533333333333332 0.30612244897959184
0 0.6726666666666666 0.5877551020408164 0.23466666666666666 0.4204081632653061