0 0.6066666666666667 0.210431654676259 0.09066666666666667 0.15827338129496402
0 0.626 0.23381294964028776 0.12666666666666668 0.21942446043165467
0 0.7033333333333334 0.2607913669064748 0.13733333333333334 0.22302158273381295
0 0.68 0.3489208633093525 0.15466666666666667 0.25539568345323743
0 0.7693333333333333 0.17805755395683454 0.13866666666666666 0.22661870503597123
0 0.8673333333333333 0.24820143884892087 0.136 0.25539568345323743
0 0.8253333333333334 0.3920863309352518 0.208 0.34172661870503596
0 0.454 0.2607913669064748 0.07733333333333334 0.14388489208633093
0 0.5093333333333333 0.2715827338129496 0.11066666666666666 0.18705035971223022
0 0.3253333333333333 0.34532374100719426 0.1 0.17625899280575538
0 0.4026666666666667 0.35251798561151076 0.10533333333333333 0.19784172661870503
0 0.31333333333333335 0.4262589928057554 0.10533333333333333 0.20863309352517986
0 0.23 0.4316546762589928 0.116 0.21223021582733814
0 0.17666666666666667 0.5161870503597122 0.08933333333333333 0.16546762589928057
0 0.10066666666666667 0.6223021582733813 0.13333333333333333 0.27697841726618705
0 0.2733333333333333 0.5215827338129496 0.17866666666666667 0.27697841726618705
0 0.20933333333333334 0.6618705035971223 0.16666666666666666 0.31654676258992803
0 0.3933333333333333 0.5017985611510791 0.152 0.28776978417266186
0 0.552 0.45143884892086333 0.2 0.3057553956834532
0 0.3913333333333333 0.6744604316546763 0.13866666666666666 0.3129496402877698
0 0.626 0.6205035971223022 0.24266666666666667 0.43884892086330934