0 0.3953333333333333 0.20503597122302158 0.092 0.1618705035971223
0 0.37533333333333335 0.22841726618705036 0.128 0.22302158273381295
0 0.298 0.2517985611510791 0.13733333333333334 0.2302158273381295
0 0.32133333333333336 0.33992805755395683 0.15466666666666667 0.2589928057553957
0 0.23266666666666666 0.16546762589928057 0.14 0.23381294964028776
0 0.13466666666666666 0.2302158273381295 0.13733333333333334 0.2589928057553957
0 0.17533333333333334 0.3776978417266187 0.20933333333333334 0.3489208633093525
0 0.5473333333333333 0.2643884892086331 0.07733333333333334 0.1474820143884892
0 0.492 0.2715827338129496 0.112 0.19424460431654678
0 0.6753333333333333 0.35251798561151076 0.1 0.17985611510791366
0 0.598 0.35611510791366907 0.10533333333333333 0.2014388489208633
0 0.6873333333333334 0.4352517985611511 0.10666666666666667 0.21223021582733814
0 0.7706666666666667 0.4442446043165468 0.11733333333333333 0.2158273381294964
0 0.8226666666666667 0.5305755395683454 0.08933333333333333 0.16906474820143885
0 0.8986666666666666 0.6420863309352518 0.13466666666666666 0.2841726618705036
0 0.726 0.5323741007194245 0.18 0.2841726618705036
0 0.7893333333333333 0.6744604316546763 0.168 0.3237410071942446
0 0.6066666666666667 0.5071942446043165 0.15333333333333332 0.2949640287769784
0 0.44866666666666666 0.44964028776978415 0.20133333333333334 0.3129496402877698
0 0.6073333333333333 0.6780575539568345 0.14 0.32014388489208634
0 0.37333333333333335 0.6151079136690647 0.244 0.4460431654676259