0 0.5006675567423231 0.26625386996904027 0.102803738317757 0.12074303405572756
0 0.4706275033377837 0.29721362229102166 0.08277703604806408 0.13622291021671826
0 0.35180240320427236 0.2631578947368421 0.08811748998664887 0.14860681114551083
0 0.37316421895861146 0.29256965944272445 0.1081441922563418 0.17337461300309598
0 0.6421895861148198 0.2894736842105263 0.10013351134846461 0.1238390092879257
0 0.5614152202937249 0.3018575851393189 0.09078771695594126 0.15170278637770898
0 0.6542056074766355 0.34210526315789475 0.11214953271028037 0.14551083591331268
0 0.7736982643524699 0.3498452012383901 0.1068090787716956 0.15479876160990713
0 0.6909212283044058 0.3746130030959752 0.09746328437917223 0.15789473684210525
0 0.6809078771695594 0.47678018575851394 0.157543391188251 0.23219814241486067
0 0.8437917222963952 0.4520123839009288 0.15220293724966621 0.2043343653250774
0 0.8484646194926568 0.5913312693498453 0.17890520694259013 0.26625386996904027
0 0.5413885180240321 0.4969040247678019 0.14018691588785046 0.25077399380804954
0 0.6108144192256342 0.6811145510835913 0.22429906542056074 0.32507739938080493
0 0.2376502002670227 0.29102167182662536 0.102803738317757 0.15479876160990713
0 0.3137516688918558 0.34829721362229105 0.13618157543391188 0.16718266253869968
0 0.3104138851802403 0.42260061919504643 0.14152202937249667 0.19504643962848298
0 0.3985313751668892 0.47058823529411764 0.14819759679572764 0.2693498452012384
0 0.3164218958611482 0.6300309597523219 0.22029372496662217 0.3188854489164087
0 0.1595460614152203 0.3637770897832817 0.12016021361815754 0.21362229102167182
0 0.14352469959946595 0.4938080495356037 0.19626168224299065 0.25077399380804954