0 0.5153538050734312 0.2693498452012384 0.1041388518024032 0.13312693498452013
0 0.5427236315086782 0.30959752321981426 0.08544726301735647 0.14551083591331268
0 0.6622162883845126 0.3204334365325077 0.09078771695594126 0.15789473684210525
0 0.6395193591455274 0.34055727554179566 0.11081441922563418 0.18575851393188855
0 0.37316421895861146 0.23993808049535603 0.10146862483311081 0.13312693498452013
0 0.45260347129506007 0.28173374613003094 0.09345794392523364 0.16408668730650156
0 0.35847797062750336 0.28792569659442724 0.11481975967957277 0.15789473684210525
0 0.24032042723631508 0.25232198142414863 0.10947930574098798 0.16718266253869968
0 0.3204272363150868 0.3065015479876161 0.10146862483311081 0.16718266253869968
0 0.32309746328437916 0.4117647058823529 0.1628838451268358 0.25077399380804954
0 0.16355140186915887 0.3281733746130031 0.15620827770360482 0.21981424148606812
0 0.15020026702269693 0.46439628482972134 0.1842456608811749 0.2848297213622291
0 0.45927903871829107 0.48297213622291024 0.14419225634178906 0.26625386996904027
0 0.37850467289719625 0.6377708978328174 0.22963951935914553 0.35294117647058826
0 0.7736982643524699 0.38854489164086686 0.1054739652870494 0.16718266253869968
0 0.6942590120160214 0.4179566563467492 0.14018691588785046 0.1826625386996904
0 0.692256341789052 0.49226006191950467 0.14419225634178906 0.21052631578947367
0 0.6021361815754339 0.5077399380804953 0.15353805073431243 0.28792569659442724
0 0.6722296395193591 0.695046439628483 0.22563417890520696 0.34365325077399383
0 0.8457943925233645 0.4891640866873065 0.12416555407209613 0.22910216718266255
0 0.8524699599465955 0.6238390092879257 0.20026702269692923 0.2755417956656347