0 0.513351134846462 0.23195876288659795 0.09479305740987984 0.15463917525773196
0 0.465954606141522 0.2766323024054983 0.0787716955941255 0.15463917525773196
0 0.562082777036048 0.29381443298969073 0.09879839786381843 0.15807560137457044
0 0.6628838451268357 0.2852233676975945 0.09879839786381843 0.17869415807560138
0 0.6548731642189586 0.33505154639175255 0.1041388518024032 0.16838487972508592
0 0.7857142857142857 0.36082474226804123 0.1268357810413885 0.18900343642611683
0 0.7042723631508678 0.40034364261168387 0.1628838451268358 0.24398625429553264
0 0.6929238985313751 0.49828178694158076 0.1628838451268358 0.27491408934707906
0 0.5667556742323098 0.5171821305841925 0.14552736982643524 0.29553264604810997
0 0.342456608811749 0.23883161512027493 0.1041388518024032 0.18556701030927836
0 0.3871829105473965 0.28350515463917525 0.1068090787716956 0.19931271477663232
0 0.315086782376502 0.31958762886597936 0.09345794392523364 0.20618556701030927
0 0.22897196261682243 0.2646048109965636 0.1054739652870494 0.18556701030927836
0 0.14285714285714285 0.33676975945017185 0.12016021361815754 0.2268041237113402
0 0.2897196261682243 0.38831615120274915 0.17222963951935916 0.2852233676975945
0 0.41188251001335113 0.48109965635738833 0.15220293724966621 0.2920962199312715
0 0.184913217623498 0.5085910652920962 0.17222963951935916 0.3436426116838488
0 0.8691588785046729 0.47079037800687284 0.11882510013351134 0.24054982817869416
0 0.8785046728971962 0.6185567010309279 0.15220293724966621 0.2920962199312715
0 0.6855807743658211 0.6838487972508591 0.22696929238985314 0.42955326460481097
0 0.39586114819759677 0.6323024054982818 0.22830440587449932 0.38831615120274915