0 0.5066755674232309 0.23024054982817868 0.09612817089452604 0.15807560137457044
0 0.5500667556742324 0.2972508591065292 0.0801068090787717 0.15807560137457044
0 0.4546061415220294 0.2663230240549828 0.10013351134846461 0.16151202749140894
0 0.35647530040053405 0.20962199312714777 0.09879839786381843 0.18213058419243985
0 0.3598130841121495 0.2611683848797251 0.1054739652870494 0.17525773195876287
0 0.23030707610146864 0.22336769759450173 0.1268357810413885 0.19243986254295534
0 0.30640854472630175 0.3024054982817869 0.16421895861148197 0.2508591065292096
0 0.3104138851802403 0.40378006872852235 0.16421895861148197 0.281786941580756
0 0.43324432576769023 0.4845360824742268 0.14686248331108145 0.29896907216494845
0 0.6735647530040053 0.32130584192439865 0.1054739652870494 0.18900343642611683
0 0.6268357810413885 0.34192439862542956 0.1081441922563418 0.20618556701030927
0 0.6949265687583445 0.41408934707903783 0.09479305740987984 0.20962199312714777
0 0.7830440587449933 0.4020618556701031 0.1068090787716956 0.19243986254295534
0 0.8624833110814419 0.5154639175257731 0.12149532710280374 0.23367697594501718
0 0.7142857142857143 0.4948453608247423 0.17356475300400534 0.2920962199312715
0 0.5874499332443258 0.5257731958762887 0.15353805073431243 0.29896907216494845
0 0.8090787716955942 0.6632302405498282 0.17489986648865152 0.35051546391752575
0 0.14018691588785046 0.29037800687285226 0.12016021361815754 0.24398625429553264
0 0.11949265687583445 0.42955326460481097 0.15353805073431243 0.29896907216494845
0 0.30440587449933243 0.5893470790378007 0.22963951935914553 0.436426116838488
0 0.5927903871829105 0.6804123711340206 0.22963951935914553 0.3951890034364261