0 0.5066755674232309 0.22693726937269373 0.09479305740987984 0.16974169741697417
0 0.4552736982643525 0.26752767527675275 0.08544726301735647 0.17343173431734318
0 0.5540720961281709 0.3007380073800738 0.09479305740987984 0.16974169741697417
0 0.6582109479305741 0.3154981549815498 0.08811748998664887 0.1992619926199262
0 0.6375166889185581 0.35977859778597787 0.1068090787716956 0.19557195571955718
0 0.7623497997329773 0.4077490774907749 0.12016021361815754 0.2029520295202952
0 0.3411214953271028 0.21033210332103322 0.12016021361815754 0.21033210332103322
0 0.38518024032042725 0.2693726937269373 0.09879839786381843 0.2140221402214022
0 0.31108144192256343 0.27490774907749077 0.11214953271028037 0.22509225092250923
0 0.22830440587449932 0.21033210332103322 0.10013351134846461 0.1992619926199262
0 0.2917222963951936 0.35239852398523985 0.17356475300400534 0.3210332103321033
0 0.13885180240320427 0.28044280442804426 0.1268357810413885 0.26199261992619927
0 0.17156208277703605 0.45387453874538747 0.1802403204272363 0.3763837638376384
0 0.40186915887850466 0.45571955719557194 0.14819759679572764 0.30996309963099633
0 0.38384512683578104 0.6236162361623616 0.2363150867823765 0.45018450184501846
0 0.5560747663551402 0.5276752767527675 0.15353805073431243 0.3173431734317343
0 0.6835781041388518 0.5387453874538746 0.1588785046728972 0.33210332103321033
0 0.8484646194926568 0.5369003690036901 0.1268357810413885 0.26199261992619927
0 0.8464619492656876 0.6734317343173432 0.15220293724966621 0.3173431734317343
0 0.6755674232309746 0.7306273062730627 0.22830440587449932 0.45387453874538747