0 0.4986648865153538 0.22693726937269373 0.09345794392523364 0.15867158671586715
0 0.5493991989319092 0.27490774907749077 0.08277703604806408 0.16236162361623616
0 0.4499332443257677 0.2933579335793358 0.09212283044058744 0.15867158671586715
0 0.34512683578104136 0.2933579335793358 0.08544726301735647 0.1881918819188192
0 0.3658210947930574 0.33948339483394835 0.1041388518024032 0.18081180811808117
0 0.23965287049399198 0.37084870848708484 0.11882510013351134 0.1881918819188192
0 0.6635514018691588 0.23431734317343172 0.11748998664886515 0.19557195571955718
0 0.6194926568758344 0.2859778597785978 0.09612817089452604 0.2029520295202952
0 0.6929238985313751 0.3025830258302583 0.10947930574098798 0.2140221402214022
0 0.7770360480640854 0.24907749077490776 0.09746328437917223 0.1881918819188192
0 0.7109479305740988 0.38191881918819187 0.16955941255006676 0.2988929889298893
0 0.8644859813084113 0.33210332103321033 0.12416555407209613 0.24354243542435425
0 0.829105473965287 0.5018450184501845 0.17489986648865152 0.35424354243542433
0 0.5987983978638184 0.470479704797048 0.14419225634178906 0.2915129151291513
0 0.6134846461949266 0.6402214022140221 0.23097463284379172 0.42066420664206644
0 0.4439252336448598 0.518450184501845 0.14953271028037382 0.2988929889298893
0 0.3164218958611482 0.5129151291512916 0.1548731642189586 0.30996309963099633
0 0.15086782376502003 0.4870848708487085 0.12416555407209613 0.24354243542435425
0 0.15086782376502003 0.6236162361623616 0.14819759679572764 0.2988929889298893
0 0.3204272363150868 0.7047970479704797 0.22162883845126835 0.42435424354243545