0 0.30078125 0.137109375 0.034895833333333334 0.06953125
0 0.3984375 0.084375 0.019270833333333334 0.03359375
0 0.4432291666666667 0.162890625 0.028125 0.0328125
0 0.4973958333333333 0.038671875 0.020833333333333332 0.03359375
0 0.5328125 0.1875 0.020833333333333332 0.03046875
0 0.6252604166666667 0.21328125 0.036458333333333336 0.06796875
0 0.6278645833333333 0.141015625 0.0265625 0.03203125
0 0.5919270833333333 0.05703125 0.022395833333333334 0.03359375
0 0.678125 0.14921875 0.017708333333333333 0.03203125
0 0.77734375 0.09609375 0.021354166666666667 0.034375
0 0.8643229166666667 0.1875 0.024479166666666666 0.02890625
0 0.8942708333333333 0.908984375 0.025 0.03828125
1 0.2513020833333333 0.0625 0.18072916666666666 0.125
1 0.51640625 0.0375 0.021354166666666667 0.075
0 0.8013020833333333 0.891796875 0.023958333333333335 0.02734375
0 0.7565104166666666 0.80859375 0.026041666666666668 0.02890625
0 0.8479166666666667 0.830078125 0.0265625 0.02578125
0 0.9059895833333333 0.766796875 0.022916666666666665 0.0328125
0 0.8174479166666667 0.678125 0.022916666666666665 0.0265625
0 0.9786458333333333 0.63515625 0.028125 0.03515625
0 0.928125 0.560546875 0.036458333333333336 0.04765625
0 0.83125 0.53671875 0.021875 0.0375
0 0.9411458333333333 0.417578125 0.020833333333333332 0.021875
0 0.8934895833333333 0.40859375 0.028645833333333332 0.0390625
0 0.85390625 0.325390625 0.020833333333333332 0.0234375
0 0.7161458333333334 0.228125 0.027083333333333334 0.03046875
0 0.5705729166666667 0.26796875 0.021875 0.02265625
0 0.79296875 0.45859375 0.020833333333333332 0.0265625
0 0.74296875 0.44453125 0.022916666666666665 0.034375
0 0.7528645833333333 0.376953125 0.019270833333333334 0.03671875
0 0.6890625 0.507421875 0.017708333333333333 0.025
0 0.6440104166666667 0.495703125 0.01875 0.028125
0 0.6106770833333334 0.346875 0.019791666666666666 0.0296875
0 0.6046875 0.416796875 0.019270833333333334 0.02734375
0 0.5544270833333333 0.48203125 0.028645833333333332 0.04296875
0 0.63203125 0.635546875 0.019270833333333334 0.0265625
0 0.7174479166666666 0.7359375 0.030208333333333334 0.0484375
0 0.7059895833333333 0.869140625 0.025520833333333333 0.0265625
0 0.6088541666666667 0.844921875 0.022395833333333334 0.02421875
0 0.5721354166666667 0.767578125 0.022395833333333334 0.0234375
0 0.4859375 0.677734375 0.023958333333333335 0.0234375
0 0.5182291666666666 0.828125 0.023958333333333335 0.03359375
0 0.3885416666666667 0.225 0.022916666666666665 0.02421875
0 0.47109375 0.316015625 0.021875 0.03359375
0 0.33359375 0.28515625 0.029166666666666667 0.03515625
0 0.2760416666666667 0.344921875 0.023958333333333335 0.028125
0 0.32317708333333334 0.425 0.028645833333333332 0.03203125
0 0.4578125 0.453125 0.019791666666666666 0.040625
0 0.5013020833333334 0.53984375 0.023958333333333335 0.02734375
0 0.45234375 0.528125 0.021875 0.0265625
0 0.3515625 0.576953125 0.0234375 0.02109375
0 0.265625 0.483203125 0.020833333333333332 0.028125
0 0.38697916666666665 0.7265625 0.023958333333333335 0.02578125
0 0.33203125 0.784765625 0.021354166666666667 0.0234375
0 0.24895833333333334 0.698828125 0.0625 0.046875
0 0.19348958333333333 0.758984375 0.0296875 0.0296875
0 0.13802083333333334 0.8203125 0.019791666666666666 0.021875
0 0.05 0.728515625 0.026041666666666668 0.0296875
0 0.009114583333333334 0.646875 0.018229166666666668 0.025
0 0.10416666666666667 0.664453125 0.03802083333333333 0.04296875
0 0.20807291666666666 0.6171875 0.019791666666666666 0.02109375
0 0.06848958333333334 0.517578125 0.0328125 0.03359375
0 0.031510416666666666 0.437109375 0.0234375 0.0234375
0 0.13385416666666666 0.385546875 0.021354166666666667 0.02265625
0 0.04583333333333333 0.296484375 0.0234375 0.02890625
0 0.09869791666666666 0.238671875 0.018229166666666668 0.02890625
0 0.959375 0.2078125 0.025520833333333333 0.02578125
0 0.9208333333333333 0.125390625 0.0234375 0.0265625
0 0.18880208333333334 0.2578125 0.023958333333333335 0.0296875
0 0.24661458333333333 0.19609375 0.022916666666666665 0.03359375
0 0.15338541666666666 0.178125 0.020833333333333332 0.02578125
0 0.05625 0.1578125 0.028645833333333332 0.03515625
0 0.1140625 0.095703125 0.0296875 0.03359375
0 0.21744791666666666 0.0609375 0.0265625 0.03671875
0 0.2765625 0.045703125 0.022916666666666665 0.028125
0 0.23932291666666666 0.025 0.022395833333333334 0.02265625