0 0.23880208333333333 0.240625 0.035416666666666666 0.0703125
0 0.321875 0.147265625 0.019791666666666666 0.034375
0 0.37994791666666666 0.202734375 0.028645833333333332 0.0328125
0 0.4075520833333333 0.06015625 0.021354166666666667 0.03359375
0 0.4703125 0.18671875 0.021354166666666667 0.03046875
0 0.5638020833333334 0.170703125 0.03697916666666667 0.06875
0 0.55234375 0.10078125 0.027083333333333334 0.0328125
0 0.5015625 0.0359375 0.022395833333333334 0.03359375
0 0.6018229166666667 0.08671875 0.017708333333333333 0.03203125
0 0.6864583333333333 0.0046875 0.021875 0.009375
0 0.7875 0.04140625 0.024479166666666666 0.02890625
0 0.9567708333333333 0.71796875 0.025 0.0390625
1 0.16979166666666667 0.15546875 0.18229166666666666 0.20234375
1 0.42526041666666664 0.049609375 0.022395833333333334 0.07734375
0 0.8643229166666667 0.742578125 0.023958333333333335 0.02734375
0 0.80546875 0.682421875 0.026041666666666668 0.0296875
0 0.8971354166666666 0.66328125 0.027083333333333334 0.0265625
0 0.9403645833333333 0.576953125 0.022916666666666665 0.03359375
0 0.83828125 0.53125 0.022916666666666665 0.02734375
0 0.9841145833333333 0.41953125 0.028125 0.0359375
0 0.9213541666666667 0.3703125 0.03697916666666667 0.0484375
0 0.8239583333333333 0.38984375 0.021875 0.0375
0 0.9057291666666667 0.227734375 0.020833333333333332 0.02265625
0 0.85859375 0.23984375 0.028645833333333332 0.03984375
0 0.8044270833333333 0.177734375 0.020833333333333332 0.0234375
0 0.6536458333333334 0.144921875 0.027604166666666666 0.03125
0 0.5223958333333333 0.247265625 0.021875 0.0234375
0 0.7721354166666666 0.33203125 0.020833333333333332 0.0265625
0 0.7216145833333333 0.340625 0.0234375 0.03515625
0 0.71796875 0.271484375 0.019270833333333334 0.03671875
0 0.6822916666666666 0.42421875 0.017708333333333333 0.025
0 0.6369791666666667 0.4328125 0.019270833333333334 0.02890625
0 0.5760416666666667 0.305078125 0.0203125 0.03046875
0 0.5838541666666667 0.374609375 0.019270833333333334 0.028125
0 0.5486979166666667 0.45859375 0.029166666666666667 0.04375
0 0.6526041666666667 0.571875 0.019270833333333334 0.02734375
0 0.75390625 0.63046875 0.030729166666666665 0.0484375
0 0.7690104166666667 0.762890625 0.026041666666666668 0.02734375
0 0.6713541666666667 0.78203125 0.022916666666666665 0.025
0 0.6213541666666667 0.72421875 0.022395833333333334 0.02421875
0 0.5213541666666667 0.676171875 0.023958333333333335 0.0234375
0 0.58125 0.805859375 0.023958333333333335 0.034375
0 0.33984375 0.2859375 0.0234375 0.025
0 0.43671875 0.33671875 0.021875 0.03359375
0 0.2989583333333333 0.367578125 0.029166666666666667 0.0359375
0 0.25546875 0.45 0.023958333333333335 0.028125
0 0.31640625 0.505859375 0.029166666666666667 0.0328125
0 0.4505208333333333 0.473828125 0.0203125 0.040625
0 0.5088541666666667 0.5375 0.023958333333333335 0.02734375
0 0.45989583333333334 0.548046875 0.021875 0.02734375
0 0.3729166666666667 0.638671875 0.0234375 0.02109375
0 0.27265625 0.58671875 0.020833333333333332 0.028125
0 0.4361979166666667 0.76640625 0.024479166666666666 0.02578125
0 0.39505208333333336 0.84609375 0.021354166666666667 0.02421875
0 0.2986979166666667 0.8 0.0625 0.04765625
0 0.25729166666666664 0.88203125 0.0296875 0.03046875
0 0.21640625 0.96484375 0.019791666666666666 0.021875
0 0.1140625 0.916015625 0.026041666666666668 0.03046875
0 0.058333333333333334 0.85625 0.020833333333333332 0.025
0 0.15338541666666666 0.83125 0.03802083333333333 0.04375
0 0.24375 0.73984375 0.019791666666666666 0.02109375
0 0.090625 0.705859375 0.03333333333333333 0.034375
0 0.03958333333333333 0.6453125 0.0234375 0.0234375
0 0.12760416666666666 0.551171875 0.021354166666666667 0.0234375
0 0.02578125 0.5046875 0.023958333333333335 0.0296875
0 0.06536458333333334 0.426171875 0.01875 0.02890625
0 0.8825520833333333 0.019140625 0.026041666666666668 0.0265625
0 0.15520833333333334 0.4046875 0.023958333333333335 0.0296875
0 0.1984375 0.320703125 0.022916666666666665 0.034375
0 0.10572916666666667 0.344140625 0.020833333333333332 0.02578125
0 0.01171875 0.367578125 0.0234375 0.03515625
0 0.052083333333333336 0.282421875 0.0296875 0.034375
0 0.037760416666666664 0.148046875 0.0265625 0.03125
0 0.14427083333333332 0.20390625 0.027083333333333334 0.0375
0 0.19791666666666666 0.163671875 0.022916666666666665 0.02890625
0 0.15807291666666667 0.16015625 0.022395833333333334 0.0234375
0 0.10286458333333333 0.146875 0.013020833333333334 0.0265625
0 0.15651041666666668 0.09140625 0.030729166666666665 0.03671875
0 0.18828125 0.078125 0.0140625 0.0203125