0 0.44688995215311006 0.7112375533428165 0.014354066985645933 0.01991465149359886
0 0.2755980861244019 0.02275960170697013 0.05167464114832536 0.04551920341394026
0 0.3277511961722488 0.05689900426742532 0.022966507177033493 0.02702702702702703
0 0.3555023923444976 0.07041251778093884 0.02200956937799043 0.02702702702702703
0 0.32344497607655504 0.09815078236130868 0.031578947368421054 0.044096728307254626
0 0.29473684210526313 0.08463726884779517 0.01818181818181818 0.02418207681365576
0 0.2583732057416268 0.11095305832147938 0.0354066985645933 0.07539118065433854
0 0.2511961722488038 0.15576102418207682 0.015311004784688996 0.025604551920341393
0 0.28660287081339714 0.12660028449502134 0.01818181818181818 0.025604551920341393
0 0.2799043062200957 0.16571834992887624 0.019138755980861243 0.02844950213371266
0 0.2736842105263158 0.21337126600284495 0.01818181818181818 0.02275960170697013
0 0.26507177033492824 0.2546230440967283 0.023923444976076555 0.029871977240398292
0 0.24066985645933014 0.24466571834992887 0.03349282296650718 0.10668563300142248
0 0.2 0.27311522048364156 0.023923444976076555 0.03556187766714083
0 0.13779904306220095 0.24751066856330015 0.019138755980861243 0.029871977240398292
0 0.16650717703349283 0.3079658605974395 0.03732057416267943 0.08534850640113797
0 0.19282296650717703 0.32147937411095306 0.027751196172248804 0.032716927453769556
0 0.22488038277511962 0.33783783783783783 0.01818181818181818 0.02418207681365576
0 0.2555023923444976 0.34708392603129445 0.0430622009569378 0.05263157894736842
0 0.11626794258373206 0.3435277382645804 0.04019138755980861 0.08961593172119488
0 0.17799043062200956 0.41536273115220484 0.020095693779904306 0.025604551920341393
0 0.21435406698564594 0.42460881934566147 0.022966507177033493 0.032716927453769556
0 0.2430622009569378 0.4352773826458037 0.023923444976076555 0.03840682788051209
0 0.20334928229665072 0.4743954480796586 0.02200956937799043 0.031294452347083924
0 0.1397129186602871 0.4516358463726885 0.02583732057416268 0.03982930298719772
0 0.13157894736842105 0.5014224751066856 0.021052631578947368 0.02702702702702703
0 0.10239234449760766 0.492176386913229 0.03253588516746411 0.05832147937411095
0 0.1277511961722488 0.55049786628734 0.022966507177033493 0.029871977240398292
0 0.16698564593301435 0.5071123755334281 0.03923444976076555 0.03556187766714083
0 0.22535885167464115 0.5263157894736842 0.019138755980861243 0.02844950213371266
0 0.254066985645933 0.5369843527738265 0.03253588516746411 0.05547652916073969
0 0.2215311004784689 0.5739687055476529 0.019138755980861243 0.02844950213371266
0 0.24880382775119617 0.5832147937411095 0.01722488038277512 0.02418207681365576
0 0.3229665071770335 0.283072546230441 0.024880382775119617 0.049786628733997154
0 0.28995215311004785 0.5021337126600285 0.020095693779904306 0.02702702702702703
0 0.01770334928229665 0.5718349928876245 0.03444976076555024 0.059743954480796585
0 0.053588516746411484 0.5803698435277382 0.023923444976076555 0.031294452347083924
0 0.12200956937799043 0.5945945945945946 0.026794258373205742 0.03698435277382646
0 0.18564593301435406 0.6152204836415363 0.03732057416267943 0.029871977240398292
0 0.14641148325358852 0.6500711237553343 0.01722488038277512 0.02275960170697013
0 0.2076555023923445 0.666429587482219 0.020095693779904306 0.029871977240398292
0 0.2014354066985646 0.7119487908961594 0.01722488038277512 0.021337126600284494
0 0.17272727272727273 0.7062588904694168 0.019138755980861243 0.02702702702702703
0 0.1397129186602871 0.6991465149359887 0.01722488038277512 0.021337126600284494
0 0.07559808612440191 0.6877667140825036 0.023923444976076555 0.029871977240398292
0 0.03636363636363636 0.7332859174964438 0.02200956937799043 0.02702702702702703
0 0.19569377990430623 0.7567567567567568 0.01722488038277512 0.025604551920341393
0 0.16028708133971292 0.8015647226173542 0.01818181818181818 0.02275960170697013
0 0.1277511961722488 0.7958748221906117 0.019138755980861243 0.02418207681365576
0 0.10287081339712918 0.7439544807965861 0.019138755980861243 0.02275960170697013
0 0.09569377990430622 0.7916073968705548 0.015311004784688996 0.025604551920341393
0 0.05789473684210526 0.8321479374110953 0.01722488038277512 0.02844950213371266
0 0.021052631578947368 0.8328591749644382 0.019138755980861243 0.02844950213371266
0 0.40717703349282297 0.07539118065433854 0.016267942583732056 0.021337126600284494
0 0.3770334928229665 0.14935988620199148 0.021052631578947368 0.032716927453769556
0 0.4047846889952153 0.16642958748221906 0.031578947368421054 0.03698435277382646
0 0.3645933014354067 0.1934566145092461 0.016267942583732056 0.025604551920341393
0 0.4574162679425837 0.2069701280227596 0.022966507177033493 0.03556187766714083
0 0.4751196172248804 0.07539118065433854 0.021052631578947368 0.034139402560455195
0 0.5411483253588517 0.07894736842105263 0.01722488038277512 0.01991465149359886
0 0.5119617224880383 0.15007112375533427 0.015311004784688996 0.02275960170697013
0 0.5526315789473685 0.1379800853485064 0.03444976076555024 0.051209103840682786
0 0.5956937799043063 0.12162162162162163 0.03732057416267943 0.03982930298719772
0 0.5818181818181818 0.15433854907539118 0.01722488038277512 0.01849217638691323
0 0.6248803827751196 0.13442389758179232 0.026794258373205742 0.04836415362731152
0 0.6076555023923444 0.1721194879089616 0.02200956937799043 0.03982930298719772
0 0.5775119617224881 0.24822190611664297 0.016267942583732056 0.01991465149359886
0 0.5516746411483253 0.23399715504978663 0.028708133971291867 0.044096728307254626
0 0.5210526315789473 0.310099573257468 0.015311004784688996 0.02418207681365576
0 0.507177033492823 0.3506401137980085 0.03732057416267943 0.04694167852062589
0 0.4205741626794258 0.33783783783783783 0.06985645933014355 0.06970128022759602
0 0.44066985645933016 0.352773826458037 0.013397129186602871 0.021337126600284494
0 0.362200956937799 0.39046941678520625 0.016267942583732056 0.025604551920341393
0 0.34832535885167465 0.42816500711237554 0.014354066985645933 0.021337126600284494
0 0.3889952153110048 0.406827880512091 0.06985645933014355 0.09672830725462304
0 0.43732057416267944 0.45305832147937414 0.020095693779904306 0.034139402560455195
0 0.4229665071770335 0.4907539118065434 0.022966507177033493 0.04267425320056899
0 0.4105263157894737 0.5320056899004267 0.016267942583732056 0.01991465149359886
0 0.4636363636363636 0.47368421052631576 0.02200956937799043 0.02844950213371266
0 0.3688995215311005 0.5519203413940256 0.02200956937799043 0.031294452347083924
0 0.39425837320574164 0.5725462304409673 0.016267942583732056 0.02275960170697013
0 0.3803827751196172 0.6109530583214794 0.016267942583732056 0.021337126600284494
0 0.3650717703349282 0.6465149359886202 0.024880382775119617 0.03982930298719772
0 0.33923444976076556 0.7275960170697012 0.031578947368421054 0.04836415362731152
0 0.32392344497607656 0.7667140825035562 0.012440191387559809 0.021337126600284494
0 0.2794258373205742 0.884068278805121 0.016267942583732056 0.025604551920341393
0 0.33779904306220093 0.8755334281650071 0.03062200956937799 0.03556187766714083
0 0.3708133971291866 0.8499288762446657 0.010526315789473684 0.017069701280227598
0 0.384688995215311 0.8108108108108109 0.013397129186602871 0.021337126600284494
0 0.40717703349282297 0.8221906116642959 0.010526315789473684 0.01422475106685633
0 0.3966507177033493 0.7660028449502134 0.03062200956937799 0.041251778093883355
0 0.44066985645933016 0.8001422475106685 0.02200956937799043 0.025604551920341393
0 0.45454545454545453 0.7610241820768137 0.014354066985645933 0.01991465149359886
0 0.40239234449760763 0.6870554765291608 0.024880382775119617 0.03840682788051209
0 0.4205741626794258 0.6401137980085349 0.022966507177033493 0.029871977240398292
0 0.4574162679425837 0.6237553342816501 0.011483253588516746 0.01849217638691323
0 0.4995215311004785 0.6557610241820768 0.01722488038277512 0.02702702702702703
0 0.5177033492822967 0.6685633001422475 0.027751196172248804 0.032716927453769556
0 0.4665071770334928 0.8620199146514936 0.009569377990430622 0.01422475106685633
0 0.4875598086124402 0.8726884779516358 0.011483253588516746 0.017069701280227598
0 0.49904306220095696 0.8399715504978663 0.0066985645933014355 0.011379800853485065
0 0.5301435406698565 0.8129445234708392 0.00861244019138756 0.01422475106685633
0 0.5468899521531101 0.8271692745376956 0.019138755980861243 0.02844950213371266
0 0.5511961722488038 0.8698435277382646 0.00861244019138756 0.01422475106685633
0 0.5244019138755981 0.7660028449502134 0.01722488038277512 0.025604551920341393
0 0.5755980861244019 0.8029871977240398 0.02200956937799043 0.034139402560455195
0 0.6057416267942584 0.8250355618776671 0.011483253588516746 0.015647226173541962
0 0.5368421052631579 0.7347083926031295 0.007655502392344498 0.011379800853485065
0 0.5708133971291866 0.7603129445234709 0.009569377990430622 0.012802275960170697
0 0.6301435406698565 0.7667140825035562 0.021052631578947368 0.02418207681365576
0 0.6014354066985645 0.7411095305832148 0.011483253588516746 0.017069701280227598
0 0.5507177033492823 0.6998577524893315 0.031578947368421054 0.03840682788051209
0 0.5497607655502392 0.6536273115220483 0.019138755980861243 0.02844950213371266
0 0.5492822966507177 0.604551920341394 0.019138755980861243 0.029871977240398292
0 0.5660287081339713 0.6180654338549075 0.01722488038277512 0.021337126600284494
0 0.5818181818181818 0.6365576102418208 0.012440191387559809 0.021337126600284494
0 0.5990430622009569 0.6493598862019915 0.02966507177033493 0.041251778093883355
0 0.6291866028708134 0.6785206258890469 0.05741626794258373 0.06685633001422475
0 0.5133971291866029 0.5718349928876245 0.02966507177033493 0.03840682788051209
0 0.5478468899521531 0.5526315789473685 0.013397129186602871 0.017069701280227598
0 0.5301435406698565 0.5341394025604552 0.01722488038277512 0.02418207681365576
0 0.6162679425837321 0.6187766714082503 0.019138755980861243 0.02702702702702703
0 0.6 0.5561877667140825 0.02200956937799043 0.029871977240398292
0 0.6157894736842106 0.5256045519203414 0.022966507177033493 0.02702702702702703
0 0.6 0.5064011379800853 0.022966507177033493 0.03556187766714083
0 0.507177033492823 0.4644381223328592 0.024880382775119617 0.03840682788051209
0 0.5244019138755981 0.4260312944523471 0.01818181818181818 0.03556187766714083
0 0.5607655502392345 0.4665718349928876 0.04401913875598086 0.04551920341394026
0 0.5827751196172248 0.43385490753911804 0.026794258373205742 0.02702702702702703
0 0.5818181818181818 0.3762446657183499 0.028708133971291867 0.041251778093883355
0 0.5980861244019139 0.4018492176386913 0.01722488038277512 0.032716927453769556
0 0.6665071770334928 0.42460881934566147 0.021052631578947368 0.034139402560455195
0 0.6511961722488038 0.4061166429587482 0.01722488038277512 0.02844950213371266
0 0.6186602870813397 0.36059743954480794 0.02966507177033493 0.029871977240398292
0 0.5937799043062201 0.27453769559032715 0.027751196172248804 0.04694167852062589
0 0.6334928229665072 0.2603129445234708 0.022966507177033493 0.03698435277382646
0 0.6507177033492823 0.34708392603129445 0.023923444976076555 0.034139402560455195
0 0.6645933014354067 0.3108108108108108 0.023923444976076555 0.041251778093883355
0 0.6794258373205742 0.3335704125177809 0.01818181818181818 0.034139402560455195
0 0.6655502392344498 0.24893314366998578 0.02966507177033493 0.044096728307254626
0 0.6755980861244019 0.2197724039829303 0.016267942583732056 0.032716927453769556
0 0.6732057416267943 0.1507823613086771 0.020095693779904306 0.03556187766714083
0 0.6593301435406699 0.12162162162162163 0.020095693779904306 0.034139402560455195
0 0.6995215311004784 0.12019914651493599 0.024880382775119617 0.03840682788051209
0 0.7248803827751196 0.18349928876244664 0.011483253588516746 0.021337126600284494
0 0.7325358851674642 0.1941678520625889 0.015311004784688996 0.029871977240398292
0 0.7191387559808613 0.22475106685633 0.014354066985645933 0.025604551920341393
0 0.7478468899521531 0.2332859174964438 0.013397129186602871 0.02418207681365576
0 0.7583732057416268 0.2624466571834993 0.016267942583732056 0.02844950213371266
0 0.7655502392344498 0.267425320056899 0.007655502392344498 0.01991465149359886
0 0.7698564593301436 0.2852062588904694 0.009569377990430622 0.01991465149359886
0 0.7344497607655502 0.310099573257468 0.03062200956937799 0.04551920341394026
0 0.7090909090909091 0.3186344238975818 0.01818181818181818 0.029871977240398292
0 0.7976076555023923 0.3364153627311522 0.012440191387559809 0.02418207681365576
0 0.8028708133971292 0.3613086770981508 0.012440191387559809 0.02275960170697013
0 0.8311004784688996 0.37980085348506404 0.016267942583732056 0.02702702702702703
0 0.737799043062201 0.4139402560455192 0.01818181818181818 0.031294452347083924
0 0.7722488038277512 0.422475106685633 0.021052631578947368 0.025604551920341393
0 0.8038277511961722 0.42887624466571833 0.015311004784688996 0.029871977240398292
0 0.7885167464114833 0.4871977240398293 0.013397129186602871 0.025604551920341393
0 0.8588516746411483 0.44950213371266 0.013397129186602871 0.017069701280227598
0 0.8392344497607656 0.5035561877667141 0.013397129186602871 0.02418207681365576
0 0.8191387559808613 0.5291607396870555 0.013397129186602871 0.021337126600284494
0 0.7239234449760765 0.49786628733997157 0.02200956937799043 0.051209103840682786
0 0.6502392344497607 0.5071123755334281 0.013397129186602871 0.02275960170697013
0 0.6645933014354067 0.527027027027027 0.01818181818181818 0.02418207681365576
0 0.7641148325358852 0.5376955903271693 0.015311004784688996 0.02702702702702703
0 0.7516746411483254 0.5476529160739687 0.01818181818181818 0.03840682788051209
0 0.7086124401913876 0.5739687055476529 0.019138755980861243 0.02702702702702703
0 0.6770334928229665 0.5945945945945946 0.03062200956937799 0.029871977240398292
0 0.8110047846889952 0.5846372688477952 0.03062200956937799 0.034139402560455195
0 0.7880382775119618 0.6102418207681366 0.026794258373205742 0.03982930298719772
0 0.8009569377990431 0.6436699857752489 0.02200956937799043 0.03556187766714083
0 0.7851674641148325 0.6372688477951636 0.010526315789473684 0.01991465149359886
0 0.8277511961722488 0.6785206258890469 0.013397129186602871 0.02418207681365576
0 0.722488038277512 0.612375533428165 0.009569377990430622 0.02275960170697013
0 0.7157894736842105 0.6230440967283073 0.015311004784688996 0.025604551920341393
0 0.7430622009569378 0.6244665718349929 0.021052631578947368 0.03556187766714083
0 0.7009569377990431 0.6785206258890469 0.014354066985645933 0.02702702702702703
0 0.7267942583732058 0.686344238975818 0.01722488038277512 0.029871977240398292
0 0.6755980861244019 0.6742532005689901 0.020095693779904306 0.02418207681365576
0 0.6794258373205742 0.701280227596017 0.01818181818181818 0.02418207681365576
0 0.7019138755980862 0.7368421052631579 0.02966507177033493 0.03698435277382646
0 0.716267942583732 0.7389758179231863 0.011483253588516746 0.02702702702702703
0 0.6851674641148325 0.7951635846372689 0.011483253588516746 0.01849217638691323
0 0.6645933014354067 0.8221906116642959 0.007655502392344498 0.01422475106685633
0 0.6511961722488038 0.8200568990042674 0.011483253588516746 0.01849217638691323
0 0.6363636363636364 0.8186344238975818 0.010526315789473684 0.01849217638691323
0 0.6052631578947368 0.8591749644381224 0.009569377990430622 0.017069701280227598
0 0.6291866028708134 0.84850640113798 0.0066985645933014355 0.012802275960170697
0 0.6760765550239235 0.8819345661450925 0.012440191387559809 0.01422475106685633
0 0.7105263157894737 0.7994310099573257 0.015311004784688996 0.02418207681365576
0 0.775598086124402 0.8456614509246089 0.00861244019138756 0.00995732574679943
0 0.7684210526315789 0.8229018492176386 0.012440191387559809 0.01422475106685633
0 0.792822966507177 0.8036984352773826 0.009569377990430622 0.012802275960170697
0 0.7416267942583732 0.7773826458036984 0.00861244019138756 0.011379800853485065
0 0.784688995215311 0.7752489331436699 0.013397129186602871 0.01849217638691323
0 0.8086124401913876 0.7539118065433855 0.012440191387559809 0.01849217638691323
0 0.7760765550239235 0.7510668563300142 0.019138755980861243 0.025604551920341393
0 0.7665071770334928 0.7211948790896159 0.013397129186602871 0.01849217638691323
0 0.8052631578947368 0.7019914651493598 0.01722488038277512 0.02418207681365576