0 0.5454545454545454 0.7155049786628734 0.013397129186602871 0.01849217638691323
0 0.7406698564593301 0.03627311522048364 0.049760765550239235 0.05405405405405406
0 0.6875598086124401 0.07112375533428165 0.022966507177033493 0.025604551920341393
0 0.6593301435406699 0.08250355618776671 0.02200956937799043 0.025604551920341393
0 0.6904306220095694 0.112375533428165 0.03062200956937799 0.04267425320056899
0 0.7196172248803828 0.10099573257467995 0.01722488038277512 0.02418207681365576
0 0.755023923444976 0.1301564722617354 0.03349282296650718 0.07396870554765292
0 0.7602870813397129 0.17567567567567569 0.015311004784688996 0.02418207681365576
0 0.7263157894736842 0.14366998577524892 0.01818181818181818 0.025604551920341393
0 0.7315789473684211 0.18349928876244664 0.019138755980861243 0.02702702702702703
0 0.7358851674641148 0.23115220483641535 0.01722488038277512 0.02275960170697013
0 0.7430622009569378 0.27311522048364156 0.022966507177033493 0.02844950213371266
0 0.7684210526315789 0.2652916073968706 0.02966507177033493 0.10526315789473684
0 0.8076555023923445 0.29658605974395447 0.022966507177033493 0.034139402560455195
0 0.8703349282296651 0.2759601706970128 0.01818181818181818 0.029871977240398292
0 0.8397129186602871 0.3335704125177809 0.0354066985645933 0.08392603129445235
0 0.8129186602870814 0.344950213371266 0.026794258373205742 0.031294452347083924
0 0.7808612440191387 0.35988620199146515 0.01722488038277512 0.02418207681365576
0 0.7492822966507177 0.3662873399715505 0.042105263157894736 0.049786628733997154
0 0.8889952153110048 0.37339971550497864 0.03732057416267943 0.08819345661450925
0 0.8244019138755981 0.44096728307254623 0.019138755980861243 0.02418207681365576
0 0.7880382775119618 0.4473684210526316 0.02200956937799043 0.031294452347083924
0 0.7588516746411483 0.45519203413940257 0.022966507177033493 0.03698435277382646
0 0.7971291866028708 0.4971550497866287 0.021052631578947368 0.029871977240398292
0 0.861244019138756 0.4800853485064011 0.023923444976076555 0.03840682788051209
0 0.8679425837320575 0.5298719772403983 0.021052631578947368 0.025604551920341393
0 0.8976076555023923 0.5227596017069701 0.031578947368421054 0.05689900426742532
0 0.8698564593301435 0.5796586059743954 0.02200956937799043 0.02844950213371266
0 0.8325358851674641 0.5334281650071123 0.03827751196172249 0.032716927453769556
0 0.7732057416267942 0.5476529160739687 0.019138755980861243 0.02702702702702703
0 0.7440191387559809 0.5561877667140825 0.03062200956937799 0.05405405405405406
0 0.775598086124402 0.5960170697012802 0.019138755980861243 0.02702702702702703
0 0.7478468899521531 0.6031294452347084 0.016267942583732056 0.02418207681365576
0 0.6842105263157895 0.2972972972972973 0.022966507177033493 0.04836415362731152
0 0.7095693779904306 0.5184921763869133 0.020095693779904306 0.025604551920341393
0 0.9789473684210527 0.6088193456614509 0.03253588516746411 0.05832147937411095
0 0.9430622009569378 0.6152204836415363 0.022966507177033493 0.029871977240398292
0 0.8736842105263158 0.6237553342816501 0.02583732057416268 0.034139402560455195
0 0.8100478468899521 0.6394025604551921 0.03636363636363636 0.02702702702702703
0 0.8478468899521531 0.6770981507823614 0.016267942583732056 0.02275960170697013
0 0.7861244019138756 0.6891891891891891 0.019138755980861243 0.02844950213371266
0 0.7909090909090909 0.7347083926031295 0.016267942583732056 0.021337126600284494
0 0.8196172248803828 0.7311522048364154 0.019138755980861243 0.025604551920341393
0 0.8526315789473684 0.7268847795163584 0.016267942583732056 0.021337126600284494
0 0.9172248803827752 0.7211948790896159 0.022966507177033493 0.02844950213371266
0 0.9550239234449761 0.7695590327169275 0.02200956937799043 0.025604551920341393
0 0.7952153110047847 0.7802275960170697 0.01722488038277512 0.025604551920341393
0 0.8287081339712918 0.8278805120910384 0.01722488038277512 0.02275960170697013
0 0.861244019138756 0.8250355618776671 0.01818181818181818 0.02275960170697013
0 0.8880382775119617 0.7745376955903271 0.01818181818181818 0.021337126600284494
0 0.8933014354066986 0.8229018492176386 0.015311004784688996 0.02418207681365576
0 0.9301435406698565 0.8662873399715505 0.016267942583732056 0.02702702702702703
0 0.9665071770334929 0.8698435277382646 0.019138755980861243 0.02702702702702703
0 0.6076555023923444 0.08321479374110953 0.015311004784688996 0.01991465149359886
0 0.6349282296650718 0.1593172119487909 0.020095693779904306 0.031294452347083924
0 0.6066985645933014 0.17425320056899005 0.03062200956937799 0.03556187766714083
0 0.645933014354067 0.20483641536273114 0.016267942583732056 0.02418207681365576
0 0.5526315789473685 0.21052631578947367 0.02200956937799043 0.034139402560455195
0 0.539712918660287 0.07823613086770982 0.020095693779904306 0.032716927453769556
0 0.47368421052631576 0.07610241820768136 0.016267942583732056 0.01991465149359886
0 0.5 0.14935988620199148 0.014354066985645933 0.021337126600284494
0 0.4602870813397129 0.13442389758179232 0.03349282296650718 0.04836415362731152
0 0.41770334928229663 0.11450924608819346 0.03636363636363636 0.03840682788051209
0 0.430622009569378 0.14793741109530584 0.016267942583732056 0.01849217638691323
0 0.38851674641148326 0.12588904694167852 0.024880382775119617 0.04694167852062589
0 0.4043062200956938 0.1642958748221906 0.021052631578947368 0.03840682788051209
0 0.43110047846889954 0.24253200568990044 0.015311004784688996 0.01991465149359886
0 0.45789473684210524 0.23044096728307253 0.027751196172248804 0.04267425320056899
0 0.48564593301435405 0.30867709815078237 0.014354066985645933 0.02275960170697013
0 0.49808612440191385 0.34992887624466573 0.03636363636363636 0.04551920341394026
0 0.5851674641148326 0.3442389758179232 0.06889952153110047 0.06543385490753911
0 0.5645933014354066 0.3577524893314367 0.012440191387559809 0.01991465149359886
0 0.6416267942583732 0.4011379800853485 0.016267942583732056 0.02418207681365576
0 0.654066985645933 0.4402560455192034 0.013397129186602871 0.01991465149359886
0 0.614354066985646 0.41536273115220484 0.06794258373205742 0.09246088193456614
0 0.5645933014354066 0.45803698435277385 0.019138755980861243 0.032716927453769556
0 0.5770334928229665 0.49644381223328593 0.02200956937799043 0.041251778093883355
0 0.5885167464114832 0.5391180654338549 0.015311004784688996 0.01991465149359886
0 0.5373205741626794 0.47652916073968704 0.02200956937799043 0.02702702702702703
0 0.6291866028708134 0.561877667140825 0.021052631578947368 0.029871977240398292
0 0.6028708133971292 0.5803698435277382 0.015311004784688996 0.021337126600284494
0 0.6157894736842106 0.620199146514936 0.015311004784688996 0.01991465149359886
0 0.6296650717703349 0.6571834992887624 0.022966507177033493 0.03840682788051209
0 0.6526315789473685 0.7403982930298719 0.03062200956937799 0.04694167852062589
0 0.6665071770334928 0.7802275960170697 0.011483253588516746 0.01991465149359886
0 0.7066985645933014 0.9004267425320057 0.016267942583732056 0.02418207681365576
0 0.6488038277511962 0.8883357041251778 0.02966507177033493 0.034139402560455195
0 0.6167464114832536 0.8591749644381224 0.009569377990430622 0.017069701280227598
0 0.6043062200956938 0.8193456614509246 0.012440191387559809 0.01991465149359886
0 0.5813397129186603 0.829302987197724 0.010526315789473684 0.01422475106685633
0 0.5937799043062201 0.7738264580369844 0.028708133971291867 0.03982930298719772
0 0.5483253588516747 0.8044096728307255 0.021052631578947368 0.02418207681365576
0 0.5358851674641149 0.7638691322901849 0.013397129186602871 0.01849217638691323
0 0.5909090909090909 0.6948790896159317 0.023923444976076555 0.03698435277382646
0 0.5741626794258373 0.6465149359886202 0.02200956937799043 0.02844950213371266
0 0.5382775119617225 0.6273115220483642 0.010526315789473684 0.01849217638691323
0 0.49521531100478466 0.6557610241820768 0.01722488038277512 0.02702702702702703
0 0.47607655502392343 0.666429587482219 0.026794258373205742 0.031294452347083924
0 0.5205741626794258 0.864153627311522 0.009569377990430622 0.01422475106685633
0 0.4995215311004785 0.8733997155049786 0.011483253588516746 0.015647226173541962
0 0.48899521531100476 0.8392603129445235 0.0066985645933014355 0.011379800853485065
0 0.45885167464114834 0.810099573257468 0.00861244019138756 0.01422475106685633
0 0.4416267942583732 0.8229018492176386 0.019138755980861243 0.02702702702702703
0 0.4358851674641148 0.8655761024182077 0.00861244019138756 0.01422475106685633
0 0.4660287081339713 0.7631578947368421 0.01722488038277512 0.025604551920341393
0 0.4138755980861244 0.7965860597439545 0.021052631578947368 0.032716927453769556
0 0.3827751196172249 0.8165007112375533 0.011483253588516746 0.01422475106685633
0 0.45502392344497605 0.7318634423897582 0.007655502392344498 0.011379800853485065
0 0.4200956937799043 0.7539118065433855 0.009569377990430622 0.012802275960170697
0 0.36076555023923446 0.7560455192034139 0.020095693779904306 0.02275960170697013
0 0.39043062200956935 0.7332859174964438 0.011483253588516746 0.015647226173541962
0 0.4421052631578947 0.6955903271692745 0.03062200956937799 0.03698435277382646
0 0.4444976076555024 0.6493598862019915 0.01818181818181818 0.02844950213371266
0 0.44688995215311006 0.6002844950213371 0.01818181818181818 0.029871977240398292
0 0.43014354066985644 0.612375533428165 0.016267942583732056 0.021337126600284494
0 0.4133971291866029 0.6301564722617354 0.011483253588516746 0.01991465149359886
0 0.39617224880382773 0.6415362731152204 0.027751196172248804 0.03982930298719772
0 0.3645933014354067 0.6685633001422475 0.05645933014354067 0.06401137980085349
0 0.4842105263157895 0.5704125177809388 0.028708133971291867 0.03698435277382646
0 0.4507177033492823 0.5490753911806543 0.013397129186602871 0.015647226173541962
0 0.46842105263157896 0.5320056899004267 0.016267942583732056 0.02418207681365576
0 0.3799043062200957 0.6095305832147937 0.019138755980861243 0.025604551920341393
0 0.3980861244019139 0.5483641536273115 0.021052631578947368 0.02844950213371266
0 0.3832535885167464 0.5170697012802276 0.022966507177033493 0.025604551920341393
0 0.4 0.49857752489331436 0.02200956937799043 0.034139402560455195
0 0.4942583732057416 0.46372688477951635 0.023923444976076555 0.03698435277382646
0 0.4784688995215311 0.4238975817923186 0.01722488038277512 0.03556187766714083
0 0.44066985645933016 0.4623044096728307 0.042105263157894736 0.04267425320056899
0 0.4196172248803828 0.4274537695590327 0.02583732057416268 0.025604551920341393
0 0.42248803827751197 0.36984352773826457 0.026794258373205742 0.03982930298719772
0 0.4052631578947368 0.39473684210526316 0.016267942583732056 0.031294452347083924
0 0.33636363636363636 0.4118065433854908 0.020095693779904306 0.032716927453769556
0 0.3526315789473684 0.3940256045519203 0.016267942583732056 0.02702702702702703
0 0.3866028708133971 0.35206258890469416 0.02966507177033493 0.02844950213371266
0 0.4143540669856459 0.267425320056899 0.026794258373205742 0.044096728307254626
0 0.3751196172248804 0.2496443812233286 0.02200956937799043 0.03556187766714083
0 0.3550239234449761 0.33499288762446655 0.022966507177033493 0.032716927453769556
0 0.34210526315789475 0.2980085348506401 0.022966507177033493 0.03982930298719772
0 0.32679425837320575 0.3200568990042674 0.01722488038277512 0.034139402560455195
0 0.3435406698564593 0.2361308677098151 0.028708133971291867 0.04267425320056899
0 0.3344497607655502 0.20625889046941678 0.015311004784688996 0.031294452347083924
0 0.33923444976076556 0.13726884779516357 0.019138755980861243 0.034139402560455195
0 0.35406698564593303 0.10953058321479374 0.019138755980861243 0.032716927453769556
0 0.31435406698564594 0.10526315789473684 0.023923444976076555 0.03698435277382646
0 0.28660287081339714 0.16642958748221906 0.010526315789473684 0.021337126600284494
0 0.2784688995215311 0.1763869132290185 0.014354066985645933 0.02844950213371266
0 0.2909090909090909 0.20768136557610242 0.014354066985645933 0.02418207681365576
0 0.2617224880382775 0.2147937411095306 0.013397129186602871 0.02275960170697013
0 0.25023923444976076 0.24324324324324326 0.015311004784688996 0.02702702702702703
0 0.2430622009569378 0.24679943100995733 0.0066985645933014355 0.01991465149359886
0 0.23779904306220095 0.26386913229018494 0.00861244019138756 0.01991465149359886
0 0.2727272727272727 0.2923186344238976 0.02966507177033493 0.044096728307254626
0 0.2976076555023923 0.3029871977240398 0.01722488038277512 0.029871977240398292
0 0.20861244019138755 0.3136557610241821 0.012440191387559809 0.02275960170697013
0 0.20239234449760765 0.33783783783783783 0.011483253588516746 0.021337126600284494
0 0.1736842105263158 0.3541963015647226 0.016267942583732056 0.025604551920341393
0 0.26555023923444976 0.39544807965860596 0.01722488038277512 0.031294452347083924
0 0.23062200956937798 0.4011379800853485 0.020095693779904306 0.02418207681365576
0 0.19904306220095694 0.40540540540540543 0.014354066985645933 0.02844950213371266
0 0.21244019138755982 0.465149359886202 0.013397129186602871 0.02418207681365576
0 0.1430622009569378 0.4217638691322902 0.013397129186602871 0.015647226173541962
0 0.16124401913875597 0.4772403982930299 0.013397129186602871 0.02275960170697013
0 0.18038277511961723 0.5042674253200569 0.012440191387559809 0.01991465149359886
0 0.276555023923445 0.48079658605974396 0.020095693779904306 0.051209103840682786
0 0.3497607655502392 0.4957325746799431 0.012440191387559809 0.021337126600284494
0 0.3344497607655502 0.5142247510668563 0.01722488038277512 0.02418207681365576
0 0.23444976076555024 0.5170697012802276 0.015311004784688996 0.025604551920341393
0 0.24688995215311005 0.5277382645803699 0.01722488038277512 0.03698435277382646
0 0.2889952153110048 0.5583214793741109 0.019138755980861243 0.025604551920341393
0 0.3200956937799043 0.581081081081081 0.03062200956937799 0.02844950213371266
0 0.1861244019138756 0.5604551920341394 0.02966507177033493 0.032716927453769556
0 0.20861244019138755 0.5874822190611664 0.02583732057416268 0.03698435277382646
0 0.19425837320574163 0.620199146514936 0.021052631578947368 0.034139402560455195
0 0.21052631578947367 0.6145092460881935 0.009569377990430622 0.01991465149359886
0 0.16650717703349283 0.6529160739687055 0.013397129186602871 0.02275960170697013
0 0.2736842105263158 0.5945945945945946 0.009569377990430622 0.02275960170697013
0 0.28038277511961723 0.6059743954480796 0.015311004784688996 0.02418207681365576
0 0.25311004784688995 0.6052631578947368 0.020095693779904306 0.034139402560455195
0 0.29330143540669856 0.6621621621621622 0.014354066985645933 0.025604551920341393
0 0.2669856459330144 0.6685633001422475 0.016267942583732056 0.02844950213371266
0 0.3186602870813397 0.6607396870554765 0.019138755980861243 0.02275960170697013
0 0.3133971291866029 0.6870554765291608 0.01722488038277512 0.02418207681365576
0 0.28995215311004785 0.7211948790896159 0.028708133971291867 0.03556187766714083
0 0.2755980861244019 0.7219061166429588 0.010526315789473684 0.02702702702702703
0 0.3047846889952153 0.7802275960170697 0.010526315789473684 0.01849217638691323
0 0.32392344497607656 0.8093883357041252 0.007655502392344498 0.01422475106685633
0 0.33779904306220093 0.8079658605974396 0.010526315789473684 0.01849217638691323
0 0.3526315789473684 0.8079658605974396 0.009569377990430622 0.01849217638691323
0 0.38229665071770336 0.8499288762446657 0.00861244019138756 0.017069701280227598
0 0.3588516746411483 0.8378378378378378 0.0066985645933014355 0.012802275960170697
0 0.31100478468899523 0.8677098150782361 0.012440191387559809 0.012802275960170697
0 0.2794258373205742 0.7823613086770982 0.014354066985645933 0.02275960170697013
0 0.21244019138755982 0.8236130867709816 0.00861244019138756 0.00995732574679943
0 0.22057416267942584 0.8015647226173542 0.012440191387559809 0.012802275960170697
0 0.19712918660287082 0.7802275960170697 0.009569377990430622 0.012802275960170697
0 0.24880382775119617 0.7581792318634424 0.00861244019138756 0.011379800853485065
0 0.20622009569377991 0.7524893314366998 0.012440191387559809 0.017069701280227598
0 0.18277511961722487 0.7297297297297297 0.011483253588516746 0.017069701280227598
0 0.215311004784689 0.7290184921763869 0.01818181818181818 0.02418207681365576
0 0.22583732057416267 0.6998577524893315 0.012440191387559809 0.017069701280227598
0 0.18803827751196173 0.6785206258890469 0.016267942583732056 0.02418207681365576