0 0.4862068965517241 0.3126094570928196 0.009852216748768473 0.024518388791593695
0 0.49901477832512314 0.3021015761821366 0.015763546798029555 0.03677758318739054
0 0.483743842364532 0.1978984238178634 0.014778325123152709 0.03327495621716287
0 0.5064039408866995 0.1987740805604203 0.01083743842364532 0.02626970227670753
0 0.5029556650246305 0.12784588441331 0.011822660098522168 0.02626970227670753
0 0.5004926108374385 0.008756567425569177 0.011822660098522168 0.017513134851138354
0 0.5620689655172414 0.14098073555166374 0.07783251231527094 0.14185639229422067
0 0.3852216748768473 0.3248686514886165 0.006896551724137931 0.01576182136602452
0 0.9610837438423645 0.1234676007005254 0.04827586206896552 0.09457092819614711
0 0.9724137931034482 0.4098073555166375 0.03152709359605911 0.06830122591943957
0 0.7704433497536946 0.11733800350262696 0.04532019704433497 0.13660245183887915
0 0.7354679802955665 0.16987740805604204 0.014778325123152709 0.040280210157618214
0 0.6891625615763547 0.0297723292469352 0.04827586206896552 0.0595446584938704
0 0.6330049261083743 0.01576182136602452 0.015763546798029555 0.02626970227670753
0 0.7472906403940887 0.3178633975481611 0.06206896551724138 0.19614711033274956
0 0.674384236453202 0.318739054290718 0.019704433497536946 0.04203152364273205
0 0.7940886699507389 0.87215411558669 0.08374384236453201 0.1786339754816112
0 0.6857142857142857 0.9544658493870403 0.027586206896551724 0.040280210157618214
0 0.6596059113300493 0.658493870402802 0.06206896551724138 0.1628721541155867
0 0.5182266009852217 0.7171628721541156 0.012807881773399015 0.028021015761821366
0 0.50935960591133 0.6409807355516638 0.016748768472906402 0.03502626970227671
0 0.5 0.5446584938704028 0.014778325123152709 0.03852889667250438
0 0.3842364532019704 0.4352014010507881 0.008866995073891626 0.021015761821366025
0 0.3748768472906404 0.4194395796847636 0.01083743842364532 0.02276707530647986
0 0.34926108374384235 0.3064798598949212 0.009852216748768473 0.021015761821366025
0 0.5103448275862069 0.3975481611208406 0.008866995073891626 0.02626970227670753
0 0.11083743842364532 0.7705779334500875 0.06896551724137931 0.16637478108581435
0 0.11428571428571428 0.6865148861646234 0.011822660098522168 0.02276707530647986
0 0.012315270935960592 0.669877408056042 0.013793103448275862 0.043782837127845885
0 0.040886699507389164 0.617338003502627 0.011822660098522168 0.02276707530647986
0 0.07931034482758621 0.553415061295972 0.0748768472906404 0.1243432574430823
0 0.18620689655172415 0.48248686514886163 0.07389162561576355 0.09982486865148861
0 0.1123152709359606 0.31436077057793343 0.0748768472906404 0.1190893169877408
0 0.09950738916256158 0.14623467600700527 0.015763546798029555 0.017513134851138354
0 0.23694581280788177 0.1584938704028021 0.019704433497536946 0.02626970227670753
0 0.27192118226600986 0.11646234676007006 0.014778325123152709 0.03502626970227671
0 0.29458128078817736 0.11821366024518389 0.008866995073891626 0.021015761821366025
0 0.3413793103448276 0.08581436077057793 0.01083743842364532 0.01926444833625219
0 0.3354679802955665 0.1234676007005254 0.011822660098522168 0.028021015761821366
0 0.3502463054187192 0.20490367775831875 0.007881773399014778 0.017513134851138354
0 0.3310344827586207 0.21103327495621715 0.011822660098522168 0.024518388791593695
0 0.25566502463054186 0.2381786339754816 0.011822660098522168 0.02276707530647986
0 0.296551724137931 0.3178633975481611 0.06798029556650247 0.09457092819614711
0 0.25862068965517243 0.34413309982486867 0.013793103448275862 0.01926444833625219
0 0.2438423645320197 0.36427320490367776 0.02167487684729064 0.03677758318739054
0 0.24532019704433497 0.4194395796847636 0.012807881773399015 0.02626970227670753
0 0.24630541871921183 0.47373029772329245 0.009852216748768473 0.0297723292469352
0 0.33842364532019703 0.5140105078809106 0.012807881773399015 0.0297723292469352
0 0.2822660098522167 0.5928196147110333 0.01083743842364532 0.01926444833625219
0 0.2655172413793103 0.6129597197898424 0.017733990147783252 0.03502626970227671
0 0.23004926108374385 0.6690017513134852 0.013793103448275862 0.028021015761821366
0 0.28374384236453204 0.6471103327495622 0.012807881773399015 0.024518388791593695
0 0.3458128078817734 0.6112084063047285 0.011822660098522168 0.0297723292469352
0 0.3817733990147783 0.658493870402802 0.014778325123152709 0.03677758318739054
0 0.3522167487684729 0.7092819614711033 0.03940886699507389 0.08756567425569177
0 0.39458128078817734 0.8099824868651488 0.011822660098522168 0.028021015761821366
0 0.40246305418719214 0.7714535901926445 0.01083743842364532 0.0297723292469352
0 0.35714285714285715 0.7661996497373029 0.011822660098522168 0.02626970227670753
0 0.25566502463054186 0.7723292469352014 0.012807881773399015 0.03152364273204904
0 0.31231527093596056 0.9772329246935202 0.012807881773399015 0.021015761821366025
0 0.22758620689655173 0.9964973730297724 0.015763546798029555 0.0070052539404553416
0 0.4995073891625616 0.978108581436077 0.02167487684729064 0.043782837127845885
0 0.5970443349753695 0.9597197898423818 0.014778325123152709 0.0297723292469352
0 0.551231527093596 0.9063047285464098 0.013793103448275862 0.03327495621716287
0 0.5423645320197045 0.8336252189141856 0.020689655172413793 0.05604203152364273
0 0.4832512315270936 0.8056042031523643 0.009852216748768473 0.028021015761821366
1 0.8896551724137931 0.8546409807355516 0.0896551724137931 0.18563922942206654
1 0.7926108374384236 0.510507880910683 0.06403940886699508 0.21015761821366025
1 0.4630541871921182 0.14273204903677758 0.034482758620689655 0.09106830122591944
1 0.4724137931034483 0.16199649737302976 0.04334975369458128 0.14886164623467601
1 0.41921182266009854 0.11558669001751314 0.034482758620689655 0.1330998248686515
1 0.4103448275862069 0.06830122591943957 0.04433497536945813 0.11733800350262696
1 0.2817733990147783 0.13572679509632224 0.04039408866995074 0.06654991243432574
1 0.17733990147783252 0.1339754816112084 0.06403940886699508 0.07005253940455342
1 0.09655172413793103 0.17425569176882663 0.04926108374384237 0.0893169877408056
1 0.3650246305418719 0.29947460595446584 0.04827586206896552 0.1085814360770578
1 0.36551724137931035 0.3073555166374781 0.0561576354679803 0.159369527145359
1 0.42512315270935963 0.33887915936952717 0.05024630541871921 0.18739054290718038
1 0.47783251231527096 0.4859894921190893 0.04039408866995074 0.14711033274956217
1 0.4857142857142857 0.6015761821366025 0.04039408866995074 0.09807355516637478
1 0.4379310344827586 0.723292469352014 0.03842364532019704 0.06830122591943957
1 0.43596059113300495 0.7539404553415061 0.07980295566502463 0.17688266199649738
1 0.4059113300492611 0.8669001751313485 0.035467980295566505 0.07880910683012259
1 0.46551724137931033 0.957968476357268 0.04039408866995074 0.08231173380035026
1 0.45911330049261084 0.8800350262697023 0.04334975369458128 0.0893169877408056
0 0.6261083743842365 0.46234676007005254 0.034482758620689655 0.05604203152364273
1 0.4438423645320197 0.8887915936952715 0.07389162561576355 0.12784588441331
1 0.3211822660098522 0.8791593695271454 0.06403940886699508 0.08231173380035026
1 0.22807881773399014 0.8870402802101576 0.07093596059113301 0.09281961471103327
1 0.24482758620689654 0.9316987740805605 0.06896551724137931 0.08581436077057793
1 0.07931034482758621 0.9842381786339754 0.07980295566502463 0.03152364273204904
1 0.07093596059113301 0.9071803852889667 0.09261083743842365 0.1681260945709282