0 0.5004926108374385 0.3108581436077058 0.008866995073891626 0.02276707530647986
0 0.48719211822660097 0.30385288966725044 0.014778325123152709 0.03502626970227671
0 0.49556650246305417 0.19614711033274956 0.013793103448275862 0.03152364273204904
0 0.4729064039408867 0.202276707530648 0.009852216748768473 0.024518388791593695
0 0.4714285714285714 0.13134851138353765 0.01083743842364532 0.024518388791593695
0 0.46502463054187193 0.01138353765323993 0.01083743842364532 0.01926444833625219
0 0.41379310344827586 0.15761821366024517 0.0748768472906404 0.13660245183887915
0 0.6019704433497537 0.30122591943957966 0.005911330049261084 0.01576182136602452
0 0.019704433497536946 0.22591943957968477 0.03940886699507389 0.09106830122591944
0 0.025123152709359605 0.5131348511383538 0.029556650246305417 0.06654991243432574
0 0.20541871921182267 0.17950963222416813 0.042364532019704436 0.1330998248686515
0 0.2438423645320197 0.22329246935201402 0.013793103448275862 0.03852889667250438
0 0.27832512315270935 0.05691768826619965 0.04630541871921182 0.09106830122591944
0 0.3044334975369458 0.021891418563922942 0.011822660098522168 0.01926444833625219
0 0.33497536945812806 0.04816112084063047 0.014778325123152709 0.02626970227670753
0 0.24236453201970443 0.37302977232924694 0.05714285714285714 0.19264448336252188
0 0.3142857142857143 0.35814360770577935 0.0187192118226601 0.04203152364273205
0 0.2334975369458128 0.9229422066549913 0.07881773399014778 0.15411558669001751
0 0.34630541871921183 0.9859894921190894 0.026600985221674877 0.028021015761821366
0 0.3522167487684729 0.6926444833625219 0.05812807881773399 0.15761821366024517
0 0.4970443349753695 0.7189141856392294 0.012807881773399015 0.02626970227670753
0 0.5004926108374385 0.6418563922942206 0.015763546798029555 0.03502626970227671
0 0.5029556650246305 0.5446584938704028 0.013793103448275862 0.03677758318739054
0 0.6108374384236454 0.4106830122591944 0.007881773399014778 0.01926444833625219
0 0.6187192118226601 0.39316987740805603 0.009852216748768473 0.021015761821366025
0 0.6364532019704433 0.27495621716287216 0.008866995073891626 0.01926444833625219
0 0.4827586206896552 0.4001751313485114 0.007881773399014778 0.024518388791593695
0 0.9049261083743843 0.6838879159369528 0.06403940886699508 0.16112084063047286
0 0.8960591133004926 0.6015761821366025 0.01083743842364532 0.021015761821366025
0 0.9945812807881773 0.5621716287215411 0.01083743842364532 0.04203152364273205
0 0.9635467980295567 0.5166374781085814 0.01083743842364532 0.021015761821366025
0 0.9211822660098522 0.46147110332749564 0.07192118226600985 0.11733800350262696
0 0.8103448275862069 0.415061295971979 0.07192118226600985 0.09281961471103327
0 0.9916256157635468 0.2224168126094571 0.007881773399014778 0.03327495621716287
0 0.9896551724137931 0.08231173380035026 0.005911330049261084 0.06129597197898424
0 0.8724137931034482 0.23117338003502627 0.07192118226600985 0.11208406304728546
0 0.8733990147783252 0.06217162872154115 0.014778325123152709 0.017513134851138354
0 0.7379310344827587 0.1042031523642732 0.0187192118226601 0.024518388791593695
0 0.7 0.07005253940455342 0.013793103448275862 0.03327495621716287
0 0.6773399014778325 0.07618213660245184 0.007881773399014778 0.01926444833625219
0 0.629064039408867 0.05516637478108581 0.009852216748768473 0.017513134851138354
0 0.6374384236453202 0.09106830122591944 0.011822660098522168 0.02626970227670753
0 0.6280788177339901 0.17513134851138354 0.006896551724137931 0.01576182136602452
0 0.6477832512315271 0.17600700525394045 0.01083743842364532 0.02276707530647986
0 0.7246305418719212 0.18739054290718038 0.01083743842364532 0.021015761821366025
0 0.6891625615763547 0.27495621716287216 0.06600985221674877 0.0893169877408056
0 0.729064039408867 0.29334500875656744 0.012807881773399015 0.017513134851138354
0 0.7448275862068966 0.30998248686514884 0.020689655172413793 0.03502626970227671
0 0.7472906403940887 0.36427320490367776 0.011822660098522168 0.024518388791593695
0 0.7497536945812808 0.4185639229422067 0.009852216748768473 0.028021015761821366
0 0.6610837438423646 0.478984238178634 0.012807881773399015 0.028021015761821366
0 0.7226600985221675 0.5446584938704028 0.009852216748768473 0.017513134851138354
0 0.7403940886699507 0.5612959719789843 0.016748768472906402 0.03502626970227671
0 0.7798029556650247 0.6085814360770578 0.013793103448275862 0.02626970227670753
0 0.7246305418719212 0.5989492119089317 0.011822660098522168 0.02276707530647986
0 0.6605911330049261 0.5770577933450087 0.011822660098522168 0.028021015761821366
0 0.6280788177339901 0.6313485113835376 0.013793103448275862 0.03502626970227671
0 0.6610837438423646 0.6760070052539404 0.0374384236453202 0.0840630472854641
0 0.6261083743842365 0.7845884413309983 0.011822660098522168 0.02626970227670753
0 0.6152709359605911 0.7486865148861647 0.01083743842364532 0.028021015761821366
0 0.6600985221674877 0.7338003502626971 0.01083743842364532 0.024518388791593695
0 0.7610837438423645 0.7180385288966725 0.012807881773399015 0.0297723292469352
0 0.7192118226600985 0.9334500875656743 0.011822660098522168 0.01926444833625219
0 0.8049261083743843 0.946584938704028 0.015763546798029555 0.0297723292469352
0 0.5330049261083744 0.9763572679509632 0.020689655172413793 0.04553415061295972
0 0.4349753694581281 0.9772329246935202 0.014778325123152709 0.028021015761821366
0 0.4768472906403941 0.9141856392294221 0.012807881773399015 0.03152364273204904
0 0.4812807881773399 0.840630472854641 0.0187192118226601 0.05604203152364273
0 0.5374384236453202 0.8003502626970228 0.009852216748768473 0.02626970227670753
1 0.13694581280788176 0.9229422066549913 0.08472906403940887 0.15411558669001751
1 0.2103448275862069 0.574430823117338 0.05812807881773399 0.20665499124343256
1 0.5123152709359606 0.13747810858143608 0.03251231527093596 0.08756567425569177
1 0.5039408866995074 0.1584938704028021 0.03940886699507389 0.14535901926444833
1 0.5536945812807882 0.10070052539404553 0.03152709359605911 0.13134851138353765
1 0.5586206896551724 0.0542907180385289 0.041379310344827586 0.1085814360770578
1 0.6916256157635468 0.09106830122591944 0.03842364532019704 0.06304728546409807
1 0.7950738916256158 0.06742556917688267 0.06206896551724138 0.0647985989492119
1 0.8778325123152709 0.0893169877408056 0.04729064039408867 0.08581436077057793
1 0.6201970443349754 0.2714535901926445 0.04532019704433497 0.10507880910683012
1 0.6201970443349754 0.27933450087565675 0.052216748768472904 0.15586690017513136
1 0.5630541871921182 0.3231173380035026 0.04532019704433497 0.18388791593695272
1 0.5206896551724138 0.4816112084063047 0.03645320197044335 0.1436077057793345
1 0.5211822660098522 0.5980735551663747 0.03842364532019704 0.09457092819614711
1 0.5768472906403941 0.7084063047285464 0.03645320197044335 0.0647985989492119
1 0.5812807881773399 0.7381786339754816 0.0748768472906404 0.16987740805604204
1 0.6187192118226601 0.8441330998248686 0.03251231527093596 0.07530647985989491
1 0.5655172413793104 0.9474605954465849 0.03842364532019704 0.07880910683012259
1 0.5665024630541872 0.8686514886164624 0.041379310344827586 0.08581436077057793
0 0.37192118226600984 0.489492119089317 0.033497536945812804 0.05253940455341506
1 0.5822660098522168 0.873029772329247 0.06995073891625615 0.12084063047285463
1 0.7034482758620689 0.8380035026269702 0.06206896551724138 0.07705779334500876
1 0.7960591133004926 0.8248686514886164 0.06896551724137931 0.08581436077057793
1 0.7827586206896552 0.873029772329247 0.06699507389162561 0.07880910683012259
1 0.952216748768473 0.9176882661996497 0.07783251231527094 0.08056042031523643
1 0.9536945812807882 0.8108581436077058 0.08866995073891626 0.16112084063047286