0 0.98828125 0.178125 0.0234375 0.14375
0 0.97734375 0.378125 0.0453125 0.09375
0 0.94296875 0.29296875 0.0609375 0.084375
0 0.80703125 0.27265625 0.0921875 0.1125
0 0.703125 0.09453125 0.1078125 0.1515625
0 0.48359375 0.29453125 0.190625 0.209375
0 0.16796875 0.59140625 0.2078125 0.3171875
0 0.6734375 0.4796875 0.171875 0.215625
0 0.840625 0.66875 0.090625 0.11875
0 0.92890625 0.503125 0.071875 0.0765625
0 0.9734375 0.63203125 0.034375 0.0671875
0 0.9421875 0.86796875 0.03125 0.0671875
0 0.86015625 0.93046875 0.0609375 0.0984375
0 0.73515625 0.8421875 0.090625 0.146875