0 0.22821350762527234 0.12451171875 0.0392156862745098 0.0234375
0 0.5217864923747276 0.112548828125 0.06209150326797386 0.0322265625
0 0.6203703703703703 0.06103515625 0.03376906318082789 0.0185546875
0 0.5811546840958606 0.042724609375 0.058823529411764705 0.03515625
0 0.4340958605664488 0.107666015625 0.058823529411764705 0.029296875
0 0.3790849673202614 0.093505859375 0.05991285403050109 0.041015625
0 0.19226579520697168 0.066162109375 0.09368191721132897 0.0546875
0 0.11437908496732026 0.052001953125 0.06862745098039216 0.03369140625
0 0.3464052287581699 0.021484375 0.1111111111111111 0.04296875
1 0.06045751633986928 0.034423828125 0.12091503267973856 0.06884765625
1 0.07407407407407407 0.243408203125 0.14814814814814814 0.06640625
1 0.03376906318082789 0.28369140625 0.06753812636165578 0.06591796875
0 0.3420479302832244 0.66796875 0.02832244008714597 0.0087890625
0 0.394880174291939 0.62744140625 0.07952069716775599 0.0263671875
0 0.5462962962962963 0.642333984375 0.0860566448801743 0.0234375
0 0.6786492374727668 0.684326171875 0.04030501089324619 0.02392578125
0 0.6726579520697168 0.700927734375 0.02832244008714597 0.00830078125
0 0.6176470588235294 0.7470703125 0.05991285403050109 0.01904296875
0 0.7309368191721133 0.73486328125 0.044662309368191724 0.01806640625
0 0.7652505446623094 0.743408203125 0.0196078431372549 0.009765625
0 0.8447712418300654 0.709228515625 0.015250544662309368 0.00927734375
0 0.8191721132897604 0.693603515625 0.05228758169934641 0.025390625
0 0.7527233115468409 0.63671875 0.04139433551198257 0.0185546875
0 0.8186274509803921 0.613525390625 0.020697167755991286 0.01123046875
0 0.8447712418300654 0.592529296875 0.032679738562091505 0.01904296875
0 0.920479302832244 0.581298828125 0.046840958605664486 0.0205078125
0 0.9929193899782135 0.56494140625 0.014161220043572984 0.01904296875
0 0.7303921568627451 0.60107421875 0.034858387799564274 0.01513671875
0 0.7352941176470589 0.562744140625 0.0392156862745098 0.02978515625
0 0.7194989106753813 0.5439453125 0.037037037037037035 0.03076171875
0 0.6127450980392157 0.538818359375 0.030501089324618737 0.0205078125
0 0.4809368191721133 0.540283203125 0.05664488017429194 0.02294921875
0 0.5501089324618736 0.50341796875 0.032679738562091505 0.0087890625
0 0.4831154684095861 0.48779296875 0.030501089324618737 0.0078125
0 0.32570806100217864 0.489013671875 0.10021786492374728 0.0205078125
0 0.9101307189542484 0.469482421875 0.03812636165577342 0.01708984375
0 0.7369281045751634 0.47509765625 0.042483660130718956 0.029296875
0 0.7429193899782135 0.435546875 0.03159041394335512 0.01806640625
0 0.7342047930283224 0.415771484375 0.06318082788671024 0.02685546875
0 0.7603485838779956 0.365234375 0.027233115468409588 0.01611328125
0 0.7118736383442266 0.35009765625 0.0196078431372549 0.0126953125
0 0.9384531590413944 0.346435546875 0.044662309368191724 0.02001953125
0 0.9967320261437909 0.28662109375 0.006535947712418301 0.01611328125
0 0.869281045751634 0.283447265625 0.0718954248366013 0.03125
0 0.9379084967320261 0.2470703125 0.04357298474945534 0.02099609375
0 0.8164488017429193 0.227783203125 0.049019607843137254 0.02587890625
0 0.7265795206971678 0.210205078125 0.0457516339869281 0.04833984375
0 0.7570806100217865 0.18017578125 0.05337690631808279 0.02783203125
0 0.9847494553376906 0.171875 0.030501089324618737 0.02392578125
0 0.9084967320261438 0.102294921875 0.0392156862745098 0.01904296875
0 0.34368191721132896 0.74267578125 0.05337690631808279 0.02099609375
0 0.01252723311546841 0.71484375 0.02505446623093682 0.01953125
0 0.03649237472766884 0.672607421875 0.034858387799564274 0.009765625
0 0.09694989106753812 0.671142578125 0.049019607843137254 0.01806640625
0 0.184640522875817 0.6484375 0.02287581699346405 0.00830078125
0 0.2739651416122004 0.594482421875 0.02505446623093682 0.01025390625
0 0.26851851851851855 0.560302734375 0.03159041394335512 0.0087890625
0 0.2657952069716776 0.53515625 0.02832244008714597 0.0087890625
0 0.0054466230936819175 0.5830078125 0.010893246187363835 0.01220703125
0 0.1383442265795207 0.52734375 0.04030501089324619 0.01318359375
0 0.07461873638344227 0.52490234375 0.03812636165577342 0.0126953125
0 0.014161220043572984 0.52734375 0.02832244008714597 0.0234375
0 0.13071895424836602 0.49462890625 0.06753812636165578 0.01904296875
0 0.0593681917211329 0.46435546875 0.0457516339869281 0.01416015625
0 0.15631808278867101 0.447265625 0.06971677559912855 0.03662109375
0 0.21514161220043573 0.410888671875 0.02178649237472767 0.0107421875
0 0.24891067538126363 0.4267578125 0.04139433551198257 0.015625
0 0.380718954248366 0.427001953125 0.03159041394335512 0.01611328125
0 0.43736383442265797 0.3876953125 0.02505446623093682 0.0087890625
0 0.5065359477124183 0.38525390625 0.08496732026143791 0.021484375
0 0.47167755991285404 0.365234375 0.04139433551198257 0.01220703125
0 0.5413943355119826 0.367919921875 0.06318082788671024 0.015625
0 0.47549019607843135 0.326416015625 0.10130718954248366 0.0517578125
0 0.5642701525054467 0.3046875 0.04357298474945534 0.01513671875
0 0.6497821350762527 0.242431640625 0.049019607843137254 0.01611328125
0 0.605119825708061 0.2109375 0.03376906318082789 0.021484375
0 0.4471677559912854 0.2265625 0.06100217864923747 0.0205078125
0 0.38943355119825707 0.238037109375 0.03594771241830065 0.01708984375
0 0.3273420479302832 0.255126953125 0.07080610021786492 0.041015625
0 0.2647058823529412 0.3056640625 0.044662309368191724 0.02490234375
0 0.26034858387799564 0.342529296875 0.044662309368191724 0.013671875
0 0.11764705882352941 0.318603515625 0.04030501089324619 0.017578125
0 0.16666666666666666 0.30810546875 0.042483660130718956 0.01953125
0 0.3055555555555556 0.187744140625 0.044662309368191724 0.01611328125
0 0.17374727668845316 0.24169921875 0.05337690631808279 0.02197265625
0 0.1116557734204793 0.252685546875 0.03376906318082789 0.0185546875
0 0.005991285403050109 0.318603515625 0.011982570806100218 0.00732421875
0 0.0528322440087146 0.2978515625 0.0664488017429194 0.0322265625
0 0.05119825708061002 0.2607421875 0.05337690631808279 0.0185546875
0 0.07570806100217865 0.236572265625 0.07080610021786492 0.037109375
0 0.020152505446623094 0.1796875 0.04030501089324619 0.01220703125
0 0.03431372549019608 0.110595703125 0.06862745098039216 0.04345703125