0 0.184640522875817 0.13134765625 0.04139433551198257 0.0244140625
0 0.47657952069716775 0.112548828125 0.06535947712418301 0.03369140625
0 0.5691721132897604 0.058837890625 0.03594771241830065 0.01953125
0 0.5277777777777778 0.04150390625 0.06318082788671024 0.03662109375
0 0.3883442265795207 0.10986328125 0.06209150326797386 0.03076171875
0 0.33169934640522875 0.096923828125 0.06427015250544663 0.04248046875
0 0.14215686274509803 0.073974609375 0.10021786492374728 0.056640625
0 0.06263616557734204 0.061767578125 0.07298474945533769 0.03515625
0 0.2908496732026144 0.025634765625 0.11546840958605664 0.04541015625
1 0.03540305010893246 0.045166015625 0.07080610021786492 0.07177734375
1 0.06100217864923747 0.253662109375 0.12200435729847495 0.06982421875
1 0.023420479302832243 0.294921875 0.046840958605664486 0.0673828125
0 0.3616557734204793 0.67138671875 0.029411764705882353 0.00927734375
0 0.41013071895424835 0.629638671875 0.08278867102396514 0.0283203125
0 0.5626361655773421 0.64111328125 0.08823529411764706 0.025390625
0 0.6998910675381264 0.679931640625 0.04357298474945534 0.02490234375
0 0.696078431372549 0.696533203125 0.029411764705882353 0.0087890625
0 0.6465141612200436 0.743896484375 0.06209150326797386 0.0205078125
0 0.7581699346405228 0.72900390625 0.046840958605664486 0.01904296875
0 0.7935729847494554 0.73681640625 0.020697167755991286 0.01025390625
0 0.8687363834422658 0.700927734375 0.016339869281045753 0.009765625
0 0.8415032679738562 0.685791015625 0.05555555555555555 0.0263671875
0 0.7685185185185185 0.630615234375 0.04357298474945534 0.01953125
0 0.8316993464052288 0.60595703125 0.02178649237472767 0.01171875
0 0.855119825708061 0.584228515625 0.034858387799564274 0.02001953125
0 0.9291938997821351 0.5712890625 0.049019607843137254 0.021484375
0 0.9956427015250545 0.55322265625 0.008714596949891068 0.01953125
0 0.7418300653594772 0.595458984375 0.037037037037037035 0.01611328125
0 0.7423747276688453 0.55712890625 0.042483660130718956 0.03076171875
0 0.724400871459695 0.538818359375 0.04030501089324619 0.03173828125
0 0.6171023965141612 0.5361328125 0.032679738562091505 0.02099609375
0 0.485838779956427 0.540771484375 0.058823529411764705 0.0244140625
0 0.5506535947712419 0.502197265625 0.03376906318082789 0.009765625
0 0.48148148148148145 0.48828125 0.03159041394335512 0.00830078125
0 0.32461873638344224 0.4931640625 0.10239651416122005 0.02294921875
0 0.9057734204793029 0.4599609375 0.04030501089324619 0.01806640625
0 0.7336601307189542 0.469482421875 0.0457516339869281 0.0302734375
0 0.7352941176470589 0.429931640625 0.03376906318082789 0.0185546875
0 0.7238562091503268 0.410400390625 0.0664488017429194 0.0283203125
0 0.7440087145969498 0.359375 0.029411764705882353 0.0166015625
0 0.6938997821350763 0.34521484375 0.020697167755991286 0.01318359375
0 0.9199346405228758 0.33642578125 0.046840958605664486 0.02099609375
0 0.9711328976034859 0.275146484375 0.008714596949891068 0.01611328125
0 0.843681917211329 0.275146484375 0.07516339869281045 0.03271484375
0 0.9079520697167756 0.237060546875 0.0457516339869281 0.02197265625
0 0.7843137254901961 0.220703125 0.05228758169934641 0.02685546875
0 0.6922657952069716 0.205322265625 0.05119825708061002 0.04931640625
0 0.7194989106753813 0.174560546875 0.05664488017429194 0.02880859375
0 0.9455337690631809 0.160888671875 0.03376906318082789 0.0244140625
0 0.8616557734204793 0.09326171875 0.04139433551198257 0.02001953125
0 0.3720043572984749 0.74609375 0.05555555555555555 0.0224609375
0 0.03812636165577342 0.72607421875 0.027233115468409588 0.02001953125
0 0.05718954248366013 0.683349609375 0.03594771241830065 0.0107421875
0 0.11764705882352941 0.680419921875 0.05119825708061002 0.01904296875
0 0.20261437908496732 0.655517578125 0.023965141612200435 0.0087890625
0 0.28540305010893247 0.599609375 0.026143790849673203 0.0107421875
0 0.2761437908496732 0.565673828125 0.032679738562091505 0.00927734375
0 0.2701525054466231 0.54052734375 0.029411764705882353 0.00927734375
0 0.01579520697167756 0.594482421875 0.011982570806100218 0.01220703125
0 0.14215686274509803 0.535888671875 0.04139433551198257 0.01416015625
0 0.07788671023965142 0.534912109375 0.0392156862745098 0.013671875
0 0.017973856209150325 0.538818359375 0.030501089324618737 0.02392578125
0 0.13071895424836602 0.50341796875 0.06971677559912855 0.0205078125
0 0.05555555555555555 0.474853515625 0.046840958605664486 0.01513671875
0 0.1508714596949891 0.455322265625 0.07407407407407407 0.0380859375
0 0.2053376906318083 0.417724609375 0.02287581699346405 0.01123046875
0 0.24074074074074073 0.432861328125 0.04357298474945534 0.0166015625
0 0.37254901960784315 0.429931640625 0.03376906318082789 0.0166015625
0 0.42429193899782136 0.389404296875 0.026143790849673203 0.00927734375
0 0.4929193899782135 0.38525390625 0.08714596949891068 0.0234375
0 0.45588235294117646 0.365966796875 0.042483660130718956 0.01318359375
0 0.5261437908496732 0.3671875 0.06535947712418301 0.01708984375
0 0.4553376906318083 0.3271484375 0.10675381263616558 0.05419921875
0 0.5413943355119826 0.303466796875 0.0457516339869281 0.01611328125
0 0.619281045751634 0.2392578125 0.05119825708061002 0.01708984375
0 0.5713507625272332 0.208984375 0.03594771241830065 0.0224609375
0 0.4155773420479303 0.228271484375 0.06318082788671024 0.02197265625
0 0.35893246187363836 0.240966796875 0.03812636165577342 0.01806640625
0 0.29901960784313725 0.259521484375 0.07516339869281045 0.04248046875
0 0.24237472766884532 0.3115234375 0.04793028322440087 0.02587890625
0 0.24237472766884532 0.348388671875 0.0457516339869281 0.0146484375
0 0.09694989106753812 0.327880859375 0.042483660130718956 0.0185546875
0 0.144880174291939 0.316162109375 0.044662309368191724 0.0205078125
0 0.2696078431372549 0.192626953125 0.046840958605664486 0.01708984375
0 0.1437908496732026 0.249755859375 0.05555555555555555 0.0234375
0 0.08333333333333333 0.26220703125 0.03594771241830065 0.01953125
0 0.03213507625272331 0.308349609375 0.06427015250544663 0.03369140625
0 0.02559912854030501 0.271240234375 0.05119825708061002 0.02001953125
0 0.0457516339869281 0.246826171875 0.07516339869281045 0.03857421875
0 0.013071895424836602 0.1220703125 0.026143790849673203 0.044921875