0 0.5838779956427015 0.27978515625 0.06753812636165578 0.0185546875
1 0.09531590413943355 0.789794921875 0.1906318082788671 0.10205078125
1 0.28649237472766886 0.75830078125 0.24618736383442266 0.169921875
1 0.7815904139433552 0.77197265625 0.12309368191721133 0.04541015625
1 0.6639433551198257 0.697021484375 0.37254901960784315 0.1337890625
1 0.5479302832244008 0.609130859375 0.12309368191721133 0.07421875
1 0.24074074074074073 0.53564453125 0.18736383442265794 0.0556640625
1 0.25544662309368193 0.503173828125 0.1895424836601307 0.0556640625
1 0.6710239651416122 0.51953125 0.3801742919389978 0.1435546875
1 0.8006535947712419 0.455810546875 0.39869281045751637 0.09912109375
1 0.883442265795207 0.412353515625 0.23311546840958605 0.05419921875
1 0.16721132897603486 0.34814453125 0.31917211328976036 0.10791015625
1 0.7663398692810458 0.298828125 0.1775599128540305 0.06884765625
0 0.0392156862745098 0.75537109375 0.020697167755991286 0.0107421875
0 0.9471677559912854 0.82763671875 0.05991285403050109 0.052734375
0 0.8507625272331155 0.8203125 0.07080610021786492 0.01611328125
0 0.6023965141612201 0.841064453125 0.029411764705882353 0.01171875
0 0.6922657952069716 0.797607421875 0.027233115468409588 0.01318359375
0 0.5974945533769063 0.741455078125 0.03376906318082789 0.01123046875
0 0.4733115468409586 0.73974609375 0.046840958605664486 0.02001953125
0 0.4400871459694989 0.679443359375 0.05555555555555555 0.0244140625
0 0.5588235294117647 0.68408203125 0.0457516339869281 0.017578125
0 0.8513071895424836 0.71923828125 0.03594771241830065 0.01318359375
0 0.7096949891067538 0.7021484375 0.07407407407407407 0.033203125
0 0.6230936819172114 0.67138671875 0.04357298474945534 0.0166015625
0 0.5375816993464052 0.6201171875 0.04793028322440087 0.0224609375
0 0.659041394335512 0.592529296875 0.10675381263616558 0.04248046875
0 0.7875816993464052 0.63623046875 0.044662309368191724 0.02001953125
0 0.9177559912854031 0.638427734375 0.08932461873638345 0.03466796875
0 0.9760348583877996 0.601806640625 0.034858387799564274 0.02490234375
0 0.9575163398692811 0.5869140625 0.05010893246187364 0.025390625
0 0.9847494553376906 0.56689453125 0.02178649237472767 0.01904296875
0 0.2167755991285403 0.67724609375 0.02178649237472767 0.00927734375
0 0.32407407407407407 0.6416015625 0.08061002178649238 0.05078125
0 0.20588235294117646 0.643310546875 0.09803921568627451 0.04052734375
0 0.004357298474945534 0.628662109375 0.008714596949891068 0.01708984375
0 0.3142701525054466 0.61083984375 0.029411764705882353 0.01171875
0 0.19662309368191722 0.57421875 0.06862745098039216 0.0283203125
0 0.3093681917211329 0.57275390625 0.04030501089324619 0.025390625
0 0.39760348583877997 0.55712890625 0.026143790849673203 0.0107421875
0 0.5588235294117647 0.57080078125 0.04030501089324619 0.01904296875
0 0.6122004357298475 0.555419921875 0.054466230936819175 0.0185546875
0 0.49836601307189543 0.5419921875 0.027233115468409588 0.013671875
0 0.6492374727668845 0.539306640625 0.02832244008714597 0.015625
0 0.6835511982570807 0.51123046875 0.07298474945533769 0.02587890625
0 0.6143790849673203 0.478759765625 0.023965141612200435 0.02294921875
0 0.007625272331154684 0.517822265625 0.015250544662309368 0.02294921875
0 0.049564270152505446 0.479248046875 0.042483660130718956 0.01611328125
0 0.10457516339869281 0.44580078125 0.04030501089324619 0.015625
0 0.1895424836601307 0.424560546875 0.04139433551198257 0.015625
0 0.21949891067538127 0.40576171875 0.04139433551198257 0.01611328125
0 0.4455337690631808 0.482421875 0.034858387799564274 0.01611328125
0 0.6034858387799564 0.423583984375 0.034858387799564274 0.0185546875
0 0.8311546840958606 0.4423828125 0.05773420479302832 0.01611328125
0 0.7047930283224401 0.403564453125 0.05773420479302832 0.0244140625
0 0.9907407407407407 0.394775390625 0.018518518518518517 0.01318359375
0 0.9564270152505446 0.33544921875 0.08714596949891068 0.025390625
0 0.9308278867102396 0.224853515625 0.07734204793028322 0.03662109375
0 0.31971677559912853 0.361328125 0.06209150326797386 0.0263671875
0 0.4809368191721133 0.380126953125 0.0392156862745098 0.01953125
0 0.514161220043573 0.35888671875 0.03812636165577342 0.01708984375
0 0.7189542483660131 0.36181640625 0.07625272331154684 0.0380859375
0 0.7543572984749455 0.337890625 0.054466230936819175 0.02490234375
0 0.6486928104575164 0.31884765625 0.05664488017429194 0.037109375
0 0.049564270152505446 0.292724609375 0.05119825708061002 0.02001953125
0 0.5784313725490197 0.262939453125 0.054466230936819175 0.02685546875
0 0.45860566448801743 0.2861328125 0.12636165577342048 0.04931640625
0 0.08115468409586056 0.310791015625 0.05555555555555555 0.01904296875
0 0.12091503267973856 0.217041015625 0.09586056644880174 0.02392578125
0 0.23420479302832245 0.24755859375 0.058823529411764705 0.02685546875
0 0.3224400871459695 0.28466796875 0.05991285403050109 0.02783203125
0 0.38562091503267976 0.322509765625 0.06100217864923747 0.02783203125