0 0.3485838779956427 0.287109375 0.0718954248366013 0.0224609375
1 0.940631808278867 0.7607421875 0.1187363834422658 0.11328125
1 0.7919389978213508 0.742431640625 0.29411764705882354 0.18212890625
1 0.3055555555555556 0.786865234375 0.13507625272331156 0.05224609375
1 0.39869281045751637 0.705322265625 0.4074074074074074 0.15478515625
1 0.4863834422657952 0.611083984375 0.1437908496732026 0.08056640625
1 0.7679738562091504 0.519287109375 0.20043572984749455 0.06640625
1 0.7429193899782135 0.488037109375 0.20261437908496732 0.06640625
1 0.3366013071895425 0.530029296875 0.41721132897603486 0.16455078125
1 0.19934640522875818 0.475341796875 0.39869281045751637 0.12255859375
1 0.10784313725490197 0.437255859375 0.21568627450980393 0.06787109375
1 0.7821350762527233 0.328857421875 0.3464052287581699 0.12548828125
1 0.17374727668845316 0.3173828125 0.19498910675381265 0.07861328125
0 0.15904139433551198 0.8525390625 0.07516339869281045 0.05517578125
0 0.25217864923747274 0.839111328125 0.07407407407407407 0.0205078125
0 0.5043572984749455 0.84423828125 0.032679738562091505 0.01318359375
0 0.4019607843137255 0.806640625 0.030501089324618737 0.0146484375
0 0.47875816993464054 0.7451171875 0.03594771241830065 0.01318359375
0 0.6007625272331155 0.735595703125 0.05228758169934641 0.02294921875
0 0.6149237472766884 0.673828125 0.06209150326797386 0.02734375
0 0.4989106753812636 0.68603515625 0.05010893246187364 0.0205078125
0 0.22004357298474944 0.739013671875 0.0392156862745098 0.01513671875
0 0.355119825708061 0.71337890625 0.08278867102396514 0.037109375
0 0.43137254901960786 0.677490234375 0.04793028322440087 0.01904296875
0 0.5 0.621337890625 0.05337690631808279 0.025390625
0 0.37145969498910675 0.6015625 0.11764705882352941 0.04833984375
0 0.2576252723311547 0.65283203125 0.05010893246187364 0.0224609375
0 0.12962962962962962 0.6630859375 0.09912854030501089 0.03955078125
0 0.06045751633986928 0.63037109375 0.04139433551198257 0.0263671875
0 0.07407407407407407 0.614501953125 0.05664488017429194 0.02783203125
0 0.04084967320261438 0.596435546875 0.027233115468409588 0.02001953125
0 0.835511982570806 0.657958984375 0.023965141612200435 0.01025390625
0 0.7184095860566448 0.629150390625 0.09477124183006536 0.05517578125
0 0.835511982570806 0.62353515625 0.10893246187363835 0.0458984375
0 0.7184095860566448 0.59814453125 0.032679738562091505 0.01318359375
0 0.8235294117647058 0.554443359375 0.07625272331154684 0.0322265625
0 0.7113289760348583 0.56005859375 0.046840958605664486 0.02734375
0 0.619281045751634 0.550048828125 0.02832244008714597 0.01220703125
0 0.46350762527233114 0.57373046875 0.0457516339869281 0.021484375
0 0.4057734204793028 0.56201171875 0.05991285403050109 0.021484375
0 0.5147058823529411 0.54150390625 0.030501089324618737 0.01513671875
0 0.36437908496732024 0.548095703125 0.032679738562091505 0.01708984375
0 0.32189542483660133 0.5224609375 0.07952069716775599 0.0302734375
0 0.3801742919389978 0.486083984375 0.030501089324618737 0.02392578125
0 0.9907407407407407 0.487060546875 0.018518518518518517 0.02392578125
0 0.9395424836601307 0.451416015625 0.046840958605664486 0.0185546875
0 0.8747276688453159 0.421630859375 0.044662309368191724 0.01806640625
0 0.7837690631808278 0.406005859375 0.0457516339869281 0.01806640625
0 0.7483660130718954 0.38916015625 0.0457516339869281 0.0185546875
0 0.5484749455337691 0.479248046875 0.0392156862745098 0.01806640625
0 0.37363834422657954 0.430908203125 0.04030501089324619 0.0205078125
0 0.15413943355119825 0.463623046875 0.06209150326797386 0.01953125
0 0.26742919389978215 0.417236328125 0.06427015250544663 0.02734375
0 0.021241830065359478 0.36572265625 0.042483660130718956 0.03125
0 0.01579520697167756 0.25439453125 0.03159041394335512 0.041015625
0 0.6356209150326797 0.351318359375 0.06862745098039216 0.02978515625
0 0.48148148148148145 0.380126953125 0.044662309368191724 0.021484375
0 0.4422657952069717 0.361083984375 0.042483660130718956 0.01904296875
0 0.24019607843137256 0.376708984375 0.0860566448801743 0.0419921875
0 0.1977124183006536 0.355224609375 0.06100217864923747 0.02783203125
0 0.2962962962962963 0.329833984375 0.0664488017429194 0.03955078125
0 0.8818082788671024 0.2666015625 0.05664488017429194 0.0224609375
0 0.3485838779956427 0.270263671875 0.06100217864923747 0.02978515625
0 0.4749455337690632 0.28564453125 0.1394335511982571 0.05615234375
0 0.8562091503267973 0.286376953125 0.06100217864923747 0.02197265625
0 0.7875816993464052 0.196044921875 0.10130718954248366 0.029296875
0 0.6851851851851852 0.2333984375 0.06535947712418301 0.02978515625
0 0.6094771241830066 0.275634765625 0.06753812636165578 0.03076171875
0 0.5582788671023965 0.317138671875 0.06862745098039216 0.03125