0 0.22395833333333334 0.59375 0.23828125 0.18896484375
0 0.2333984375 0.70263671875 0.310546875 0.1630859375
0 0.4091796875 0.75 0.2897135416666667 0.15087890625
0 0.3994140625 0.85498046875 0.10091145833333333 0.05126953125
0 0.3525390625 0.8857421875 0.12630208333333334 0.06396484375
0 0.5234375 0.86474609375 0.07877604166666667 0.0380859375
0 0.6565755208333334 0.865478515625 0.087890625 0.041015625
0 0.6484375 0.904296875 0.16276041666666666 0.08056640625
0 0.6809895833333334 0.53125 0.038411458333333336 0.0146484375
0 0.88671875 0.487548828125 0.08984375 0.12109375
0 0.9205729166666666 0.603515625 0.15885416666666666 0.0810546875
0 0.20345052083333334 0.4873046875 0.17838541666666666 0.12548828125
0 0.7698567708333334 0.40625 0.033203125 0.03076171875
0 0.46875 0.387451171875 0.038411458333333336 0.06591796875
0 0.4527994791666667 0.31201171875 0.03125 0.05517578125
0 0.6337890625 0.13232421875 0.08072916666666667 0.09326171875
0 0.4847005208333333 0.025146484375 0.072265625 0.05029296875