0 0.794921875 0.552734375 0.21354166666666666 0.17236328125
0 0.8134765625 0.660888671875 0.29296875 0.13818359375
0 0.6529947916666666 0.732421875 0.2727864583333333 0.1279296875
0 0.6891276041666666 0.834228515625 0.095703125 0.04296875
0 0.7431640625 0.857666015625 0.11979166666666667 0.0537109375
0 0.5699869791666666 0.861328125 0.07486979166666667 0.03173828125
0 0.4391276041666667 0.881103515625 0.08333333333333333 0.03369140625
0 0.4573567708333333 0.918212890625 0.154296875 0.0673828125
0 0.3304036458333333 0.556396484375 0.037109375 0.01123046875
0 0.1171875 0.54296875 0.07161458333333333 0.1162109375
0 0.1123046875 0.661865234375 0.15169270833333334 0.068359375
0 0.7880859375 0.445068359375 0.16276041666666666 0.1123046875
0 0.21126302083333334 0.446533203125 0.029296875 0.0283203125
0 0.5022786458333334 0.385009765625 0.028645833333333332 0.064453125
0 0.4986979166666667 0.308837890625 0.022786458333333332 0.05419921875
0 0.2750651041666667 0.158203125 0.06705729166666667 0.08837890625
0 0.3929036458333333 0.029052734375 0.06510416666666667 0.05029296875