0 0.150390625 0.800048828125 0.052734375 0.03662109375
0 0.4127604166666667 0.716064453125 0.130859375 0.1240234375
0 0.7529296875 0.310546875 0.11197916666666667 0.0927734375
0 0.83984375 0.325439453125 0.09700520833333333 0.07373046875
0 0.8994140625 0.434814453125 0.11067708333333333 0.0654296875
0 0.7845052083333334 0.499267578125 0.13346354166666666 0.08544921875
0 0.7649739583333334 0.597412109375 0.14973958333333334 0.09521484375
0 0.9944661458333334 0.60546875 0.011067708333333334 0.0791015625
0 0.17154947916666666 0.884033203125 0.07877604166666667 0.0361328125
0 0.2854817708333333 0.86669921875 0.091796875 0.0419921875
0 0.3590494791666667 0.8544921875 0.07486979166666667 0.03662109375
0 0.4807942708333333 0.812744140625 0.15885416666666666 0.08056640625
0 0.4723307291666667 0.8759765625 0.11653645833333333 0.046875
0 0.09440104166666667 0.75146484375 0.10872395833333333 0.119140625
0 0.9388020833333334 0.244140625 0.020182291666666668 0.01708984375
0 0.8932291666666666 0.184326171875 0.036458333333333336 0.03173828125
0 0.7848307291666666 0.15673828125 0.0234375 0.01416015625
0 0.8121744791666666 0.156982421875 0.032552083333333336 0.0244140625
0 0.5764973958333334 0.1650390625 0.014973958333333334 0.017578125
0 0.283203125 0.13037109375 0.087890625 0.0546875
0 0.20963541666666666 0.12060546875 0.08203125 0.0966796875
0 0.5257161458333334 0.272216796875 0.12434895833333333 0.1142578125
0 0.1552734375 0.29638671875 0.057291666666666664 0.05224609375
0 0.06282552083333333 0.3125 0.031901041666666664 0.05859375
0 0.09016927083333333 0.390380859375 0.041666666666666664 0.07080078125
0 0.34765625 0.401611328125 0.034505208333333336 0.03369140625
0 0.2662760416666667 0.533935546875 0.037760416666666664 0.0166015625
0 0.2001953125 0.5283203125 0.08268229166666667 0.07861328125
0 0.3977864583333333 0.4765625 0.083984375 0.0751953125
0 0.4772135416666667 0.4794921875 0.099609375 0.1220703125