0 0.8929036458333334 0.60693359375 0.06705729166666667 0.06103515625
0 0.6041666666666666 0.600830078125 0.042317708333333336 0.03173828125
0 0.6321614583333334 0.627197265625 0.043619791666666664 0.0244140625
0 0.771484375 0.718994140625 0.08333333333333333 0.0556640625
0 0.5403645833333334 0.753173828125 0.08854166666666667 0.0634765625
0 0.7014973958333334 0.803466796875 0.07421875 0.046875
0 0.8323567708333334 0.759765625 0.041015625 0.02734375
0 0.8610026041666666 0.89697265625 0.06901041666666667 0.0419921875
0 0.01953125 0.376220703125 0.015625 0.01708984375
1 0.047526041666666664 0.427490234375 0.09505208333333333 0.13818359375
0 0.9352213541666666 0.48046875 0.056640625 0.0478515625
0 0.3873697916666667 0.240234375 0.09830729166666667 0.07666015625
0 0.484375 0.2451171875 0.09440104166666667 0.07763671875
0 0.5475260416666666 0.103271484375 0.10807291666666667 0.09033203125
1 0.4482421875 0.4306640625 0.18619791666666666 0.2412109375
1 0.6149088541666666 0.44140625 0.189453125 0.24072265625