0 0.020833333333333332 0.42822265625 0.041666666666666664 0.05859375
0 0.09765625 0.49462890625 0.055338541666666664 0.0419921875
0 0.1884765625 0.6162109375 0.033203125 0.025390625
0 0.11263020833333333 0.692626953125 0.10026041666666667 0.05908203125
0 0.2942708333333333 0.526123046875 0.14388020833333334 0.130859375
0 0.3707682291666667 0.707763671875 0.17513020833333334 0.12841796875
0 0.3629557291666667 0.846923828125 0.22526041666666666 0.14990234375
0 0.8779296875 0.749267578125 0.171875 0.11767578125
0 0.8492838541666666 0.557373046875 0.16341145833333334 0.11767578125
0 0.7887369791666666 0.407958984375 0.13736979166666666 0.1103515625
0 0.376953125 0.216064453125 0.09830729166666667 0.06982421875
0 0.1923828125 0.134521484375 0.12174479166666667 0.10498046875
0 0.030924479166666668 0.151611328125 0.061848958333333336 0.07080078125
0 0.008463541666666666 0.2392578125 0.016927083333333332 0.068359375