0 0.76875 0.25 0.178125 0.2078125
0 0.8140625 0.44375 0.1109375 0.1421875
0 0.8203125 0.68359375 0.1359375 0.1484375
0 0.659375 0.7859375 0.1515625 0.134375
0 0.68515625 0.66796875 0.1328125 0.140625
0 0.73828125 0.5546875 0.159375 0.159375
0 0.725 0.44375 0.1015625 0.109375
0 0.63203125 0.13828125 0.1125 0.125
0 0.49609375 0.16875 0.0921875 0.103125
0 0.53515625 0.3328125 0.15 0.1984375
0 0.625 0.48046875 0.1 0.0953125
0 0.58203125 0.5796875 0.10625 0.1328125
0 0.56171875 0.69921875 0.11875 0.128125
0 0.48046875 0.6265625 0.1171875 0.13125
0 0.42421875 0.69921875 0.121875 0.1109375
0 0.3828125 0.53515625 0.103125 0.121875
0 0.425 0.4265625 0.1109375 0.1328125
0 0.378125 0.328125 0.1234375 0.1203125
0 0.415625 0.2359375 0.096875 0.11875
0 0.23671875 0.3484375 0.171875 0.1734375
0 0.325 0.41953125 0.0953125 0.096875
0 0.26953125 0.51484375 0.1046875 0.121875
0 0.171875 0.48125 0.1171875 0.1609375
0 0.1390625 0.64453125 0.11875 0.1515625
0 0.2828125 0.65703125 0.146875 0.190625