0 0.2734375 0.2109375 0.1875 0.215625
0 0.1984375 0.3953125 0.1171875 0.146875
0 0.1546875 0.63125 0.1421875 0.1546875
0 0.29765625 0.7578125 0.1578125 0.140625
0 0.290625 0.63671875 0.140625 0.146875
0 0.25625 0.5171875 0.1671875 0.1671875
0 0.28671875 0.409375 0.1078125 0.1140625
0 0.42578125 0.121875 0.11875 0.13125
0 0.55546875 0.1734375 0.096875 0.1078125
0 0.49140625 0.3296875 0.159375 0.2046875
0 0.3796875 0.46171875 0.1046875 0.1
0 0.40703125 0.565625 0.1125 0.1375
0 0.4078125 0.6875 0.125 0.1328125
0 0.49921875 0.628125 0.1234375 0.1359375
0 0.54375 0.70859375 0.128125 0.115625
0 0.61015625 0.553125 0.1078125 0.1265625
0 0.5859375 0.4390625 0.1171875 0.1390625
0 0.646875 0.34921875 0.128125 0.125
0 0.625 0.25234375 0.1015625 0.1234375
0 0.78359375 0.39140625 0.18125 0.18125
0 0.68515625 0.44765625 0.1 0.1015625
0 0.72578125 0.55078125 0.109375 0.1265625
0 0.82734375 0.5328125 0.125 0.165625
0 0.834375 0.69921875 0.125 0.15625
0 0.68984375 0.6890625 0.15625 0.1984375