0 0.8109090909090909 0.9063636363636364 0.06636363636363636 0.04454545454545455
0 0.5095454545454545 0.9086363636363637 0.07454545454545454 0.057272727272727274
0 0.75 0.8795454545454545 0.06 0.057272727272727274
0 0.8618181818181818 0.8613636363636363 0.03727272727272727 0.05545454545454546
0 0.1859090909090909 0.9131818181818182 0.06909090909090909 0.07090909090909091
0 0.28863636363636364 0.9018181818181819 0.06545454545454546 0.06363636363636363
0 0.8163636363636364 0.8495454545454545 0.05545454545454546 0.056363636363636366
0 0.5863636363636363 0.8590909090909091 0.07727272727272727 0.06909090909090909
0 0.7754545454545455 0.8268181818181818 0.05545454545454546 0.04818181818181818
0 0.7113636363636363 0.8313636363636364 0.05818181818181818 0.06545454545454546
0 0.4868181818181818 0.8454545454545455 0.10727272727272727 0.06909090909090909
0 0.22454545454545455 0.855 0.08363636363636363 0.07363636363636364
0 0.8381818181818181 0.7981818181818182 0.057272727272727274 0.05090909090909091
0 0.7468181818181818 0.785 0.04181818181818182 0.05454545454545454
0 0.2872727272727273 0.8181818181818182 0.07727272727272727 0.06636363636363636
0 0.1709090909090909 0.8236363636363636 0.06454545454545454 0.06545454545454546
0 0.7859090909090909 0.7627272727272727 0.03909090909090909 0.05181818181818182
0 0.7827272727272727 0.6309090909090909 0.10818181818181818 0.09909090909090909
0 0.35409090909090907 0.6581818181818182 0.09272727272727273 0.09545454545454546
0 0.26272727272727275 0.6559090909090909 0.09545454545454546 0.11272727272727273
0 0.6736363636363636 0.6168181818181818 0.10363636363636364 0.10181818181818182
0 0.4 0.5763636363636364 0.08636363636363636 0.08727272727272728
0 0.32045454545454544 0.5690909090909091 0.09 0.09090909090909091
0 0.23045454545454547 0.5681818181818182 0.08181818181818182 0.0890909090909091
0 0.8327272727272728 0.5313636363636364 0.09727272727272727 0.10818181818181818
0 0.7431818181818182 0.5290909090909091 0.09818181818181818 0.10727272727272727
0 0.6522727272727272 0.5286363636363637 0.0890909090909091 0.09272727272727273
0 0.7809090909090909 0.39590909090909093 0.1618181818181818 0.09909090909090909
0 0.3181818181818182 0.4159090909090909 0.11727272727272728 0.10545454545454545
0 0.6431818181818182 0.3859090909090909 0.10909090909090909 0.11090909090909092
0 0.19272727272727272 0.42272727272727273 0.12363636363636364 0.12181818181818181
0 0.3840909090909091 0.33590909090909093 0.11454545454545455 0.10363636363636364
0 0.5968181818181818 0.2968181818181818 0.12272727272727273 0.07272727272727272
0 0.26045454545454544 0.325 0.11181818181818182 0.08818181818181818
0 0.13454545454545455 0.3340909090909091 0.1390909090909091 0.09272727272727273
0 0.8331818181818181 0.2859090909090909 0.11090909090909092 0.12090909090909091
0 0.7168181818181818 0.2922727272727273 0.11181818181818182 0.1318181818181818
0 0.4668181818181818 0.11409090909090909 0.28 0.15818181818181817
0 0.8481818181818181 0.08681818181818182 0.2009090909090909 0.1590909090909091
0 0.6790909090909091 0.09363636363636364 0.13090909090909092 0.15
0 0.15272727272727274 0.14136363636363636 0.3054545454545455 0.2081818181818182