0 0.7436363636363637 0.95 0.06727272727272728 0.045454545454545456
0 0.44545454545454544 0.905 0.07545454545454545 0.05909090909090909
0 0.6872727272727273 0.9136363636363637 0.060909090909090906 0.05818181818181818
0 0.8009090909090909 0.9136363636363637 0.038181818181818185 0.056363636363636366
0 0.125 0.8590909090909091 0.07 0.07181818181818182
0 0.22818181818181818 0.8636363636363636 0.06636363636363636 0.06454545454545454
0 0.7577272727272727 0.895 0.056363636363636366 0.057272727272727274
0 0.5290909090909091 0.8681818181818182 0.07818181818181819 0.07090909090909091
0 0.7209090909090909 0.8654545454545455 0.056363636363636366 0.04909090909090909
0 0.6568181818181819 0.8604545454545455 0.05909090909090909 0.06636363636363636
0 0.43272727272727274 0.8390909090909091 0.10818181818181818 0.07090909090909091
0 0.17227272727272727 0.8077272727272727 0.08454545454545455 0.07454545454545454
0 0.7872727272727272 0.8472727272727273 0.05818181818181818 0.05181818181818182
0 0.6990909090909091 0.82 0.042727272727272725 0.05454545454545454
0 0.24 0.7809090909090909 0.07818181818181819 0.06818181818181818
0 0.12409090909090909 0.7681818181818182 0.06545454545454546 0.06636363636363636
0 0.7413636363636363 0.8040909090909091 0.04 0.05181818181818182
0 0.7586363636363637 0.6736363636363636 0.10909090909090909 0.1
0 0.33090909090909093 0.6336363636363637 0.09363636363636364 0.09727272727272727
0 0.2409090909090909 0.6168181818181818 0.09727272727272727 0.11454545454545455
0 0.6531818181818182 0.6427272727272727 0.10545454545454545 0.10363636363636364
0 0.38954545454545453 0.5595454545454546 0.08818181818181818 0.08818181818181818
0 0.3118181818181818 0.54 0.09181818181818181 0.09272727272727273
0 0.22318181818181818 0.525 0.08363636363636363 0.09
0 0.8236363636363636 0.5831818181818181 0.09818181818181818 0.10909090909090909
0 0.7354545454545455 0.5668181818181818 0.1 0.10818181818181818
0 0.6459090909090909 0.5518181818181818 0.09090909090909091 0.09454545454545454
0 0.7936363636363636 0.44136363636363635 0.16363636363636364 0.10181818181818182
0 0.3336363636363636 0.3886363636363636 0.1190909090909091 0.10727272727272727
0 0.6595454545454545 0.41 0.11090909090909092 0.11181818181818182
0 0.20863636363636365 0.37545454545454543 0.12545454545454546 0.12363636363636364
0 0.4113636363636364 0.3195454545454545 0.11636363636363636 0.10545454545454545
0 0.6277272727272727 0.3145454545454546 0.12363636363636364 0.07454545454545454
0 0.2909090909090909 0.28954545454545455 0.11272727272727273 0.09
0 0.165 0.2790909090909091 0.14 0.09454545454545454
0 0.8627272727272727 0.34045454545454545 0.11272727272727273 0.12181818181818181
0 0.7468181818181818 0.3286363636363636 0.11454545454545455 0.13272727272727272
0 0.5272727272727272 0.11363636363636363 0.2818181818181818 0.16272727272727272
0 0.9036363636363637 0.1459090909090909 0.19272727272727272 0.16272727272727272
0 0.7404545454545455 0.12681818181818183 0.13272727272727272 0.15181818181818182
0 0.21 0.09863636363636363 0.3145454545454546 0.19727272727272727