0 0.3015625 0.015625 0.121875 0.03125
0 0.4359375 0.0109375 0.075 0.021875
0 0.40546875 0.04296875 0.0609375 0.05
0 0.13046875 0.0234375 0.0328125 0.046875
0 0.18984375 0.1265625 0.3078125 0.25
0 0.32734375 0.26640625 0.078125 0.08125
0 0.4125 0.23046875 0.115625 0.10625
0 0.05078125 0.23671875 0.0484375 0.0515625
0 0.0359375 0.2890625 0.0296875 0.03125
0 0.05078125 0.3421875 0.03125 0.0234375
0 0.3515625 0.3328125 0.0375 0.0375
0 0.521875 0.125 0.0609375 0.0640625
0 0.63046875 0.0671875 0.0984375 0.1015625
0 0.88515625 0.084375 0.0671875 0.0578125
0 0.853125 0.046875 0.0421875 0.01875
0 0.76171875 0.15078125 0.0640625 0.04375
0 0.78671875 0.215625 0.0640625 0.0484375
0 0.74453125 0.27421875 0.1421875 0.1359375
0 0.84140625 0.3453125 0.0296875 0.03125
0 0.8921875 0.28046875 0.0625 0.046875
0 0.97109375 0.3 0.0578125 0.059375
0 0.93671875 0.37890625 0.0296875 0.028125
0 0.959375 0.421875 0.08125 0.065625
0 0.97421875 0.48359375 0.0515625 0.0953125
0 0.88203125 0.46171875 0.096875 0.0515625
0 0.89140625 0.54296875 0.0703125 0.0484375
0 0.9484375 0.66796875 0.075 0.065625
0 0.85 0.7046875 0.1265625 0.1109375
0 0.83984375 0.7671875 0.065625 0.046875
0 0.7796875 0.6015625 0.0359375 0.0296875
0 0.92734375 0.8375 0.0390625 0.0328125
0 0.934375 0.86875 0.0546875 0.0609375
0 0.91484375 0.96953125 0.0578125 0.0609375
0 0.859375 0.9578125 0.0578125 0.0640625
0 0.790625 0.9046875 0.0734375 0.0359375
0 0.73046875 0.91953125 0.06875 0.040625
0 0.71953125 0.7859375 0.059375 0.0734375
0 0.70546875 0.8203125 0.0765625 0.0671875
0 0.50390625 0.84921875 0.034375 0.025
0 0.503125 0.7953125 0.0484375 0.025
0 0.48203125 0.91328125 0.0265625 0.021875
0 0.52578125 0.9265625 0.025 0.021875
0 0.41328125 0.85625 0.0765625 0.075
0 0.15546875 0.76640625 0.0375 0.028125
0 0.19453125 0.7796875 0.0375 0.028125
0 0.07734375 0.7796875 0.0515625 0.0328125
0 0.1046875 0.8078125 0.0453125 0.0328125
0 0.08125 0.68125 0.08125 0.0765625
0 0.0171875 0.6609375 0.034375 0.03125
0 0.009375 0.6046875 0.01875 0.028125
0 0.01953125 0.57734375 0.0296875 0.0265625
0 0.028125 0.5453125 0.040625 0.0421875
0 0.06640625 0.51875 0.0171875 0.021875
0 0.14765625 0.56875 0.0265625 0.0234375
0 0.184375 0.50390625 0.028125 0.0359375
0 0.2671875 0.59375 0.0421875 0.0296875
0 0.353125 0.57578125 0.0625 0.05
0 0.36484375 0.5359375 0.053125 0.0390625
0 0.4578125 0.62890625 0.096875 0.071875
0 0.48671875 0.58984375 0.0640625 0.0515625
0 0.55859375 0.6453125 0.078125 0.065625
0 0.5375 0.52734375 0.053125 0.05
0 0.50390625 0.54921875 0.034375 0.0359375
0 0.6859375 0.54375 0.13125 0.0953125
0 0.7234375 0.50546875 0.040625 0.0453125
0 0.42421875 0.5046875 0.121875 0.0984375
0 0.2421875 0.43828125 0.1109375 0.075
0 0.28671875 0.48359375 0.0359375 0.025
0 0.053125 0.44921875 0.10625 0.1109375
0 0.525 0.3515625 0.1046875 0.078125
0 0.60703125 0.3125 0.0953125 0.0671875
0 0.5765625 0.24296875 0.084375 0.10625
0 0.74140625 0.3796875 0.1734375 0.1546875