0 0.8125 0.06171875 0.121875 0.0671875
0 0.68203125 0.03359375 0.075 0.0375
0 0.70234375 0.07890625 0.0609375 0.05
0 0.97421875 0.1265625 0.0328125 0.046875
0 0.86875 0.2125 0.2625 0.25
0 0.72421875 0.31484375 0.078125 0.08125
0 0.65 0.259375 0.115625 0.10625
0 0.9875 0.35390625 0.025 0.0515625
0 0.99296875 0.40625 0.0140625 0.03125
0 0.9734375 0.45546875 0.03125 0.0234375
0 0.684375 0.37421875 0.0375 0.0375
0 0.56953125 0.13046875 0.0609375 0.0640625
0 0.47734375 0.04921875 0.0984375 0.0984375
0 0.22578125 0.01640625 0.0671875 0.0328125
0 0.33046875 0.0984375 0.0640625 0.04375
0 0.290625 0.1546875 0.0640625 0.0484375
0 0.31796875 0.221875 0.1421875 0.1359375
0 0.20625 0.2671875 0.0296875 0.03125
0 0.17265625 0.1921875 0.0625 0.046875
0 0.0765625 0.18828125 0.0890625 0.059375
0 0.10546875 0.2765625 0.0296875 0.028125
0 0.06640625 0.31171875 0.0953125 0.065625
0 0.03828125 0.36875 0.0625 0.0953125
0 0.1390625 0.3703125 0.096875 0.0515625
0 0.109375 0.44765625 0.0703125 0.0484375
0 0.03046875 0.553125 0.0609375 0.065625
0 0.1109375 0.61328125 0.1265625 0.1109375
0 0.10625 0.6765625 0.065625 0.046875
0 0.20390625 0.53046875 0.0359375 0.0296875
0 0.0109375 0.72421875 0.021875 0.0328125
0 0.00859375 0.75234375 0.0171875 0.0609375
0 0.00625 0.85625 0.0125 0.0625
0 0.040625 0.8578125 0.0578125 0.0640625
0 0.1203125 0.82265625 0.0734375 0.0359375
0 0.175 0.8515625 0.06875 0.040625
0 0.2171875 0.72421875 0.059375 0.0734375
0 0.2234375 0.7609375 0.0765625 0.0671875
0 0.41171875 0.83828125 0.034375 0.025
0 0.42578125 0.7859375 0.0484375 0.025
0 0.4171875 0.90546875 0.0265625 0.021875
0 0.371875 0.9078125 0.025 0.021875
0 0.4984375 0.86640625 0.0765625 0.075
0 0.76953125 0.84140625 0.0375 0.028125
0 0.728125 0.8453125 0.0375 0.028125
0 0.8421875 0.8734375 0.0515625 0.0328125
0 0.80859375 0.89453125 0.0453125 0.0328125
0 0.8625 0.77734375 0.08125 0.0765625
0 0.94140625 0.7765625 0.059375 0.03125
0 0.9546875 0.721875 0.0265625 0.028125
0 0.946875 0.69140625 0.0296875 0.0265625
0 0.946875 0.6578125 0.040625 0.0421875
0 0.91640625 0.62265625 0.0171875 0.021875
0 0.825 0.6515625 0.0265625 0.0234375
0 0.8046875 0.5796875 0.028125 0.0359375
0 0.703125 0.646875 0.0421875 0.0296875
0 0.62421875 0.60859375 0.0625 0.05
0 0.62265625 0.56796875 0.053125 0.0390625
0 0.51015625 0.63515625 0.096875 0.071875
0 0.49140625 0.590625 0.0640625 0.0515625
0 0.4078125 0.6265625 0.078125 0.065625
0 0.45703125 0.5171875 0.053125 0.05
0 0.484375 0.546875 0.034375 0.0359375
0 0.309375 0.49765625 0.13125 0.0953125
0 0.28203125 0.45078125 0.040625 0.0453125
0 0.57265625 0.5234375 0.121875 0.0984375
0 0.76484375 0.50234375 0.1109375 0.075
0 0.7109375 0.53515625 0.0359375 0.025
0 0.94609375 0.55859375 0.1078125 0.1109375
0 0.51171875 0.34921875 0.1046875 0.078125
0 0.44140625 0.2921875 0.0953125 0.0671875
0 0.48828125 0.2328125 0.084375 0.10625
0 0.29453125 0.32421875 0.1734375 0.1546875