0 0.9054545454545454 0.815 0.18181818181818182 0.15545454545454546
0 0.6154545454545455 0.8413636363636363 0.1918181818181818 0.19818181818181818
0 0.21681818181818183 0.83 0.17363636363636364 0.16090909090909092
0 0.3709090909090909 0.8113636363636364 0.14545454545454545 0.15636363636363637
0 0.7527272727272727 0.7431818181818182 0.14181818181818182 0.12545454545454546
0 0.12136363636363637 0.725909090909091 0.1590909090909091 0.12636363636363637
0 0.4159090909090909 0.6922727272727273 0.1481818181818182 0.12636363636363637
0 0.6363636363636364 0.6759090909090909 0.15272727272727274 0.14545454545454545
0 0.2672727272727273 0.6845454545454546 0.14727272727272728 0.13727272727272727
0 0.8722727272727273 0.6459090909090909 0.13090909090909092 0.1509090909090909
0 0.4 0.49363636363636365 0.19090909090909092 0.13545454545454547
0 0.5922727272727273 0.47545454545454546 0.18545454545454546 0.1481818181818182
0 0.325 0.3840909090909091 0.13272727272727272 0.13636363636363635
0 0.6022727272727273 0.35363636363636364 0.15454545454545454 0.13363636363636364
0 0.4572727272727273 0.3640909090909091 0.14272727272727273 0.14636363636363636
0 0.1859090909090909 0.27636363636363637 0.07181818181818182 0.06545454545454546
0 0.10863636363636364 0.2768181818181818 0.07272727272727272 0.07181818181818182
0 0.6677272727272727 0.22090909090909092 0.11727272727272728 0.09363636363636364
0 0.23545454545454544 0.2390909090909091 0.07454545454545454 0.07272727272727272
0 0.7754545454545455 0.21272727272727274 0.07545454545454545 0.10818181818181818
0 0.15772727272727272 0.235 0.08363636363636363 0.07454545454545454
0 0.06409090909090909 0.23954545454545453 0.09272727272727273 0.07090909090909091
0 0.8540909090909091 0.1668181818181818 0.09545454545454546 0.07818181818181819
0 0.25136363636363634 0.17681818181818182 0.07272727272727272 0.056363636363636366
0 0.17681818181818182 0.18454545454545454 0.07090909090909091 0.07181818181818182
0 0.04045454545454545 0.1831818181818182 0.07090909090909091 0.053636363636363635
0 0.7659090909090909 0.13 0.10181818181818182 0.05818181818181818
0 0.10818181818181818 0.17863636363636365 0.060909090909090906 0.060909090909090906
0 0.5940909090909091 0.16227272727272726 0.0809090909090909 0.09818181818181818
0 0.6731818181818182 0.1368181818181818 0.08727272727272728 0.09272727272727273
0 0.22954545454545455 0.12863636363636363 0.07090909090909091 0.05090909090909091
0 0.155 0.1359090909090909 0.06636363636363636 0.060909090909090906
0 0.07818181818181819 0.12681818181818183 0.07 0.04454545454545455
0 0.8409090909090909 0.07681818181818181 0.06636363636363636 0.08
0 0.6181818181818182 0.08136363636363636 0.07727272727272727 0.07272727272727272
0 0.21545454545454545 0.08454545454545455 0.06272727272727273 0.05181818181818182
0 0.09954545454545455 0.09272727272727273 0.05272727272727273 0.057272727272727274
0 0.7718181818181818 0.05818181818181818 0.0809090909090909 0.09909090909090909
0 0.6840909090909091 0.05272727272727273 0.07454545454545454 0.07818181818181819
0 0.15818181818181817 0.08136363636363636 0.06727272727272728 0.06181818181818182