0 0.820625 0.30927835051546393 0.02875 0.015932521087160263
0 0.710625 0.29053420805998126 0.0325 0.01874414245548266
0 0.659375 0.23289597000937207 0.035 0.029053420805998126
0 0.70375 0.18978444236176195 0.03375 0.02155576382380506
0 0.4175 0.2872539831302718 0.0275 0.01780693533270853
0 0.195 0.2422680412371134 0.0275 0.020618556701030927
0 0.313125 0.309746954076851 0.02125 0.01218369259606373
0 0.05 0.16307403936269915 0.0275 0.02155576382380506
0 0.72 0.3584817244611059 0.0325 0.02530459231490159
0 0.7975 0.6419868791002812 0.03125 0.02999062792877226
0 0.8775 0.4147141518275539 0.0325 0.02717900656044986
0 0.724375 0.44704779756326146 0.035 0.02530459231490159
0 0.70375 0.6377694470477976 0.01875 0.014058106841611996
0 0.76375 0.5576382380506092 0.0375 0.01780693533270853
0 0.89125 0.6316776007497656 0.01875 0.01218369259606373
0 0.779375 0.6176194939081537 0.02 0.015932521087160263
0 0.991875 0.5379568884723523 0.0125 0.016869728209934397
0 0.9425 0.5552952202436738 0.01125 0.013120899718837863
0 0.98 0.6138706654170571 0.01875 0.015932521087160263
0 0.971875 0.5328022492970946 0.01625 0.015932521087160263
0 0.365 0.5796626054358013 0.01375 0.00937207122774133
0 0.025 0.4072164948453608 0.03625 0.031865042174320526
0 0.315625 0.3219306466729147 0.02875 0.016869728209934397
0 0.18875 0.38191190253045926 0.02375 0.01780693533270853
0 0.831875 0.761012183692596 0.035 0.02436738519212746
0 0.814375 0.7357075913776945 0.03625 0.02436738519212746
0 0.7675 0.7202436738519212 0.02625 0.02436738519212746
0 0.879375 0.788659793814433 0.01625 0.01218369259606373
0 0.5525 0.3416119962511715 0.0875 0.07122774133083412
0 0.5725 0.4709465791940019 0.09 0.08247422680412371
1 0.3875 0.5431115276476102 0.17375 0.1302717900656045
1 0.30875 0.5107778819119025 0.1775 0.12089971883786317
0 0.484375 0.3036551077788191 0.08375 0.07591377694470477
1 0.310625 0.4287722586691659 0.17125 0.08809746954076851
0 0.1775 0.47282099343955014 0.11125 0.04217432052483599
0 0.635 0.5473289597000938 0.07375 0.05060918462980318
0 0.064375 0.2797563261480787 0.04375 0.029053420805998126
0 0.10625 0.12652296157450796 0.045 0.02717900656044986
0 0.86625 0.5440487347703843 0.0375 0.028116213683223992
0 0.20375 0.5014058106841612 0.065 0.03561387066541706
0 0.839375 0.5595126522961574 0.035 0.02530459231490159
1 0.5 0.5745079662605436 0.2325 0.18088097469540768
0 0.811875 0.5168697282099344 0.04375 0.05716963448922212
0 0.79 0.5342080599812559 0.04 0.05716963448922212
0 0.934375 0.5693533270852859 0.00875 0.01218369259606373
0 0.94375 0.619493908153702 0.00625 0.004686035613870665
0 0.806875 0.246485473289597 0.03625 0.029053420805998126
0 0.55875 0.1358950328022493 0.03 0.01874414245548266
0 0.25875 0.14479850046860357 0.02 0.00937207122774133
0 0.26 0.15604498594189317 0.02625 0.016869728209934397
0 0.415625 0.2769447047797563 0.01625 0.007497656982193065
0 0.495625 0.6227741330834115 0.015 0.010309278350515464
0 0.110625 0.4765698219306467 0.05125 0.03936269915651359
0 0.201875 0.394095595126523 0.02125 0.011246485473289597
0 0.1775 0.6382380506091846 0.01125 0.008434864104967198
0 0.961875 0.5937207122774133 0.0075 0.00937207122774133