0 0.161875 0.32661668228678536 0.03 0.016869728209934397
0 0.27 0.30178069353327086 0.035 0.020618556701030927
0 0.31625 0.24179943767572634 0.0375 0.030927835051546393
0 0.2675 0.20103092783505155 0.035 0.023430178069353328
0 0.5625 0.28350515463917525 0.03 0.019681349578256794
0 0.78 0.22727272727272727 0.02875 0.02155576382380506
0 0.66875 0.3003748828491096 0.02125 0.013120899718837863
0 0.9175 0.1401124648547329 0.02875 0.022492970946579195
0 0.2675 0.3701968134957826 0.035 0.026241799437675725
0 0.21625 0.6569821930646673 0.03375 0.030927835051546393
0 0.115625 0.43486410496719774 0.035 0.028116213683223992
0 0.27125 0.4587628865979381 0.0375 0.02717900656044986
0 0.31 0.648078725398313 0.02 0.01499531396438613
0 0.2425 0.5712277413308341 0.03875 0.019681349578256794
0 0.121875 0.6518275538894096 0.02 0.013120899718837863
0 0.2325 0.6316776007497656 0.02125 0.016869728209934397
0 0.013125 0.563730084348641 0.015 0.016869728209934397
0 0.06375 0.5782567947516402 0.0125 0.013120899718837863
0 0.031875 0.6387066541705717 0.02 0.016869728209934397
0 0.0325 0.5571696344892221 0.0175 0.016869728209934397
0 0.641875 0.5721649484536082 0.01375 0.00937207122774133
0 0.965 0.3828491096532334 0.03875 0.033739456419868794
0 0.666875 0.3125585754451734 0.03 0.01780693533270853
0 0.799375 0.36597938144329895 0.025 0.01874414245548266
0 0.193125 0.7778819119025304 0.03625 0.026241799437675725
0 0.208125 0.7516401124648547 0.0375 0.026241799437675725
0 0.25375 0.7338331771321462 0.02875 0.02530459231490159
0 0.14875 0.8078725398313027 0.0175 0.013120899718837863
0 0.433125 0.344892221180881 0.0925 0.07403936269915651
0 0.425 0.4751640112464855 0.09625 0.08622305529522024
1 0.61625 0.5370196813495782 0.18375 0.13683223992502344
1 0.691875 0.5004686035613871 0.18625 0.12839737582005623
0 0.4975 0.3036551077788191 0.08875 0.07966260543580131
1 0.6825 0.41940018744142454 0.17625 0.09559512652296158
0 0.819375 0.45595126522961577 0.11375 0.046860356138706656
0 0.369375 0.5543580131208997 0.0775 0.053420805998125584
0 0.91375 0.25773195876288657 0.04625 0.030927835051546393
0 0.858125 0.10684161199625117 0.04625 0.029053420805998126
0 0.13875 0.563261480787254 0.04 0.02999062792877226
0 0.795625 0.485941893158388 0.0675 0.03936269915651359
0 0.166875 0.5773195876288659 0.0375 0.02717900656044986
1 0.506875 0.5745079662605436 0.24625 0.190253045923149
0 0.190625 0.5328022492970946 0.04875 0.059044048734770385
0 0.21375 0.549203373945642 0.04375 0.05810684161199625
0 0.073125 0.5918462980318651 0.01 0.01218369259606373
0 0.06875 0.6424554826616682 0.0075 0.005623242736644799
0 0.17 0.26288659793814434 0.03875 0.02999062792877226
0 0.4075 0.1401124648547329 0.03125 0.019681349578256794
0 0.7075 0.1330834114339269 0.02 0.010309278350515464
0 0.706875 0.14432989690721648 0.0275 0.01780693533270853
0 0.563125 0.27319587628865977 0.01625 0.008434864104967198
0 0.515625 0.6223055295220243 0.01625 0.011246485473289597
0 0.88625 0.4564198687910028 0.05375 0.041237113402061855
0 0.7875 0.3786316776007498 0.0225 0.01218369259606373
0 0.834375 0.6213683223992502 0.0125 0.008434864104967198
0 0.0475 0.6180880974695407 0.0075 0.010309278350515464