0 0.94 0.41002811621368324 0.0425 0.014058106841611996
0 0.57 0.5688847235238987 0.04 0.023430178069353328
0 0.515625 0.6138706654170571 0.04 0.022492970946579195
0 0.4425 0.4611059044048735 0.0325 0.01874414245548266
0 0.519375 0.4329896907216495 0.03625 0.01874414245548266
0 0.334375 0.6391752577319587 0.04375 0.020618556701030927
0 0.573125 0.6490159325210871 0.02125 0.016869728209934397
0 0.23875 0.6063730084348641 0.03625 0.015932521087160263
0 0.229375 0.49531396438612935 0.03 0.03280224929709466
0 0.195 0.5613870665417057 0.0425 0.016869728209934397
0 0.011875 0.6176194939081537 0.02375 0.022492970946579195
0 0.28625 0.5773195876288659 0.035 0.015932521087160263
0 0.1075 0.5028116213683224 0.03 0.016869728209934397
0 0.73125 0.8125585754451734 0.0275 0.020618556701030927
0 0.7525 0.7895970009372071 0.015 0.011246485473289597
0 0.70125 0.7089971883786317 0.01625 0.013120899718837863
0 0.568125 0.7235238987816307 0.02125 0.015932521087160263
0 0.448125 0.682755388940956 0.0225 0.015932521087160263
0 0.49375 0.7830365510777882 0.01125 0.006560449859418931
0 0.438125 0.746954076850984 0.01125 0.008434864104967198
0 0.508125 0.7797563261480788 0.0125 0.008434864104967198
0 0.155625 0.7375820056232427 0.09125 0.07216494845360824
0 0.8575 0.6921274601686973 0.10125 0.07122774133083412
0 0.288125 0.7239925023430178 0.0825 0.053420805998125584
0 0.33375 0.450796626054358 0.095 0.06747891283973759
0 0.129375 0.6654170571696345 0.095 0.07497656982193064
0 0.8675 0.3631677600749766 0.11125 0.06935332708528585
0 0.833125 0.4746954076850984 0.08625 0.061855670103092786
0 0.053125 0.5759137769447048 0.07125 0.05435801312089972
0 0.769375 0.4723523898781631 0.0575 0.06091846298031865
0 0.849375 0.5356138706654171 0.05 0.03467666354264293
0 0.586875 0.4676663542642924 0.0675 0.07029053420805999
0 0.459375 0.514058106841612 0.09125 0.038425492033739454
0 0.48875 0.3467666354264292 0.06 0.044048734770384255
0 0.4225 0.5534208059981256 0.08875 0.03655107778819119
0 0.095 0.5290534208059982 0.05375 0.04779756326148079
0 0.745625 0.6157450796626054 0.0475 0.03280224929709466
0 0.24375 0.33505154639175255 0.06 0.046860356138706656
0 0.2225 0.6663542642924086 0.05375 0.04029990627928772
0 0.70625 0.6799437675726335 0.06125 0.04779756326148079
0 0.15875 0.4301780693533271 0.06 0.023430178069353328
0 0.9175 0.7422680412371134 0.04125 0.029053420805998126
0 0.601875 0.5126522961574508 0.05625 0.041237113402061855
0 0.190625 0.648078725398313 0.045 0.04779756326148079
0 0.6425 0.5937207122774133 0.06125 0.044048734770384255
0 0.764375 0.5449859418931584 0.04625 0.03280224929709466
0 0.025625 0.37066541705716965 0.04 0.014058106841611996
0 0.719375 0.5749765698219307 0.04875 0.031865042174320526
0 0.39125 0.48922211808809746 0.04625 0.030927835051546393
0 0.018125 0.4343955014058107 0.03375 0.05529522024367385
0 0.98 0.8017806935332709 0.01375 0.015932521087160263
0 0.59875 0.6522961574507966 0.02875 0.016869728209934397
0 0.49875 0.6663542642924086 0.01125 0.004686035613870665
0 0.483125 0.6508903467666354 0.045 0.022492970946579195
0 0.3975 0.6701030927835051 0.01125 0.006560449859418931
0 0.104375 0.7806935332708529 0.01125 0.007497656982193065
1 0.01 0.6982193064667291 0.02 0.02436738519212746
0 0.028125 0.6330834114339269 0.01125 0.007497656982193065
0 0.398125 0.4845360824742268 0.02875 0.02155576382380506
0 0.414375 0.41611996251171507 0.02875 0.01780693533270853
0 0.43625 0.3683223992502343 0.0475 0.023430178069353328
0 0.026875 0.35754451733833176 0.04125 0.013120899718837863
1 0.449375 0.6640112464854733 0.1725 0.07029053420805999
1 0.456875 0.6016869728209935 0.2725 0.07310215557638237
1 0.448125 0.6658856607310215 0.3175 0.07778819119025304
1 0.289375 0.7052483598875351 0.16875 0.059044048734770385
0 0.38375 0.7563261480787254 0.01125 0.005623242736644799
0 0.98125 0.36035613870665417 0.035 0.020618556701030927
0 0.875 0.35098406747891286 0.0225 0.006560449859418931
0 0.936875 0.422680412371134 0.03875 0.01218369259606373
0 0.9975 0.5032802249297095 0.005 0.007497656982193065