0 0.05125 0.4395501405810684 0.04375 0.015932521087160263
0 0.438125 0.5731021555763823 0.0425 0.026241799437675725
0 0.498125 0.6143392689784443 0.0425 0.02530459231490159
0 0.553125 0.45735707591377694 0.03375 0.020618556701030927
0 0.473125 0.4343955014058107 0.0375 0.020618556701030927
0 0.68125 0.627460168697282 0.04625 0.023430178069353328
0 0.444375 0.6532333645735707 0.0225 0.01780693533270853
0 0.7725 0.5885660731021556 0.0375 0.01780693533270853
0 0.76875 0.4775070290534208 0.03375 0.03467666354264293
0 0.810625 0.5412371134020618 0.04375 0.019681349578256794
0 0.993125 0.584817244611059 0.01375 0.02436738519212746
0 0.721875 0.563261480787254 0.03625 0.01780693533270853
0 0.89125 0.47703842549203374 0.03125 0.01874414245548266
0 0.30625 0.8266166822867854 0.02875 0.02155576382380506
0 0.281875 0.8050609184629803 0.01625 0.01218369259606373
0 0.324375 0.7216494845360825 0.01875 0.014058106841611996
0 0.458125 0.7272727272727273 0.0225 0.016869728209934397
0 0.5725 0.6790065604498594 0.02375 0.016869728209934397
0 0.539375 0.781630740393627 0.0125 0.007497656982193065
0 0.590625 0.7417994376757263 0.0125 0.00937207122774133
0 0.524375 0.7792877225866917 0.01375 0.00937207122774133
0 0.870625 0.7141518275538894 0.09875 0.07778819119025304
0 0.16625 0.7150890346766635 0.1075 0.07685098406747891
0 0.736875 0.7094657919400188 0.0875 0.05810684161199625
0 0.66 0.4400187441424555 0.1025 0.07310215557638237
0 0.88875 0.64058106841612 0.1025 0.08059981255857544
0 0.118125 0.3880037488284911 0.11875 0.07591377694470477
0 0.165 0.49625117150890347 0.0925 0.06747891283973759
0 0.954375 0.5463917525773195 0.07625 0.05810684161199625
0 0.22875 0.4901593252108716 0.065 0.06373008434864105
0 0.15625 0.5585754451733833 0.05375 0.03748828491096532
0 0.409375 0.4732895970009372 0.075 0.07403936269915651
0 0.541875 0.5112464854732895 0.095 0.044048734770384255
0 0.493125 0.3467666354264292 0.065 0.046860356138706656
0 0.583125 0.5477975632614808 0.0925 0.04217432052483599
0 0.906875 0.5028116213683224 0.05875 0.05154639175257732
0 0.26875 0.6312089971883786 0.05125 0.03561387066541706
0 0.73625 0.3191190253045923 0.065 0.04967197750702906
0 0.795625 0.647610121836926 0.0575 0.04311152764761012
0 0.315625 0.6925960637300843 0.06625 0.05060918462980318
0 0.831875 0.40815370196813494 0.06125 0.02717900656044986
0 0.111875 0.7685098406747891 0.04375 0.031865042174320526
0 0.4 0.5192127460168697 0.06125 0.044048734770384255
0 0.825625 0.627460168697282 0.05 0.05060918462980318
0 0.36875 0.6026241799437676 0.065 0.046860356138706656
0 0.241875 0.5618556701030928 0.05 0.03561387066541706
0 0.9575 0.3402061855670103 0.04125 0.016869728209934397
0 0.290625 0.5890346766635426 0.0525 0.03467666354264293
0 0.606875 0.48219306466729145 0.04875 0.033739456419868794
0 0.971875 0.4029990627928772 0.04 0.05716963448922212
0 0.0575 0.8322399250234301 0.015 0.016869728209934397
0 0.419375 0.6579194001874414 0.03 0.01874414245548266
0 0.520625 0.6654170571696345 0.01125 0.005623242736644799
0 0.534375 0.6490159325210871 0.04625 0.02436738519212746
0 0.621875 0.662605435801312 0.01125 0.007497656982193065
0 0.926875 0.753514526710403 0.0125 0.008434864104967198
0 0.985625 0.6016869728209935 0.01125 0.007497656982193065
0 0.599375 0.47797563261480785 0.03125 0.023430178069353328
0 0.575625 0.4104967197750703 0.03125 0.019681349578256794
0 0.548125 0.36457357075913777 0.05 0.026241799437675725
0 0.955 0.3270852858481724 0.0425 0.015932521087160263
1 0.569375 0.6602624179943768 0.18 0.08059981255857544
1 0.554375 0.598406747891284 0.2775 0.09090909090909091
1 0.57125 0.662136832239925 0.32375 0.09840674789128398
1 0.73375 0.6907216494845361 0.17375 0.06935332708528585
0 0.645625 0.7478912839737581 0.01125 0.005623242736644799
0 0.01125 0.3922211808809747 0.0225 0.023430178069353328
0 0.109375 0.37628865979381443 0.0225 0.008434864104967198
0 0.05625 0.45126522961574506 0.04 0.01499531396438613
0 0.004375 0.5356138706654171 0.00625 0.007497656982193065