0 0.51625 0.1187793427230047 0.04375 0.028169014084507043
0 0.316875 0.3046948356807512 0.0525 0.07230046948356808
0 0.504375 0.44178403755868545 0.065 0.048826291079812206
0 0.585625 0.5417840375586854 0.06 0.07981220657276995
0 0.87625 0.17887323943661973 0.025 0.03286384976525822
0 0.29375 0.34976525821596244 0.0425 0.03755868544600939
0 0.785625 0.44929577464788734 0.0475 0.03474178403755868
0 0.420625 0.2661971830985915 0.05375 0.03943661971830986
0 0.734375 0.14976525821596245 0.03625 0.03192488262910798
0 0.353125 0.20985915492957746 0.0375 0.0431924882629108
0 0.235 0.09953051643192488 0.05375 0.02535211267605634
0 0.501875 0.33849765258215964 0.04625 0.0431924882629108
0 0.5025 0.3192488262910798 0.04625 0.04788732394366197
0 0.7525 0.25586854460093894 0.035 0.028169014084507043
0 0.846875 0.2511737089201878 0.02375 0.022535211267605635
0 0.8025 0.284037558685446 0.025 0.030985915492957747
0 0.79 0.13943661971830987 0.03375 0.02535211267605634
0 0.7975 0.34507042253521125 0.03 0.04976525821596244
0 0.575 0.1699530516431925 0.03375 0.02910798122065728
0 0.563125 0.27230046948356806 0.03375 0.028169014084507043
0 0.539375 0.2211267605633803 0.01625 0.01596244131455399
0 0.7975 0.5380281690140845 0.0325 0.022535211267605635
0 0.668125 0.5924882629107981 0.0275 0.0215962441314554
0 0.8 0.6610328638497652 0.03125 0.022535211267605635
0 0.749375 0.46901408450704224 0.0325 0.024413145539906103
0 0.77875 0.6178403755868545 0.01375 0.008450704225352112
0 0.81 0.3882629107981221 0.03125 0.03286384976525822
0 0.931875 0.41502347417840374 0.0125 0.015023474178403756
0 0.84 0.6892018779342723 0.0125 0.009389671361502348
0 0.93375 0.3676056338028169 0.0125 0.01784037558685446
0 0.831875 0.6600938967136151 0.01625 0.009389671361502348
0 0.785625 0.5502347417840375 0.01625 0.008450704225352112
0 0.373125 0.49061032863849763 0.03 0.022535211267605635
0 0.333125 0.6187793427230047 0.02 0.015023474178403756
0 0.485625 0.4694835680751174 0.02125 0.01596244131455399
0 0.519375 0.4084507042253521 0.0225 0.016901408450704224
0 0.363125 0.5065727699530517 0.01375 0.014084507042253521
0 0.236875 0.5685446009389671 0.02875 0.022535211267605635
0 0.24 0.49014084507042255 0.01875 0.010328638497652582
0 0.24 0.4098591549295775 0.01875 0.010328638497652582
0 0.211875 0.3812206572769953 0.0125 0.010328638497652582
0 0.76 0.7140845070422536 0.03125 0.023474178403755867
0 0.81875 0.36901408450704226 0.02625 0.02910798122065728
0 0.795625 0.38309859154929576 0.0325 0.05539906103286385
0 0.734375 0.20328638497652582 0.03375 0.028169014084507043
0 0.85625 0.17746478873239438 0.03 0.02910798122065728
0 0.333125 0.17183098591549295 0.03875 0.044131455399061034
0 0.32125 0.19154929577464788 0.045 0.05258215962441314
0 0.395625 0.2746478873239437 0.0075 0.011267605633802818
0 0.32125 0.30657276995305166 0.0125 0.012206572769953052
0 0.313125 0.3615023474178404 0.0075 0.012206572769953052
0 0.491875 0.3647887323943662 0.04125 0.04225352112676056
0 0.309375 0.6685446009389672 0.0125 0.010328638497652582
0 0.5975 0.6779342723004694 0.00875 0.009389671361502348
0 0.831875 0.5779342723004695 0.0325 0.048826291079812206
0 0.83 0.46150234741784035 0.02375 0.01971830985915493
0 0.81625 0.4779342723004695 0.03875 0.05727699530516432