0 0.510625 0.1187793427230047 0.0425 0.02629107981220657
0 0.696875 0.31220657276995306 0.04875 0.07136150234741784
0 0.5 0.44178403755868545 0.06125 0.046009389671361506
0 0.41125 0.5384976525821596 0.055 0.07793427230046948
0 0.146875 0.1643192488262911 0.0225 0.03192488262910798
0 0.71625 0.35774647887323946 0.04125 0.036619718309859155
0 0.218125 0.43802816901408453 0.04625 0.03380281690140845
0 0.595625 0.2699530516431925 0.05125 0.038497652582159626
0 0.290625 0.14131455399061033 0.035 0.03004694835680751
0 0.666875 0.215962441314554 0.035 0.04131455399061033
0 0.7925 0.11032863849765258 0.0525 0.023474178403755867
0 0.509375 0.33849765258215964 0.04375 0.04225352112676056
0 0.51 0.31971830985915495 0.0425 0.046948356807511735
0 0.265 0.24647887323943662 0.0325 0.027230046948356807
0 0.170625 0.2380281690140845 0.0225 0.0215962441314554
0 0.213125 0.27230046948356806 0.02375 0.03004694835680751
0 0.235625 0.12863849765258217 0.0325 0.024413145539906103
0 0.21375 0.3333333333333333 0.02625 0.048826291079812206
0 0.448125 0.1671361502347418 0.03125 0.028169014084507043
0 0.4525 0.2699530516431925 0.03125 0.027230046948356807
0 0.48 0.22018779342723005 0.015 0.01596244131455399
0 0.2 0.5262910798122066 0.03125 0.0215962441314554
0 0.325625 0.5859154929577465 0.02625 0.020657276995305163
0 0.189375 0.6488262910798122 0.03 0.0215962441314554
0 0.253125 0.4596244131455399 0.03125 0.023474178403755867
0 0.213125 0.6065727699530516 0.0125 0.008450704225352112
0 0.19875 0.37652582159624415 0.03 0.03192488262910798
0 0.075 0.39812206572769954 0.01125 0.014084507042253521
0 0.1475 0.6755868544600939 0.01125 0.008450704225352112
0 0.07625 0.35070422535211265 0.01125 0.016901408450704224
0 0.1575 0.6469483568075117 0.015 0.009389671361502348
0 0.21125 0.5389671361502347 0.015 0.008450704225352112
0 0.6275 0.4953051643192488 0.02875 0.0215962441314554
0 0.658125 0.6253521126760564 0.02 0.015023474178403756
0 0.516875 0.4704225352112676 0.02125 0.015023474178403756
0 0.4875 0.407981220657277 0.02125 0.01596244131455399
0 0.63625 0.5122065727699531 0.01375 0.014084507042253521
0 0.7575 0.5788732394366197 0.0275 0.0215962441314554
0 0.760625 0.5004694835680751 0.01875 0.010328638497652582
0 0.76625 0.42018779342723006 0.01875 0.010328638497652582
0 0.79625 0.3929577464788732 0.0125 0.009389671361502348
0 0.225625 0.7037558685446009 0.03 0.022535211267605635
0 0.19125 0.3563380281690141 0.025 0.02910798122065728
0 0.213125 0.37183098591549296 0.02875 0.05539906103286385
0 0.286875 0.19436619718309858 0.0325 0.027230046948356807
0 0.166875 0.16384976525821596 0.02875 0.028169014084507043
0 0.689375 0.17887323943661973 0.03625 0.0431924882629108
0 0.7 0.19906103286384977 0.04125 0.05070422535211268
0 0.62 0.27887323943661974 0.0075 0.011267605633802818
0 0.691875 0.3136150234741784 0.0125 0.012206572769953052
0 0.69625 0.36901408450704226 0.00625 0.011267605633802818
0 0.5175 0.3652582159624413 0.0375 0.04037558685446009
0 0.67875 0.6755868544600939 0.0125 0.009389671361502348
0 0.39 0.6737089201877934 0.00875 0.009389671361502348
0 0.163125 0.5647887323943662 0.02875 0.04788732394366197
0 0.173125 0.44835680751173707 0.0225 0.018779342723004695
0 0.185625 0.46572769953051646 0.035 0.056338028169014086