0 0.29625 0.3303655107778819 0.025 0.01499531396438613
0 0.375625 0.09887535145267104 0.02125 0.023430178069353328
0 0.66 0.31958762886597936 0.02125 0.015932521087160263
0 0.428125 0.22164948453608246 0.02125 0.01780693533270853
0 0.945 0.232427366447985 0.0175 0.015932521087160263
0 0.063125 0.5740393626991566 0.035 0.02530459231490159
0 0.184375 0.6030927835051546 0.02875 0.01874414245548266
0 0.134375 0.38003748828491096 0.0325 0.023430178069353328
0 0.159375 0.46485473289597 0.0225 0.020618556701030927
0 0.11625 0.45173383317713217 0.01 0.006560449859418931
0 0.501875 0.5679475164011246 0.0225 0.01874414245548266
0 0.39 0.485941893158388 0.01625 0.011246485473289597
0 0.35875 0.5089034676663543 0.015 0.011246485473289597
0 0.328125 0.6560449859418932 0.045 0.02436738519212746
0 0.96375 0.49531396438612935 0.03 0.016869728209934397
0 0.68125 0.6176194939081537 0.0225 0.015932521087160263
0 0.706875 0.4240862230552952 0.0225 0.015932521087160263
0 0.71 0.6574507966260543 0.02625 0.016869728209934397
0 0.94125 0.5946579194001874 0.025 0.014058106841611996
0 0.95875 0.5707591377694471 0.02375 0.015932521087160263
0 0.988125 0.563261480787254 0.02375 0.013120899718837863
0 0.02375 0.7952202436738519 0.02625 0.01874414245548266
0 0.153125 0.7136832239925024 0.0275 0.019681349578256794
0 0.4675 0.7174320524835989 0.025 0.01874414245548266
0 0.679375 0.8819119025304593 0.02 0.014058106841611996
0 0.870625 0.8078725398313027 0.01625 0.011246485473289597
0 0.82125 0.4414245548266167 0.08125 0.07122774133083412
0 0.455 0.39971883786316775 0.04375 0.07403936269915651
0 0.60375 0.05014058106841612 0.0525 0.06279287722586692
0 0.7525 0.5599812558575445 0.07625 0.04967197750702906
0 0.255625 0.7717900656044986 0.14125 0.1049671977507029
0 0.08125 0.20524835988753515 0.0725 0.05529522024367385
0 0.886875 0.7216494845360825 0.07 0.05060918462980318
0 0.215 0.8008434864104967 0.075 0.07685098406747891
0 0.959375 0.05014058106841612 0.05875 0.059044048734770385
0 0.121875 0.1218369259606373 0.055 0.05716963448922212
0 0.8225 0.05810684161199625 0.06125 0.05060918462980318
0 0.3925 0.42924086223055297 0.035 0.07403936269915651
0 0.236875 0.3964386129334583 0.05 0.041237113402061855
0 0.57625 0.2624179943767573 0.05875 0.11527647610121837
0 0.535 0.274601686972821 0.04375 0.06373008434864105
0 0.295625 0.3514526710402999 0.055 0.03467666354264293
0 0.01125 0.40393626991565135 0.0225 0.041237113402061855
0 0.146875 0.27225866916588565 0.025 0.031865042174320526
0 0.00875 0.22024367385192128 0.0175 0.026241799437675725
0 0.89 0.27319587628865977 0.0225 0.019681349578256794
0 0.755625 0.34629803186504216 0.0175 0.015932521087160263
0 0.631875 0.38706654170571697 0.02125 0.013120899718837863
0 0.981875 0.9053420805998126 0.01375 0.00937207122774133
0 0.664375 0.7488284910965324 0.01375 0.008434864104967198
0 0.336875 0.6410496719775071 0.02375 0.010309278350515464