0 0.408125 0.2475538894095595 0.04125 0.022755388940955926
0 0.440625 0.1387066541705717 0.03875 0.020618556701030927
0 0.505625 0.36879100281162136 0.01625 0.014058106841611996
0 0.586875 0.6541705716963448 0.02125 0.011246485473289597
0 0.599375 0.7324086223055295 0.02375 0.012211808809746929
0 0.5937749999999999 0.6927272727272727 0.023400000000000035 0.014086223055295194
0 0.533125 0.5955951265229615 0.04625 0.030927835051546393
0 0.605625 0.8139643861293346 0.04625 0.030927835051546393
1 0.9288249999999999 0.3155107778819119 0.13985000000000014 0.14742268041237108
0 0.5125 0.4311152764761012 0.0425 0.031865042174320526
0 0.771875 0.14729147141518276 0.04375 0.02278350515463918
0 0.525 0.5276476101218369 0.045 0.02999062792877226
1 0.9416500000000001 0.5234301780693533 0.11418749999999989 0.21848172446110586
0 0.9025 0.04170571696344892 0.045 0.023430178069353328
0 0.96315 0.3124367385192128 0.016737500000000124 0.010880974695407698
0 0.8857375000000001 0.2600562324273665 0.01846249999999998 0.010590440487347662
0 0.873275 0.25442361761949395 0.016750000000000112 0.011555763823805099
0 0.5100875 0.035960637300843486 0.015462500000000006 0.013167760074976567
0 0.36645000000000005 0.292933458294283 0.012887499999999932 0.017647610121836965
0 0.041975 0.4594845360824742 0.015037500000000002 0.018641049671977494
0 0.2840875 0.5454076850984068 0.011587499999999978 0.01250234301780686
0 0.2922625 0.5528303655107779 0.008200000000000002 0.01135895032802239
0 0.3277375 0.8301312089971884 0.011162499999999938 0.010571696344892195
0 0.2350625 0.8987910028116214 0.013312499999999972 0.013102155576382397