0 0.538125 0.23992502343017807 0.045 0.02717900656044986
0 0.483125 0.13636363636363635 0.0425 0.02530459231490159
0 0.466875 0.3711340206185567 0.01875 0.015932521087160263
0 0.44625 0.662605435801312 0.02375 0.014058106841611996
0 0.450625 0.7413308341143393 0.02625 0.01499531396438613
0 0.4475 0.7014995313964386 0.02625 0.016869728209934397
0 0.4875 0.598406747891284 0.0525 0.03561387066541706
0 0.46125 0.8223992502343018 0.0525 0.03561387066541706
1 0.06125 0.36785379568884724 0.1225 0.16213683223992503
0 0.473125 0.43345829428303656 0.04875 0.03655107778819119
0 0.158125 0.1836925960637301 0.0475 0.02717900656044986
0 0.48125 0.5304592314901593 0.05125 0.03467666354264293
1 0.07375 0.5749765698219307 0.1475 0.2296157450796626
0 0.015625 0.09465791940018745 0.03125 0.028116213683223992
0 0.00625 0.3692596063730084 0.0125 0.013120899718837863
0 0.06875 0.3083411433926898 0.02 0.01218369259606373
0 0.08 0.3013120899718838 0.01875 0.013120899718837863
0 0.393125 0.042642924086223055 0.0175 0.01499531396438613
0 0.58875 0.2797563261480787 0.01625 0.01874414245548266
0 0.94375 0.4062792877225867 0.01875 0.020618556701030927
0 0.7225 0.5196813495782568 0.01375 0.014058106841611996
0 0.71625 0.5276476101218369 0.01 0.01218369259606373
0 0.73875 0.8059981255857545 0.01375 0.01218369259606373
0 0.845 0.8626991565135895 0.01625 0.014058106841611996