0 0.626875 0.2563261480787254 0.04375 0.026241799437675725
0 0.609375 0.14526710402999063 0.04125 0.023430178069353328
0 0.5125 0.3692596063730084 0.0175 0.01499531396438613
0 0.391875 0.6466729147141518 0.0225 0.013120899718837863
0 0.36875 0.7235238987816307 0.025 0.014058106841611996
0 0.38 0.6841611996251171 0.025 0.015932521087160263
0 0.45375 0.5923149015932521 0.05 0.03467666354264293
0 0.35125 0.8041237113402062 0.05 0.03467666354264293
1 0.099375 0.2830365510777882 0.16 0.15745079662605435
0 0.496875 0.43064667291471415 0.04625 0.03467666354264293
0 0.27875 0.12792877225866917 0.04625 0.026241799437675725
0 0.47125 0.5253045923149016 0.04875 0.033739456419868794
1 0.064375 0.4887535145267104 0.12875 0.22586691658856609
0 0.16375 0.013120899718837863 0.0475 0.026241799437675725
0 0.065625 0.2769447047797563 0.01875 0.01218369259606373
0 0.15 0.2310215557638238 0.02 0.01218369259606373
0 0.163125 0.22633552014995315 0.01875 0.013120899718837863
0 0.554375 0.03748828491096532 0.0175 0.014058106841611996
0 0.661875 0.3045923149015933 0.015 0.01874414245548266
0 0.96125 0.4957825679475164 0.0175 0.019681349578256794
0 0.708125 0.5618556701030928 0.01375 0.013120899718837863
0 0.699375 0.5688847235238987 0.01 0.01218369259606373
0 0.625 0.8416119962511716 0.0125 0.011246485473289597
0 0.708125 0.9175257731958762 0.015 0.014058106841611996