0 0.904375 0.28444236176194937 0.02 0.01499531396438613
0 0.9925 0.25538894095595127 0.015 0.02530459231490159
0 0.209375 0.11246485473289597 0.02125 0.01218369259606373
0 0.73375 0.6316776007497656 0.0325 0.023430178069353328
0 0.854375 0.6148078725398313 0.03875 0.028116213683223992
0 0.989375 0.5089034676663543 0.02125 0.01499531396438613
0 0.375 0.4887535145267104 0.0325 0.02436738519212746
0 0.6175 0.6471415182755389 0.02375 0.01780693533270853
0 0.355 0.4700093720712277 0.02375 0.01780693533270853
0 0.515625 0.48266166822867856 0.02625 0.019681349578256794
0 0.333125 0.5834114339268979 0.02375 0.01874414245548266
0 0.474375 0.4554826616682287 0.02125 0.015932521087160263
0 0.538125 0.5520149953139644 0.02125 0.01499531396438613
0 0.4975 0.5463917525773195 0.01875 0.014058106841611996
0 0.504375 0.6555763823805061 0.02375 0.01499531396438613
0 0.518125 0.5402999062792877 0.02875 0.020618556701030927
0 0.50125 0.5196813495782568 0.02125 0.013120899718837863
0 0.429375 0.619962511715089 0.02375 0.01499531396438613
0 0.574375 0.6110590440487348 0.025 0.016869728209934397
0 0.479375 0.647610121836926 0.0225 0.01499531396438613
0 0.491875 0.5267104029990628 0.02375 0.01499531396438613
0 0.5175 0.47282099343955014 0.02375 0.013120899718837863
0 0.516875 0.40112464854732893 0.00875 0.007497656982193065
0 0.104375 0.6007497656982193 0.0225 0.016869728209934397
0 0.211875 0.4029990627928772 0.0225 0.016869728209934397
0 0.32125 0.5164011246485474 0.02125 0.015932521087160263
0 0.296875 0.5248359887535146 0.015 0.00937207122774133
0 0.195 0.5393626991565136 0.0225 0.014058106841611996
0 0.34 0.41518275538894095 0.00875 0.007497656982193065
0 0.204375 0.47797563261480785 0.01125 0.007497656982193065
0 0.19 0.549203373945642 0.01375 0.00937207122774133
0 0.77625 0.9245548266166823 0.025 0.02155576382380506
0 0.67875 0.725398313027179 0.02375 0.016869728209934397
0 0.640625 0.7071227741330834 0.0225 0.016869728209934397
0 0.6225 0.6991565135895033 0.0225 0.015932521087160263
0 0.65875 0.7150890346766635 0.0225 0.016869728209934397
0 0.6925 0.957357075913777 0.01625 0.020618556701030927
0 0.731875 0.6963448922211809 0.02375 0.01780693533270853
0 0.35375 0.8491096532333646 0.025 0.020618556701030927
0 0.60375 0.6935332708528584 0.02125 0.015932521087160263
0 0.3325 0.6916588566073102 0.05125 0.020618556701030927
0 0.205625 0.8533270852858482 0.025 0.020618556701030927
0 0.10875 0.6738519212746017 0.02375 0.01874414245548266
0 0.114375 0.7502343017806935 0.025 0.019681349578256794
0 0.10375 0.8505154639175257 0.01125 0.008434864104967198
0 0.16875 0.810215557638238 0.095 0.07216494845360824
0 0.863125 0.7717900656044986 0.14625 0.10121836925960637
0 0.046875 0.7033739456419869 0.07625 0.05435801312089972
0 0.049375 0.6677600749765699 0.06875 0.04967197750702906
0 0.63875 0.816776007497657 0.07875 0.059044048734770385
0 0.69875 0.9161199625117151 0.07875 0.05716963448922212
0 0.75375 0.7778819119025304 0.07625 0.06373008434864105
0 0.72875 0.1218369259606373 0.0425 0.038425492033739454
0 0.899375 0.8383317713214621 0.06625 0.05248359887535145
0 0.2875 0.7291471415182755 0.07625 0.05154639175257732
0 0.840625 0.2408622305529522 0.04625 0.038425492033739454
0 0.814375 0.6968134957825679 0.08875 0.06466729147141519
0 0.158125 0.4240862230552952 0.0575 0.04498594189315839
0 0.7775 0.309746954076851 0.0425 0.03655107778819119
0 0.4775 0.7741330834114339 0.085 0.028116213683223992
0 0.7 0.7708528584817245 0.05375 0.03467666354264293
0 0.349375 0.1316776007497657 0.04125 0.03655107778819119
1 0.01375 0.5454545454545454 0.0275 0.07310215557638237
0 0.294375 0.704311152764761 0.0775 0.03467666354264293
0 0.693125 0.1527647610121837 0.02125 0.010309278350515464
0 0.678125 0.10309278350515463 0.01 0.008434864104967198
0 0.388125 0.14807872539831302 0.00875 0.006560449859418931
0 0.21 0.10543580131208997 0.02 0.007497656982193065
0 0.33375 0.6813495782567948 0.01875 0.010309278350515464
0 0.565625 0.760543580131209 0.14125 0.031865042174320526
0 0.530625 0.7422680412371134 0.12 0.029053420805998126
0 0.531875 0.7300843486410497 0.0625 0.019681349578256794
0 0.4725 0.6785379568884724 0.03125 0.01218369259606373
0 0.483125 0.6710402999062793 0.02375 0.00937207122774133
0 0.505 0.6668228678537957 0.05 0.01499531396438613
0 0.47125 0.6565135895032802 0.02875 0.00937207122774133
0 0.460625 0.662136832239925 0.04 0.014058106841611996
0 0.424375 0.6312089971883786 0.01375 0.008434864104967198
0 0.581875 0.6059044048734771 0.02625 0.014058106841611996
0 0.865 0.6537019681349578 0.03375 0.01874414245548266
1 0.91125 0.6607310215557638 0.1325 0.09278350515463918
0 0.86625 0.7591377694470478 0.04125 0.029053420805998126
0 0.564375 0.9259606373008434 0.01 0.008434864104967198