0 0.781875 0.19400187441424555 0.02 0.01499531396438613
0 0.8625 0.14058106841611998 0.0375 0.02530459231490159
0 0.875 0.04076850984067479 0.03375 0.01499531396438613
0 0.05 0.2104029990627929 0.02125 0.01218369259606373
0 0.779375 0.563730084348641 0.0325 0.023430178069353328
0 0.885625 0.5168697282099344 0.03875 0.028116213683223992
0 0.96625 0.38191190253045926 0.025 0.01499531396438613
0 0.3775 0.5215557638238051 0.0325 0.02436738519212746
0 0.6775 0.6082474226804123 0.02375 0.01780693533270853
0 0.35 0.5089034676663543 0.02375 0.01780693533270853
0 0.506875 0.4793814432989691 0.02625 0.019681349578256794
0 0.38125 0.6213683223992502 0.02375 0.01874414245548266
0 0.455625 0.46485473289597 0.02125 0.015932521087160263
0 0.559375 0.5393626991565136 0.02125 0.01499531396438613
0 0.51875 0.5440487347703843 0.01875 0.014058106841611996
0 0.575625 0.6452671040299907 0.02375 0.01499531396438613
0 0.535625 0.5332708528584817 0.02875 0.020618556701030927
0 0.51 0.5182755388940956 0.02125 0.013120899718837863
0 0.488125 0.6312089971883786 0.02375 0.01499531396438613
0 0.620625 0.5852858481724461 0.025 0.016869728209934397
0 0.548125 0.6438612933458294 0.0225 0.01499531396438613
0 0.504375 0.5271790065604499 0.02375 0.01499531396438613
0 0.50375 0.4700093720712277 0.02375 0.013120899718837863
0 0.470625 0.4029990627928772 0.00875 0.007497656982193065
0 0.174375 0.6963448922211809 0.0225 0.016869728209934397
0 0.185 0.48266166822867856 0.0225 0.016869728209934397
0 0.34 0.5613870665417057 0.02125 0.015932521087160263
0 0.320625 0.5754451733833177 0.015 0.00937207122774133
0 0.23125 0.6148078725398313 0.0225 0.014058106841611996
0 0.310625 0.4611059044048735 0.00875 0.007497656982193065
0 0.211875 0.5552952202436738 0.01125 0.007497656982193065
0 0.23125 0.6255857544517338 0.01375 0.00937207122774133
0 0.95375 0.8280224929709465 0.025 0.02155576382380506
0 0.770625 0.6658856607310215 0.02375 0.016869728209934397
0 0.72625 0.6583880037488284 0.0225 0.016869728209934397
0 0.705625 0.6555763823805061 0.0225 0.015932521087160263
0 0.7475 0.6611996251171509 0.0225 0.016869728209934397
0 0.889375 0.880506091846298 0.01625 0.020618556701030927
0 0.8075 0.6251171508903468 0.02375 0.01780693533270853
0 0.521875 0.8655107778819119 0.025 0.020618556701030927
0 0.685625 0.6551077788191191 0.02125 0.015932521087160263
0 0.430625 0.7230552952202437 0.05125 0.020618556701030927
0 0.384375 0.9072164948453608 0.025 0.020618556701030927
0 0.211875 0.7638238050609185 0.02375 0.01874414245548266
0 0.1075 0.8926897844423618 0.025 0.016869728209934397
0 0.251875 0.8341143392689785 0.025 0.019681349578256794
0 0.288125 0.9311152764761013 0.01125 0.008434864104967198
0 0.33 0.8762886597938144 0.095 0.07216494845360824
0 0.945625 0.6616682286785379 0.10875 0.10121836925960637
0 0.166875 0.8074039362699157 0.07625 0.05435801312089972
0 0.153125 0.7731958762886598 0.06875 0.04967197750702906
0 0.775 0.7619493908153702 0.07875 0.059044048734770385
0 0.87625 0.8397375820056232 0.07875 0.05716963448922212
0 0.865 0.6958762886597938 0.07625 0.06373008434864105
0 0.5425 0.08622305529522024 0.0425 0.038425492033739454
0 0.405 0.7699156513589503 0.07625 0.05154639175257732
0 0.701875 0.169165885660731 0.04625 0.038425492033739454
0 0.885 0.6040299906279287 0.08875 0.06466729147141519
0 0.14375 0.5159325210871603 0.0575 0.04498594189315839
0 0.674375 0.25023430178069356 0.0425 0.03655107778819119
0 0.60375 0.7633552014995314 0.085 0.028116213683223992
0 0.811875 0.7033739456419869 0.05375 0.03467666354264293
0 0.19 0.19259606373008434 0.04125 0.03655107778819119
1 0.051875 0.6710402999062793 0.05375 0.07310215557638237
0 0.4 0.7446110590440488 0.0775 0.03467666354264293
0 0.90875 0.18322399250234303 0.02125 0.020618556701030927
0 0.921875 0.18134957825679476 0.01625 0.015932521087160263
0 0.523125 0.12371134020618557 0.02125 0.010309278350515464
0 0.48625 0.08106841611996252 0.01 0.008434864104967198
0 0.234375 0.19821930646672914 0.00875 0.006560449859418931
0 0.0475 0.20337394564198688 0.02 0.007497656982193065
0 0.42625 0.7132146204311153 0.01875 0.010309278350515464
0 0.680625 0.7282099343955014 0.14125 0.031865042174320526
0 0.639375 0.7197750702905342 0.12 0.029053420805998126
0 0.635 0.7080599812558576 0.0625 0.019681349578256794
0 0.555625 0.6747891283973758 0.03125 0.01218369259606373
0 0.561875 0.6649484536082474 0.02375 0.00937207122774133
0 0.580625 0.6555763823805061 0.05 0.01499531396438613
0 0.544375 0.654639175257732 0.02875 0.00937207122774133
0 0.5375 0.662136832239925 0.04 0.014058106841611996
0 0.48875 0.6424554826616682 0.01375 0.008434864104967198
0 0.625 0.5782567947516402 0.02625 0.014058106841611996
0 0.913125 0.5510777881911902 0.03375 0.01874414245548266
1 0.946875 0.5459231490159325 0.10625 0.09278350515463918
0 0.9625 0.6494845360824743 0.04125 0.029053420805998126
0 0.754375 0.8837863167760075 0.01 0.008434864104967198