0 0.5975 0.16447985004686036 0.04875 0.03936269915651359
0 0.501875 0.4442361761949391 0.14625 0.08528584817244611
1 0.2125 0.45735707591377694 0.3125 0.2970946579194002
0 0.405 0.48125585754451733 0.1375 0.10121836925960637
0 0.82625 0.2985004686035614 0.05 0.03655107778819119
0 0.839375 0.16776007497656983 0.0525 0.04873477038425492
0 0.734375 0.41799437675726336 0.08375 0.06279287722586692
0 0.724375 0.6185567010309279 0.06125 0.03748828491096532
0 0.819375 0.6462043111527648 0.04625 0.028116213683223992
0 0.368125 0.7774133083411434 0.045 0.031865042174320526
0 0.260625 0.7764761012183693 0.04625 0.033739456419868794
1 0.935 0.5876288659793815 0.13 0.13120899718837864
1 0.34 0.38425492033739456 0.09375 0.07778819119025304
0 0.48625 0.520618556701031 0.07375 0.04498594189315839
0 0.828125 0.4967197750702905 0.0525 0.038425492033739454
0 0.515625 0.6307403936269915 0.0475 0.02999062792877226
0 0.790625 0.6710402999062793 0.05375 0.04217432052483599
0 0.538125 0.49531396438612935 0.04 0.03748828491096532
0 0.480625 0.6977507029053421 0.0525 0.030927835051546393
1 0.43 0.2858481724461106 0.05125 0.038425492033739454
1 0.425 0.2507029053420806 0.05625 0.05248359887535145
1 0.39875 0.14995313964386128 0.05375 0.031865042174320526
1 0.458125 0.11105904404873478 0.06 0.02436738519212746
0 0.426875 0.09465791940018745 0.01375 0.010309278350515464
0 0.01375 0.14667291471415184 0.0275 0.01218369259606373
1 0.9275 0.3373945641986879 0.11875 0.1668228678537957
0 0.86875 0.40581068416119964 0.07875 0.053420805998125584
0 0.795625 0.3936269915651359 0.0375 0.030927835051546393
0 0.79375 0.4189315838800375 0.045 0.03467666354264293
0 0.729375 0.4629803186504217 0.0675 0.03748828491096532
0 0.744375 0.48828491096532334 0.055 0.038425492033739454
1 0.973125 0.6251171508903468 0.05375 0.07872539831302718
1 0.661875 0.41237113402061853 0.3 0.14245548266166824
0 0.36625 0.5688847235238987 0.025 0.014058106841611996
0 0.25875 0.6265229615745079 0.02875 0.01780693533270853
0 0.160625 0.6237113402061856 0.02625 0.015932521087160263
0 0.06625 0.6532333645735707 0.01875 0.014058106841611996
1 0.094375 0.60543580131209 0.18375 0.19962511715089035
1 0.04875 0.634020618556701 0.09625 0.20618556701030927
1 0.09625 0.89456419868791 0.0275 0.026241799437675725