0 0.31875 0.1846298031865042 0.04125 0.03561387066541706
0 0.48375 0.4451733833177132 0.13375 0.07122774133083412
1 0.77125 0.41705716963448924 0.26 0.27085285848172447
0 0.58875 0.4681349578256795 0.12125 0.08903467666354264
0 0.12875 0.34910965323336457 0.04375 0.031865042174320526
0 0.0825 0.2225866916588566 0.04375 0.04498594189315839
0 0.249375 0.45313964386129335 0.07375 0.05529522024367385
0 0.309375 0.6485473289597001 0.05625 0.031865042174320526
0 0.22375 0.6893158388003748 0.04125 0.02436738519212746
0 0.7 0.753045923149016 0.04 0.028116213683223992
0 0.805625 0.7371134020618557 0.04125 0.02999062792877226
1 0.07625 0.6513589503280225 0.1475 0.1162136832239925
1 0.6275 0.3631677600749766 0.08 0.06935332708528585
0 0.51875 0.5182755388940956 0.0675 0.03748828491096532
0 0.1775 0.5435801312089972 0.04625 0.033739456419868794
0 0.518125 0.6307403936269915 0.0425 0.02530459231490159
0 0.258125 0.7094657919400188 0.0475 0.03748828491096532
0 0.46125 0.5009372071227741 0.03375 0.033739456419868794
0 0.569375 0.6911902530459232 0.0475 0.026241799437675725
1 0.514375 0.2797563261480787 0.045 0.033739456419868794
1 0.510625 0.24461105904404873 0.0475 0.04779756326148079
1 0.51 0.14198687910028115 0.04875 0.026241799437675725
1 0.4425 0.11199625117150891 0.0575 0.01780693533270853
0 0.46875 0.09184629803186505 0.0125 0.008434864104967198
0 0.89125 0.08294283036551078 0.035 0.008434864104967198
0 0.98125 0.07263355201499531 0.01625 0.006560449859418931
0 0.95875 0.24414245548266167 0.01375 0.008434864104967198
1 0.04125 0.40112464854732893 0.0825 0.15932521087160262
0 0.11375 0.46016869728209936 0.07 0.04592314901593252
0 0.1825 0.43767572633552015 0.0325 0.028116213683223992
0 0.19125 0.46251171508903466 0.04 0.030927835051546393
0 0.265625 0.49625117150890347 0.0625 0.030927835051546393
0 0.2575 0.5234301780693533 0.04875 0.033739456419868794
1 0.045625 0.6935332708528584 0.085 0.07029053420805999
1 0.31875 0.4372071227741331 0.28125 0.11152764761012184
0 0.64875 0.5482661668228679 0.02375 0.01218369259606373
0 0.76875 0.5895032802249297 0.02625 0.01499531396438613
0 0.864375 0.5731021555763823 0.02375 0.013120899718837863
0 0.965 0.5880974695407685 0.0175 0.01218369259606373
1 0.925 0.5454545454545454 0.1475 0.18556701030927836
1 0.974375 0.5665417057169635 0.05125 0.20337394564198688
1 0.9925 0.8294283036551078 0.015 0.02436738519212746