0 0.334375 0.13261480787253982 0.03125 0.01499531396438613
0 0.104375 0.18603561387066542 0.0225 0.019681349578256794
0 0.5425 0.5595126522961574 0.0225 0.015932521087160263
0 0.44375 0.4044048734770384 0.11 0.10309278350515463
0 0.645625 0.7460168697282099 0.08625 0.06466729147141519
0 0.715 0.8013120899718837 0.08625 0.06654170571696345
0 0.40875 0.7127460168697282 0.07 0.04873477038425492
0 0.155625 0.3013120899718838 0.04625 0.03561387066541706
0 0.69875 0.6119962511715089 0.06 0.04779756326148079
0 0.3 0.4629803186504217 0.05625 0.033739456419868794
0 0.175625 0.6044985941893158 0.03875 0.02999062792877226
0 0.055625 0.5187441424554826 0.06875 0.031865042174320526
0 0.13375 0.46344892221180883 0.05 0.04029990627928772
0 0.216875 0.6185567010309279 0.05 0.03280224929709466
0 0.134375 0.17666354264292408 0.07 0.038425492033739454
0 0.341875 0.4053420805998126 0.035 0.041237113402061855
0 0.125 0.5402999062792877 0.05 0.038425492033739454
0 0.168125 0.5585754451733833 0.05125 0.03655107778819119
0 0.321875 0.4320524835988753 0.04625 0.028116213683223992
0 0.14375 0.19728209934395502 0.0375 0.026241799437675725
0 0.35125 0.15932521087160262 0.0375 0.01499531396438613
0 0.318125 0.1579194001874414 0.0325 0.01499531396438613
0 0.31875 0.1302717900656045 0.02375 0.015932521087160263
0 0.069375 0.1387066541705717 0.03 0.011246485473289597
0 0.07125 0.10918462980318651 0.0175 0.00937207122774133
0 0.343125 0.6729147141518276 0.04 0.02717900656044986
0 0.335625 0.7877225866916588 0.0375 0.028116213683223992
0 0.3075 0.7877225866916588 0.03 0.030927835051546393
0 0.09875 0.7516401124648547 0.03125 0.016869728209934397
0 0.09375 0.7385192127460168 0.02125 0.02155576382380506
0 0.034375 0.5248359887535146 0.0275 0.016869728209934397
0 0.59375 0.5449859418931584 0.015 0.016869728209934397
0 0.524375 0.563261480787254 0.02125 0.014058106841611996
0 0.54375 0.5707591377694471 0.02 0.00937207122774133
0 0.534375 0.5763823805060918 0.0225 0.01499531396438613