0 0.674375 0.13495782567947517 0.03125 0.01499531396438613
0 0.903125 0.19119025304592316 0.0225 0.01874414245548266
0 0.45625 0.5590440487347704 0.0225 0.015932521087160263
0 0.558125 0.4053420805998126 0.1075 0.1021555763823805
0 0.34875 0.7441424554826617 0.085 0.06373008434864105
0 0.278125 0.7985004686035614 0.08375 0.06560449859418932
0 0.58625 0.7136832239925024 0.06875 0.04873477038425492
0 0.84875 0.30599812558575445 0.045 0.03467666354264293
0 0.298125 0.6091846298031866 0.05875 0.046860356138706656
0 0.70125 0.4653233364573571 0.055 0.03280224929709466
0 0.821875 0.6087160262417994 0.0375 0.02999062792877226
0 0.944375 0.5248359887535146 0.06875 0.030927835051546393
0 0.8675 0.4681349578256795 0.05 0.03936269915651359
0 0.78 0.6218369259606373 0.04875 0.03280224929709466
0 0.873125 0.18134957825679476 0.06875 0.03748828491096532
0 0.660625 0.4076850984067479 0.03375 0.041237113402061855
0 0.87375 0.5454545454545454 0.04875 0.03748828491096532
0 0.830625 0.5627928772258669 0.05 0.03561387066541706
0 0.68 0.4343955014058107 0.04625 0.02717900656044986
0 0.86375 0.20196813495782567 0.0375 0.026241799437675725
0 0.656875 0.16119962511715089 0.0375 0.014058106841611996
0 0.69 0.16026241799437677 0.03125 0.014058106841611996
0 0.69 0.13261480787253982 0.02375 0.01499531396438613
0 0.939375 0.14432989690721648 0.03 0.011246485473289597
0 0.9375 0.1148078725398313 0.0175 0.00937207122774133
0 0.6525 0.6747891283973758 0.04 0.02717900656044986
0 0.6575 0.7895970009372071 0.03625 0.028116213683223992
0 0.685625 0.7900656044985942 0.02875 0.02999062792877226
0 0.895625 0.7572633552014996 0.03125 0.016869728209934397
0 0.900625 0.7436738519212746 0.02125 0.020618556701030927
0 0.965 0.5309278350515464 0.0275 0.015932521087160263
0 0.405625 0.5435801312089972 0.015 0.016869728209934397
0 0.474375 0.563261480787254 0.02125 0.014058106841611996
0 0.455 0.57029053420806 0.02 0.00937207122774133
0 0.464375 0.5759137769447048 0.02125 0.01499531396438613