0 0.2920375 0.14478912839737582 0.0303875 0.012970946579193978
0 0.06935 0.2131115276476101 0.020775000000000005 0.017994376757263345
0 0.549375 0.5567010309278351 0.02125 0.01499531396438613
0 0.433125 0.408622305529522 0.09875 0.09746954076850985
0 0.67375 0.7357075913776945 0.08 0.05998125585754452
0 0.749375 0.7863167760074976 0.07875 0.061855670103092786
0 0.43375 0.717900656044986 0.065 0.04498594189315839
0 0.13375 0.3247422680412371 0.0425 0.03280224929709466
0 0.71125 0.598406747891284 0.055 0.044048734770384255
0 0.29625 0.4761012183692596 0.0525 0.02999062792877226
0 0.18875 0.6251171508903468 0.035 0.028116213683223992
0 0.059225 0.5479381443298968 0.06602500000000001 0.027422680412371125
0 0.130625 0.4873477038425492 0.04625 0.03748828491096532
0 0.231875 0.6363636363636364 0.04625 0.02999062792877226
0 0.0979875 0.20176194939081538 0.066075 0.03428303655107778
0 0.33125 0.41611996251171507 0.03 0.03936269915651359
0 0.13135 0.5648547328959701 0.04571249999999999 0.035417057169634454
0 0.17620000000000002 0.5799531396438612 0.04759999999999998 0.03338331771321452
0 0.314375 0.443767572633552 0.04375 0.02530459231490159
0 0.109625 0.22163074039362698 0.03478750000000001 0.02422680412371136
0 0.3120625 0.17030927835051546 0.03582500000000003 0.012567947516401149
0 0.2788125 0.17123711340206185 0.030637499999999988 0.01294283036551078
0 0.2765875 0.1436269915651359 0.022749999999999986 0.014067478912839729
0 0.028687499999999998 0.16807872539831303 0.02915 0.009297094657919416
0 0.027462499999999997 0.13852858481724462 0.0163 0.008687910028116197
0 0.3638375 0.6824929709465792 0.03754999999999995 0.025154639175257655
0 0.36963749999999995 0.7971977507029053 0.034337500000000035 0.026269915651358926
0 0.3418375 0.7989690721649485 0.026712500000000007 0.029119025304592254
0 0.1295375 0.7770946579194001 0.03013750000000002 0.015426429240862264
0 0.123225 0.7640299906279288 0.01901250000000001 0.019971883786316726
0 0.038950000000000005 0.5550984067478912 0.025800000000000003 0.014864104967197657
0 0.5984125 0.538734770384255 0.0134375 0.015848172446110666
0 0.5314125 0.561593252108716 0.020337499999999977 0.01313964386129333
0 0.5516 0.5677132146204311 0.018887500000000015 0.008528584817244526
0 0.5428625 0.5738331771321462 0.020349999999999965 0.014011246485473331