0 0.8025 0.44611059044048734 0.02 0.015932521087160263
0 0.666875 0.6583880037488284 0.03375 0.02530459231490159
0 0.456875 0.4845360824742268 0.045 0.016869728209934397
1 0.755 0.633552014995314 0.14875 0.10590440487347703
0 0.388125 0.5538894095595126 0.1025 0.07497656982193064
0 0.740625 0.3631677600749766 0.06625 0.06091846298031865
0 0.55625 0.4526710402999063 0.1 0.1077788191190253
0 0.355625 0.7122774133083412 0.0975 0.08153701968134958
0 0.45125 0.6883786316776007 0.095 0.07778819119025304
0 0.18375 0.6091846298031866 0.1125 0.08716026241799438
0 0.456875 0.44189315838800375 0.0775 0.06654170571696345
0 0.1975 0.4700093720712277 0.065 0.03936269915651359
0 0.2625 0.5459231490159325 0.07625 0.05154639175257732
0 0.076875 0.3373945641986879 0.07 0.04779756326148079
0 0.413125 0.3388003748828491 0.045 0.03748828491096532
0 0.104375 0.5909090909090909 0.07625 0.044048734770384255
0 0.123125 0.30084348641049674 0.07125 0.04873477038425492
0 0.031875 0.8392689784442362 0.06375 0.03467666354264293
0 0.726875 0.225398313027179 0.0525 0.03561387066541706
0 0.310625 0.5599812558575445 0.0525 0.03655107778819119
0 0.63375 0.6143392689784443 0.03875 0.031865042174320526
0 0.13375 0.7910028116213683 0.0575 0.04779756326148079
0 0.060625 0.5609184629803187 0.06 0.02999062792877226
0 0.53375 0.21790065604498593 0.05 0.03655107778819119
0 0.514375 0.7460168697282099 0.10625 0.06654170571696345
0 0.27125 0.19119025304592316 0.05875 0.05154639175257732
0 0.505625 0.7947516401124649 0.06125 0.044048734770384255
1 0.554375 0.6035613870665417 0.10375 0.1246485473289597
0 0.850625 0.20337394564198688 0.015 0.0028116213683223993
0 0.681875 0.20524835988753515 0.01625 0.004686035613870665
0 0.459375 0.20805998125585753 0.0225 0.005623242736644799
0 0.174375 0.6743205248359887 0.1 0.056232427366447985
0 0.24 0.7928772258669166 0.07 0.04592314901593252
0 0.846875 0.6663542642924086 0.00875 0.011246485473289597
1 0.786875 0.5187441424554826 0.07375 0.07591377694470477
1 0.726875 0.5810684161199625 0.27625 0.21930646672914714
1 0.980625 0.5548266166822868 0.0375 0.03748828491096532
1 0.98625 0.5970009372071228 0.02375 0.020618556701030927
1 0.915 0.6087160262417994 0.16625 0.07778819119025304
0 0.810625 0.4414245548266167 0.01375 0.010309278350515464