0 0.19885000000000003 0.4420899718837863 0.019812500000000028 0.015538894095595165
0 0.32935000000000003 0.6563074039362699 0.03370000000000001 0.024892221180880924
0 0.54375 0.48500468603561386 0.045 0.015932521087160263
1 0.241875 0.6302717900656045 0.14625 0.10402999062792877
0 0.610625 0.5552952202436738 0.10125 0.07403936269915651
0 0.2625 0.3598875351452671 0.065 0.05998125585754452
0 0.445 0.45173383317713217 0.0975 0.10684161199625117
0 0.639375 0.7141518275538894 0.09625 0.08059981255857544
0 0.544375 0.6888472352389878 0.09375 0.07685098406747891
0 0.81375 0.6134020618556701 0.11 0.08528584817244611
0 0.544375 0.4423617619493908 0.07625 0.06560449859418932
0 0.803125 0.47375820056232426 0.06375 0.038425492033739454
0 0.73625 0.549203373945642 0.075 0.05060918462980318
0 0.926875 0.3430178069353327 0.06875 0.046860356138706656
0 0.590625 0.33973758200562326 0.04375 0.03655107778819119
0 0.89375 0.5960637300843487 0.075 0.04311152764761012
0 0.88125 0.30599812558575445 0.07 0.04779756326148079
0 0.964375 0.845360824742268 0.07125 0.033739456419868794
0 0.279375 0.2225866916588566 0.05125 0.03467666354264293
0 0.688125 0.5623242736644799 0.05125 0.03561387066541706
0 0.36375 0.612464854732896 0.0375 0.030927835051546393
0 0.859375 0.795688847235239 0.05625 0.046860356138706656
0 0.938125 0.5665417057169635 0.05875 0.029053420805998126
0 0.473125 0.21743205248359887 0.04875 0.03561387066541706
0 0.48 0.7460168697282099 0.105 0.06560449859418932
0 0.7359749999999999 0.19400187441424555 0.05803750000000008 0.05060918462980318
0 0.4875 0.7947516401124649 0.06 0.04311152764761012
1 0.443125 0.6026241799437676 0.10125 0.12371134020618557
0 0.1560375 0.1988472352389878 0.015199999999999997 0.0028116213683223993
0 0.324775 0.20313027179006563 0.016337500000000026 0.004517338331771315
0 0.5473625 0.20882849109653231 0.022412499999999936 0.0050796626054358165
0 0.8213124999999999 0.6786785379568885 0.09851249999999993 0.054826616682286784
0 0.7533875000000001 0.7963355201499532 0.06846249999999998 0.04525773195876285
0 0.1491875 0.6618275538894095 0.008362499999999997 0.01132146204311146
1 0.212725 0.5148078725398313 0.07151249999999998 0.07503280224929704
1 0.2713875 0.5779568884723524 0.271075 0.21607310215557635
1 0.0184625 0.548444236176195 0.036925 0.036785379568884724
1 0.011875 0.5904404873477038 0.02375 0.020618556701030927
1 0.0825 0.6030927835051546 0.165 0.07591377694470477
0 0.1905375 0.43749765698219306 0.013624999999999972 0.010496719775070332