0 0.195 0.45407685098406747 0.02125 0.015932521087160263
0 0.340625 0.662605435801312 0.035 0.026241799437675725
0 0.5425 0.4831302717900656 0.04625 0.01780693533270853
1 0.25125 0.6401124648547329 0.15375 0.10965323336457357
0 0.614375 0.5510777881911902 0.10625 0.07778819119025304
0 0.253125 0.3692596063730084 0.06875 0.06279287722586692
0 0.441875 0.45407685098406747 0.105 0.1105904404873477
0 0.654375 0.7085285848172446 0.10125 0.08434864104967198
0 0.5575 0.6869728209934396 0.09875 0.08059981255857544
0 0.82125 0.6007497656982193 0.11625 0.08903467666354264
0 0.54 0.44048734770384257 0.08125 0.06841611996251172
0 0.800625 0.4620431115276476 0.06625 0.041237113402061855
0 0.739375 0.5398313027179007 0.07875 0.053420805998125584
0 0.915625 0.32661668228678536 0.0725 0.04967197750702906
0 0.579375 0.3364573570759138 0.04625 0.038425492033739454
0 0.9 0.5805998125585754 0.0775 0.04592314901593252
0 0.866875 0.2914714151827554 0.07375 0.05060918462980318
0 0.975625 0.8261480787253983 0.04875 0.03655107778819119
0 0.260625 0.23149015932521086 0.05375 0.03655107778819119
0 0.6925 0.5548266166822868 0.05375 0.03748828491096532
0 0.371875 0.6176194939081537 0.04 0.03280224929709466
0 0.879375 0.7811621368322399 0.06 0.04873477038425492
0 0.941875 0.549203373945642 0.06125 0.030927835051546393
0 0.45375 0.21883786316776008 0.05125 0.03748828491096532
0 0.4975 0.746485473289597 0.11 0.06935332708528585
0 0.714375 0.1850984067478913 0.06125 0.05248359887535145
0 0.508125 0.7947516401124649 0.0625 0.04498594189315839
1 0.450625 0.6044985941893158 0.11 0.1274601686972821
0 0.135625 0.21274601686972822 0.015 0.0037488284910965324
0 0.304375 0.2104029990627929 0.01625 0.004686035613870665
0 0.526875 0.20759137769447047 0.0225 0.005623242736644799
0 0.833125 0.6658856607310215 0.1025 0.059044048734770385
0 0.77375 0.7858481724461106 0.07125 0.04779756326148079
0 0.16125 0.6752577319587629 0.00875 0.011246485473289597
1 0.214375 0.5262417994376757 0.07625 0.07778819119025304
1 0.276875 0.5866916588566073 0.28625 0.2268041237113402
1 0.0225 0.5674789128397376 0.04 0.038425492033739454
1 0.01875 0.6096532333645736 0.025 0.02155576382380506
1 0.09 0.619493908153702 0.17 0.08247422680412371
0 0.186875 0.4498594189315839 0.01375 0.011246485473289597