0 0.913125 0.267572633552015 0.0225 0.015932521087160263
0 0.433125 0.27928772258669166 0.0325 0.02530459231490159
0 0.511875 0.302717900656045 0.03 0.023430178069353328
0 0.385 0.2985004686035614 0.0325 0.02530459231490159
0 0.4075 0.31630740393626994 0.03 0.022492970946579195
0 0.606875 0.31630740393626994 0.0325 0.028116213683223992
0 0.584375 0.2380506091846298 0.02625 0.015932521087160263
0 0.15625 0.19306466729147143 0.0375 0.02436738519212746
0 0.74 0.6204311152764761 0.0225 0.01499531396438613
0 0.9975 0.3711340206185567 0.005 0.011246485473289597
0 0.799375 0.662136832239925 0.01875 0.013120899718837863
0 0.9475 0.37207122774133083 0.025 0.011246485473289597
0 0.92 0.5679475164011246 0.01625 0.00937207122774133
0 0.485 0.4001874414245548 0.03125 0.02436738519212746
0 0.63 0.5304592314901593 0.01875 0.013120899718837863
0 0.455625 0.4967197750702905 0.01 0.008434864104967198
0 0.6175 0.5374882849109653 0.0225 0.014058106841611996
0 0.355 0.5356138706654171 0.0225 0.02530459231490159
0 0.269375 0.549671977507029 0.03875 0.023430178069353328
0 0.048125 0.4395501405810684 0.02125 0.00937207122774133
0 0.035625 0.563730084348641 0.01125 0.00937207122774133
0 0.110625 0.5576382380506092 0.015 0.00937207122774133
0 0.170625 0.7061855670103093 0.025 0.01499531396438613
0 0.88125 0.40112464854732893 0.11 0.06935332708528585
0 0.856875 0.3402061855670103 0.0925 0.06560449859418932
0 0.975625 0.20196813495782567 0.04875 0.05154639175257732
0 0.15875 0.4395501405810684 0.08125 0.04029990627928772
0 0.665 0.21462043111527648 0.0525 0.04592314901593252
0 0.146875 0.6654170571696345 0.07625 0.03936269915651359
1 0.604375 0.422680412371134 0.18375 0.06747891283973759
0 0.815625 0.5365510777881912 0.05875 0.029053420805998126
1 0.5375 0.6143392689784443 0.0775 0.04311152764761012
0 0.743125 0.2942830365510778 0.03625 0.02999062792877226
0 0.305 0.2380506091846298 0.04 0.02717900656044986
0 0.08 0.5641986879100281 0.04375 0.02436738519212746
1 0.533125 0.46579194001874413 0.125 0.07497656982193064
0 0.574375 0.3345829428303655 0.0375 0.03467666354264293
1 0.50875 0.6391752577319587 0.0625 0.07403936269915651
1 0.6925 0.44048734770384257 0.17 0.07778819119025304
1 0.035625 0.542642924086223 0.07125 0.061855670103092786
0 0.979375 0.47985004686035615 0.04125 0.028116213683223992
0 0.986875 0.5009372071227741 0.02625 0.019681349578256794
0 0.994375 0.5149953139643861 0.01125 0.02155576382380506
0 0.768125 0.4653233364573571 0.01625 0.006560449859418931
0 0.761875 0.45829428303655106 0.01375 0.006560449859418931
1 0.599375 0.4676663542642924 0.1425 0.05248359887535145
0 0.42375 0.4592314901593252 0.03875 0.05435801312089972
0 0.415625 0.43580131208997186 0.04375 0.056232427366447985
0 0.338125 0.5201499531396439 0.0225 0.028116213683223992
0 0.25625 0.4442361761949391 0.0175 0.01499531396438613
0 0.23375 0.32427366447985007 0.0325 0.026241799437675725
0 0.201875 0.3013120899718838 0.02875 0.08716026241799438
0 0.03875 0.19728209934395502 0.02625 0.022492970946579195
0 0.33 0.6560449859418932 0.01 0.006560449859418931
0 0.291875 0.7052483598875351 0.0075 0.006560449859418931
0 0.589375 0.6668228678537957 0.005 0.004686035613870665