0 0.109375 0.246485473289597 0.02125 0.01499531396438613
0 0.01625 0.204311152764761 0.0075 0.007497656982193065
0 0.5875 0.28350515463917525 0.03 0.023430178069353328
0 0.50625 0.302717900656045 0.0275 0.022492970946579195
0 0.63375 0.30506091846298033 0.03 0.023430178069353328
0 0.609375 0.32146204311152765 0.02875 0.020618556701030927
0 0.41 0.31115276476101217 0.03 0.026241799437675725
0 0.44 0.23430178069353327 0.025 0.01499531396438613
0 0.87125 0.21180880974695407 0.035 0.022492970946579195
0 0.249375 0.6077788191190253 0.02125 0.014058106841611996
0 0.00875 0.34536082474226804 0.0175 0.010309278350515464
0 0.18625 0.6462043111527648 0.0175 0.01218369259606373
0 0.065625 0.34910965323336457 0.02375 0.010309278350515464
0 0.075 0.5459231490159325 0.015 0.008434864104967198
0 0.524375 0.40112464854732893 0.02875 0.022492970946579195
0 0.3675 0.5234301780693533 0.0175 0.01218369259606373
0 0.544375 0.4990627928772259 0.00875 0.008434864104967198
0 0.379375 0.5313964386129335 0.02125 0.013120899718837863
0 0.64125 0.5431115276476102 0.02 0.02436738519212746
0 0.725625 0.5618556701030928 0.03625 0.02155576382380506
0 0.95625 0.46344892221180883 0.02 0.008434864104967198
0 0.9575 0.5880974695407685 0.01 0.008434864104967198
0 0.883125 0.577788191190253 0.01375 0.008434864104967198
0 0.809375 0.7230552952202437 0.02375 0.014058106841611996
0 0.129375 0.38144329896907214 0.10375 0.06466729147141519
0 0.15875 0.3219306466729147 0.0875 0.06091846298031865
0 0.04125 0.17760074976569823 0.0675 0.04779756326148079
0 0.84625 0.457825679475164 0.0775 0.03655107778819119
0 0.361875 0.20665417057169636 0.04875 0.044048734770384255
0 0.836875 0.683223992502343 0.07375 0.03561387066541706
1 0.403125 0.4175257731958763 0.17875 0.05810684161199625
0 0.181875 0.5201499531396439 0.05625 0.026241799437675725
1 0.451875 0.6119962511715089 0.07375 0.03936269915651359
0 0.276875 0.28209934395501407 0.03375 0.028116213683223992
0 0.71875 0.24882849109653232 0.0375 0.02530459231490159
0 0.9125 0.5857544517338332 0.0425 0.022492970946579195
1 0.47 0.4639175257731959 0.12 0.06935332708528585
0 0.44125 0.331302717900656 0.035 0.03280224929709466
1 0.47875 0.6382380506091846 0.05625 0.07122774133083412
1 0.313125 0.43064667291471415 0.16375 0.06935332708528585
1 0.9625 0.5674789128397376 0.075 0.05810684161199625
0 0.02125 0.45454545454545453 0.0425 0.026241799437675725
0 0.013125 0.47563261480787256 0.02625 0.01780693533270853
0 0.005 0.48922211808809746 0.01 0.020618556701030927
0 0.235625 0.45126522961574506 0.015 0.005623242736644799
0 0.2425 0.44470477975632616 0.01375 0.005623242736644799
1 0.40375 0.46251171508903466 0.13875 0.04498594189315839
0 0.579375 0.46344892221180883 0.03375 0.053420805998125584
0 0.59 0.44048734770384257 0.03875 0.05435801312089972
0 0.66 0.528584817244611 0.02 0.02717900656044986
0 0.748125 0.45735707591377694 0.01625 0.014058106841611996
0 0.781875 0.3388003748828491 0.03125 0.02436738519212746
0 0.815625 0.31724461105904406 0.02 0.08622305529522024
0 0.988125 0.22211808809746955 0.02375 0.02155576382380506
0 0.655 0.6644798500468604 0.00875 0.006560449859418931
0 0.68875 0.7155576382380506 0.0075 0.005623242736644799
0 0.395 0.6616682286785379 0.005 0.004686035613870665