0 0.8825 0.2570323488045007 0.0325 0.015471167369901548
0 0.648125 0.2429676511954993 0.03625 0.01617440225035162
0 0.718125 0.24472573839662448 0.02625 0.010548523206751054
0 0.77625 0.21765119549929676 0.01375 0.006329113924050633
0 0.460625 0.25140646976090014 0.03625 0.016877637130801686
0 0.313125 0.25949367088607594 0.02 0.011251758087201125
0 0.16625 0.31926863572433195 0.02625 0.011251758087201125
0 0.02 0.33438818565400846 0.01625 0.010548523206751054
0 0.21875 0.2742616033755274 0.03875 0.016877637130801686
0 0.95 0.4142053445850914 0.0225 0.016877637130801686
0 0.926875 0.3182137834036568 0.02 0.009845288326300985
0 0.893125 0.349507735583685 0.02 0.009845288326300985
0 0.744375 0.6360759493670886 0.02875 0.009845288326300985
0 0.971875 0.5172292545710268 0.0175 0.009845288326300985
0 0.961875 0.4947257383966245 0.02 0.010548523206751054
0 0.713125 0.5727848101265823 0.025 0.011954992967651195
0 0.399375 0.6392405063291139 0.02625 0.011954992967651195
0 0.42125 0.47538677918424754 0.02375 0.012658227848101266
0 0.594375 0.5566104078762306 0.0275 0.011954992967651195
0 0.554375 0.6526019690576652 0.01625 0.007032348804500703
0 0.51375 0.5334036568213784 0.0175 0.007735583684950774
0 0.38625 0.5151195499296765 0.0225 0.012658227848101266
0 0.5675 0.6311533052039381 0.01375 0.005625879043600563
0 0.37875 0.3853727144866385 0.0225 0.006329113924050633
0 0.47 0.3818565400843882 0.0225 0.014767932489451477
0 0.099375 0.4180731364275668 0.0325 0.02461322081575246
0 0.258125 0.6694796061884669 0.02125 0.011251758087201125
0 0.99625 0.6919831223628692 0.0075 0.02109704641350211
0 0.795 0.7528129395218003 0.0325 0.012658227848101266
0 0.4675 0.7573839662447257 0.01375 0.007032348804500703
0 0.493125 0.7331223628691983 0.02125 0.009142053445850914
0 0.26375 0.7461322081575246 0.02625 0.011954992967651195
0 0.294375 0.7763713080168776 0.02 0.013361462728551337
0 0.385 0.8108298171589311 0.025 0.01828410689170183
0 0.109375 0.8716596343178622 0.02 0.016877637130801686
0 0.08 0.7461322081575246 0.02125 0.011251758087201125
0 0.22625 0.5010548523206751 0.115 0.06962025316455696
0 0.69875 0.7507032348804501 0.09375 0.05555555555555555
0 0.6275 0.4061181434599156 0.10625 0.07172995780590717
0 0.291875 0.38466947960618847 0.10375 0.06891701828410689
0 0.5975 0.35970464135021096 0.0825 0.04922644163150492
1 0.895625 0.7053445850914205 0.20875 0.170182841068917
0 0.20875 0.5467651195499297 0.05875 0.052039381153305204
0 0.69375 0.47538677918424754 0.06 0.035864978902953586
0 0.313125 0.5857946554149086 0.09375 0.030239099859353025
0 0.80125 0.4409282700421941 0.05375 0.029535864978902954
1 0.971875 0.43776371308016876 0.05625 0.16244725738396623
1 0.99375 0.5242616033755274 0.0125 0.02461322081575246
0 0.499375 0.30766526019690577 0.02625 0.010548523206751054
0 0.526875 0.3146976090014065 0.0175 0.013361462728551337
0 0.515 0.31645569620253167 0.01625 0.014767932489451477
0 0.501875 0.31680731364275666 0.0175 0.014064697609001406
0 0.38375 0.36954992967651196 0.0225 0.004219409282700422
0 0.38375 0.37341772151898733 0.01 0.004922644163150493
0 0.378125 0.39029535864978904 0.0125 0.004922644163150493
0 0.456875 0.38220815752461323 0.01875 0.014767932489451477
0 0.501875 0.39732770745428975 0.01 0.008438818565400843
0 0.496875 0.4057665260196906 0.01625 0.013361462728551337
0 0.511875 0.40752461322081573 0.0225 0.015471167369901548
0 0.42 0.4676511954992968 0.02125 0.009845288326300985
0 0.476875 0.5741912798874824 0.0325 0.011251758087201125
0 0.475625 0.5815752461322081 0.03125 0.007735583684950774
0 0.49 0.5836849507735584 0.0275 0.011251758087201125
0 0.619375 0.6582278481012658 0.01875 0.007032348804500703
0 0.039375 0.6360759493670886 0.01 0.014064697609001406
0 0.07125 0.6009142053445851 0.04375 0.02180028129395218
0 0.371875 0.28094233473980307 0.0225 0.007735583684950774