0 0.958125 0.30239099859353025 0.03 0.014064697609001406
0 0.7325 0.26371308016877637 0.03375 0.014064697609001406
0 0.800625 0.27285513361462727 0.025 0.009142053445850914
0 0.866875 0.25246132208157523 0.0125 0.005625879043600563
0 0.545625 0.2517580872011252 0.03375 0.014767932489451477
0 0.398125 0.2440225035161744 0.0175 0.009845288326300985
0 0.23375 0.2869198312236287 0.02375 0.009845288326300985
0 0.085 0.2858649789029536 0.01375 0.009142053445850914
0 0.300625 0.24824191279887484 0.03625 0.014767932489451477
0 0.970625 0.4641350210970464 0.02 0.01617440225035162
0 0.98125 0.36744022503516177 0.0175 0.008438818565400843
0 0.936875 0.39451476793248946 0.0175 0.008438818565400843
0 0.69375 0.659634317862166 0.0275 0.008438818565400843
0 0.9575 0.5675105485232067 0.015 0.008438818565400843
0 0.955 0.5443037974683544 0.0175 0.009142053445850914
0 0.684375 0.5942334739803095 0.0225 0.010548523206751054
0 0.9875 0.6213080168776371 0.01 0.008438818565400843
0 0.98 0.629395218002813 0.0125 0.009142053445850914
0 0.35375 0.6258790436005626 0.02375 0.010548523206751054
0 0.43125 0.46729957805907174 0.02125 0.011251758087201125
0 0.573125 0.5657524613220816 0.025 0.009845288326300985
0 0.501875 0.6554149085794655 0.015 0.005625879043600563
0 0.5025 0.5341068917018285 0.01625 0.006329113924050633
0 0.38375 0.5028129395218003 0.02125 0.011954992967651195
0 0.521875 0.6357243319268636 0.0125 0.004922644163150493
0 0.419375 0.3744725738396624 0.02125 0.004922644163150493
0 0.510625 0.3808016877637131 0.02 0.014064697609001406
0 0.134375 0.37658227848101267 0.0275 0.023206751054852322
0 0.205 0.6406469760900141 0.02 0.010548523206751054
0 0.9325 0.7433192686357243 0.02625 0.01969057665260197
0 0.70375 0.779887482419128 0.03 0.010548523206751054
0 0.380625 0.7492967651195499 0.0125 0.006329113924050633
0 0.41375 0.7281997187060478 0.01875 0.008438818565400843
0 0.184375 0.7162447257383966 0.02375 0.010548523206751054
0 0.204375 0.7492967651195499 0.01875 0.011954992967651195
0 0.281875 0.7925457102672293 0.02125 0.017580872011251757
0 0.006875 0.6965541490857946 0.01375 0.010548523206751054
0 0.23125 0.47151898734177217 0.1025 0.0639943741209564
0 0.610625 0.7675808720112518 0.08375 0.05063291139240506
0 0.656875 0.42158931082981715 0.0925 0.06610407876230662
0 0.335 0.36427566807313644 0.09125 0.0639943741209564
0 0.64375 0.3727144866385373 0.07375 0.0450070323488045
1 0.845 0.7468354430379747 0.23125 0.1568213783403657
0 0.198125 0.5147679324894515 0.04875 0.04922644163150492
0 0.69875 0.4964838255977497 0.05375 0.03234880450070324
0 0.2875 0.5639943741209564 0.09 0.02390998593530239
0 0.815625 0.47433192686357245 0.04875 0.026722925457102673
1 0.986875 0.490154711673699 0.02625 0.1631504922644163
1 0.984375 0.5777074542897328 0.02375 0.023206751054852322
0 0.564375 0.3111814345991561 0.025 0.008438818565400843
0 0.58875 0.3210267229254571 0.015 0.011954992967651195
0 0.576875 0.3217299578059072 0.01375 0.014064697609001406
0 0.56375 0.32032348804500704 0.015 0.013361462728551337
0 0.43 0.35970464135021096 0.02125 0.0028129395218002813
0 0.42875 0.36322081575246135 0.00875 0.004219409282700422
0 0.4175 0.37939521800281295 0.01125 0.004219409282700422
0 0.498125 0.379746835443038 0.01625 0.014064697609001406
0 0.53625 0.39943741209563993 0.0075 0.008438818565400843
0 0.52875 0.40717299578059074 0.01375 0.012658227848101266
0 0.5425 0.41068917018284107 0.02 0.014767932489451477
0 0.4325 0.45956399437412093 0.02 0.008438818565400843
0 0.4525 0.570323488045007 0.03 0.009845288326300985
0 0.44875 0.5773558368495078 0.03 0.005625879043600563
0 0.46125 0.5812236286919831 0.02625 0.009142053445850914
0 0.56375 0.6680731364275668 0.01875 0.006329113924050633
0 0.0025 0.5843881856540084 0.005 0.014064697609001406
0 0.045 0.5530942334739803 0.04 0.01969057665260197
0 0.44875 0.27109704641350213 0.02125 0.006329113924050633