0 0.211875 0.2111735769501054 0.11125 0.06184118060435699
0 0.11375 0.7160927617709065 0.1 0.05692199578355587
0 0.985625 0.2765284609978918 0.02875 0.05551651440618412
0 0.33875 0.6813070976809558 0.085 0.06113843991567112
0 0.0425 0.6124385101897399 0.085 0.05551651440618412
0 0.11375 0.8352073085031624 0.09875 0.05621925509486999
0 0.423125 0.8626141953619114 0.06 0.03373155305692199
0 0.14625 0.2572030920590302 0.0625 0.03724525650035137
0 0.413125 0.741742796907941 0.06625 0.03724525650035137
0 0.898125 0.5256500351370345 0.11 0.09416725228390724
0 0.131875 0.4276177090653549 0.0675 0.04146170063246662
0 0.81375 0.21890372452565005 0.08125 0.03865073787772312
0 0.1575 0.3137737174982431 0.04625 0.03724525650035137
0 0.06625 0.38018271257905834 0.065 0.03724525650035137
0 0.46375 0.657765284609979 0.0725 0.04005621925509487
0 0.379375 0.5122979620520028 0.0475 0.036542515811665496
0 0.4275 0.6282501756851722 0.07125 0.03302881236823612
0 0.6425 0.2213633169360506 0.055 0.029515108924806747
0 0.17875 0.4293745607870696 0.04125 0.03302881236823612
0 0.354375 0.2315530569219958 0.05375 0.02881236823612087
0 0.954375 0.5484891075193253 0.09125 0.07730147575544624
0 0.35125 0.47891777933942375 0.04375 0.03443429374560787
0 0.8425 0.34012649332396344 0.03125 0.016163035839775124
0 0.86625 0.33450456781447646 0.03 0.016163035839775124
0 0.695625 0.3471539002108222 0.04125 0.046380885453267746
0 0.48125 0.18587491215741392 0.03125 0.014054813773717497
0 0.475625 0.1763879128601546 0.04 0.016163035839775124
0 0.47125 0.19676739283204497 0.02125 0.014054813773717497
0 0.650625 0.34012649332396344 0.03625 0.03935347856640899
0 0.90125 0.4293745607870696 0.02375 0.018271257905832748
0 0.884375 0.6018973998594519 0.025 0.014757554462403373
0 0.7225 0.5780042164441321 0.0225 0.010541110330288124
0 0.7725 0.6753338018271258 0.0375 0.019676739283204497
0 0.91 0.4311314125087843 0.02375 0.02178496134926212
0 0.776875 0.6447645818692902 0.0275 0.019676739283204497
0 0.453125 0.5193253689388616 0.02125 0.013352073085031623
0 0.5625 0.533731553056922 0.02375 0.015460295151089248
0 0.376875 0.6500351370344343 0.015 0.011946591707659873
0 0.1175 0.5421644413211525 0.03375 0.018271257905832748
0 0.821875 0.7600140548137737 0.025 0.014054813773717497
0 0.669375 0.8520730850316234 0.02125 0.015460295151089248
0 0.7725 0.9455375966268447 0.01875 0.013352073085031623
0 0.239375 0.7930428671820099 0.03625 0.014054813773717497
0 0.9025 0.5657062543921293 0.045 0.03302881236823612
0 0.983125 0.494378074490513 0.03375 0.09768095572733661
0 0.8825 0.4276177090653549 0.02625 0.016163035839775124
0 0.716875 0.35031623330990863 0.02 0.015460295151089248
0 0.626875 0.33731553056922 0.025 0.017568517217146872
0 0.45875 0.29761068165846805 0.04 0.04286718200983837
0 0.0475 0.325720309205903 0.01375 0.017568517217146872
0 0.81625 0.6609276177090654 0.0225 0.02108222066057625
0 0.57375 0.5372452565003514 0.0475 0.03865073787772312
0 0.38625 0.46591707659873505 0.03875 0.030920590302178495