0 0.066875 0.27512297962052 0.11125 0.06184118060435699
0 0.25125 0.7726633872101195 0.1 0.05692199578355587
0 0.87 0.1978215038650738 0.09375 0.05551651440618412
0 0.44625 0.7002810962754743 0.085 0.06113843991567112
0 0.121875 0.6872803935347856 0.09625 0.05551651440618412
0 0.316875 0.8858046380885454 0.09875 0.05621925509486999
0 0.62625 0.8583977512297962 0.06 0.03373155305692199
0 0.030625 0.3306394940267042 0.06125 0.03724525650035137
0 0.55 0.7449051300070274 0.06625 0.03724525650035137
0 0.893125 0.455024595924104 0.11 0.09416725228390724
0 0.11 0.4950808151791989 0.0675 0.04146170063246662
0 0.64375 0.17814476458186929 0.08125 0.03865073787772312
0 0.071875 0.38229093464511593 0.04625 0.03724525650035137
0 0.026875 0.4613492621222769 0.05375 0.03724525650035137
0 0.5525 0.6563598032326071 0.0725 0.04005621925509487
0 0.391875 0.5326774420238932 0.0475 0.036542515811665496
0 0.501875 0.634574841883345 0.07125 0.03302881236823612
0 0.4825 0.2101194659170766 0.055 0.029515108924806747
0 0.155625 0.488756148981026 0.04125 0.03302881236823612
0 0.21375 0.2702037947997189 0.05375 0.02881236823612087
0 0.95625 0.46732255797610683 0.0875 0.07730147575544624
0 0.3475 0.505621925509487 0.04375 0.03443429374560787
0 0.738125 0.2884750527055516 0.03125 0.016163035839775124
0 0.7575 0.27898805340829236 0.03 0.016163035839775124
0 0.601875 0.3208011243851019 0.04125 0.046380885453267746
0 0.31 0.2044975404075896 0.03125 0.014054813773717497
0 0.29875 0.19641602248770204 0.04 0.016163035839775124
0 0.30625 0.21679550245959242 0.02125 0.014054813773717497
0 0.555 0.3218552354181307 0.03625 0.03935347856640899
0 0.8425 0.3629655657062544 0.02375 0.018271257905832748
0 0.921875 0.5302178496134926 0.025 0.014757554462403373
0 0.754375 0.5358397751229796 0.0225 0.010541110330288124
0 0.855625 0.6194659170765987 0.0375 0.019676739283204497
0 0.851875 0.36331693605059734 0.02375 0.02178496134926212
0 0.843125 0.5895994378074491 0.0275 0.019676739283204497
0 0.46625 0.5263527758257203 0.02125 0.013352073085031623
0 0.578125 0.5210822206605763 0.02375 0.015460295151089248
0 0.465 0.6640899508081518 0.015 0.011946591707659873
0 0.159375 0.60646521433591 0.03375 0.018271257905832748
0 0.94875 0.691145467322558 0.025 0.014054813773717497
0 0.854375 0.8053408292340126 0.02125 0.015460295151089248
0 0.996875 0.875966268446943 0.00625 0.013352073085031623
0 0.413125 0.8239634574841883 0.03625 0.014054813773717497
0 0.91875 0.49226985242445537 0.045 0.03302881236823612
0 0.966875 0.4089950808151792 0.05375 0.09768095572733661
0 0.824375 0.36472241742796907 0.02625 0.016163035839775124
0 0.62375 0.31974701335207306 0.02 0.015460295151089248
0 0.53125 0.32326071679550245 0.025 0.017568517217146872
0 0.349375 0.31447645818692904 0.04 0.04286718200983837
0 0.88875 0.5980323260716796 0.0225 0.02108222066057625
0 0.590625 0.522487702037948 0.0475 0.03865073787772312
0 0.3725 0.48735066760365425 0.03875 0.030920590302178495
1 0.08625 0.7955024595924104 0.0225 0.016163035839775124