0 0.906875 0.11949390815370196 0.0375 0.029053420805998126
0 0.57625 0.1682286785379569 0.015 0.011246485473289597
0 0.128125 0.3364573570759138 0.01625 0.01874414245548266
0 0.886875 0.48641049671977504 0.1075 0.09934395501405811
0 0.626875 0.5927835051546392 0.08875 0.07685098406747891
1 0.2525 0.4751640112464855 0.26 0.17994376757263356
0 0.648125 0.6954076850984068 0.07125 0.06560449859418932
0 0.77125 0.4456419868791003 0.09125 0.05716963448922212
1 0.071875 0.506560449859419 0.14375 0.19212746016869728
0 0.53625 0.4423617619493908 0.05 0.041237113402061855
0 0.735625 0.39034676663542645 0.05375 0.07591377694470477
0 0.57375 0.3922211808809747 0.04375 0.03561387066541706
0 0.376875 0.44048734770384257 0.0375 0.03936269915651359
0 0.496875 0.5004686035613871 0.0825 0.07685098406747891
0 0.404375 0.3856607310215558 0.0625 0.03936269915651359
0 0.47125 0.8448922211808809 0.05 0.03280224929709466
1 0.093125 0.36644798500468606 0.155 0.17619493908153702
0 0.148125 0.4104967197750703 0.0325 0.04592314901593252
0 0.868125 0.0951265229615745 0.04875 0.033739456419868794
0 0.98875 0.19962511715089035 0.0225 0.07497656982193064
0 0.0325 0.43064667291471415 0.0575 0.06466729147141519
0 0.289375 0.18697282099343954 0.0175 0.008434864104967198
0 0.335 0.18322399250234303 0.0125 0.006560449859418931
0 0.2325 0.44189315838800375 0.025 0.014058106841611996
0 0.025625 0.38003748828491096 0.01125 0.013120899718837863
0 0.559375 0.7553889409559512 0.04375 0.028116213683223992
0 0.6275 0.8163074039362699 0.015 0.015932521087160263
1 0.964375 0.7005623242736645 0.015 0.016869728209934397
0 0.618125 0.5684161199625117 0.01625 0.010309278350515464
0 0.715625 0.36457357075913777 0.01875 0.02155576382380506
0 0.7025 0.2600749765698219 0.02125 0.023430178069353328
0 0.880625 0.5309278350515464 0.02875 0.014058106841611996