0 0.228125 0.05716963448922212 0.0375 0.029053420805998126
0 0.533125 0.1640112464854733 0.015 0.011246485473289597
0 0.91375 0.408622305529522 0.01625 0.01874414245548266
0 0.12875 0.41658856607310213 0.1075 0.09934395501405811
0 0.346875 0.5670103092783505 0.08875 0.07685098406747891
1 0.748125 0.520618556701031 0.26 0.17994376757263356
0 0.293125 0.662605435801312 0.07125 0.06560449859418932
0 0.254375 0.3978444236176195 0.09125 0.05716963448922212
1 0.92 0.5862230552952202 0.16 0.19212746016869728
0 0.483125 0.43767572633552015 0.05 0.041237113402061855
0 0.30625 0.35098406747891286 0.05375 0.07591377694470477
0 0.463125 0.38191190253045926 0.04375 0.03561387066541706
0 0.63875 0.46438612933458295 0.0375 0.03936269915651359
0 0.503125 0.5014058106841612 0.0825 0.07685098406747891
0 0.629375 0.4062792877225867 0.0625 0.03936269915651359
0 0.416875 0.8397375820056232 0.05 0.03280224929709466
1 0.93 0.4442361761949391 0.14 0.17619493908153702
0 0.870625 0.47703842549203374 0.0325 0.04592314901593252
0 0.27375 0.04076850984067479 0.04875 0.033739456419868794
0 0.09375 0.1148078725398313 0.08 0.07497656982193064
0 0.973125 0.5178069353327085 0.05375 0.06466729147141519
0 0.805625 0.23430178069353327 0.0175 0.008434864104967198
0 0.761875 0.2225866916588566 0.0125 0.006560449859418931
0 0.778125 0.49250234301780693 0.025 0.014058106841611996
0 0.99625 0.46954076850984067 0.0075 0.013120899718837863
0 0.36 0.7371134020618557 0.04375 0.028116213683223992
0 0.274375 0.7835051546391752 0.015 0.015932521087160263
0 0.363125 0.5449859418931584 0.01625 0.010309278350515464
0 0.334375 0.3294283036551078 0.01875 0.02155576382380506
0 0.380625 0.23008434864104968 0.02125 0.023430178069353328
0 0.120625 0.4611059044048735 0.02875 0.014058106841611996