0 0.46625 0.25773195876288657 0.02625 0.02155576382380506
0 0.411875 0.2661668228678538 0.015 0.01218369259606373
0 0.400625 0.2900656044985942 0.015 0.011246485473289597
0 0.2775 0.2642924086223055 0.03625 0.02530459231490159
0 0.201875 0.1850984067478913 0.03875 0.026241799437675725
0 0.1625 0.1316776007497657 0.03625 0.02530459231490159
0 0.238125 0.211340206185567 0.035 0.023430178069353328
0 0.2425 0.2380506091846298 0.035 0.026241799437675725
0 0.503125 0.5731021555763823 0.0125 0.011246485473289597
0 0.146875 0.6002811621368322 0.01625 0.016869728209934397
0 0.130625 0.41658856607310213 0.03125 0.020618556701030927
0 0.03375 0.6288659793814433 0.0275 0.02999062792877226
0 0.259375 0.5234301780693533 0.03 0.023430178069353328
0 0.189375 0.5787253983130272 0.01375 0.01499531396438613
0 0.141875 0.45595126522961577 0.015 0.016869728209934397
0 0.114375 0.697282099343955 0.0175 0.011246485473289597
1 0.78125 0.5955951265229615 0.3025 0.18275538894095594
0 0.07125 0.5834114339268979 0.0725 0.059044048734770385
0 0.421875 0.5051546391752577 0.06625 0.06841611996251172
0 0.166875 0.6654170571696345 0.06875 0.07872539831302718
0 0.564375 0.662605435801312 0.0775 0.053420805998125584
0 0.27625 0.30412371134020616 0.04 0.02999062792877226
0 0.44875 0.6157450796626054 0.04 0.033739456419868794
0 0.71 0.514526710402999 0.09625 0.10590440487347703
1 0.90375 0.7877225866916588 0.09375 0.08341143392689784
0 0.90375 0.7877225866916588 0.09375 0.08341143392689784
0 0.2025 0.15932521087160262 0.0375 0.02155576382380506
0 0.450625 0.2563261480787254 0.01 0.014058106841611996
0 0.46625 0.27835051546391754 0.01625 0.01218369259606373
0 0.40875 0.302717900656045 0.01125 0.008434864104967198
0 0.4075 0.29568884723523897 0.01125 0.006560449859418931
0 0.418125 0.2942830365510778 0.0125 0.008434864104967198
0 0.419375 0.30178069353327086 0.01125 0.007497656982193065
0 0.504375 0.31162136832239923 0.01 0.01218369259606373
0 0.558125 0.3177132146204311 0.01125 0.00937207122774133
0 0.559375 0.3261480787253983 0.015 0.007497656982193065
0 0.53125 0.34910965323336457 0.015 0.010309278350515464
0 0.40375 0.5168697282099344 0.01625 0.015932521087160263
0 0.416875 0.5440487347703843 0.025 0.013120899718837863
0 0.368125 0.5646672914714151 0.01375 0.008434864104967198
0 0.5425 0.6115276476101218 0.03625 0.023430178069353328
0 0.526875 0.6293345829428304 0.0125 0.01218369259606373
0 0.5475 0.6307403936269915 0.03 0.014058106841611996
0 0.670625 0.5834114339268979 0.0875 0.07216494845360824
0 0.76 0.5074976569821931 0.02 0.016869728209934397
0 0.8325 0.5567010309278351 0.03125 0.01874414245548266
1 0.71 0.7188378631677601 0.1675 0.09465791940018745
1 0.705625 0.669165885660731 0.4175 0.25585754451733833
1 0.360625 0.5299906279287723 0.1725 0.12089971883786317
1 0.378125 0.5309278350515464 0.22875 0.16213683223992503
0 0.44625 0.46157450796626054 0.31125 0.3252108716026242
0 0.02 0.6387066541705717 0.015 0.029053420805998126