0 0.505625 0.2563261480787254 0.02375 0.019681349578256794
0 0.560625 0.2614807872539831 0.01375 0.011246485473289597
0 0.574375 0.28444236176194937 0.01375 0.010309278350515464
0 0.694375 0.2507029053420806 0.03375 0.023430178069353328
0 0.760625 0.1668228678537957 0.03625 0.02436738519212746
0 0.793125 0.11105904404873478 0.03375 0.023430178069353328
0 0.7275 0.19540768509840675 0.0325 0.02155576382380506
0 0.72625 0.22211808809746955 0.0325 0.02436738519212746
0 0.505625 0.5731021555763823 0.01125 0.010309278350515464
0 0.86375 0.5768509840674789 0.015 0.015932521087160263
0 0.858125 0.39268978444236174 0.02875 0.01874414245548266
0 0.979375 0.5979381443298969 0.02375 0.028116213683223992
0 0.7425 0.5074976569821931 0.0275 0.02155576382380506
0 0.81875 0.5581068416119962 0.0125 0.014058106841611996
0 0.851875 0.43252108716026244 0.01375 0.015932521087160263
0 0.906875 0.6715089034676663 0.01625 0.010309278350515464
1 0.2310625 0.6137394564198688 0.28403749999999994 0.16476101218369255
0 0.936875 0.5552952202436738 0.06625 0.05529522024367385
0 0.578125 0.5 0.05875 0.06466729147141519
0 0.85125 0.6429240862230553 0.06 0.07497656982193064
0 0.455 0.6663542642924086 0.0725 0.04873477038425492
0 0.7 0.2900656044985942 0.0375 0.02717900656044986
0 0.564375 0.6119962511715089 0.03625 0.031865042174320526
0 0.2925 0.528116213683224 0.085 0.10028116213683223
1 0.13125 0.8130271790065604 0.085 0.07778819119025304
0 0.13125 0.8130271790065604 0.085 0.07778819119025304
0 0.7565125 0.1410402999062793 0.035500000000000115 0.01964386129334581
0 0.521 0.2542174320524836 0.008737500000000011 0.013786316776007532
0 0.5076125 0.2768603561387067 0.015625 0.011218369259606398
0 0.5682 0.29726335520149955 0.009899999999999949 0.007375820056232432
0 0.5685 0.29049671977507024 0.011099999999999994 0.005688847235239034
0 0.5578375 0.2899343955014058 0.01144999999999996 0.007272727272727264
0 0.5575249999999999 0.29726335520149955 0.010250000000000058 0.006925960637300831
0 0.4737875 0.31259606373008436 0.008100000000000022 0.011546391752577366
0 0.4211625 0.3220618556701031 0.010537499999999938 0.008847235238987868
0 0.4207125 0.33062792877225866 0.013850000000000052 0.006916588566073098
0 0.4513875 0.35158388003748825 0.014412499999999965 0.009615745079662596
0 0.5978249999999999 0.5105529522024367 0.014412499999999965 0.015145267104030068
0 0.58805 0.5385004686035614 0.023737500000000012 0.011433926897844466
0 0.6387125 0.5558575445173384 0.013199999999999932 0.007816307403936193
0 0.470475 0.613805060918463 0.03338750000000004 0.021021555763823866
0 0.48822499999999996 0.6308153701968136 0.011712500000000006 0.011649484536082534
0 0.467925 0.6335238987816307 0.028275000000000005 0.012239925023430126
0 0.339675 0.5941986879100281 0.08030000000000001 0.06699156513589505
0 0.24195 0.5244236176194939 0.017749999999999985 0.015379568884723601
0 0.1756375 0.5780693533270852 0.028862499999999968 0.016616682286785398
1 0.31653749999999997 0.7318462980318651 0.15858749999999996 0.08446110590440499
1 0.31495 0.6821462043111528 0.392575 0.23109653233364566
1 0.64265 0.5209278350515464 0.16048750000000006 0.11043111527647609
1 0.6250125 0.523045923149016 0.21212500000000006 0.14913776944704774
0 0.5490999999999999 0.4580974695407685 0.2760249999999999 0.30816307403936277
0 0.9942125 0.6068228678537957 0.0115625 0.02806935332708533