0 0.550625 0.2591377694470478 0.0275 0.02155576382380506
0 0.604375 0.26991565135895035 0.01625 0.01218369259606373
0 0.61375 0.2942830365510778 0.015 0.011246485473289597
0 0.73875 0.27319587628865977 0.0375 0.02717900656044986
0 0.82 0.19728209934395502 0.04 0.028116213683223992
0 0.8625 0.14526710402999063 0.0375 0.02717900656044986
0 0.781875 0.22211808809746955 0.03625 0.02436738519212746
0 0.775625 0.24835988753514526 0.03625 0.02717900656044986
0 0.491875 0.5731021555763823 0.0125 0.011246485473289597
0 0.84625 0.6138706654170571 0.0175 0.01780693533270853
0 0.874375 0.4311152764761012 0.0325 0.02155576382380506
0 0.95625 0.6471415182755389 0.02875 0.02999062792877226
0 0.73875 0.5328022492970946 0.03125 0.02436738519212746
0 0.805 0.5909090909090909 0.015 0.01499531396438613
0 0.86125 0.4700093720712277 0.01625 0.016869728209934397
0 0.87125 0.7122774133083412 0.0175 0.01218369259606373
1 0.2125 0.584348641049672 0.31125 0.19306466729147143
0 0.9225 0.6002811621368322 0.07625 0.061855670103092786
0 0.5775 0.5079662605435802 0.07 0.07029053420805999
0 0.82125 0.6780693533270853 0.07375 0.08059981255857544
0 0.424375 0.6602624179943768 0.08125 0.056232427366447985
0 0.736875 0.31302717900656046 0.0425 0.030927835051546393
0 0.543125 0.6176194939081537 0.04125 0.03561387066541706
0 0.289375 0.5060918462980318 0.1025 0.1077788191190253
1 0.076875 0.7713214620431116 0.09875 0.08622305529522024
0 0.076875 0.7713214620431116 0.09875 0.08622305529522024
0 0.820625 0.17150890346766634 0.03875 0.023430178069353328
0 0.56625 0.25866916588566075 0.01125 0.01499531396438613
0 0.54875 0.2797563261480787 0.0175 0.013120899718837863
0 0.605 0.3064667291471415 0.01125 0.008434864104967198
0 0.606875 0.29990627928772257 0.0125 0.006560449859418931
0 0.59625 0.2980318650421743 0.0125 0.008434864104967198
0 0.594375 0.30506091846298033 0.01125 0.007497656982193065
0 0.50875 0.31162136832239923 0.01 0.01218369259606373
0 0.455 0.31537019681349576 0.0125 0.010309278350515464
0 0.453125 0.323805060918463 0.015 0.008434864104967198
0 0.479375 0.34817244611059045 0.01625 0.011246485473289597
0 0.595 0.520618556701031 0.0175 0.016869728209934397
0 0.58 0.5473289597000938 0.02625 0.014058106841611996
0 0.626875 0.569821930646673 0.015 0.00937207122774133
0 0.449375 0.6096532333645736 0.0375 0.02436738519212746
0 0.46375 0.6283973758200563 0.01375 0.013120899718837863
0 0.44375 0.6288659793814433 0.03 0.01499531396438613
0 0.32375 0.5763823805060918 0.0925 0.07497656982193064
0 0.24 0.4971883786316776 0.02 0.016869728209934397
0 0.164375 0.5435801312089972 0.03125 0.019681349578256794
1 0.275 0.7104029990627929 0.1725 0.10028116213683223
1 0.283125 0.6611996251171509 0.43125 0.26991565135895035
1 0.6375 0.5356138706654171 0.18 0.12652296157450796
1 0.619375 0.5360824742268041 0.2375 0.1696344892221181
0 0.55625 0.46344892221180883 0.33 0.3336457357075914
0 0.969375 0.6574507966260543 0.01625 0.029053420805998126