0 0.62125 0.2917654028436019 0.0375 0.018364928909952605
0 0.450625 0.28080568720379145 0.04 0.017772511848341232
0 0.095625 0.28791469194312796 0.01625 0.008293838862559242
0 0.71125 0.548281990521327 0.0425 0.017180094786729858
0 0.775625 0.40580568720379145 0.02375 0.012440758293838863
0 0.770625 0.43631516587677727 0.02375 0.011848341232227487
0 0.74 0.5835308056872038 0.01625 0.008886255924170616
0 0.649375 0.6475118483412322 0.0175 0.008293838862559242
0 0.4625 0.6015995260663507 0.04375 0.017180094786729858
0 0.30625 0.6264810426540285 0.01625 0.008293838862559242
0 0.57875 0.6081161137440758 0.0175 0.007701421800947867
0 0.434375 0.33945497630331756 0.0125 0.005924170616113744
0 0.19875 0.5156990521327014 0.01375 0.006516587677725118
0 0.13 0.37351895734597157 0.0225 0.012440758293838863
0 0.07875 0.6315165876777251 0.0175 0.008293838862559242
0 0.26375 0.5367298578199052 0.015 0.007701421800947867
0 0.086875 0.4262440758293839 0.015 0.0071090047393364926
0 0.245625 0.48578199052132703 0.01375 0.006516587677725118
0 0.256875 0.3584123222748815 0.01625 0.007701421800947867
0 0.00375 0.5639810426540285 0.0075 0.008293838862559242
0 0.045 0.46208530805687204 0.01375 0.0071090047393364926
0 0.518125 0.6954976303317536 0.04 0.018364928909952605
0 0.393125 0.6747630331753555 0.0125 0.00533175355450237
0 0.209375 0.6946090047393365 0.04 0.018957345971563982
1 0.51625 0.40195497630331756 0.15 0.07523696682464455
0 0.101875 0.6700236966824644 0.04375 0.020734597156398103
0 0.174375 0.5838270142180095 0.0425 0.018364928909952605
1 0.4925 0.44490521327014215 0.19625 0.08471563981042654
1 0.3775 0.4792654028436019 0.11375 0.07997630331753554
1 0.57625 0.4994075829383886 0.18375 0.0533175355450237
1 0.07375 0.34330568720379145 0.06375 0.11848341232227488
1 0.08625 0.43364928909952605 0.06125 0.12085308056872038
0 0.048125 0.45734597156398105 0.01125 0.004146919431279621
1 0.026875 0.5207345971563981 0.05375 0.12796208530805686
0 0.079375 0.49703791469194314 0.0125 0.004739336492890996
0 0.08375 0.4937796208530806 0.01875 0.0071090047393364926
0 0.0825 0.4902251184834123 0.01 0.004739336492890996
0 0.239375 0.4040284360189573 0.0125 0.005924170616113744
0 0.285 0.3755924170616114 0.01125 0.007701421800947867
0 0.353125 0.27488151658767773 0.03625 0.018364928909952605
0 0.21375 0.2674763033175355 0.0225 0.006516587677725118
0 0.12375 0.24229857819905212 0.01 0.004739336492890996