0 0.44875 0.2852488151658768 0.0325 0.015995260663507108
0 0.62125 0.28732227488151657 0.035 0.015402843601895734
0 0.969375 0.32049763033175355 0.01375 0.0071090047393364926
0 0.275625 0.5319905213270142 0.03875 0.014218009478672985
0 0.25875 0.3865521327014218 0.02 0.011255924170616114
0 0.25375 0.41706161137440756 0.02 0.01066350710900474
0 0.235625 0.5648696682464455 0.01375 0.007701421800947867
0 0.30375 0.634478672985782 0.015 0.0071090047393364926
0 0.50375 0.6030805687203792 0.04 0.014218009478672985
0 0.649375 0.639218009478673 0.01375 0.0071090047393364926
0 0.38625 0.6010071090047393 0.015 0.006516587677725118
0 0.618125 0.3462677725118483 0.01125 0.00533175355450237
0 0.7925 0.5379146919431279 0.0125 0.005924170616113744
0 0.906875 0.4025473933649289 0.01875 0.011255924170616114
0 0.8725 0.6611374407582938 0.015 0.0071090047393364926
0 0.72125 0.5539099526066351 0.0125 0.0071090047393364926
0 0.9325 0.45764218009478674 0.0125 0.006516587677725118
0 0.75625 0.504739336492891 0.0125 0.005924170616113744
0 0.786875 0.37825829383886256 0.01375 0.006516587677725118
0 0.971875 0.6004146919431279 0.01125 0.007701421800947867
0 0.961875 0.49627369668246446 0.01125 0.006267772511848298
0 0.4175 0.6916469194312796 0.035 0.015995260663507108
0 0.548125 0.6806872037914692 0.01125 0.004739336492890996
0 0.7225 0.7138625592417062 0.035 0.016587677725118485
0 0.945 0.6937203791469194 0.0125 0.004739336492890996
1 0.5162375 0.4020260663507109 0.12909999999999996 0.0663981042654028
0 0.836875 0.6975710900473934 0.03875 0.018364928909952605
0 0.79375 0.606931279620853 0.0375 0.015995260663507108
1 0.525675 0.44603080568720377 0.17475000000000007 0.07281990521327018
1 0.6278625000000001 0.4886789099526066 0.09035000000000004 0.07409360189573456
1 0.4250875 0.49367890995260666 0.17283749999999998 0.04090047393364927
1 0.9724375000000001 0.3767772511848341 0.025374999999999943 0.11834123222748814
1 0.9305500000000001 0.46504146919431283 0.021812500000000058 0.12046208530805683
0 0.9601000000000001 0.49142772511848337 0.010925000000000011 0.003133886255924149
1 0.965925 0.55635663507109 0.02353749999999991 0.12780213270142174
0 0.9161750000000001 0.5282227488151658 0.010974999999999966 0.0037559241706160654
0 0.9133249999999999 0.5246030805687204 0.017137500000000045 0.006078199052132696
0 0.915825 0.521303317535545 0.00842500000000001 0.004407582938388658
0 0.7894 0.4244727488151659 0.011512500000000045 0.004834123222748864
0 0.7532375 0.3931279620853081 0.009124999999999944 0.007298578199052095
0 0.7194625000000001 0.2885130331753554 0.03137499999999989 0.016238151658767755
0 0.859325 0.2914277251184834 0.02102499999999992 0.005029620853080574
0 0.9567125 0.2733530805687204 0.008925000000000126 0.004419431279620875