0 0.535625 0.2846563981042654 0.03375 0.016587677725118485
0 0.363125 0.2893957345971564 0.03625 0.015995260663507108
0 0.0175 0.3284952606635071 0.01375 0.0071090047393364926
0 0.726875 0.5281398104265402 0.04 0.01481042654028436
0 0.7325 0.38270142180094785 0.02125 0.011848341232227487
0 0.74 0.41291469194312796 0.02125 0.011255924170616114
0 0.76875 0.5604265402843602 0.01375 0.007701421800947867
0 0.70625 0.6312203791469194 0.015 0.0071090047393364926
0 0.50375 0.6030805687203792 0.04125 0.01481042654028436
0 0.36125 0.6415876777251185 0.01375 0.0071090047393364926
0 0.62125 0.5989336492890995 0.015 0.006516587677725118
0 0.370625 0.34834123222748814 0.01125 0.00533175355450237
0 0.210625 0.542654028436019 0.0125 0.005924170616113744
0 0.08625 0.4093601895734597 0.02 0.011848341232227487
0 0.139375 0.6670616113744076 0.015 0.0071090047393364926
0 0.283125 0.5574644549763034 0.0125 0.0071090047393364926
0 0.064375 0.4647511848341232 0.0125 0.006516587677725118
0 0.244375 0.5088862559241706 0.0125 0.005924170616113744
0 0.204375 0.38299763033175355 0.01375 0.006516587677725118
0 0.035625 0.6081161137440758 0.01125 0.007701421800947867
0 0.038125 0.503850710900474 0.01125 0.006516587677725118
0 0.59625 0.6901658767772512 0.03625 0.016587677725118485
0 0.465 0.6812796208530806 0.01125 0.004739336492890996
0 0.293125 0.7174170616113744 0.03625 0.017180094786729858
0 0.069375 0.7008293838862559 0.0125 0.004739336492890996
1 0.47625 0.4022511848341232 0.13375 0.06872037914691943
0 0.178125 0.7029028436018957 0.04 0.018957345971563982
0 0.214375 0.6116706161137441 0.03875 0.016587677725118485
1 0.470625 0.44638625592417064 0.18 0.07582938388625593
1 0.37125 0.4908175355450237 0.09625 0.07582938388625593
1 0.574375 0.49229857819905215 0.17625 0.04383886255924171
1 0.01875 0.3847748815165877 0.03375 0.11848341232227488
1 0.066875 0.4721563981042654 0.03125 0.12085308056872038
0 0.039375 0.49911137440758296 0.01125 0.0035545023696682463
1 0.03875 0.5639810426540285 0.0325 0.12796208530805686
0 0.08625 0.534952606635071 0.01125 0.004146919431279621
0 0.08875 0.5313981042654028 0.0175 0.006516587677725118
0 0.08625 0.5281398104265402 0.00875 0.004739336492890996
0 0.205 0.42920616113744076 0.01125 0.004739336492890996
0 0.23875 0.3975118483412322 0.01 0.007701421800947867
0 0.265 0.29235781990521326 0.0325 0.016587677725118485
0 0.125625 0.29739336492890994 0.02125 0.00533175355450237
0 0.026875 0.28110189573459715 0.00875 0.004739336492890996