0 0.345 0.20852858481724462 0.02 0.02155576382380506
0 0.97125 0.3622305529522024 0.02625 0.038425492033739454
1 0.599375 0.302717900656045 0.25625 0.17619493908153702
1 0.178125 0.43580131208997186 0.265 0.17525773195876287
0 0.031875 0.1162136832239925 0.06375 0.05248359887535145
0 0.755625 0.7446110590440488 0.0725 0.04029990627928772
0 0.325 0.4245548266166823 0.08625 0.046860356138706656
1 0.82625 0.6082474226804123 0.09 0.04311152764761012
0 0.35625 0.619493908153702 0.0475 0.028116213683223992
0 0.094375 0.10871602624179943 0.0825 0.05248359887535145
0 0.886875 0.3716026241799438 0.0625 0.029053420805998126
0 0.985 0.5468603561387066 0.03 0.06279287722586692
0 0.401875 0.4119025304592315 0.0825 0.033739456419868794
0 0.02625 0.5571696344892221 0.045 0.031865042174320526
0 0.80125 0.4915651358950328 0.085 0.03561387066541706
1 0.58 0.6954076850984068 0.23875 0.16119962511715089
1 0.40625 0.7497656982193065 0.23125 0.16213683223992503
0 0.574375 0.6893158388003748 0.105 0.08153701968134958
1 0.704375 0.7680412371134021 0.0875 0.03561387066541706
0 0.95375 0.53514526710403 0.02875 0.013120899718837863
0 0.954375 0.5609184629803187 0.065 0.041237113402061855
0 0.965 0.4732895970009372 0.03 0.01218369259606373
0 0.934375 0.47563261480787256 0.0325 0.010309278350515464
0 0.8725 0.4381443298969072 0.0325 0.01218369259606373
0 0.64 0.4784442361761949 0.03 0.03748828491096532
0 0.54875 0.23477038425492033 0.02125 0.008434864104967198
0 0.276875 0.17150890346766634 0.01625 0.019681349578256794
0 0.285625 0.15885660731021556 0.015 0.02155576382380506
0 0.4975 0.09418931583880037 0.02 0.008434864104967198
0 0.08 0.274601686972821 0.01875 0.01218369259606373
0 0.081875 0.2703842549203374 0.0175 0.011246485473289597
0 0.28625 0.44611059044048734 0.01875 0.015932521087160263
0 0.179375 0.506560449859419 0.02125 0.014058106841611996
0 0.01 0.5098406747891284 0.02 0.046860356138706656
0 0.0575 0.4901593252108716 0.0725 0.06841611996251172
0 0.444375 0.4020618556701031 0.02375 0.019681349578256794
0 0.456875 0.4090909090909091 0.025 0.011246485473289597
0 0.538125 0.37488284910965325 0.01 0.00937207122774133
0 0.690625 0.3851921274601687 0.01875 0.006560449859418931
0 0.73625 0.5552952202436738 0.08375 0.03467666354264293
1 0.73375 0.5313964386129335 0.09625 0.044048734770384255
1 0.80125 0.46438612933458295 0.1 0.04592314901593252