0 0.60625 0.19634489222118087 0.0175 0.019681349578256794
0 0.01 0.40631677600749766 0.02 0.03703842549203372
1 0.369375 0.3133739456419869 0.23277500000000004 0.1560262417994377
1 0.809125 0.4070571696344892 0.242175 0.1546391752577319
0 0.909375 0.07544517338331772 0.07125 0.04592314901593252
0 0.28625 0.7661668228678538 0.0675 0.03467666354264293
0 0.66125 0.4090909090909091 0.08 0.04029990627928772
1 0.19375 0.637319587628866 0.085 0.03557638238050612
0 0.661875 0.60543580131209 0.04375 0.02436738519212746
0 0.83875 0.07450796626054358 0.075 0.04592314901593252
0 0.09532500000000001 0.40778819119025306 0.05891249999999999 0.024161199625117126
0 0.018125 0.5913776944704779 0.03625 0.05998125585754452
0 0.583125 0.4034676663542643 0.07875 0.02717900656044986
0 0.979375 0.5135895032802249 0.04125 0.028116213683223992
0 0.199375 0.5192127460168697 0.08125 0.028116213683223992
1 0.4522375 0.7012371134020619 0.21766249999999998 0.14218369259606375
1 0.6333875 0.7392127460168697 0.2095375 0.14419868791002824
0 0.45685000000000003 0.6947328959700093 0.09366250000000008 0.07380506091846298
1 0.3407625 0.7849297094657919 0.08331249999999997 0.028313027179006595
0 0.055212500000000005 0.576269915651359 0.02741250000000001 0.01088097469540759
0 0.0592 0.6019400187441425 0.0589875 0.03599812558575453
0 0.0342875 0.5157825679475164 0.028925 0.009184629803186461
0 0.064725 0.5153608247422681 0.031187499999999993 0.007750702905342063
0 0.12027499999999999 0.47284910965323335 0.031187499999999986 0.009465791940018765
0 0.3575 0.4913776944704779 0.02469999999999999 0.03557638238050612
0 0.408675 0.24105904404873474 0.02052499999999995 0.006335520149953131
0 0.6681625 0.1534864104967198 0.013675000000000069 0.01888472352389876
0 0.6571375 0.14193064667291472 0.012199999999999989 0.020309278350515478
0 0.43665 0.09700093720712277 0.018662499999999936 0.006888472352389873
0 0.8801000000000001 0.23792877225866918 0.01748750000000001 0.010890346766635431
0 0.8778125 0.23393626991565136 0.015962499999999977 0.010318650421743196
0 0.7035625 0.42705716963448925 0.015962499999999977 0.014910965323336427
0 0.8195999999999999 0.4772446110590441 0.019762499999999933 0.011883786316776014
0 0.9906625 0.46483598875351456 0.018675000000000067 0.04524835988753512
0 0.9377375000000001 0.44973758200562325 0.0628125 0.0631115276476101
0 0.5391875 0.39753514526710404 0.020537499999999938 0.017469540768509827
0 0.5279625 0.4058013120899719 0.023974999999999937 0.00948453608247423
0 0.4417875 0.37940955951265226 0.008362500000000068 0.008641049671977532
0 0.29243749999999996 0.40365510777881913 0.01862499999999997 0.005220243673851968
0 0.27475 0.5762605435801312 0.07988749999999996 0.02744142455482659
1 0.2730375 0.5524554826616682 0.09094999999999999 0.03568884723523892
1 0.1950375 0.49239925023430176 0.09475000000000001 0.03769447047797566