0 0.620625 0.1991565135895033 0.01875 0.019681349578256794
0 0.014375 0.3936269915651359 0.02125 0.03748828491096532
1 0.378125 0.31021555763823805 0.24 0.16213683223992503
1 0.813125 0.41518275538894095 0.24875 0.16119962511715089
0 0.92875 0.08622305529522024 0.07375 0.04779756326148079
0 0.27375 0.760543580131209 0.06875 0.03655107778819119
0 0.665625 0.4133083411433927 0.08125 0.04217432052483599
1 0.1875 0.6293345829428304 0.08625 0.03748828491096532
0 0.656875 0.6096532333645736 0.045 0.02530459231490159
0 0.858125 0.08341143392689784 0.0775 0.04779756326148079
0 0.1 0.39737582005623245 0.06 0.02530459231490159
0 0.016875 0.5787253983130272 0.03375 0.06091846298031865
0 0.5875 0.40581068416119964 0.08 0.029053420805998126
0 0.97875 0.5262417994376757 0.0425 0.029053420805998126
0 0.19875 0.5112464854732895 0.0825 0.02999062792877226
1 0.443125 0.7000937207122774 0.22375 0.14807872539831302
1 0.621875 0.7427366447985004 0.21625 0.14995313964386128
0 0.4475 0.6935332708528584 0.0975 0.07591377694470477
1 0.3275 0.7806935332708529 0.085 0.030927835051546393
0 0.051875 0.5646672914714151 0.0275 0.011246485473289597
0 0.055 0.5904404873477038 0.06125 0.03748828491096532
0 0.03375 0.5037488284910965 0.02875 0.010309278350515464
0 0.064375 0.5037488284910965 0.03125 0.008434864104967198
0 0.121875 0.4629803186504217 0.03125 0.010309278350515464
0 0.358125 0.4878163074039363 0.02625 0.03655107778819119
0 0.420625 0.23898781630740393 0.02125 0.006560449859418931
0 0.684375 0.1579194001874414 0.015 0.019681349578256794
0 0.67375 0.14620431115276475 0.01375 0.020618556701030927
0 0.455625 0.09559512652296158 0.01875 0.007497656982193065
0 0.891875 0.2478912839737582 0.0175 0.011246485473289597
0 0.89 0.24414245548266167 0.01625 0.010309278350515464
0 0.706875 0.43252108716026244 0.01625 0.01499531396438613
0 0.820625 0.4854732895970009 0.02 0.01218369259606373
0 0.990625 0.4775070290534208 0.01875 0.04592314901593252
0 0.94 0.4611059044048735 0.06625 0.06466729147141519
0 0.54375 0.39878163074039363 0.02125 0.01780693533270853
0 0.5325 0.40674789128397376 0.025 0.010309278350515464
0 0.4475 0.3781630740393627 0.00875 0.008434864104967198
0 0.296875 0.3983130271790066 0.01875 0.005623242736644799
0 0.27125 0.57029053420806 0.08125 0.029053420805998126
1 0.270625 0.5463917525773195 0.0925 0.038425492033739454
1 0.195625 0.4845360824742268 0.09625 0.04029990627928772