0 0.991875 0.27507029053420806 0.01625 0.023430178069353328
0 0.51625 0.2492970946579194 0.02125 0.016869728209934397
0 0.0725 0.03608247422680412 0.02875 0.01874414245548266
0 0.1375 0.02530459231490159 0.025 0.022492970946579195
0 0.18375 0.21930646672914714 0.015 0.023430178069353328
0 0.365 0.598406747891284 0.025 0.01780693533270853
0 0.41875 0.492970946579194 0.025 0.01499531396438613
0 0.558125 0.3828491096532334 0.02625 0.01780693533270853
0 0.510625 0.450796626054358 0.02375 0.022492970946579195
0 0.22875 0.3434864104967198 0.0275 0.023430178069353328
0 0.155 0.4339268978444236 0.0275 0.013120899718837863
0 0.886875 0.8626991565135895 0.04125 0.015932521087160263
0 0.374375 0.8289597000937207 0.02875 0.013120899718837863
0 0.613125 0.8622305529522024 0.0175 0.01218369259606373
0 0.53625 0.9268978444236177 0.015 0.010309278350515464
0 0.10875 0.5599812558575445 0.08125 0.08153701968134958
0 0.585625 0.4493908153701968 0.10625 0.09184629803186505
0 0.93375 0.7146204311152765 0.12375 0.07403936269915651
0 0.26625 0.5407685098406748 0.08625 0.056232427366447985
0 0.3225 0.3444236176194939 0.0775 0.08809746954076851
0 0.20625 0.05435801312089972 0.0675 0.05716963448922212
1 0.428125 0.5318650421743205 0.25625 0.1302717900656045
0 0.97625 0.4943767572633552 0.0475 0.07591377694470477
1 0.083125 0.43767572633552015 0.16625 0.17432052483598875
0 0.67125 0.4311152764761012 0.0975 0.10121836925960637
0 0.444375 0.9119025304592315 0.05125 0.041237113402061855
0 0.393125 0.05107778819119025 0.05625 0.030927835051546393
0 0.45125 0.7853795688847235 0.045 0.03561387066541706
0 0.5 0.7085285848172446 0.04625 0.038425492033739454
0 0.2375 0.21274601686972822 0.04375 0.026241799437675725
0 0.766875 0.6026241799437676 0.06625 0.026241799437675725
0 0.290625 0.11808809746954077 0.04125 0.02530459231490159
0 0.73875 0.45173383317713217 0.0475 0.03561387066541706
0 0.57625 0.3013120899718838 0.075 0.07685098406747891
0 0.6625 0.9170571696344892 0.0475 0.04311152764761012
0 0.275625 0.3434864104967198 0.0225 0.044048734770384255
0 0.80125 0.07403936269915651 0.04125 0.04967197750702906
0 0.988125 0.676663542642924 0.01625 0.030927835051546393
0 0.535 0.753514526710403 0.01375 0.007497656982193065
0 0.535 0.7628865979381443 0.01375 0.007497656982193065
0 0.535625 0.7713214620431116 0.015 0.007497656982193065
0 0.536875 0.7792877225866917 0.0125 0.007497656982193065
0 0.385 0.9058106841611996 0.02625 0.016869728209934397
0 0.740625 0.9545454545454546 0.035 0.015932521087160263
0 0.4375 0.6588566073102156 0.035 0.019681349578256794
1 0.429375 0.6485473289597001 0.25875 0.14058106841611998
1 0.323125 0.45173383317713217 0.37 0.22305529522024367
0 0.25125 0.02577319587628866 0.04 0.023430178069353328
0 0.026875 0.02483598875351453 0.0325 0.022492970946579195