0 0.003125 0.28772258669165884 0.00625 0.02436738519212746
0 0.471875 0.25023430178069356 0.0225 0.01780693533270853
0 0.905625 0.02483598875351453 0.03 0.01874414245548266
0 0.840625 0.015932521087160263 0.02625 0.023430178069353328
0 0.8025 0.211340206185567 0.01625 0.02436738519212746
0 0.639375 0.5951265229615745 0.02625 0.01874414245548266
0 0.580625 0.4906279287722587 0.02625 0.015932521087160263
0 0.43625 0.38425492033739456 0.0275 0.01874414245548266
0 0.4875 0.45126522961574506 0.025 0.023430178069353328
0 0.76375 0.3364573570759138 0.02875 0.02436738519212746
0 0.84125 0.4250234301780694 0.02875 0.014058106841611996
0 0.13 0.872539831302718 0.0425 0.01780693533270853
0 0.64125 0.8252108716026242 0.03 0.014058106841611996
0 0.404375 0.8650421743205249 0.01875 0.013120899718837863
0 0.48375 0.9278350515463918 0.01625 0.011246485473289597
0 0.89375 0.549671977507029 0.085 0.08341143392689784
0 0.411875 0.45173383317713217 0.11 0.09465791940018745
0 0.07625 0.7258669165885661 0.1275 0.07685098406747891
0 0.735 0.5346766635426429 0.08875 0.05810684161199625
0 0.670625 0.33973758200562326 0.08125 0.08997188378631678
0 0.773125 0.046860356138706656 0.07 0.059044048734770385
1 0.573125 0.5299906279287723 0.2625 0.13683223992502344
0 0.024375 0.507029053420806 0.04875 0.07685098406747891
1 0.913125 0.42642924086223055 0.17375 0.1780693533270853
0 0.325625 0.4353327085285848 0.1025 0.10402999062792877
0 0.575 0.9100281162136832 0.0525 0.04217432052483599
0 0.58625 0.048266166822867856 0.0575 0.031865042174320526
0 0.561875 0.7839737582005624 0.04625 0.03655107778819119
0 0.509375 0.7085285848172446 0.0475 0.03936269915651359
0 0.749375 0.2057169634489222 0.045 0.02717900656044986
0 0.238125 0.6096532333645736 0.0675 0.028116213683223992
0 0.69125 0.11293345829428304 0.0425 0.026241799437675725
0 0.259375 0.457825679475164 0.05 0.03655107778819119
0 0.415 0.3036551077788191 0.0775 0.07872539831302718
0 0.3575 0.9212746016869728 0.04875 0.044048734770384255
0 0.716875 0.33786316776007497 0.02375 0.04498594189315839
0 0.179375 0.08200562324273665 0.04375 0.05060918462980318
0 0.020625 0.6893158388003748 0.01875 0.031865042174320526
0 0.476875 0.7544517338331771 0.015 0.007497656982193065
0 0.476875 0.7633552014995314 0.01375 0.007497656982193065
0 0.476875 0.7717900656044986 0.015 0.007497656982193065
0 0.475625 0.7802249297094658 0.0125 0.008434864104967198
0 0.63375 0.9025304592314901 0.02625 0.016869728209934397
0 0.280625 0.9606373008434864 0.035 0.016869728209934397
0 0.57 0.6574507966260543 0.03625 0.020618556701030927
1 0.5775 0.6466729147141518 0.265 0.1471415182755389
1 0.674375 0.44704779756326146 0.38 0.232427366447985
0 0.726875 0.019212746016869727 0.04125 0.02436738519212746
0 0.950625 0.013120899718837863 0.03375 0.023430178069353328