0 0.010625 0.2685098406747891 0.02125 0.023430178069353328
0 0.489375 0.2492970946579194 0.02125 0.016869728209934397
0 0.938125 0.041602624179943766 0.02875 0.018003748828491106
0 0.87375 0.02999062792877226 0.025 0.022492970946579195
0 0.8225 0.22352389878163073 0.015 0.023430178069353328
0 0.6325 0.6002811621368322 0.025 0.01780693533270853
0 0.58125 0.4939081537019681 0.025 0.01499531396438613
0 0.444375 0.38191190253045926 0.02625 0.01780693533270853
0 0.490625 0.450796626054358 0.02375 0.022492970946579195
0 0.775 0.34723523898781633 0.0275 0.023430178069353328
0 0.84625 0.4386129334582943 0.0275 0.013120899718837863
0 0.104775 0.8575070290534208 0.04115000000000002 0.015782567947516323
0 0.618125 0.8304123711340206 0.02875 0.013214620431115192
0 0.37875 0.8608247422680413 0.0175 0.01218369259606373
0 0.45375 0.9264292408622306 0.015 0.010309278350515464
0 0.89 0.5651358950328023 0.08 0.08059981255857544
0 0.4154 0.4484536082474227 0.1042125 0.09090909090909091
0 0.06125 0.7089971883786317 0.1225 0.07216494845360824
0 0.7325 0.5440487347703843 0.085 0.05529522024367385
0 0.6812999999999999 0.3468603561387067 0.07546249999999986 0.08716026241799438
0 0.804375 0.05810684161199625 0.06625 0.056232427366447985
1 0.5708625 0.532970946579194 0.2537500000000001 0.12680412371134017
0 0.023125 0.48828491096532334 0.04625 0.07497656982193064
1 0.918525 0.44342080599812556 0.16293749999999987 0.17219306466729148
0 0.330225 0.4287722586691659 0.0954625 0.10028116213683223
0 0.54625 0.9123711340206185 0.05 0.04029990627928772
0 0.6175 0.05248359887535145 0.055 0.02999062792877226
0 0.541875 0.7858481724461106 0.04375 0.03467666354264293
0 0.495 0.7085285848172446 0.045 0.03748828491096532
0 0.769375 0.21602624179943766 0.04375 0.02530459231490159
0 0.230625 0.5992689784442361 0.06625 0.025145267104029922
0 0.718125 0.12089971883786317 0.04125 0.02436738519212746
0 0.2623875 0.4484536082474227 0.04728749999999998 0.03467666354264293
0 0.4286125 0.3003748828491096 0.07277500000000003 0.07591377694470477
0 0.32808750000000003 0.914929709465792 0.046175000000000035 0.042680412371133986
0 0.7277375 0.3465604498594189 0.02101249999999993 0.044048734770384255
0 0.208725 0.0699531396438613 0.04064999999999998 0.049315838800374885
0 0.008074999999999999 0.6702717900656044 0.0161375 0.03104967197750713
0 0.45892499999999997 0.7531115276476101 0.01393749999999997 0.007394564198688004
0 0.4585875 0.7622211808809747 0.013712500000000034 0.007394564198688004
0 0.4581375 0.7706560449859419 0.014612500000000068 0.007385192127460271
0 0.4563375 0.7789222118088097 0.012362499999999983 0.007713214620431132
0 0.6054375000000001 0.9074226804123712 0.025674999999999955 0.016326148078725466
0 0.24905000000000002 0.9513776944704779 0.034425000000000025 0.015145267104030068
0 0.558975 0.6598781630740393 0.03457499999999996 0.019587628865979468
1 0.56745 0.6494845360824743 0.25535 0.13734770384254916
1 0.6777249999999999 0.45384254920337397 0.36492500000000005 0.2179850046860356
0 0.7599375 0.02895032802249297 0.03913749999999993 0.023158388003748833
0 0.9839375 0.03132146204311153 0.032125000000000056 0.022314901593252112