0 0.19 0.6307403936269915 0.03875 0.01874414245548266
0 0.166875 0.5370196813495782 0.03375 0.014058106841611996
0 0.035625 0.4372071227741331 0.06875 0.01218369259606373
0 0.011875 0.5899718837863168 0.01375 0.022492970946579195
0 0.5725 0.6035613870665417 0.03625 0.02155576382380506
0 0.33125 0.457825679475164 0.025 0.01874414245548266
0 0.65125 0.6447985004686035 0.01375 0.01218369259606373
0 0.58875 0.44189315838800375 0.02875 0.01499531396438613
0 0.8775 0.633552014995314 0.03875 0.01780693533270853
0 0.990625 0.6255857544517338 0.01875 0.019681349578256794
0 0.938125 0.3959700093720712 0.03625 0.02155576382380506
0 0.115625 0.711808809746954 0.03625 0.022492970946579195
0 0.66625 0.7104029990627929 0.01625 0.011246485473289597
0 0.829375 0.5370196813495782 0.08 0.05248359887535145
1 0.6025 0.5309278350515464 0.1 0.07216494845360824
1 0.3775 0.739456419868791 0.07375 0.05435801312089972
0 0.898125 0.44470477975632616 0.09 0.03467666354264293
0 0.791875 0.49250234301780693 0.06125 0.044048734770384255
0 0.33625 0.7057169634489222 0.07375 0.031865042174320526
0 0.084375 0.49531396438612935 0.06375 0.02530459231490159
0 0.120625 0.6091846298031866 0.0725 0.03655107778819119
1 0.55125 0.44189315838800375 0.11125 0.06654170571696345
1 0.705 0.5660731021555764 0.10125 0.07497656982193064
0 0.409375 0.5641986879100281 0.05375 0.059044048734770385
0 0.148125 0.5829428303655108 0.07125 0.03655107778819119
0 0.905625 0.6007497656982193 0.0725 0.030927835051546393
0 0.63375 0.40112464854732893 0.05875 0.033739456419868794
1 0.7175 0.5773195876288659 0.1125 0.038425492033739454
0 0.036875 0.6223055295220243 0.06 0.03280224929709466
0 0.43125 0.4231490159325211 0.14625 0.053420805998125584
1 0.01625 0.49812558575445176 0.0325 0.030927835051546393
0 0.395625 0.5974695407685099 0.05375 0.07403936269915651
0 0.0475 0.6419868791002812 0.05875 0.010309278350515464
0 0.064375 0.6527647610121837 0.0625 0.013120899718837863
0 0.0175 0.6438612933458294 0.01125 0.00937207122774133
0 0.204375 0.6438612933458294 0.0225 0.010309278350515464
0 0.123125 0.6682286785379569 0.0425 0.02436738519212746
0 0.158125 0.7024367385192127 0.04 0.02530459231490159
0 0.19125 0.7432052483598875 0.04125 0.026241799437675725
0 0.156875 0.7952202436738519 0.035 0.028116213683223992
0 0.273125 0.7596063730084348 0.00875 0.0028116213683223993
0 0.47875 0.6396438612933458 0.07375 0.07497656982193064
0 0.51 0.6429240862230553 0.06625 0.09840674789128398
0 0.56625 0.6504217432052484 0.04875 0.06935332708528585
1 0.5975 0.612464854732896 0.17625 0.12652296157450796
1 0.708125 0.6040299906279287 0.03875 0.030927835051546393
1 0.735 0.6035613870665417 0.0325 0.03467666354264293
0 0.58 0.5229615745079662 0.02375 0.020618556701030927
0 0.675 0.5018744142455482 0.06625 0.02999062792877226
0 0.685 0.5023430178069354 0.05375 0.03280224929709466
0 0.690625 0.506560449859419 0.05 0.03936269915651359
0 0.69375 0.514526710402999 0.04375 0.04779756326148079
0 0.52375 0.44892221180880976 0.02875 0.02155576382380506
0 0.29875 0.47563261480787256 0.0275 0.01499531396438613
0 0.349375 0.4803186504217432 0.02375 0.004686035613870665
0 0.355 0.48922211808809746 0.035 0.013120899718837863
0 0.22125 0.4456419868791003 0.01375 0.006560449859418931
0 0.22375 0.44048734770384257 0.0125 0.0037488284910965324
0 0.27875 0.5201499531396439 0.02 0.008434864104967198
0 0.27875 0.5276476101218369 0.045 0.01499531396438613
0 0.29125 0.5370196813495782 0.01875 0.006560449859418931
0 0.295 0.5974695407685099 0.0175 0.006560449859418931
0 0.311875 0.5899718837863168 0.01875 0.00937207122774133
0 0.309375 0.5815370196813496 0.0175 0.008434864104967198
0 0.291875 0.5890346766635426 0.0225 0.011246485473289597
0 0.414375 0.5641986879100281 0.0225 0.015932521087160263
0 0.7925 0.732427366447985 0.02375 0.015932521087160263
0 0.81 0.38612933458294285 0.02375 0.00937207122774133
0 0.935625 0.38425492033739456 0.02875 0.00937207122774133
0 0.081875 0.41705716963448924 0.0625 0.010309278350515464