0 0.813125 0.626991565135895 0.03875 0.01780693533270853
0 0.83375 0.5328022492970946 0.0325 0.014058106841611996
0 0.963125 0.4311152764761012 0.06875 0.011246485473289597
0 0.99 0.5834114339268979 0.01375 0.022492970946579195
0 0.43 0.6044985941893158 0.03625 0.02155576382380506
0 0.668125 0.4554826616682287 0.025 0.01874414245548266
0 0.351875 0.6466729147141518 0.0125 0.011246485473289597
0 0.41 0.44329896907216493 0.02875 0.01499531396438613
0 0.125625 0.6387066541705717 0.03875 0.01780693533270853
0 0.010625 0.6321462043111528 0.02125 0.019681349578256794
0 0.059375 0.40159325210871605 0.03625 0.02155576382380506
0 0.889375 0.7066541705716963 0.03625 0.02155576382380506
0 0.33875 0.7122774133083412 0.015 0.010309278350515464
0 0.17125 0.5412371134020618 0.07875 0.05154639175257732
1 0.39875 0.5318650421743205 0.09875 0.07122774133083412
1 0.6275 0.7375820056232427 0.0725 0.053420805998125584
0 0.100625 0.4498594189315839 0.08875 0.033739456419868794
0 0.208125 0.49625117150890347 0.06125 0.044048734770384255
0 0.66875 0.7033739456419869 0.0725 0.030927835051546393
0 0.915625 0.4896907216494845 0.06375 0.02436738519212746
0 0.881875 0.6040299906279287 0.07125 0.03561387066541706
1 0.446875 0.4423617619493908 0.10875 0.06560449859418932
1 0.296875 0.5688847235238987 0.1 0.07403936269915651
0 0.591875 0.5627928772258669 0.0525 0.05810684161199625
0 0.85375 0.5782567947516402 0.07 0.03561387066541706
0 0.096875 0.6063730084348641 0.0725 0.02999062792877226
0 0.36375 0.4029990627928772 0.0575 0.033739456419868794
1 0.284375 0.5801312089971884 0.1125 0.03655107778819119
0 0.96625 0.6162136832239925 0.05875 0.03280224929709466
0 0.566875 0.42221180880974696 0.145 0.05154639175257732
1 0.98375 0.4915651358950328 0.0325 0.030927835051546393
0 0.60625 0.5960637300843487 0.0525 0.07403936269915651
0 0.955625 0.6363636363636364 0.05875 0.00937207122774133
0 0.939375 0.6466729147141518 0.0625 0.01218369259606373
0 0.985625 0.6377694470477976 0.01125 0.00937207122774133
0 0.799375 0.6401124648547329 0.02125 0.010309278350515464
0 0.880625 0.6630740393626992 0.04125 0.02436738519212746
0 0.846875 0.6982193064667291 0.03875 0.02436738519212746
0 0.814375 0.738987816307404 0.04125 0.026241799437675725
0 0.85 0.7910028116213683 0.035 0.028116213683223992
0 0.7325 0.7563261480787254 0.00875 0.0028116213683223993
0 0.524375 0.6396438612933458 0.0725 0.07403936269915651
0 0.49375 0.6429240862230553 0.06375 0.09746954076850985
0 0.4375 0.6513589503280225 0.0475 0.06841611996251172
1 0.405 0.6134020618556701 0.17375 0.12371134020618557
1 0.294375 0.6068416119962512 0.0375 0.030927835051546393
1 0.2675 0.6068416119962512 0.03125 0.033739456419868794
0 0.420625 0.5238987816307404 0.02375 0.020618556701030927
0 0.325 0.5042174320524836 0.065 0.02999062792877226
0 0.315 0.5051546391752577 0.0525 0.03280224929709466
0 0.31 0.5089034676663543 0.04875 0.03936269915651359
0 0.306875 0.5173383317713215 0.0425 0.046860356138706656
0 0.475 0.4493908153701968 0.02875 0.02155576382380506
0 0.700625 0.47282099343955014 0.0275 0.01499531396438613
0 0.65 0.4784442361761949 0.02375 0.0037488284910965324
0 0.645 0.4873477038425492 0.035 0.013120899718837863
0 0.7775 0.44189315838800375 0.01375 0.006560449859418931
0 0.774375 0.43673851921274603 0.0125 0.0037488284910965324
0 0.72125 0.5173383317713215 0.02 0.008434864104967198
0 0.721875 0.5243673851921274 0.045 0.014058106841611996
0 0.709375 0.5346766635426429 0.0175 0.006560449859418931
0 0.7075 0.5946579194001874 0.0175 0.006560449859418931
0 0.69 0.5871602624179943 0.01875 0.00937207122774133
0 0.6925 0.5787253983130272 0.0175 0.008434864104967198
0 0.71 0.5862230552952202 0.0225 0.011246485473289597
0 0.5875 0.563261480787254 0.0225 0.01499531396438613
0 0.213125 0.7361761949390815 0.02375 0.015932521087160263
0 0.1875 0.39034676663542645 0.02375 0.00937207122774133
0 0.06125 0.39034676663542645 0.02875 0.00937207122774133
0 0.91625 0.4114339268978444 0.0625 0.00937207122774133