0 0.18125 0.6185567010309279 0.0375 0.016869728209934397
0 0.165 0.5238987816307404 0.0325 0.013120899718837863
0 0.040625 0.4189315838800375 0.06875 0.00937207122774133
0 0.00625 0.5707591377694471 0.0125 0.022492970946579195
0 0.565 0.6063730084348641 0.035 0.020618556701030927
0 0.3341875 0.45126522961574506 0.024112499999999953 0.01780693533270853
0 0.64125 0.6504217432052484 0.0125 0.011246485473289597
0 0.5925 0.4456419868791003 0.0275 0.014058106841611996
0 0.867525 0.6483786316776008 0.03789999999999992 0.016429240862230528
0 0.985625 0.6447985004686035 0.02625 0.01874414245548266
0 0.945 0.4133083411433927 0.035 0.020618556701030927
0 0.1013375 0.6965510777881913 0.034825000000000016 0.021021555763823866
0 0.65125 0.7164948453608248 0.015 0.010309278350515464
0 0.8266500000000001 0.549671977507029 0.07668749999999988 0.04967197750702906
1 0.6 0.5346766635426429 0.095 0.06841611996251172
1 0.36125 0.7343017806935332 0.07 0.05154639175257732
0 0.90125 0.46055295220243675 0.0875 0.031096532333645687
0 0.791875 0.5037488284910965 0.05875 0.04217432052483599
0 0.32205 0.6988659793814433 0.07125 0.029053420805998126
0 0.085 0.47891283973758203 0.0625 0.022492970946579195
0 0.11375 0.5941893158388004 0.07 0.033739456419868794
1 0.5555375 0.443767572633552 0.10643749999999998 0.06279287722586692
1 0.7000875000000001 0.5740393626991566 0.09659999999999996 0.07110590440487337
0 0.405075 0.5603655107778819 0.05030000000000001 0.05716963448922212
0 0.143125 0.5688847235238987 0.06875 0.033739456419868794
0 0.898125 0.6166822867853796 0.07125 0.028116213683223992
0 0.640625 0.40674789128397376 0.05625 0.031865042174320526
1 0.7116125 0.5856232427366448 0.11071249999999992 0.034011246485473254
0 0.02875 0.6040299906279287 0.0575 0.030927835051546393
0 0.43670000000000003 0.42053420805998126 0.14340000000000003 0.04820056232427362
1 0.01625 0.47891283973758203 0.0325 0.02999062792877226
0 0.38911250000000003 0.5932146204311153 0.04905000000000001 0.07247422680412365
0 0.0384 0.6241799437675727 0.05821249999999999 0.00786316776007507
0 0.054087500000000004 0.6353139643861293 0.0615375 0.010834114339268928
0 0.008100000000000001 0.624892221180881 0.01045 0.008875351452671066
0 0.1944125 0.6322774133083411 0.02137500000000003 0.009756326148078802
0 0.1117125 0.6530365510777881 0.0403875 0.02312089971883793
0 0.14427500000000001 0.6888472352389878 0.0380125 0.023833177132146263
0 0.1746875 0.730721649484536 0.03991250000000001 0.024892221180880924
0 0.136675 0.7814995313964386 0.03373750000000001 0.02701968134957819
0 0.2556125 0.7502436738519213 0.008299999999999983 0.002277413308341203
0 0.469025 0.638772258669166 0.06916250000000006 0.07191190253045925
0 0.49979999999999997 0.6429522024367385 0.05987499999999997 0.09631677600749763
0 0.555525 0.6528678537956889 0.04429999999999992 0.06746016869728212
1 0.589475 0.6160074976569822 0.16797499999999999 0.1197000937207123
1 0.7002875000000001 0.6122680412371133 0.03648750000000007 0.029821930646672854
1 0.7276375 0.6126710402999063 0.02969999999999999 0.03330834114339266
0 0.578225 0.5261105904404874 0.022537499999999967 0.019775070290534123
0 0.6749124999999999 0.5087066541705717 0.06431250000000005 0.027900656044985924
0 0.6845625 0.5097750702905341 0.0514500000000001 0.03111527647610126
0 0.68975 0.5139268978444236 0.04680000000000007 0.037816307403936184
0 0.6924250000000001 0.5222399250234302 0.04072499999999991 0.045857544517338394
0 0.5272875 0.4498594189315839 0.027900000000000064 0.020571696344892264
0 0.30065000000000003 0.4678069353327085 0.02643749999999997 0.014133083411433964
0 0.350875 0.4743767572633552 0.023924999999999984 0.0032895970009371987
0 0.3557 0.48347703842549206 0.034287499999999936 0.012239925023430126
0 0.22541250000000002 0.43471415182755385 0.013924999999999983 0.005829428303655133
0 0.22845 0.42962511715089036 0.012137499999999975 0.0036925960637301356
0 0.2778 0.5116119962511715 0.01905000000000001 0.008078725398312924
0 0.2774125 0.5187535145267104 0.04386250000000004 0.013261480787254068
0 0.2889 0.5289409559512652 0.017749999999999985 0.0059325210871601945
0 0.28835 0.5892127460168698 0.01700000000000003 0.005735707591377592
0 0.305875 0.5823617619493908 0.01853749999999998 0.009025304592315004
0 0.3042 0.573767572633552 0.017250000000000015 0.0077694470477975295
0 0.2859 0.5808153701968135 0.021912500000000036 0.01067478912839747
0 0.4097125 0.5609278350515464 0.02165000000000006 0.014835988753514459
0 0.775725 0.7437675726335521 0.022924999999999897 0.0154076850984068
0 0.8177249999999999 0.39855670103092783 0.0234375 0.0088566073102156
0 0.943325 0.4017338331771321 0.027849999999999965 0.008650421743205265
0 0.08793749999999999 0.40074039362699154 0.062337500000000004 0.007760074976569796