0 0.203125 0.16073102155576383 0.0225 0.01874414245548266
0 0.2275 0.11996251171508904 0.035 0.01780693533270853
0 0.3575 0.1579194001874414 0.0275 0.013120899718837863
0 0.364375 0.07169634489222118 0.01875 0.01499531396438613
0 0.310625 0.11387066541705718 0.02375 0.01218369259606373
0 0.556875 0.09840674789128398 0.05 0.020618556701030927
0 0.52625 0.2914714151827554 0.0275 0.03748828491096532
0 0.93375 0.22352389878163073 0.01625 0.011246485473289597
0 0.958125 0.13214620431115276 0.05 0.019681349578256794
0 0.855 0.15745079662605435 0.03625 0.02155576382380506
0 0.03 0.3064667291471415 0.02125 0.028116213683223992
0 0.23625 0.528584817244611 0.0175 0.011246485473289597
0 0.4725 0.5684161199625117 0.03625 0.020618556701030927
0 0.37125 0.45595126522961577 0.0275 0.015932521087160263
0 0.856875 0.5646672914714151 0.02375 0.01874414245548266
0 0.71375 0.3650421743205248 0.02 0.01780693533270853
0 0.835625 0.3889409559512652 0.0225 0.01780693533270853
0 0.79125 0.626991565135895 0.01875 0.015932521087160263
0 0.679375 0.6143392689784443 0.025 0.015932521087160263
0 0.9575 0.4835988753514527 0.01625 0.01218369259606373
0 0.905625 0.5820056232427366 0.01875 0.013120899718837863
0 0.77875 0.5332708528584817 0.01875 0.01874414245548266
0 0.77 0.5224929709465792 0.015 0.013120899718837863
0 0.244375 0.753514526710403 0.0375 0.022492970946579195
0 0.28 0.4006560449859419 0.1675 0.1330834114339269
1 0.769375 0.753045923149016 0.26 0.20243673851921273
1 0.714375 0.5684161199625117 0.24125 0.18181818181818182
0 0.051875 0.5004686035613871 0.10375 0.07497656982193064
0 0.74125 0.18275538894095594 0.04 0.028116213683223992
0 0.080625 0.24179943767572634 0.03375 0.03655107778819119
0 0.825625 0.3106841611996251 0.03125 0.04311152764761012
0 0.789375 0.28537956888472354 0.03125 0.04311152764761012
0 0.85 0.8195876288659794 0.015 0.015932521087160263
0 0.601875 0.450796626054358 0.02 0.011246485473289597
0 0.314375 0.39550140581068416 0.02125 0.011246485473289597
0 0.284375 0.373477038425492 0.0225 0.013120899718837863
0 0.13875 0.30740393626991563 0.0375 0.02155576382380506
0 0.14375 0.048266166822867856 0.00875 0.007497656982193065
0 0.05625 0.07685098406747891 0.01875 0.013120899718837863
0 0.97875 0.23898781630740393 0.01125 0.007497656982193065
0 0.499375 0.8411433926897844 0.015 0.010309278350515464
0 0.02625 0.5417057169634489 0.0525 0.05998125585754452