0 0.165 0.18134957825679476 0.02 0.01780693533270853
0 0.184375 0.13917525773195877 0.03375 0.015932521087160263
0 0.318125 0.16869728209934395 0.02625 0.011246485473289597
0 0.315 0.08200562324273665 0.0175 0.014058106841611996
0 0.26625 0.12763823805060917 0.0225 0.010899718837863163
0 0.51 0.09606373008434864 0.0475 0.01780693533270853
0 0.501875 0.29053420805998126 0.02375 0.03561387066541706
0 0.98815 0.24646672914714154 0.021212500000000033 0.016841611996251196
0 0.9 0.19634489222118087 0.015 0.010309278350515464
0 0.913575 0.10376757263355202 0.04784999999999997 0.01634489222118088
0 0.813925 0.13534208059981256 0.034650000000000035 0.01950328022492971
0 0.009375 0.33786316776007497 0.01875 0.02717900656044986
0 0.240625 0.5459231490159325 0.01625 0.010309278350515464
0 0.480625 0.569821930646673 0.03375 0.01874414245548266
0 0.366875 0.46438612933458295 0.02625 0.014058106841611996
0 0.863225 0.5412371134020618 0.0214500000000001 0.01780693533270853
0 0.6973375 0.3514526710402999 0.0175 0.016869728209934397
0 0.82125 0.3673851921274602 0.02 0.016869728209934397
0 0.805 0.6073102155576382 0.0175 0.01499531396438613
0 0.691875 0.6021555763823805 0.02375 0.014058106841611996
0 0.95375 0.4536082474226804 0.015 0.011246485473289597
0 0.91375 0.5552952202436738 0.0175 0.01218369259606373
0 0.781875 0.5149953139643861 0.01625 0.01780693533270853
0 0.771875 0.5046860356138707 0.01375 0.01218369259606373
0 0.006875 0.7066541705716963 0.01375 0.01499531396438613
0 0.274725 0.7693158388003749 0.03555 0.020121836925960663
0 0.269375 0.41518275538894095 0.15375 0.12371134020618557
1 0.7980750000000001 0.7345923149015932 0.23866250000000008 0.1877975632614809
1 0.7216 0.5543580131208997 0.22319999999999993 0.16776007497656983
0 0.05125 0.5299906279287723 0.1025 0.06841611996251172
0 0.70375 0.1682286785379569 0.0375 0.02530459231490159
0 0.0525 0.2703842549203374 0.03 0.03467666354264293
0 0.8022624999999999 0.29012183692596066 0.027062500000000114 0.04106841611996256
0 0.763225 0.26745079662605437 0.026362499999999896 0.041611996251171485
0 0.8856375 0.7953514526710402 0.012987500000000126 0.01496719775070293
0 0.59595 0.44441424554826614 0.018974999999999936 0.010477975632614761
0 0.3030875 0.40789128397375823 0.020737499999999968 0.009690721649484566
0 0.2702 0.38824742268041235 0.021799999999999996 0.012080599812558563
0 0.11752499999999999 0.3319306466729147 0.03516249999999999 0.019194001874414262
0 0.09237500000000001 0.0734676663542643 0.008112500000000012 0.006635426429240874
0 0.00875 0.10731021555763824 0.0175 0.01218369259606373
0 0.946675 0.20849109653233366 0.010525000000000092 0.006522961574507947
0 0.5387875 0.8400656044985942 0.014399999999999977 0.009540768509840734
0 0.028324999999999996 0.5726054358013121 0.0566375 0.056429240862230584