0 0.115625 0.21415182755388942 0.0225 0.019681349578256794
0 0.128125 0.17057169634489222 0.03625 0.01874414245548266
0 0.265625 0.18791002811621368 0.0275 0.013120899718837863
0 0.248125 0.1021555763823805 0.02 0.015932521087160263
0 0.2075 0.15182755388940955 0.02375 0.013120899718837863
0 0.444375 0.0979381443298969 0.05 0.02155576382380506
0 0.468125 0.29194001874414244 0.02875 0.03748828491096532
0 0.943125 0.20384254920337394 0.02375 0.01874414245548266
0 0.8475 0.16213683223992503 0.01625 0.011246485473289597
0 0.84625 0.06888472352389878 0.05 0.020618556701030927
0 0.7525 0.10918462980318651 0.0375 0.022492970946579195
0 0.25 0.5693533270852859 0.0175 0.01218369259606373
0 0.491875 0.5712277413308341 0.03625 0.02155576382380506
0 0.361875 0.47703842549203374 0.02875 0.015932521087160263
0 0.8675 0.5079662605435802 0.02375 0.019681349578256794
0 0.671875 0.3345829428303655 0.02 0.01874414245548266
0 0.7975 0.3388003748828491 0.0225 0.01874414245548266
0 0.82 0.5787253983130272 0.02 0.016869728209934397
0 0.706875 0.5838800374882849 0.02625 0.015932521087160263
0 0.943125 0.41237113402061853 0.01625 0.01218369259606373
0 0.919375 0.5168697282099344 0.01875 0.014058106841611996
0 0.7825 0.48922211808809746 0.01875 0.01874414245548266
0 0.770625 0.47985004686035615 0.01625 0.013120899718837863
0 0.044375 0.7502343017806935 0.01625 0.015932521087160263
0 0.32 0.7877225866916588 0.03875 0.023430178069353328
0 0.2575 0.43673851921274603 0.1725 0.13683223992502344
1 0.83375 0.7057169634489222 0.2675 0.20805998125585753
1 0.72875 0.5337394564198688 0.24875 0.18650421743205248
0 0.059375 0.5707591377694471 0.1125 0.07685098406747891
0 0.648125 0.15229615745079664 0.04125 0.028116213683223992
0 0.01875 0.31302717900656046 0.035 0.03748828491096532
0 0.765625 0.2642924086223055 0.03375 0.04311152764761012
0 0.72375 0.2450796626054358 0.0325 0.044048734770384255
0 0.930625 0.7577319587628866 0.015 0.015932521087160263
0 0.58625 0.436269915651359 0.02 0.01218369259606373
0 0.289375 0.42642924086223055 0.0225 0.011246485473289597
0 0.25375 0.41002811621368324 0.02375 0.014058106841611996
0 0.093125 0.3683223992502343 0.0375 0.022492970946579195
0 0.02625 0.11387066541705718 0.00875 0.007497656982193065
0 0.89625 0.1696344892221181 0.01125 0.007497656982193065
0 0.59375 0.8341143392689785 0.01625 0.011246485473289597
0 0.04375 0.6152764761012184 0.065 0.06091846298031865