0 0.935625 0.09887535145267104 0.0075 0.01499531396438613
0 0.329375 0.1344892221180881 0.03 0.03561387066541706
0 0.499375 0.3233364573570759 0.02875 0.01780693533270853
0 0.22125 0.03327085285848173 0.035 0.02530459231490159
0 0.97875 0.5074976569821931 0.03375 0.02530459231490159
0 0.90375 0.4475164011246485 0.0325 0.02436738519212746
0 0.153125 0.6785379568884724 0.02375 0.016869728209934397
0 0.288125 0.6330834114339269 0.0325 0.023430178069353328
0 0.99125 0.7553889409559512 0.0175 0.022492970946579195
0 0.486875 0.9554826616682287 0.01875 0.01499531396438613
0 0.50875 0.8425492033739457 0.01875 0.014058106841611996
0 0.533125 0.7830365510777882 0.015 0.011246485473289597
1 0.510625 0.57029053420806 0.30875 0.22492970946579194
1 0.620625 0.21836925960637302 0.09625 0.05998125585754452
0 0.481875 0.2211808809746954 0.035 0.033739456419868794
0 0.909375 0.052014995313964384 0.05125 0.06747891283973759
0 0.3325 0.20852858481724462 0.035 0.03748828491096532
0 0.0175 0.15745079662605435 0.035 0.03561387066541706
1 0.423125 0.6968134957825679 0.16125 0.11527647610121837
0 0.28625 0.6021555763823805 0.0525 0.03561387066541706
0 0.251875 0.47375820056232426 0.03875 0.02717900656044986
1 0.50875 0.5018744142455482 0.08 0.059044048734770385
0 0.34 0.7277413308341143 0.02875 0.02436738519212746
0 0.76125 0.5721649484536082 0.0175 0.016869728209934397
0 0.48875 0.3631677600749766 0.04125 0.028116213683223992
0 0.26875 0.4817244611059044 0.03125 0.022492970946579195
0 0.29375 0.47375820056232426 0.0325 0.026241799437675725