0 0.58375 0.11808809746954077 0.0275 0.03467666354264293
0 0.459375 0.3261480787253983 0.0275 0.016869728209934397
0 0.93375 0.09184629803186505 0.03 0.02530459231490159
0 0.66625 0.007966260543580132 0.0325 0.015932521087160263
0 0.030625 0.569821930646673 0.03125 0.023430178069353328
0 0.09 0.5009372071227741 0.03 0.022492970946579195
0 0.8825 0.6307403936269915 0.0225 0.015932521087160263
0 0.739375 0.6035613870665417 0.03 0.02155576382380506
0 0.064375 0.817244611059044 0.0375 0.020618556701030927
0 0.618125 0.9465791940018744 0.0175 0.01499531396438613
0 0.570625 0.8383317713214621 0.0175 0.014058106841611996
0 0.533125 0.7830365510777882 0.015 0.011246485473289597
1 0.505625 0.5707591377694471 0.29125 0.21180880974695407
1 0.315625 0.23851921274601687 0.0925 0.056232427366447985
0 0.453125 0.22305529522024367 0.0325 0.031865042174320526
0 0.008125 0.11152764761012184 0.01625 0.06560449859418932
0 0.5975 0.19119025304592316 0.0325 0.03561387066541706
0 0.900625 0.09887535145267104 0.04375 0.033739456419868794
1 0.62125 0.6836925960637301 0.1525 0.10871602624179943
0 0.734375 0.5731021555763823 0.05 0.033739456419868794
0 0.73875 0.4414245548266167 0.03625 0.02530459231490159
1 0.491875 0.5028116213683224 0.075 0.056232427366447985
0 0.710625 0.7033739456419869 0.02625 0.023430178069353328
0 0.259375 0.604967197750703 0.01625 0.015932521087160263
0 0.479375 0.36363636363636365 0.03875 0.026241799437675725
0 0.72375 0.45173383317713217 0.03 0.02155576382380506
0 0.696875 0.4475164011246485 0.03 0.02436738519212746