0 0.148125 0.32239925023430177 0.01375 0.01499531396438613
0 0.15173749999999997 0.23727272727272725 0.028749999999999984 0.012183692596063703
0 0.166325 0.2861105904404873 0.03041249999999998 0.0125960637300844
0 0.311875 0.2348266166822868 0.02625 0.013955014058106828
0 0.260625 0.2539268978444236 0.03375 0.011349578256794765
0 0.02875 0.23851921274601687 0.015 0.010309278350515464
0 0.738125 0.28444236176194937 0.02875 0.014058106841611996
0 0.191875 0.34536082474226804 0.01375 0.015932521087160263
0 0.205 0.34208059981255856 0.0125 0.01499531396438613
0 0.343375 0.4364386129334583 0.025762500000000018 0.011246485473289597
0 0.524375 0.5609184629803187 0.01375 0.008434864104967198
0 0.483075 0.4901593252108716 0.013837500000000063 0.016869728209934397
0 0.625625 0.34395501405810686 0.01125 0.00937207122774133
0 0.6615875 0.5941893158388004 0.015662499999999965 0.00937207122774133
0 0.739375 0.5187441424554826 0.02625 0.010309278350515464
0 0.58 0.7089971883786317 0.02 0.014058106841611996
0 0.376875 0.7085285848172446 0.01625 0.01499531396438613
0 0.526875 0.7521087160262419 0.01875 0.01218369259606373
0 0.361875 0.7132146204311153 0.01625 0.00937207122774133
0 0.72125 0.7830365510777882 0.02 0.014058106841611996
0 0.86625 0.5445173383317713 0.1025 0.05810684161199625
1 0.445825 0.5569634489222118 0.16165000000000007 0.12209934395501404
1 0.6375 0.4953045923149016 0.09848749999999995 0.07515463917525779
1 0.8088124999999999 0.7032708528584817 0.11013749999999987 0.08799437675726345
0 0.83 0.24835988753514526 0.075 0.03748828491096532
0 0.93875 0.5946579194001874 0.06 0.038425492033739454
0 0.250625 0.5126522961574508 0.07625 0.02436738519212746
1 0.40409999999999996 0.3103186504217432 0.13263750000000002 0.10120899718837864
0 0.97375 0.27085285848172447 0.0525 0.06747891283973759
0 0.526875 0.24461105904404873 0.05875 0.02436738519212746
1 0.71765 0.6249015932521087 0.16648750000000007 0.14971883786316775
0 0.10875 0.398078725398313 0.03421250000000001 0.015023430178069327
1 0.02 0.44892221180880976 0.04 0.09934395501405811
0 0.0976125 0.2285754451733833 0.016675000000000006 0.012268041237113378
0 0.4358125 0.22160262417994375 0.013599999999999994 0.005426429240862249
1 0.4213625 0.35135895032802245 0.12540000000000007 0.10194939081537018
0 0.5623125 0.34769447047797564 0.005812499999999971 0.006616682286785329
0 0.6352875 0.34956888472352393 0.008324999999999961 0.008388003748828534
1 0.6676875 0.21835988753514526 0.045300000000000014 0.025670103092783492
1 0.6198625 0.5623898781630741 0.25207500000000005 0.1488847235238987
0 0.4428375 0.6007872539831303 0.016837500000000033 0.011968134957825663
0 0.05965 0.7523336457357076 0.02932500000000001 0.0214526710403
0 0.06848749999999999 0.5628491096532333 0.014837500000000005 0.027000937207122724
0 0.2122 0.5420805998125585 0.04373750000000001 0.01858481724461099