0 0.1325 0.34114339268978444 0.015 0.015932521087160263
0 0.128125 0.2563261480787254 0.03 0.014058106841611996
0 0.1475 0.30412371134020616 0.03125 0.014058106841611996
0 0.2875 0.2450796626054358 0.0275 0.01499531396438613
0 0.238125 0.26710402999062793 0.035 0.013120899718837863
0 0.006875 0.2633552014995314 0.01375 0.011246485473289597
0 0.7175 0.2727272727272727 0.03 0.015932521087160263
0 0.178125 0.36176194939081535 0.015 0.016869728209934397
0 0.19125 0.3580131208997188 0.01375 0.015932521087160263
0 0.338125 0.44470477975632616 0.02625 0.01218369259606373
0 0.53 0.5595126522961574 0.015 0.00937207122774133
0 0.4825 0.49109653233364575 0.015 0.01780693533270853
0 0.610625 0.33786316776007497 0.0125 0.010309278350515464
0 0.67 0.5852858481724461 0.01625 0.010309278350515464
0 0.740625 0.5060918462980318 0.0275 0.011246485473289597
0 0.599375 0.704311152764761 0.02125 0.01499531396438613
0 0.396875 0.7146204311152765 0.0175 0.015932521087160263
0 0.55 0.7502343017806935 0.02 0.013120899718837863
0 0.381875 0.7197750702905342 0.0175 0.010309278350515464
0 0.746875 0.7708528584817245 0.02125 0.01499531396438613
0 0.869375 0.5253045923149016 0.1075 0.06373008434864105
1 0.45125 0.5595126522961574 0.1725 0.1302717900656045
1 0.636875 0.48828491096532334 0.105 0.07966260543580131
1 0.826875 0.6865042174320525 0.1175 0.09372071227741331
0 0.805625 0.23149015932521086 0.07875 0.041237113402061855
0 0.94625 0.5716963448922212 0.06375 0.041237113402061855
0 0.2525 0.5257731958762887 0.07875 0.028116213683223992
1 0.386875 0.3158388003748828 0.14125 0.1077788191190253
0 0.95125 0.246485473289597 0.05875 0.07029053420805999
0 0.503125 0.2436738519212746 0.06125 0.02717900656044986
1 0.72875 0.6134020618556701 0.18 0.1583880037488285
0 0.1 0.4189315838800375 0.035 0.016869728209934397
1 0.02 0.4742268041237113 0.04 0.10121836925960637
0 0.073125 0.25023430178069356 0.0175 0.013120899718837863
0 0.41 0.22586691658856609 0.01375 0.006560449859418931
1 0.4075 0.3556701030927835 0.135 0.10871602624179943
0 0.548125 0.344892221180881 0.00625 0.006560449859418931
0 0.62125 0.3430178069353327 0.00875 0.008434864104967198
1 0.64125 0.2104029990627929 0.0475 0.028116213683223992
1 0.625625 0.555763823805061 0.265 0.16213683223992503
0 0.4525 0.6035613870665417 0.0175 0.013120899718837863
0 0.084375 0.774601686972821 0.03125 0.022492970946579195
0 0.075625 0.5852858481724461 0.0175 0.028116213683223992
0 0.216875 0.5571696344892221 0.045 0.020618556701030927