0 0.810625 0.28350515463917525 0.01625 0.016869728209934397
0 0.789375 0.19962511715089035 0.03125 0.01499531396438613
0 0.785 0.24976569821930647 0.0325 0.015932521087160263
0 0.630625 0.21602624179943766 0.02875 0.016869728209934397
0 0.685 0.22867853795688847 0.03625 0.01499531396438613
0 0.910625 0.18650421743205248 0.0175 0.01218369259606373
0 0.22 0.3149015932521087 0.03125 0.016869728209934397
0 0.771875 0.31115276476101217 0.0175 0.01780693533270853
0 0.758125 0.30927835051546393 0.015 0.015932521087160263
0 0.64125 0.4189315838800375 0.0275 0.014058106841611996
0 0.48875 0.563261480787254 0.015 0.010309278350515464
0 0.514375 0.48828491096532334 0.0175 0.01874414245548266
0 0.343125 0.36082474226804123 0.0125 0.010309278350515464
0 0.36 0.6119962511715089 0.0175 0.011246485473289597
0 0.2675 0.5463917525773195 0.0275 0.013120899718837863
0 0.464375 0.7160262417994376 0.0225 0.015932521087160263
0 0.665 0.6916588566073102 0.01875 0.016869728209934397
0 0.52625 0.7521087160262419 0.02125 0.014058106841611996
0 0.680625 0.6944704779756327 0.0175 0.011246485473289597
0 0.340625 0.8055295220243673 0.0225 0.015932521087160263
0 0.1475 0.5871602624179943 0.11375 0.06935332708528585
1 0.565625 0.5501405810684161 0.185 0.13964386129334583
1 0.363125 0.5117150890346767 0.1125 0.08622305529522024
1 0.2375 0.7371134020618557 0.1275 0.10028116213683223
0 0.12125 0.2900656044985942 0.0825 0.04592314901593252
0 0.08625 0.6447985004686035 0.0675 0.04498594189315839
0 0.74875 0.4831302717900656 0.08 0.03280224929709466
1 0.555 0.3013120899718838 0.1525 0.11527647610121837
0 0.00875 0.3289597000937207 0.0175 0.07310215557638237
0 0.42 0.2507029053420806 0.0625 0.030927835051546393
1 0.31125 0.6490159325210871 0.19625 0.16776007497656983
0 0.865 0.35332708528584816 0.0375 0.01874414245548266
1 0.963125 0.3931583880037488 0.06 0.10309278350515463
0 0.840625 0.1846298031865042 0.01875 0.014058106841611996
0 0.505 0.21743205248359887 0.015 0.006560449859418931
1 0.546875 0.34395501405810686 0.145 0.11527647610121837
0 0.406875 0.3570759137769447 0.0075 0.007497656982193065
0 0.335 0.3673851921274602 0.01 0.00937207122774133
1 0.275625 0.24133083411433928 0.05 0.030927835051546393
1 0.394375 0.5759137769447048 0.28 0.17619493908153702
0 0.5775 0.5927835051546392 0.01875 0.014058106841611996
0 0.985 0.697282099343955 0.03 0.02436738519212746
0 0.939375 0.5112464854732895 0.02 0.028116213683223992
0 0.793125 0.5079662605435802 0.0475 0.023430178069353328