0 0.70625 0.29615745079662603 0.03 0.02436738519212746
0 0.760625 0.3294283036551078 0.0175 0.014058106841611996
0 0.585625 0.27835051546391754 0.03125 0.02530459231490159
0 0.68625 0.30178069353327086 0.01875 0.020618556701030927
0 0.68125 0.32146204311152765 0.01125 0.011246485473289597
0 0.9175 0.4784442361761949 0.0325 0.023430178069353328
0 0.98 0.6035613870665417 0.015 0.020618556701030927
0 0.708125 0.36597938144329895 0.02 0.015932521087160263
0 0.975625 0.5745079662605436 0.015 0.014058106841611996
0 0.9625 0.5885660731021556 0.01125 0.013120899718837863
0 0.969375 0.6579194001874414 0.015 0.019681349578256794
0 0.46625 0.3716026241799438 0.02 0.015932521087160263
0 0.115 0.5168697282099344 0.02375 0.016869728209934397
0 0.029375 0.5576382380506092 0.04 0.01874414245548266
0 0.159375 0.38706654170571697 0.02625 0.015932521087160263
0 0.30375 0.5941893158388004 0.0125 0.010309278350515464
0 0.861875 0.8364573570759137 0.025 0.019681349578256794
0 0.831875 0.8514526710402999 0.03625 0.028116213683223992
0 0.501875 0.6991565135895033 0.03375 0.026241799437675725
0 0.57 0.7928772258669166 0.03875 0.028116213683223992
0 0.38 0.7858481724461106 0.02125 0.016869728209934397
1 0.2 0.7619493908153702 0.24 0.10684161199625117
0 0.41125 0.5552952202436738 0.15 0.09934395501405811
1 0.825625 0.5168697282099344 0.18375 0.19119025304592316
0 0.568125 0.5023430178069354 0.05875 0.046860356138706656
0 0.42875 0.60543580131209 0.06125 0.041237113402061855
0 0.315625 0.10824742268041238 0.04375 0.03936269915651359
0 0.136875 0.0923149015932521 0.0725 0.03655107778819119
0 0.629375 0.4704779756326148 0.0175 0.02155576382380506
0 0.63125 0.4957825679475164 0.09 0.08341143392689784
0 0.7575 0.6630740393626992 0.0575 0.053420805998125584
0 0.764375 0.6368322399250235 0.0675 0.053420805998125584
0 0.8125 0.5524835988753515 0.065 0.08997188378631678
0 0.960625 0.5482661668228679 0.015 0.00937207122774133
0 0.98875 0.5595126522961574 0.01125 0.008434864104967198
0 0.955625 0.5388940955951266 0.00625 0.00937207122774133
0 0.974375 0.6223055295220243 0.0075 0.004686035613870665
1 0.858125 0.8041237113402062 0.205 0.1733833177132146
1 0.6675 0.8252108716026242 0.0675 0.05529522024367385
1 0.693125 0.5838800374882849 0.30125 0.2727272727272727
1 0.758125 0.8744142455482662 0.3 0.21180880974695407
1 0.626875 0.7361761949390815 0.40625 0.27928772258669166
0 0.17875 0.5552952202436738 0.10125 0.022492970946579195
0 0.116875 0.5295220243673852 0.02125 0.010309278350515464
0 0.359375 0.5374882849109653 0.09875 0.06560449859418932
0 0.28625 0.4775070290534208 0.0975 0.06373008434864105
0 0.144375 0.39690721649484534 0.05125 0.01499531396438613
0 0.1225 0.38331771321462044 0.05375 0.015932521087160263
0 0.32375 0.2521087160262418 0.02125 0.013120899718837863
0 0.30375 0.260543580131209 0.015 0.01780693533270853
0 0.310625 0.29194001874414244 0.03375 0.07872539831302718
0 0.411875 0.36363636363636365 0.0425 0.03467666354264293
0 0.52875 0.2891283973758201 0.04125 0.03748828491096532
0 0.61875 0.2703842549203374 0.03625 0.014058106841611996
0 0.62 0.260543580131209 0.02625 0.013120899718837863
0 0.693125 0.18275538894095594 0.03875 0.03561387066541706
0 0.808125 0.1949390815370197 0.02375 0.013120899718837863
0 0.81 0.1836925960637301 0.025 0.013120899718837863
0 0.141875 0.06466729147141519 0.07 0.03561387066541706
0 0.1125 0.7174320524835989 0.0125 0.008434864104967198