0 0.33875 0.27413308341143394 0.0275 0.02155576382380506
0 0.278125 0.3013120899718838 0.015 0.01218369259606373
0 0.461875 0.2713214620431115 0.0275 0.022492970946579195
0 0.3575 0.28256794751640113 0.015 0.019681349578256794
0 0.358125 0.3022492970946579 0.01 0.010309278350515464
0 0.0925 0.42970946579194 0.02875 0.020618556701030927
0 0.005 0.5459231490159325 0.01 0.019681349578256794
0 0.3225 0.3430178069353327 0.0175 0.014058106841611996
0 0.014375 0.5173383317713215 0.0125 0.013120899718837863
0 0.025 0.5332708528584817 0.00875 0.01218369259606373
0 0.004375 0.6007497656982193 0.00875 0.01874414245548266
0 0.560625 0.37722586691658855 0.0175 0.014058106841611996
0 0.876875 0.5618556701030928 0.02125 0.01499531396438613
0 0.9525 0.612464854732896 0.0375 0.015932521087160263
0 0.86 0.42830365510777885 0.02375 0.013120899718837863
0 0.674375 0.6162136832239925 0.01125 0.00937207122774133
0 0.071875 0.7895970009372071 0.0225 0.01780693533270853
0 0.09875 0.8083411433926898 0.0325 0.02530459231490159
0 0.456875 0.6963448922211809 0.03 0.023430178069353328
0 0.37 0.7806935332708529 0.035 0.02436738519212746
0 0.55875 0.7966260543580131 0.01875 0.01499531396438613
1 0.741875 0.7938144329896907 0.22875 0.08716026241799438
0 0.57625 0.5651358950328023 0.1375 0.08809746954076851
1 0.175 0.4784442361761949 0.15625 0.1790065604498594
0 0.431875 0.4943767572633552 0.0525 0.04311152764761012
0 0.54875 0.612464854732896 0.05625 0.03655107778819119
0 0.76375 0.1344892221180881 0.03875 0.03655107778819119
0 0.94375 0.13964386129334583 0.06875 0.030927835051546393
0 0.37875 0.4554826616682287 0.015 0.020618556701030927
0 0.37125 0.4803186504217432 0.07875 0.07685098406747891
0 0.211875 0.6307403936269915 0.05 0.04967197750702906
0 0.210625 0.6044985941893158 0.06 0.04779756326148079
0 0.180625 0.5149953139643861 0.0525 0.08622305529522024
0 0.035 0.4939081537019681 0.01375 0.008434864104967198
0 0.005 0.5014058106841612 0.01 0.007497656982193065
0 0.041875 0.48500468603561386 0.005 0.008434864104967198
0 0.005625 0.5651358950328023 0.0075 0.004686035613870665
1 0.08625 0.7582005623242737 0.1725 0.15932521087160262
1 0.266875 0.8017806935332709 0.06 0.05060918462980318
1 0.291875 0.5599812558575445 0.2625 0.2511715089034677
1 0.166875 0.8392689784442362 0.2725 0.1893158388003749
1 0.325625 0.718369259606373 0.37125 0.24835988753514526
0 0.805625 0.5923149015932521 0.1 0.013120899718837863
0 0.8725 0.5745079662605436 0.02 0.008434864104967198
0 0.63125 0.5534208059981256 0.09 0.05810684161199625
0 0.715625 0.5028116213683224 0.08875 0.056232427366447985
0 0.873125 0.4400187441424555 0.05 0.010309278350515464
0 0.896875 0.42924086223055297 0.0525 0.011246485473289597
0 0.725625 0.2760074976569822 0.02 0.011246485473289597
0 0.74375 0.28631677600749766 0.0125 0.016869728209934397
0 0.730625 0.316776007497657 0.02125 0.07778819119025304
0 0.615625 0.3753514526710403 0.03875 0.031865042174320526
0 0.515625 0.2881911902530459 0.03625 0.03467666354264293
0 0.430625 0.2591377694470478 0.035 0.011246485473289597
0 0.43125 0.2492970946579194 0.02375 0.011246485473289597
0 0.375625 0.1640112464854733 0.03375 0.03280224929709466
0 0.259375 0.1626054358013121 0.0225 0.011246485473289597
0 0.26 0.15089034676663543 0.02375 0.011246485473289597
0 0.944375 0.11246485473289597 0.06625 0.029053420805998126
0 0.98875 0.8289597000937207 0.0075 0.010309278350515464
0 0.8375 0.7600749765698219 0.01125 0.007497656982193065