0 0.3337 0.27642924086223053 0.026800000000000067 0.021602624179943724
0 0.27375 0.30412371134020616 0.015 0.01218369259606373
0 0.45625 0.2717900656044986 0.0275 0.022492970946579195
0 0.3525 0.28444236176194937 0.015 0.019681349578256794
0 0.35375 0.30412371134020616 0.01 0.010309278350515464
0 0.090625 0.43486410496719774 0.02875 0.020618556701030927
0 0.005625 0.5524835988753515 0.01125 0.019681349578256794
0 0.31875 0.34536082474226804 0.0175 0.014058106841611996
0 0.015 0.5238987816307404 0.0125 0.013120899718837863
0 0.025625 0.5393626991565136 0.00875 0.01218369259606373
0 0.005625 0.6073102155576382 0.01125 0.01874414245548266
0 0.5575 0.37628865979381443 0.0175 0.014058106841611996
0 0.878125 0.5567010309278351 0.02125 0.01499531396438613
0 0.955 0.6063730084348641 0.0375 0.01499531396438613
0 0.858125 0.42361761949390814 0.02375 0.013120899718837863
0 0.676875 0.6138706654170571 0.01125 0.00937207122774133
0 0.078925 0.7951921274601688 0.02169999999999999 0.01780693533270853
0 0.10605 0.8134957825679475 0.03143750000000001 0.024704779756326053
0 0.46125 0.6968134957825679 0.03 0.023430178069353328
0 0.37625 0.7825679475164011 0.035 0.02436738519212746
0 0.565625 0.795688847235239 0.01875 0.01499531396438613
1 0.7483875000000001 0.7906091846298032 0.22677500000000003 0.08423617619493898
0 0.5775 0.5641986879100281 0.135 0.08622305529522024
1 0.17453749999999998 0.48252108716026243 0.15277500000000002 0.17668228678537956
0 0.431875 0.49531396438612935 0.05125 0.04217432052483599
0 0.55125 0.6119962511715089 0.055 0.03561387066541706
0 0.755 0.13120899718837864 0.0375 0.03561387066541706
0 0.935 0.13402061855670103 0.0675 0.02999062792877226
0 0.37755000000000005 0.4572914714151828 0.014325000000000046 0.020534208059981227
0 0.3706125 0.4821087160262418 0.07728750000000005 0.07571696344892218
0 0.21483750000000001 0.6346298031865042 0.04905000000000001 0.04902530459231485
0 0.2129875 0.6080880974695408 0.05922499999999999 0.04728209934395506
0 0.18105000000000002 0.5192502343017806 0.049975000000000006 0.08543580131209
0 0.03495 0.49985004686035617 0.013512500000000004 0.008350515463917603
0 0.005 0.5079662605435802 0.01 0.007497656982193065
0 0.041412500000000005 0.49087160262417995 0.0051375 0.008453608247422664
0 0.00735 0.5717994376757264 0.006937499999999998 0.004179943767572668
1 0.08875 0.7638425492033739 0.1775 0.15684161199625107
1 0.273775 0.804601686972821 0.05912500000000001 0.04974695407685092
1 0.293425 0.5628209934395502 0.257325 0.24824742268041242
1 0.175075 0.8436644798500469 0.2685 0.1854920337394565
1 0.33055 0.7206279287722587 0.3650750000000001 0.24321462043111527
0 0.8078 0.5883223992502343 0.09952499999999986 0.0118931583880038
0 0.8741125 0.5694376757263355 0.019950000000000044 0.008003748828491062
0 0.6323875 0.5516776007497657 0.08851250000000008 0.05701968134957818
0 0.71555 0.4999437675726336 0.08791249999999991 0.05545454545454547
0 0.8714375 0.4352296157450796 0.050349999999999964 0.009550140581068468
0 0.895425 0.4239456419868791 0.051837500000000036 0.010674789128397363
0 0.7203125 0.273008434864105 0.01936250000000001 0.010955951265229667
0 0.7387999999999999 0.28328022492970945 0.012199999999999989 0.016288659793814428
0 0.726125 0.31376757263355204 0.019662500000000024 0.07726335520149948
0 0.6128625 0.37399250234301784 0.03753749999999997 0.03099343955014063
0 0.510475 0.2880599812558576 0.034862499999999984 0.03390815370196809
0 0.425075 0.2601312089971884 0.03516249999999999 0.010674789128397363
0 0.425675 0.25019681349578254 0.023837500000000063 0.010909090909090896
0 0.3677 0.1657169634489222 0.032475000000000025 0.03280224929709466
0 0.25145 0.16582005623242738 0.02174999999999997 0.011124648547328964
0 0.25175000000000003 0.15420805998125586 0.022937500000000027 0.010768509840674798
0 0.935375 0.10647610121836926 0.06539999999999992 0.028603561387066552
0 0.9961 0.8225585754451733 0.007800000000000012 0.010365510777881861
0 0.8436750000000001 0.7557919400187441 0.011200000000000045 0.007497656982193065