1 0.73875 0.7228826291079812 0.2175125 0.09929577464788733
1 0.747 0.3808638497652582 0.16901250000000004 0.13216901408450704
0 0.073125 0.23145539906103285 0.06875 0.07793427230046948
0 0.458125 0.6215962441314554 0.12875 0.04507042253521127
1 0.1687875 0.47761502347417845 0.10991250000000001 0.0757558685446009
0 0.10605 0.5447511737089201 0.039612499999999995 0.0352206572769953
1 0.2725 0.5859154929577465 0.0825 0.06572769953051644
0 0.0591 0.5369671361502347 0.058637499999999995 0.047727699530516365
0 0.135 0.5967136150234742 0.0425 0.036619718309859155
0 0.83625 0.4830985915492958 0.055 0.06666666666666667
0 0.072675 0.31971830985915495 0.040350000000000004 0.02535211267605634
0 0.326875 0.5849765258215962 0.04125 0.024413145539906103
1 0.23625 0.46150234741784035 0.065 0.08169014084507042
1 0.771925 0.46883568075117366 0.1082374999999999 0.04319248826291074
0 0.86875 0.6126760563380281 0.07 0.06103286384976526
0 0.10744999999999999 0.6251737089201878 0.0473875 0.04380281690140854
1 0.285625 0.4023474178403756 0.09625 0.107981220657277
0 0.08125 0.5812206572769953 0.0575 0.03568075117370892
0 0.606875 0.24178403755868544 0.02875 0.027230046948356807
0 0.51875 0.28826291079812205 0.03 0.02629107981220657
0 0.35625 0.3051643192488263 0.0475 0.013145539906103286
0 0.04125 0.5938967136150235 0.025 0.014084507042253521
0 0.246875 0.5629107981220657 0.01625 0.010328638497652582
0 0.138125 0.45117370892018777 0.01375 0.010328638497652582
0 0.01625 0.3563380281690141 0.015 0.0215962441314554
0 0.134375 0.6656056338028169 0.02375 0.020403755868544617
0 0.37125 0.42488262910798125 0.015 0.010328638497652582
0 0.46 0.3596244131455399 0.015 0.011267605633802818
0 0.3725 0.36338028169014086 0.015 0.011267605633802818
0 0.345 0.4032863849765258 0.0175 0.010328638497652582
0 0.819375 0.34413145539906104 0.01625 0.01596244131455399
0 0.715 0.5328638497652582 0.015 0.010328638497652582
0 0.173125 0.7309859154929578 0.02875 0.0215962441314554
0 0.163125 0.715962441314554 0.02125 0.01596244131455399
0 0.28875 0.7295774647887324 0.035 0.016901408450704224
0 0.2725 0.7145539906103286 0.0175 0.011267605633802818
0 0.143125 0.7281690140845071 0.00875 0.010328638497652582
0 0.923125 0.7572769953051643 0.02125 0.01596244131455399
0 0.3133375 0.289830985915493 0.02832500000000003 0.024460093896713574
0 0.1400125 0.24778403755868544 0.02713750000000001 0.02628169014084508
0 0.008787499999999998 0.2822159624413146 0.0175625 0.014093896713615014
0 0.008125 0.428169014084507 0.01625 0.0676056338028169
0 0.034624999999999996 0.4283568075117371 0.0545 0.08157746478873239
0 0.1759875 0.4944788732394366 0.013100000000000023 0.007464788732394409
0 0.1290125 0.47142723004694836 0.0042624999999999955 0.010760563380281724
0 0.24868749999999998 0.4847230046948357 0.008812500000000015 0.009474178403755844
0 0.2525375 0.6334084507042254 0.011962499999999992 0.010779342723004712
0 0.10345 0.6090610328638497 0.01602499999999999 0.020422535211267606
0 0.19037500000000002 0.7664976525821596 0.013212499999999992 0.009521126760563475
0 0.86485 0.6114647887323944 0.014799999999999898 0.012169014084507077
0 0.7175499999999999 0.5833427230046948 0.010625 0.013211267605633743
0 0.6998375 0.4204225352112676 0.017050000000000124 0.007079812206572736
0 0.8007375 0.33793427230046946 0.017037500000000136 0.014028169014084558
0 0.7068000000000001 0.2179718309859155 0.0697999999999999 0.025971830985915517