1 0.73375 0.7258215962441315 0.22 0.10234741784037558
1 0.75 0.38403755868544603 0.1725 0.13427230046948357
0 0.079375 0.22582159624413145 0.07 0.07887323943661972
0 0.455 0.6211267605633802 0.13 0.046948356807511735
1 0.169375 0.4732394366197183 0.11125 0.07699530516431925
0 0.105 0.5394366197183098 0.04 0.03568075117370892
1 0.270625 0.5830985915492958 0.08375 0.06666666666666667
0 0.058125 0.5309859154929577 0.06 0.048826291079812206
0 0.1325 0.592018779342723 0.04375 0.03755868544600939
0 0.836875 0.48732394366197185 0.05625 0.0676056338028169
0 0.076875 0.31408450704225355 0.04125 0.02629107981220657
0 0.325 0.5826291079812207 0.04125 0.02535211267605634
1 0.236875 0.4582159624413146 0.0675 0.08262910798122065
1 0.7725 0.4723004694835681 0.10875 0.04507042253521127
0 0.86625 0.6173708920187794 0.07125 0.061971830985915494
0 0.104375 0.6201877934272301 0.04875 0.044131455399061034
1 0.288125 0.3995305164319249 0.09875 0.10892018779342723
0 0.079375 0.5755868544600939 0.05875 0.036619718309859155
0 0.613125 0.2431924882629108 0.03 0.027230046948356807
0 0.52375 0.2887323943661972 0.03 0.02629107981220657
0 0.360625 0.3032863849765258 0.0475 0.014084507042253521
0 0.039375 0.5877934272300469 0.025 0.014084507042253521
0 0.245625 0.5596244131455399 0.01625 0.010328638497652582
0 0.139375 0.44647887323943664 0.01375 0.010328638497652582
0 0.019375 0.3502347417840376 0.015 0.0215962441314554
0 0.130625 0.6605633802816901 0.02375 0.020657276995305163
0 0.373125 0.42300469483568076 0.015 0.010328638497652582
0 0.463125 0.3591549295774648 0.015 0.011267605633802818
0 0.375625 0.3615023474178404 0.015 0.011267605633802818
0 0.3475 0.4014084507042254 0.0175 0.010328638497652582
0 0.823125 0.3483568075117371 0.01625 0.01596244131455399
0 0.714375 0.535680751173709 0.015 0.010328638497652582
0 0.1675 0.7267605633802817 0.02875 0.0215962441314554
0 0.158125 0.711737089201878 0.02125 0.01596244131455399
0 0.28375 0.7267605633802817 0.035 0.016901408450704224
0 0.2675 0.711737089201878 0.0175 0.011267605633802818
0 0.138125 0.7234741784037558 0.00875 0.010328638497652582
0 0.916875 0.7629107981220657 0.02125 0.01596244131455399
0 0.318125 0.28732394366197184 0.02875 0.024413145539906103
0 0.145625 0.2431924882629108 0.0275 0.02629107981220657
0 0.01375 0.2755868544600939 0.0175 0.014084507042253521
0 0.01 0.4215962441314554 0.0175 0.0676056338028169
0 0.03625 0.4220657276995305 0.05625 0.08262910798122065
0 0.17625 0.49014084507042255 0.01375 0.007511737089201878
0 0.13 0.4666666666666667 0.005 0.011267605633802818
0 0.249375 0.4812206572769953 0.00875 0.009389671361502348
0 0.249375 0.6300469483568075 0.0125 0.011267605633802818
0 0.10125 0.603755868544601 0.01625 0.020657276995305163
0 0.184375 0.7624413145539906 0.01375 0.009389671361502348
0 0.8625 0.6164319248826291 0.015 0.012206572769953052
0 0.715625 0.5863849765258216 0.01125 0.013145539906103286
0 0.701875 0.42300469483568076 0.0175 0.007511737089201878
0 0.804375 0.34178403755868547 0.0175 0.014084507042253521
0 0.713125 0.22065727699530516 0.07 0.027230046948356807