0 0.4925 0.4198687910028116 0.08 0.07310215557638237
0 0.780625 0.18603561387066542 0.1375 0.07778819119025304
0 0.331875 0.5304592314901593 0.1225 0.08059981255857544
0 0.57625 0.823336457357076 0.06875 0.053420805998125584
0 0.38 0.27647610121836924 0.1225 0.06935332708528585
0 0.819375 0.8753514526710403 0.065 0.04592314901593252
0 0.375625 0.8059981255857545 0.125 0.05810684161199625
0 0.01875 0.6307403936269915 0.0375 0.03936269915651359
0 0.21375 0.11527647610121837 0.0425 0.031865042174320526
0 0.94125 0.3992502343017807 0.05375 0.03748828491096532
0 0.061875 0.29615745079662603 0.06125 0.03936269915651359
0 0.91625 0.5866916588566073 0.04 0.031865042174320526
0 0.96375 0.549671977507029 0.05625 0.03467666354264293
0 0.14875 0.6513589503280225 0.06125 0.04217432052483599
0 0.31125 0.5768509840674789 0.10625 0.06560449859418932
0 0.925625 0.8931583880037488 0.03625 0.05529522024367385
0 0.0925 0.408622305529522 0.04875 0.03280224929709466
0 0.2275 0.19821930646672914 0.04125 0.031865042174320526
0 0.319375 0.7671040299906279 0.04625 0.03561387066541706
0 0.81875 0.48266166822867856 0.08375 0.10684161199625117
0 0.00625 0.7127460168697282 0.0125 0.04029990627928772
0 0.780625 0.6551077788191191 0.0375 0.03748828491096532
0 0.706875 0.5089034676663543 0.03625 0.033739456419868794
0 0.434375 0.5838800374882849 0.0725 0.07029053420805999
0 0.69375 0.3626991565135895 0.06375 0.07310215557638237
0 0.783125 0.5079662605435802 0.04 0.028116213683223992
0 0.408125 0.20618556701030927 0.04375 0.02530459231490159
0 0.524375 0.2408622305529522 0.0375 0.028116213683223992
0 0.528125 0.21227741330834116 0.03125 0.028116213683223992
0 0.626875 0.12933458294283037 0.035 0.028116213683223992
0 0.446875 0.31630740393626994 0.03 0.019681349578256794
0 0.460625 0.15323336457357076 0.04 0.02530459231490159
0 0.77625 0.4878163074039363 0.03 0.02530459231490159
0 0.793125 0.5304592314901593 0.0375 0.02717900656044986
0 0.66 0.6166822867853796 0.02875 0.015932521087160263
0 0.89375 0.43158388003748827 0.03125 0.01874414245548266
0 0.403125 0.3739456419868791 0.02875 0.02155576382380506
0 0.4 0.4029990627928772 0.03125 0.02436738519212746
0 0.398125 0.42970946579194 0.025 0.020618556701030927
0 0.513125 0.5229615745079662 0.02125 0.015932521087160263
0 0.47375 0.6415182755388941 0.0175 0.01218369259606373
0 0.206875 0.49953139643861294 0.0225 0.019681349578256794
0 0.14625 0.36082474226804123 0.02 0.02155576382380506
0 0.611875 0.9348641049671977 0.02625 0.01499531396438613
0 0.856875 0.8533270852858482 0.0175 0.011246485473289597
0 0.875 0.8561387066541706 0.01625 0.010309278350515464
0 0.79625 0.8209934395501406 0.0225 0.019681349578256794
0 0.723125 0.8074039362699157 0.01625 0.011246485473289597
0 0.420625 0.7141518275538894 0.01625 0.01218369259606373
0 0.379375 0.7361761949390815 0.01625 0.013120899718837863
0 0.243125 0.8345829428303655 0.01875 0.014058106841611996
0 0.7475 0.18134957825679476 0.0525 0.03280224929709466
0 0.71125 0.34536082474226804 0.05625 0.07685098406747891
0 0.733125 0.3547328959700094 0.03625 0.04967197750702906
0 0.836875 0.48500468603561386 0.01125 0.01499531396438613
0 0.73625 0.5107778819119025 0.0325 0.02999062792877226
0 0.723125 0.528584817244611 0.04125 0.02155576382380506
0 0.960625 0.5670103092783505 0.02875 0.014058106841611996
0 0.7825 0.662136832239925 0.0175 0.01499531396438613
0 0.53125 0.7033739456419869 0.035 0.03561387066541706
0 0.35375 0.5126522961574508 0.0175 0.013120899718837863
0 0.50625 0.39971883786316775 0.0775 0.08528584817244611
0 0.530625 0.3964386129334583 0.08375 0.08341143392689784
0 0.05875 0.19306466729147143 0.02625 0.01780693533270853
0 0.21875 0.9034676663542643 0.03625 0.028116213683223992
0 0.838125 0.738987816307404 0.02 0.013120899718837863