0 0.53625 0.4240862230552952 0.0825 0.07497656982193064
0 0.345625 0.1401124648547329 0.14 0.08059981255857544
0 0.650625 0.563730084348641 0.125 0.08341143392689784
0 0.308125 0.7952202436738519 0.07 0.05435801312089972
0 0.6975 0.309746954076851 0.125 0.07122774133083412
0 0.055 0.7947516401124649 0.06625 0.04779756326148079
0 0.506875 0.8195876288659794 0.12625 0.06091846298031865
0 0.923125 0.7268041237113402 0.05625 0.04029990627928772
0 0.916875 0.1893158388003749 0.04375 0.031865042174320526
0 0.1125 0.31208997188378634 0.055 0.03936269915651359
0 0.9825 0.39456419868791004 0.035 0.041237113402061855
0 0.0675 0.4971883786316776 0.04125 0.03280224929709466
0 0.035625 0.45220243673851923 0.0575 0.03561387066541706
0 0.781875 0.717900656044986 0.0625 0.04311152764761012
0 0.653125 0.612933458294283 0.10875 0.06747891283973759
0 0.925625 0.49625117150890347 0.04875 0.033739456419868794
0 0.8725 0.2661668228678538 0.04125 0.03280224929709466
0 0.575 0.7942830365510778 0.0475 0.03655107778819119
0 0.2 0.4175257731958763 0.0875 0.1077788191190253
0 0.915625 0.8111527647610122 0.05625 0.04217432052483599
0 0.173125 0.5913776944704779 0.03875 0.038425492033739454
0 0.298125 0.4653233364573571 0.0375 0.03467666354264293
0 0.531875 0.5937207122774133 0.075 0.07122774133083412
0 0.36375 0.3280224929709466 0.06625 0.07403936269915651
0 0.225 0.4493908153701968 0.04125 0.029053420805998126
0 0.69625 0.2366447985004686 0.04375 0.026241799437675725
0 0.571875 0.24554826616682288 0.03875 0.029053420805998126
0 0.57875 0.21743205248359887 0.0325 0.029053420805998126
0 0.514375 0.1176194939081537 0.03625 0.029053420805998126
0 0.61875 0.33411433926897843 0.03125 0.019681349578256794
0 0.665625 0.17478912839737581 0.04 0.026241799437675725
0 0.239375 0.4311152764761012 0.03125 0.026241799437675725
0 0.2075 0.46860356138706655 0.03875 0.028116213683223992
0 0.303125 0.5791940018744143 0.02875 0.016869728209934397
0 0.146875 0.3528584817244611 0.03125 0.01874414245548266
0 0.639375 0.39878163074039363 0.03 0.022492970946579195
0 0.631875 0.42736644798500467 0.03125 0.02436738519212746
0 0.62375 0.4536082474226804 0.02625 0.02155576382380506
0 0.47875 0.5192127460168697 0.02125 0.015932521087160263
0 0.473125 0.6415182755388941 0.01875 0.013120899718837863
0 0.7825 0.5599812558575445 0.02375 0.019681349578256794
0 0.89125 0.43908153701968133 0.02125 0.02155576382380506
0 0.2325 0.89456419868791 0.02625 0.015932521087160263
0 0.026875 0.7661668228678538 0.0175 0.011246485473289597
0 0.00875 0.7647610121836926 0.01625 0.011246485473289597
0 0.0975 0.7474226804123711 0.02375 0.019681349578256794
0 0.1725 0.7497656982193065 0.0175 0.01218369259606373
0 0.4975 0.7221180880974696 0.0175 0.013120899718837863
0 0.52875 0.7521087160262419 0.0175 0.014058106841611996
0 0.62375 0.8748828491096532 0.01875 0.01499531396438613
0 0.379375 0.14245548266166824 0.0525 0.033739456419868794
0 0.35375 0.3078725398313027 0.06 0.07778819119025304
0 0.329375 0.3125585754451734 0.0375 0.04967197750702906
0 0.18125 0.41611996251171507 0.01125 0.01499531396438613
0 0.26875 0.4611059044048735 0.03375 0.02999062792877226
0 0.275 0.48125585754451733 0.0425 0.022492970946579195
0 0.0325 0.4690721649484536 0.03 0.014058106841611996
0 0.16875 0.5974695407685099 0.01875 0.01499531396438613
0 0.395 0.6893158388003748 0.03625 0.03561387066541706
0 0.635625 0.542642924086223 0.0175 0.013120899718837863
0 0.530625 0.4020618556701031 0.08125 0.08622305529522024
0 0.50875 0.394095595126523 0.08625 0.08434864104967198
0 0.930625 0.8388003748828491 0.0125 0.026241799437675725
0 0.6225 0.9456419868791003 0.0375 0.029053420805998126
0 0.0875 0.6597938144329897 0.02 0.013120899718837863