0 0.76625 0.1387066541705717 0.03375 0.01874414245548266
0 0.82875 0.1696344892221181 0.01625 0.01218369259606373
0 0.78125 0.20290534208059982 0.025 0.016869728209934397
0 0.93375 0.2000937207122774 0.0325 0.01780693533270853
0 0.565 0.15557638238050608 0.02875 0.01874414245548266
0 0.10625 0.2942830365510778 0.03875 0.02155576382380506
0 0.184375 0.34817244611059045 0.03375 0.019681349578256794
0 0.919375 0.41377694470477977 0.02 0.013120899718837863
0 0.649375 0.5927835051546392 0.02625 0.01874414245548266
0 0.465 0.5126522961574508 0.03875 0.029053420805998126
0 0.45 0.6705716963448922 0.0175 0.013120899718837863
0 0.14625 0.6776007497656982 0.0275 0.020618556701030927
0 0.04125 0.4184629803186504 0.03125 0.020618556701030927
0 0.260625 0.4208059981255858 0.03375 0.02717900656044986
0 0.09 0.6443298969072165 0.02625 0.019681349578256794
0 0.056875 0.7108716026241799 0.0325 0.022492970946579195
0 0.526875 0.7343017806935332 0.0175 0.01499531396438613
0 0.1125 0.7502343017806935 0.03 0.02155576382380506
0 0.1175 0.4723523898781631 0.0875 0.07778819119025304
1 0.749375 0.3716026241799438 0.27625 0.19681349578256796
0 0.151875 0.5599812558575445 0.10875 0.06747891283973759
0 0.0875 0.3837863167760075 0.03375 0.038425492033739454
1 0.320625 0.7047797563261481 0.11875 0.08903467666354264
1 0.43875 0.5787253983130272 0.0575 0.046860356138706656
1 0.333125 0.556232427366448 0.05875 0.04779756326148079
1 0.389375 0.6227741330834115 0.05875 0.04779756326148079
1 0.7925 0.4343955014058107 0.19 0.15089034676663543
1 0.46375 0.4957825679475164 0.0575 0.044048734770384255
0 0.025 0.5506091846298032 0.045 0.02999062792877226
0 0.02125 0.5238987816307404 0.0425 0.02999062792877226
0 0.91375 0.1190253045923149 0.04375 0.033739456419868794
0 0.53875 0.41611996251171507 0.015 0.008434864104967198
0 0.4425 0.48687910028116216 0.0175 0.00937207122774133
0 0.4875 0.3598875351452671 0.01 0.010309278350515464
0 0.4925 0.35754451733833176 0.01125 0.010309278350515464
0 0.515 0.2563261480787254 0.00875 0.008434864104967198
0 0.5225 0.25538894095595127 0.00875 0.007497656982193065
0 0.524375 0.24695407685098406 0.00875 0.007497656982193065
0 0.5325 0.246485473289597 0.01 0.008434864104967198
0 0.5275 0.17478912839737581 0.01375 0.007497656982193065
0 0.526875 0.1696344892221181 0.01375 0.006560449859418931
0 0.703125 0.1471415182755389 0.04125 0.028116213683223992
0 0.1025 0.584817244611059 0.09 0.04217432052483599
1 0.761875 0.5271790065604499 0.2375 0.1190253045923149
1 0.7175 0.5388940955951266 0.38875 0.18088097469540768
0 0.89 0.506560449859419 0.16625 0.12933458294283037
0 0.935625 0.5004686035613871 0.12875 0.07122774133083412
0 0.960625 0.5271790065604499 0.07875 0.04217432052483599