0 0.1325 0.19306466729147143 0.0325 0.01780693533270853
0 0.080625 0.2338331771321462 0.015 0.011246485473289597
0 0.136875 0.2582005623242737 0.02375 0.016869728209934397
0 0.333125 0.17525773195876287 0.02875 0.01780693533270853
0 0.821875 0.23336457357075913 0.03875 0.019681349578256794
0 0.761875 0.2985004686035614 0.0325 0.01780693533270853
0 0.065625 0.48641049671977504 0.01875 0.01218369259606373
0 0.3825 0.6152764761012184 0.025 0.01874414245548266
0 0.5375 0.506560449859419 0.03625 0.028116213683223992
0 0.6 0.6574507966260543 0.01625 0.01218369259606373
0 0.898125 0.6134020618556701 0.02625 0.020618556701030927
0 0.9225 0.3434864104967198 0.03 0.019681349578256794
0 0.709375 0.3823805060918463 0.0325 0.026241799437675725
0 0.943125 0.5716963448922212 0.02625 0.019681349578256794
0 0.989375 0.6302717900656045 0.02125 0.02155576382380506
0 0.54375 0.7328959700093721 0.01625 0.014058106841611996
0 0.9525 0.6785379568884724 0.02875 0.020618556701030927
0 0.864375 0.40815370196813494 0.0825 0.07497656982193064
1 0.218125 0.41705716963448924 0.26625 0.18837863167760074
0 0.856875 0.49953139643861294 0.105 0.06466729147141519
0 0.8675 0.31724461105904406 0.0325 0.03748828491096532
1 0.73625 0.669165885660731 0.11375 0.08528584817244611
1 0.583125 0.5665417057169635 0.055 0.04498594189315839
1 0.679375 0.5267104029990628 0.05625 0.04592314901593252
1 0.645 0.6012183692596064 0.05625 0.04592314901593252
1 0.195 0.4854732895970009 0.18125 0.14526710402999063
1 0.534375 0.4896907216494845 0.055 0.04217432052483599
0 0.978125 0.4690721649484536 0.04375 0.029053420805998126
0 0.975 0.44283036551077787 0.04375 0.028116213683223992
0 0.436875 0.4250234301780694 0.015 0.008434864104967198
0 0.551875 0.4775070290534208 0.0175 0.008434864104967198
0 0.470625 0.36176194939081535 0.01 0.010309278350515464
0 0.464375 0.3598875351452671 0.01 0.00937207122774133
0 0.411875 0.2647610121836926 0.00875 0.008434864104967198
0 0.405 0.26569821930646675 0.00875 0.007497656982193065
0 0.4 0.25773195876288657 0.00875 0.007497656982193065
0 0.391875 0.2582005623242737 0.01 0.008434864104967198
0 0.375625 0.18791002811621368 0.01375 0.006560449859418931
0 0.375 0.18228678537956888 0.01375 0.006560449859418931
0 0.19625 0.190253045923149 0.04 0.026241799437675725
0 0.9125 0.5154639175257731 0.0875 0.03936269915651359
1 0.253125 0.5707591377694471 0.23125 0.11152764761012184
1 0.3 0.5745079662605436 0.38 0.16776007497656983
0 0.121875 0.5721649484536082 0.15875 0.1246485473289597
0 0.07125 0.5749765698219307 0.135 0.06654170571696345
0 0.053125 0.604967197750703 0.08875 0.03936269915651359