0 0.169375 0.17010309278350516 0.03125 0.015932521087160263
0 0.1129375 0.20735707591377694 0.014137500000000002 0.010768509840674798
0 0.1660625 0.23531396438612934 0.022075000000000015 0.015145267104030014
0 0.015 0.24835988753514526 0.03 0.01499531396438613
0 0.371775 0.16549203373945642 0.026474999999999936 0.016054358013120894
0 0.851875 0.25538894095595127 0.03625 0.01780693533270853
0 0.7842625 0.31660731021555766 0.03103749999999991 0.016157450796626064
0 0.06875 0.45829428303655106 0.0175 0.011246485473289597
0 0.369375 0.6073102155576382 0.02375 0.016869728209934397
0 0.536875 0.5089034676663543 0.03375 0.026241799437675725
0 0.58125 0.6635426429240863 0.015 0.011246485473289597
0 0.883125 0.6391752577319587 0.02375 0.01874414245548266
0 0.93915 0.37156513589503276 0.028287500000000135 0.018134957825679497
0 0.722375 0.3966354264292408 0.029812499999999888 0.024751640112464824
0 0.933125 0.6002811621368322 0.02375 0.01780693533270853
0 0.97815 0.6625960637300844 0.028799999999999954 0.019531396438612857
0 0.5165625 0.7347703842549204 0.015 0.013120899718837863
0 0.930025 0.7075913776944704 0.02696249999999992 0.01874414245548266
0 0.87375 0.43252108716026244 0.075 0.07029053420805999
1 0.228975 0.39875351452671043 0.24691249999999998 0.17288659793814434
0 0.855625 0.5229615745079662 0.09875 0.05810684161199625
0 0.88725 0.34199625117150895 0.027987500000000123 0.03577319587628862
1 0.715625 0.6841611996251171 0.105 0.07872539831302718
1 0.575 0.5715745079662605 0.05 0.04194001874414246
1 0.675625 0.5383036551077788 0.05125 0.042408622305529525
1 0.63265 0.6101218369259607 0.0509375 0.042642924086223055
1 0.19805 0.4657450796626054 0.16665 0.1345454545454546
1 0.5353125 0.49191190253045924 0.05125 0.03912839737582006
0 0.9797125 0.5004686035613871 0.04057500000000005 0.026241799437675725
0 0.97985 0.4741049671977507 0.04030000000000001 0.025679475164011277
0 0.019375 0.16588566073102157 0.03875 0.02999062792877226
0 0.445825 0.4210028116213683 0.0140625 0.007328959700093768
0 0.5543375 0.48114339268978445 0.016550000000000013 0.0074414245548266676
0 0.4866375 0.3601499531396438 0.008737500000000011 0.009906279287722634
0 0.4807 0.358041237113402 0.009362500000000011 0.0089690721649485
0 0.43967500000000004 0.26010309278350513 0.007600000000000051 0.007638238050609163
0 0.43238750000000004 0.2603373945641987 0.0078125 0.007160262417994364
0 0.4288 0.25194939081537016 0.0078125 0.007160262417994364
0 0.42055 0.2521836925960637 0.008675000000000068 0.007947516401124666
0 0.4122125 0.1808153701968135 0.012687499999999971 0.006138706654170582
0 0.4121 0.17543580131208997 0.013299999999999984 0.005576382380506081
0 0.233375 0.1717900656044986 0.03696249999999999 0.024264292408622292
0 0.909325 0.5424835988753515 0.08439999999999998 0.033786316776007456
1 0.24597500000000003 0.5544329896907216 0.22107500000000005 0.09700093720712277
1 0.29216250000000005 0.5613683223992503 0.36497500000000005 0.1440206185567011
0 0.1150125 0.5473008434864105 0.14607499999999998 0.1153420805998125
0 0.0640375 0.5468791002811622 0.128075 0.05880974695407685
0 0.0425 0.5754451733833177 0.085 0.033739456419868794