0 0.590625 0.3078725398313027 0.0275 0.023430178069353328
0 0.599375 0.29194001874414244 0.03 0.016869728209934397
0 0.9075 0.45313964386129335 0.035 0.028116213683223992
0 0.876875 0.5417057169634489 0.02625 0.02717900656044986
0 0.905 0.5168697282099344 0.035 0.023430178069353328
0 0.836875 0.4948453608247423 0.03 0.013120899718837863
0 0.54 0.8678537956888472 0.015 0.011246485473289597
0 0.72 0.8505154639175257 0.02625 0.01780693533270853
0 0.789375 0.7727272727272727 0.0275 0.016869728209934397
0 0.7675 0.08200562324273665 0.1425 0.10028116213683223
0 0.27625 0.7633552014995314 0.10375 0.08997188378631678
0 0.165625 0.29568884723523897 0.08625 0.09465791940018745
1 0.52 0.6171508903467666 0.36875 0.16494845360824742
0 0.290625 0.09137769447047797 0.10375 0.06747891283973759
0 0.235625 0.8462980318650422 0.14125 0.11715089034676664
0 0.154375 0.01358950328022493 0.03875 0.02717900656044986
0 0.125 0.4119025304592315 0.09875 0.08716026241799438
1 0.090625 0.3865979381443299 0.18125 0.3158388003748828
0 0.076875 0.471883786316776 0.015 0.014058106841611996
0 0.248125 0.8903467666354264 0.02375 0.01499531396438613
0 0.810625 0.5328022492970946 0.0375 0.038425492033739454
1 0.7975 0.5384254920337395 0.18625 0.10590440487347703
1 0.68875 0.5149953139643861 0.335 0.14058106841611998
0 0.8925 0.6391752577319587 0.0325 0.022492970946579195
0 0.901875 0.6701030927835051 0.0325 0.023430178069353328
0 0.9625 0.6954076850984068 0.015 0.023430178069353328
0 0.805625 0.8716026241799437 0.0275 0.015932521087160263
0 0.99125 0.5346766635426429 0.0175 0.02530459231490159
0 0.874375 0.21227741330834116 0.02375 0.016869728209934397
0 0.066875 0.15604498594189317 0.0175 0.019681349578256794