0 0.554375 0.3003748828491096 0.02375 0.02155576382380506
0 0.56 0.28350515463917525 0.0275 0.014058106841611996
0 0.895 0.41096532333645736 0.03 0.02530459231490159
0 0.880625 0.5018744142455482 0.02125 0.02530459231490159
0 0.904375 0.4742268041237113 0.03125 0.020618556701030927
0 0.8326 0.45976569821930646 0.02875 0.010309278350515464
0 0.99375 0.33973758200562326 0.01 0.014058106841611996
0 0.608125 0.8598875351452671 0.01375 0.010309278350515464
0 0.783125 0.8242736644798501 0.02375 0.015932521087160263
0 0.8375 0.7399250234301781 0.025 0.014058106841611996
0 0.6875 0.05810684161199625 0.1275 0.08809746954076851
0 0.3275 0.7839737582005624 0.09 0.08153701968134958
0 0.13125 0.33270852858481725 0.07 0.08809746954076851
1 0.5415875 0.6137488284910966 0.3481625 0.12958762886597935
0 0.216875 0.11715089034676664 0.09375 0.05810684161199625
0 0.3025 0.8706654170571696 0.1225 0.1049671977507029
0 0.066875 0.04639175257731959 0.03125 0.04029990627928772
0 0.1125 0.45173383317713217 0.085 0.07872539831302718
1 0.0683125 0.4307497656982193 0.136625 0.3043861293345829
0 0.0756125 0.5163823805060919 0.012799999999999994 0.013158388003748795
0 0.3228875 0.912858481724461 0.021424999999999982 0.013195876288659725
0 0.018574999999999998 0.8610684161199625 0.037137500000000004 0.10214620431115277
0 0.8139 0.4998594189315839 0.03129999999999995 0.03591377694470472
1 0.8019124999999999 0.5071134020618557 0.17133749999999992 0.08916588566073107
1 0.6895125 0.4952389878163074 0.31866250000000007 0.10801312089971883
0 0.9143000000000001 0.5967197750702906 0.029337500000000034 0.019953139643861258
0 0.9294374999999999 0.6265791940018743 0.029412499999999966 0.020937207122774058
0 0.994325 0.6452671040299907 0.011349999999999909 0.022268041237113394
0 0.871575 0.8359887535145267 0.024962500000000033 0.013252108716026336
0 0.99375 0.4835988753514527 0.0125 0.02436738519212746
0 0.8174875 0.17587628865979382 0.020887500000000045 0.014611059044048712
0 0.007262499999999998 0.20461105904404872 0.0145125 0.017994376757263345