0 0.455 0.29896907216494845 0.025 0.022492970946579195
0 0.45 0.28209934395501407 0.02875 0.01499531396438613
0 0.109375 0.4006560449859419 0.03125 0.026241799437675725
0 0.119375 0.49203373945641987 0.0225 0.026241799437675725
0 0.096875 0.46344892221180883 0.0325 0.02155576382380506
0 0.169375 0.45126522961574506 0.02875 0.011246485473289597
0 0.01375 0.3270852858481724 0.01125 0.014058106841611996
0 0.375 0.8566073102155577 0.01375 0.010309278350515464
0 0.201875 0.816776007497657 0.025 0.016869728209934397
0 0.15125 0.7310215557638238 0.02625 0.01499531396438613
0 0.333125 0.053420805998125584 0.13125 0.09184629803186505
0 0.659375 0.788191190253046 0.09375 0.08341143392689784
0 0.87625 0.3425492033739456 0.07375 0.08997188378631678
1 0.453125 0.612464854732896 0.35375 0.1387066541705717
0 0.800625 0.1246485473289597 0.09625 0.06091846298031865
0 0.68 0.8758200562324273 0.1275 0.1077788191190253
0 0.95375 0.05810684161199625 0.0325 0.041237113402061855
0 0.889375 0.4620431115276476 0.08875 0.08059981255857544
1 0.929375 0.4414245548266167 0.14125 0.30740393626991563
0 0.923125 0.5276476101218369 0.01375 0.013120899718837863
0 0.6575 0.9170571696344892 0.0225 0.014058106841611996
0 0.964375 0.8734770384254921 0.04125 0.10309278350515463
0 0.18625 0.4915651358950328 0.0325 0.03655107778819119
1 0.198125 0.4990627928772259 0.175 0.09372071227741331
1 0.310625 0.4901593252108716 0.32375 0.1162136832239925
0 0.08125 0.5857544517338332 0.03 0.020618556701030927
0 0.065 0.6152764761012184 0.03 0.02155576382380506
0 0.0025 0.6316776007497656 0.005 0.022492970946579195
0 0.113125 0.8261480787253983 0.025 0.014058106841611996
0 0.0075 0.4704779756326148 0.01375 0.02436738519212746
0 0.1975 0.16776007497656983 0.02125 0.01499531396438613