0 0.64 0.2839737582005623 0.0375 0.030927835051546393
0 0.745 0.3865979381443299 0.04 0.02717900656044986
0 0.649375 0.32849109653233366 0.0425 0.02530459231490159
0 0.946875 0.6302717900656045 0.04375 0.03280224929709466
0 0.904375 0.633552014995314 0.0175 0.014058106841611996
0 0.85875 0.6368322399250235 0.025 0.013120899718837863
0 0.689375 0.647610121836926 0.02 0.01499531396438613
0 0.643125 0.619962511715089 0.02125 0.014058106841611996
0 0.34 0.4611059044048735 0.0225 0.023430178069353328
0 0.68625 0.5866916588566073 0.0475 0.03655107778819119
0 0.30875 0.4592314901593252 0.03625 0.028116213683223992
0 0.330625 0.5060918462980318 0.03625 0.028116213683223992
0 0.735 0.6752577319587629 0.02 0.01218369259606373
0 0.955625 0.7797563261480788 0.02375 0.01499531396438613
0 0.78875 0.7891283973758201 0.01875 0.013120899718837863
0 0.701875 0.8186504217432052 0.0575 0.038425492033739454
0 0.83625 0.8706654170571696 0.02125 0.01218369259606373
0 0.99375 0.8603561387066542 0.0125 0.01499531396438613
0 0.608125 0.3697282099343955 0.06875 0.05154639175257732
0 0.603125 0.9358013120899719 0.07375 0.05529522024367385
0 0.533125 0.7193064667291471 0.07625 0.05716963448922212
0 0.526875 0.6490159325210871 0.0775 0.06091846298031865
0 0.216875 0.1134020618556701 0.0575 0.05529522024367385
0 0.939375 0.5042174320524836 0.04875 0.031865042174320526
0 0.465 0.6682286785379569 0.06875 0.05248359887535145
0 0.908125 0.6935332708528584 0.04875 0.03748828491096532
0 0.804375 0.42033739456419866 0.0425 0.030927835051546393
0 0.488125 0.16119962511715089 0.0625 0.04592314901593252
0 0.369375 0.4967197750702905 0.05375 0.03280224929709466
0 0.896875 0.5716963448922212 0.04375 0.028116213683223992
0 0.63125 0.49812558575445176 0.04 0.044048734770384255
0 0.849375 0.5435801312089972 0.04375 0.029053420805998126
0 0.065 0.25679475164011245 0.04375 0.041237113402061855
0 0.053125 0.4119025304592315 0.03625 0.04029990627928772
0 0.950625 0.697282099343955 0.05625 0.03655107778819119
0 0.64125 0.4700093720712277 0.04625 0.046860356138706656
0 0.41375 0.6954076850984068 0.07 0.04873477038425492
0 0.73 0.7914714151827554 0.03875 0.03280224929709466
0 0.6775 0.556232427366448 0.05625 0.038425492033739454
0 0.594375 0.29615745079662603 0.03875 0.03280224929709466
0 0.776875 0.19306466729147143 0.05875 0.03280224929709466
0 0.650625 0.22399250234301782 0.0325 0.03467666354264293
0 0.65875 0.15323336457357076 0.05 0.03655107778819119
0 0.559375 0.676194939081537 0.05 0.029053420805998126
0 0.764375 0.21415182755388942 0.03875 0.028116213683223992
0 0.743125 0.2352389878163074 0.0425 0.02999062792877226
0 0.365625 0.6134020618556701 0.015 0.01218369259606373
0 0.881875 0.31724461105904406 0.0425 0.02436738519212746
0 0.9675 0.2633552014995314 0.01625 0.01780693533270853
0 0.868125 0.1527647610121837 0.02875 0.029053420805998126
0 0.295 0.3013120899718838 0.03625 0.030927835051546393
0 0.221875 0.4887535145267104 0.0675 0.04029990627928772
1 0.284375 0.4076850984067479 0.38 0.27647610121836924