0 0.696875 0.31021555763823805 0.03875 0.031865042174320526
0 0.77125 0.42736644798500467 0.04125 0.02717900656044986
0 0.69375 0.3556701030927835 0.0425 0.026241799437675725
0 0.90125 0.6968134957825679 0.045 0.033739456419868794
0 0.85875 0.6940018744142455 0.01875 0.014058106841611996
0 0.813125 0.689784442361762 0.02625 0.013120899718837863
0 0.644375 0.6738519212746017 0.02125 0.015932521087160263
0 0.606875 0.6396438612933458 0.0225 0.01499531396438613
0 0.354375 0.4372071227741331 0.02375 0.02436738519212746
0 0.658125 0.6138706654170571 0.04875 0.03748828491096532
0 0.324375 0.43064667291471415 0.0375 0.029053420805998126
0 0.3325 0.4793814432989691 0.0375 0.029053420805998126
0 0.68125 0.7080599812558576 0.02 0.013120899718837863
0 0.868125 0.8448922211808809 0.025 0.01499531396438613
0 0.7025 0.8275538894095595 0.01875 0.014058106841611996
0 0.609375 0.8434864104967198 0.05875 0.03936269915651359
0 0.72625 0.915182755388941 0.0225 0.013120899718837863
0 0.889375 0.9306466729147141 0.025 0.01499531396438613
0 0.641875 0.38940955951265227 0.07125 0.053420805998125584
0 0.48 0.9423617619493908 0.07625 0.056232427366447985
0 0.471875 0.7197750702905342 0.0775 0.05810684161199625
0 0.485 0.6499531396438613 0.08 0.061855670103092786
0 0.330625 0.07778819119025304 0.05875 0.05716963448922212
0 0.92875 0.5726335520149953 0.05 0.03280224929709466
0 0.419375 0.6593252108716027 0.07125 0.05435801312089972
0 0.845625 0.7525773195876289 0.05 0.038425492033739454
0 0.82 0.46954076850984067 0.04375 0.031865042174320526
0 0.5825 0.1668228678537957 0.06375 0.046860356138706656
0 0.373125 0.4765698219306467 0.055 0.03467666354264293
0 0.868125 0.6321462043111528 0.045 0.029053420805998126
0 0.629375 0.5182755388940956 0.04125 0.04498594189315839
0 0.83 0.5970009372071228 0.045 0.02999062792877226
0 0.141875 0.19400187441424555 0.04625 0.04217432052483599
0 0.0875 0.34395501405810686 0.03875 0.041237113402061855
0 0.88625 0.7628865979381443 0.0575 0.03748828491096532
0 0.646875 0.49250234301780693 0.0475 0.04779756326148079
0 0.36125 0.6776007497656982 0.07125 0.05060918462980318
0 0.64375 0.8209934395501406 0.04 0.033739456419868794
0 0.6575 0.5824742268041238 0.0575 0.03936269915651359
0 0.64875 0.31537019681349576 0.04 0.033739456419868794
0 0.855625 0.24273664479850046 0.05875 0.033739456419868794
0 0.72375 0.253514526710403 0.03375 0.03561387066541706
0 0.75125 0.18556701030927836 0.05125 0.03748828491096532
0 0.50875 0.6818181818181818 0.05125 0.030927835051546393
0 0.838125 0.2614807872539831 0.04 0.029053420805998126
0 0.81125 0.2788191190253046 0.0425 0.030927835051546393
0 0.3375 0.5899718837863168 0.015 0.01218369259606373
0 0.924375 0.380506091846298 0.04375 0.02530459231490159
0 0.956875 0.21743205248359887 0.03 0.02999062792877226
0 0.354375 0.2736644798500469 0.0375 0.031865042174320526
0 0.23125 0.4456419868791003 0.06875 0.04217432052483599
1 0.314375 0.37628865979381443 0.39 0.2849109653233365