0 0.955625 0.2104029990627929 0.02625 0.029053420805998126
0 0.8875 0.08528584817244611 0.0225 0.041237113402061855
0 0.21375 0.5590440487347704 0.025 0.023430178069353328
0 0.074375 0.6513589503280225 0.02375 0.020618556701030927
0 0.205 0.6590440487347704 0.0325 0.023327085285848266
0 0.113125 0.49343955014058105 0.03125 0.02155576382380506
0 0.5375 0.5318650421743205 0.035 0.019681349578256794
0 0.534375 0.17572633552014996 0.08875 0.08341143392689784
0 0.601875 0.8106841611996252 0.13375 0.09184629803186505
0 0.4825 0.46579194001874413 0.085 0.07310215557638237
0 0.054450000000000005 0.42736644798500467 0.09858750000000001 0.08059981255857544
1 0.7825624999999999 0.19729147141518275 0.22762499999999988 0.3467947516401124
0 0.806875 0.11246485473289597 0.07125 0.056232427366447985
0 0.453125 0.7947516401124649 0.11625 0.06935332708528585
0 0.2825 0.25585754451733833 0.0725 0.05060918462980318
0 0.34578749999999997 0.6491377694470478 0.10375 0.08153701968134958
0 0.464375 0.09465791940018745 0.06875 0.05435801312089972
0 0.8489 0.8073383317713214 0.08528750000000002 0.07953139643861284
0 0.2578125 0.6385192127460169 0.08811250000000001 0.07014058106841604
0 0.5175 0.5937207122774133 0.0675 0.04779756326148079
0 0.314375 0.3914526710402999 0.06625 0.04625117150890349
0 0.22875 0.2169634489222118 0.0475 0.03467666354264293
0 0.184375 0.40487347703842547 0.05375 0.02999062792877226
0 0.156875 0.14198687910028115 0.05625 0.038425492033739454
0 0.209375 0.3570759137769447 0.05125 0.041237113402061855
0 0.069375 0.11527647610121837 0.06625 0.046860356138706656
0 0.189375 0.443767572633552 0.04375 0.03280224929709466
0 0.164375 0.5271790065604499 0.03875 0.030927835051546393
0 0.353125 0.7150890346766635 0.04375 0.028116213683223992
0 0.91625 0.42642924086223055 0.0325 0.033739456419868794
0 0.71625 0.9545454545454546 0.065 0.04592314901593252
0 0.9775 0.4722961574507966 0.045 0.10900656044985947
0 0.446875 0.5824742268041238 0.06125 0.04967197750702906
0 0.776425 0.5009372071227741 0.021374999999999887 0.018650421743205334
0 0.9909250000000001 0.6255763823805061 0.017975000000000137 0.01922211808809746
0 0.9703624999999999 0.6240393626991565 0.021087499999999863 0.022399250234301865
0 0.9730625 0.6442642924086223 0.02491250000000008 0.020477975632614723
1 0.981875 0.5852858481724461 0.03625 0.16213683223992503
0 0.890625 0.8260918462980319 0.007587499999999921 0.01346766635426419
0 0.560225 0.9260356138706655 0.03541250000000005 0.019400187441424598
0 0.4688875 0.8794751640112465 0.03784999999999997 0.02276476101218366
0 0.40216250000000003 0.824929709465792 0.039912499999999934 0.025079662605435794
0 0.24202500000000002 0.8911996251171509 0.016875 0.00962511715089033
0 0.2318875 0.8576850984067479 0.01927500000000002 0.011668228678538
0 0.22719999999999999 0.8249765698219307 0.016837500000000033 0.009343955014058132
0 0.047712500000000005 0.8027366447985005 0.039275000000000004 0.026822867853795587
1 0.0826625 0.6855201499531397 0.165325 0.2114526710402998
1 0.011275 0.5640487347703843 0.02255 0.07052483598875352
0 0.4291625 0.6380131208997188 0.055112500000000036 0.018781630740393594
0 0.4093875 0.6067853795688848 0.0664125 0.051583880037488254
0 0.00625 0.43252108716026244 0.0125 0.07029053420805999
0 0.9336 0.19591377694470477 0.036750000000000116 0.028294283036551075
0 0.9423125 0.2684536082474227 0.02397500000000008 0.026541705716963494
1 0.949625 0.33284910965323333 0.10074999999999988 0.30930646672914713
0 0.6476875 0.7098781630740394 0.024712499999999978 0.02484536082474226