0 0.8975 0.16588566073102157 0.03125 0.031865042174320526
0 0.806875 0.04873477038425492 0.03 0.04311152764761012
0 0.2275 0.5885660731021556 0.02875 0.026241799437675725
0 0.106875 0.6944704779756327 0.0275 0.022492970946579195
0 0.2375 0.6883786316776007 0.03625 0.026241799437675725
0 0.115625 0.5337394564198688 0.035 0.02436738519212746
0 0.543125 0.5276476101218369 0.03875 0.023430178069353328
0 0.47375 0.17525773195876287 0.10375 0.09184629803186505
0 0.65875 0.7970946579194002 0.15 0.1049671977507029
0 0.47625 0.4681349578256795 0.0975 0.08153701968134958
0 0.050625 0.4742268041237113 0.10125 0.08997188378631678
1 0.72375 0.17713214620431114 0.29 0.3542642924086223
0 0.731875 0.08434864104967198 0.08125 0.06279287722586692
0 0.508125 0.7966260543580131 0.1275 0.08059981255857544
0 0.239375 0.28116213683223995 0.08125 0.05810684161199625
0 0.375 0.6640112464854733 0.1175 0.09184629803186505
0 0.389375 0.1021555763823805 0.07875 0.06091846298031865
0 0.9025 0.7680412371134021 0.09875 0.08809746954076851
0 0.285625 0.662605435801312 0.1 0.07872539831302718
0 0.535 0.5909090909090909 0.07625 0.05435801312089972
0 0.29625 0.4119025304592315 0.07375 0.05248359887535145
0 0.17875 0.2478912839737582 0.05375 0.03936269915651359
0 0.17 0.4386129334582943 0.05875 0.03561387066541706
0 0.09375 0.18134957825679476 0.0625 0.044048734770384255
0 0.185625 0.3889409559512652 0.05875 0.04592314901593252
0 0.019375 0.1635426429240862 0.03875 0.053420805998125584
0 0.181875 0.4765698219306467 0.05 0.03748828491096532
0 0.1725 0.5618556701030928 0.04375 0.03467666354264293
0 0.394375 0.7282099343955014 0.04875 0.03280224929709466
0 0.89875 0.3837863167760075 0.03875 0.03655107778819119
0 0.79875 0.9273664479850047 0.0725 0.05248359887535145
0 0.9675 0.422680412371134 0.065 0.11246485473289597
0 0.4625 0.5871602624179943 0.07 0.05529522024367385
0 0.77375 0.471883786316776 0.025 0.020618556701030927
0 0.988125 0.5735707591377694 0.02375 0.02436738519212746
0 0.99 0.5932521087160263 0.02 0.022492970946579195
1 0.98 0.5337394564198688 0.04 0.1640112464854733
0 0.9475 0.782099343955014 0.01 0.014058106841611996
0 0.63875 0.915651358950328 0.03875 0.022492970946579195
0 0.539375 0.8791002811621368 0.04125 0.026241799437675725
0 0.463125 0.8317713214620431 0.04375 0.029053420805998126
0 0.316875 0.9142455482661668 0.01875 0.011246485473289597
0 0.300625 0.8823805060918463 0.02125 0.013120899718837863
0 0.29 0.8500468603561387 0.01875 0.011246485473289597
0 0.108125 0.8467666354264293 0.04375 0.030927835051546393
1 0.12125 0.7272727272727273 0.2025 0.2268041237113402
1 0.028125 0.6143392689784443 0.035 0.07216494845360824
0 0.455625 0.6438612933458294 0.0575 0.02436738519212746
0 0.43 0.6152764761012184 0.075 0.05810684161199625
0 0.005625 0.4845360824742268 0.01125 0.07122774133083412
0 0.873125 0.15370196813495782 0.04125 0.031865042174320526
0 0.895 0.22446110590440488 0.02875 0.029053420805998126
1 0.914375 0.28772258669165884 0.1575 0.316776007497657
0 0.685 0.6925960637300843 0.02875 0.02717900656044986