0 0.989375 0.2478912839737582 0.02125 0.030927835051546393
0 0.943125 0.11808809746954077 0.02875 0.04311152764761012
0 0.206875 0.5360824742268041 0.02875 0.02530459231490159
0 0.055625 0.6171508903467666 0.02625 0.022492970946579195
0 0.184375 0.6349578256794751 0.035 0.02530459231490159
0 0.11625 0.4629803186504217 0.03375 0.023430178069353328
0 0.533125 0.5346766635426429 0.0375 0.022492970946579195
0 0.579375 0.18041237113402062 0.1 0.08997188378631678
0 0.558125 0.816776007497657 0.14625 0.1021555763823805
0 0.4875 0.46438612933458295 0.095 0.07966260543580131
0 0.066875 0.39268978444236174 0.10875 0.08809746954076851
1 0.823125 0.2211808809746954 0.275 0.3626991565135895
0 0.859375 0.1387066541705717 0.07875 0.061855670103092786
0 0.4125 0.7895970009372071 0.125 0.07778819119025304
0 0.3175 0.23992502343017807 0.07875 0.056232427366447985
0 0.325625 0.6363636363636364 0.115 0.08903467666354264
0 0.52125 0.09418931583880037 0.07625 0.059044048734770385
0 0.804375 0.8331771321462043 0.09625 0.08622305529522024
0 0.24 0.6185567010309279 0.0975 0.07685098406747891
0 0.504375 0.5946579194001874 0.07375 0.05248359887535145
0 0.330625 0.3776944704779756 0.0725 0.05154639175257732
0 0.27 0.19728209934395502 0.0525 0.038425492033739454
0 0.199375 0.380506091846298 0.0575 0.033739456419868794
0 0.20875 0.11715089034676664 0.06125 0.04217432052483599
0 0.230625 0.33505154639175255 0.05625 0.04498594189315839
0 0.125625 0.08341143392689784 0.0725 0.05154639175257732
0 0.19875 0.4198687910028116 0.0475 0.03561387066541706
0 0.1625 0.5009372071227741 0.0425 0.033739456419868794
0 0.32375 0.7024367385192127 0.0475 0.030927835051546393
0 0.924375 0.4592314901593252 0.0375 0.03655107778819119
0 0.651875 0.9690721649484536 0.07125 0.05060918462980318
0 0.974375 0.5093720712277413 0.05125 0.11152764761012184
0 0.435625 0.577788191190253 0.0675 0.05435801312089972
0 0.775 0.5224929709465792 0.02375 0.020618556701030927
0 0.970625 0.6635426429240863 0.02 0.020618556701030927
0 0.950625 0.6602624179943768 0.02375 0.02436738519212746
0 0.950625 0.6804123711340206 0.0275 0.022492970946579195
1 0.9675 0.6227741330834115 0.05875 0.1640112464854733
0 0.843125 0.8547328959700093 0.01 0.014058106841611996
0 0.500625 0.9283036551077788 0.0375 0.022492970946579195
0 0.41625 0.8748828491096532 0.04125 0.02530459231490159
0 0.3575 0.8153701968134958 0.04375 0.028116213683223992
0 0.18875 0.8687910028116214 0.0175 0.011246485473289597
0 0.18375 0.8345829428303655 0.02125 0.013120899718837863
0 0.183125 0.8017806935332709 0.0175 0.010309278350515464
0 0.014375 0.7656982193064668 0.02875 0.02999062792877226
1 0.078125 0.6513589503280225 0.15625 0.22305529522024367
1 0.010625 0.5253045923149016 0.02125 0.07216494845360824
0 0.41 0.6316776007497656 0.0575 0.023430178069353328
0 0.395 0.598875351452671 0.07375 0.056232427366447985
0 0.018125 0.394095595126523 0.0225 0.07122774133083412
0 0.97375 0.23149015932521086 0.04 0.030927835051546393
0 0.971875 0.3045923149015933 0.0275 0.028116213683223992
1 0.949375 0.36879100281162136 0.10125 0.3158388003748828
0 0.6175 0.7202436738519212 0.0275 0.026241799437675725