0 0.046875 0.23008434864104968 0.01625 0.01218369259606373
0 0.3075 0.15604498594189317 0.02125 0.022492970946579195
0 0.40125 0.048266166822867856 0.01875 0.020618556701030927
0 0.61625 0.5220243673851921 0.03625 0.022492970946579195
0 0.55875 0.5829428303655108 0.02875 0.023430178069353328
0 0.02 0.6607310215557638 0.02375 0.019681349578256794
0 0.46875 0.8940955951265229 0.035 0.023430178069353328
0 0.524375 0.8139643861293346 0.03 0.015932521087160263
0 0.585625 0.7244611059044048 0.02125 0.015932521087160263
0 0.376875 0.8898781630740393 0.01875 0.016869728209934397
0 0.67625 0.7628865979381443 0.01625 0.01499531396438613
0 0.17 0.48500468603561386 0.15875 0.12277413308341144
0 0.6425 0.45595126522961577 0.1325 0.061855670103092786
0 0.0525 0.5084348641049672 0.105 0.11715089034676664
0 0.650625 0.37300843486410495 0.11625 0.046860356138706656
0 0.640625 0.1527647610121837 0.075 0.06841611996251172
0 0.615625 0.26288659793814434 0.06625 0.07778819119025304
0 0.780625 0.29896907216494845 0.0575 0.04498594189315839
0 0.50875 0.6223055295220243 0.12625 0.05248359887535145
0 0.48125 0.4339268978444236 0.05 0.033739456419868794
0 0.9625 0.10449859418931584 0.075 0.06091846298031865
0 0.52375 0.5112464854732895 0.0575 0.028116213683223992
0 0.269375 0.563261480787254 0.0475 0.033739456419868794
0 0.696875 0.07638238050609185 0.0525 0.03936269915651359
0 0.85875 0.42033739456419866 0.05875 0.03936269915651359
1 0.941875 0.3781630740393627 0.11625 0.08528584817244611
0 0.021875 0.5899718837863168 0.04375 0.04029990627928772
0 0.231875 0.5726335520149953 0.0225 0.015932521087160263
0 0.600625 0.6218369259606373 0.03125 0.026241799437675725
0 0.76 0.6110590440487348 0.08125 0.061855670103092786
0 0.548125 0.6850984067478912 0.03875 0.02155576382380506
0 0.8675 0.7797563261480788 0.0375 0.019681349578256794
0 0.604375 0.8814432989690721 0.025 0.015932521087160263
0 0.9525 0.6611996251171509 0.06625 0.053420805998125584
0 0.925 0.6316776007497656 0.02625 0.01218369259606373
0 0.898125 0.4700093720712277 0.07125 0.04498594189315839
0 0.958125 0.43064667291471415 0.03875 0.02436738519212746
0 0.968125 0.22305529522024367 0.06375 0.04873477038425492
0 0.869375 0.15557638238050608 0.03375 0.033739456419868794
0 0.82125 0.1794751640112465 0.06125 0.04592314901593252
0 0.51125 0.007497656982193065 0.0175 0.01499531396438613
0 0.2925 0.16588566073102157 0.0125 0.016869728209934397
0 0.129375 0.11949390815370196 0.01875 0.013120899718837863
0 0.345625 0.2436738519212746 0.02125 0.014058106841611996
0 0.364375 0.246485473289597 0.01875 0.01218369259606373
0 0.36375 0.2563261480787254 0.01125 0.013120899718837863
0 0.355 0.25585754451733833 0.01125 0.01218369259606373
0 0.341875 0.253514526710403 0.01875 0.013120899718837863
0 0.3325 0.26288659793814434 0.01375 0.01218369259606373
0 0.343125 0.2633552014995314 0.0125 0.01218369259606373
0 0.3525 0.26710402999062793 0.015 0.011246485473289597
0 0.36625 0.2694470477975633 0.015 0.013120899718837863
0 0.355 0.2774133083411434 0.01375 0.01218369259606373
0 0.351875 0.2872539831302718 0.015 0.013120899718837863
0 0.344375 0.2755388940955951 0.0125 0.013120899718837863
0 0.333125 0.27319587628865977 0.01375 0.014058106841611996
1 0.993125 0.3416119962511715 0.01375 0.03467666354264293