0 0.0175 0.260543580131209 0.015 0.011246485473289597
0 0.268125 0.17010309278350516 0.01875 0.02155576382380506
0 0.349275 0.05646672914714152 0.01603750000000005 0.019212746016869727
0 0.618125 0.514526710402999 0.03375 0.020618556701030927
0 0.568125 0.5787253983130272 0.02625 0.02155576382380506
0 0.040625 0.6916588566073102 0.02125 0.01874414245548266
0 0.515 0.8947141518275539 0.0325 0.02184629803186499
0 0.560625 0.8111527647610122 0.02875 0.014058106841611996
0 0.61125 0.717900656044986 0.02 0.01499531396438613
0 0.4226625 0.8965885660731021 0.0175 0.015932521087160263
0 0.70625 0.7502343017806935 0.015 0.014058106841611996
0 0.169375 0.506560449859419 0.14625 0.1134020618556701
0 0.636875 0.4465791940018744 0.12625 0.053420805998125584
0 0.050625 0.5379568884723523 0.10125 0.1105904404873477
0 0.635 0.36363636363636365 0.1125 0.03936269915651359
0 0.6 0.14479850046860357 0.0675 0.06466729147141519
0 0.5875 0.2563261480787254 0.0575 0.07403936269915651
0 0.7561249999999999 0.28139643861293345 0.052750000000000054 0.04170571696344892
0 0.523125 0.6213683223992502 0.12125 0.04498594189315839
0 0.47387500000000005 0.4353327085285848 0.04625 0.030927835051546393
0 0.929375 0.07544517338331772 0.09625 0.05529522024367385
0 0.525 0.5098406747891284 0.055 0.02436738519212746
0 0.27775 0.5779194001874414 0.04448750000000004 0.031190253045923124
0 0.646875 0.06513589503280225 0.04875 0.03655107778819119
0 0.84795 0.39719775070290536 0.05449999999999989 0.0359044048734771
1 0.93625 0.34957825679475163 0.1275 0.07685098406747891
0 0.032625 0.6212558575445173 0.044762500000000004 0.03725398313027179
0 0.00875 0.6424554826616682 0.0175 0.02530459231490159
0 0.24135 0.5897375820056232 0.021087500000000006 0.014161199625117056
0 0.6142375 0.6146766635426429 0.02882499999999993 0.024461105904404788
0 0.7721875 0.5934489222118089 0.07525000000000005 0.056907216494845383
0 0.5697375 0.6812746016869727 0.036212500000000036 0.019456419868790993
0 0.898825 0.7546016869728209 0.03586250000000007 0.01735707591377693
0 0.6480125 0.8731583880037488 0.023937500000000042 0.014564198687909993
0 0.9694750000000001 0.6308903467666354 0.061049999999999896 0.050028116213683325
0 0.9384125 0.6034676663542643 0.025662499999999967 0.010496719775070332
0 0.8928499999999999 0.44389878163074037 0.06611250000000013 0.04107778819119029
0 0.9484375 0.4008997188378632 0.0365625 0.02222118088097473
0 0.9520624999999999 0.1929240862230553 0.09587500000000006 0.04291471415182757
0 0.827775 0.13253983130271788 0.029524999999999864 0.03195876288659795
0 0.7827500000000001 0.1595688847235239 0.05697499999999991 0.042268041237113425
0 0.4545375 0.007797563261480788 0.015462500000000006 0.015595126522961576
0 0.254375 0.180543580131209 0.011237500000000011 0.01614807872539833
0 0.08657500000000001 0.14492970946579192 0.016875 0.011808809746954098
0 0.31655 0.2545454545454546 0.020499999999999973 0.012324273664479829
0 0.3357 0.2562230552952202 0.01737499999999997 0.011546391752577366
0 0.3357 0.2661761949390815 0.010337499999999977 0.012118088097469493
0 0.3271 0.26647610121836923 0.010337499999999977 0.011827553889409564
0 0.313725 0.2645735707591378 0.017174999999999975 0.01188378631677596
0 0.305425 0.27489222118088097 0.011899999999999977 0.011162136832239895
0 0.3162625 0.274601686972821 0.011712500000000006 0.011743205248359862
0 0.326125 0.27746016869728213 0.013462499999999978 0.010431115276476097
0 0.33990000000000004 0.27913776944704777 0.013275000000000006 0.012624179943767598
0 0.3298375 0.2877788191190253 0.011924999999999955 0.011752577319587594
0 0.3274875 0.29788191190253044 0.01427499999999995 0.012052483598875363
0 0.3186 0.2865323336457357 0.010562500000000022 0.012193064667291463
0 0.307475 0.2847797563261481 0.012100000000000008 0.0130740393626992
1 0.9843500000000001 0.3093158388003749 0.03128749999999997 0.03303655107778819