0 0.933125 0.21274601686972822 0.0175 0.013120899718837863
0 0.668125 0.14901593252108716 0.0225 0.023430178069353328
0 0.566875 0.04498594189315839 0.02 0.020618556701030927
0 0.385625 0.5267104029990628 0.0375 0.02436738519212746
0 0.446875 0.5852858481724461 0.03 0.02436738519212746
0 0.98875 0.6419868791002812 0.0225 0.020618556701030927
0 0.558125 0.8922211808809747 0.03625 0.02530459231490159
0 0.4975 0.8144329896907216 0.03125 0.016869728209934397
0 0.43 0.7272727272727273 0.0225 0.016869728209934397
0 0.65 0.8847235238987816 0.02 0.01780693533270853
0 0.3425 0.7694470477975632 0.0175 0.015932521087160263
0 0.82875 0.471883786316776 0.16625 0.1274601686972821
0 0.354375 0.46157450796626054 0.135 0.06654170571696345
0 0.945625 0.4901593252108716 0.10875 0.11996251171508904
0 0.34125 0.37910028116213684 0.11875 0.05060918462980318
0 0.335 0.15885660731021556 0.07875 0.07122774133083412
0 0.368125 0.26804123711340205 0.07125 0.07966260543580131
0 0.205625 0.31021555763823805 0.06 0.046860356138706656
0 0.499375 0.6227741330834115 0.12875 0.05716963448922212
0 0.51375 0.43345829428303656 0.05125 0.03561387066541706
0 0.024375 0.12417994376757263 0.04875 0.06466729147141519
0 0.476875 0.5121836925960638 0.05875 0.02999062792877226
0 0.734375 0.5538894095595126 0.05 0.03561387066541706
0 0.27375 0.08481724461105905 0.055 0.041237113402061855
0 0.13625 0.4343955014058107 0.06125 0.041237113402061855
1 0.055 0.3959700093720712 0.11 0.08903467666354264
0 0.98 0.5707591377694471 0.04 0.041237113402061855
0 0.7725 0.5618556701030928 0.02375 0.015932521087160263
0 0.408125 0.6255857544517338 0.0325 0.02717900656044986
0 0.2475 0.6208997188378632 0.085 0.06466729147141519
0 0.464375 0.6869728209934396 0.04 0.023430178069353328
0 0.1525 0.7938144329896907 0.03875 0.020618556701030927
0 0.4225 0.8851921274601687 0.02625 0.016869728209934397
0 0.059375 0.6785379568884724 0.07 0.056232427366447985
0 0.085 0.648078725398313 0.0275 0.013120899718837863
0 0.100625 0.4854732895970009 0.0725 0.04779756326148079
0 0.0375 0.4484536082474227 0.04 0.026241799437675725
0 0.023125 0.24273664479850046 0.04625 0.05248359887535145
0 0.1075 0.17010309278350516 0.035 0.03467666354264293
0 0.156875 0.19259606373008434 0.06375 0.04779756326148079
0 0.453125 0.007966260543580132 0.01875 0.015932521087160263
0 0.68375 0.1579194001874414 0.01375 0.016869728209934397
0 0.84375 0.10543580131208997 0.01875 0.013120899718837863
0 0.63625 0.23758200562324275 0.0225 0.014058106841611996
0 0.6175 0.24133083411433928 0.01875 0.013120899718837863
0 0.619375 0.2511715089034677 0.0125 0.013120899718837863
0 0.628125 0.2507029053420806 0.0125 0.013120899718837863
0 0.640625 0.24742268041237114 0.01875 0.013120899718837863
0 0.650625 0.25679475164011245 0.01375 0.01218369259606373
0 0.64 0.25773195876288657 0.01375 0.013120899718837863
0 0.630625 0.2614807872539831 0.015 0.01218369259606373
0 0.6175 0.2647610121836926 0.015 0.014058106841611996
0 0.629375 0.27225866916588565 0.01375 0.013120899718837863
0 0.633125 0.281630740393627 0.01625 0.013120899718837863
0 0.64 0.2694470477975633 0.0125 0.013120899718837863
0 0.650625 0.2666354264292409 0.015 0.014058106841611996