0 0.295 0.18650421743205248 0.035 0.02155576382380506
0 0.106875 0.1330834114339269 0.04 0.022492970946579195
0 0.14625 0.26101218369259604 0.0175 0.01218369259606373
0 0.549375 0.17197750702905343 0.045 0.020618556701030927
0 0.64875 0.2661668228678538 0.04625 0.026241799437675725
0 0.69625 0.17994376757263356 0.03 0.019681349578256794
0 0.673125 0.27225866916588565 0.0125 0.014058106841611996
0 0.87375 0.34817244611059045 0.03875 0.026241799437675725
0 0.80375 0.3149015932521087 0.03125 0.020618556701030927
0 0.740625 0.23430178069353327 0.03125 0.020618556701030927
0 0.2475 0.5093720712277413 0.035 0.02530459231490159
0 0.25375 0.43580131208997186 0.01625 0.010309278350515464
0 0.186875 0.584817244611059 0.0175 0.011246485473289597
0 0.13625 0.44283036551077787 0.01625 0.00937207122774133
0 0.220625 0.35941893158388005 0.03625 0.019681349578256794
0 0.039375 0.5018744142455482 0.01875 0.014058106841611996
0 0.20625 0.4751640112464855 0.01375 0.00937207122774133
0 0.243125 0.33786316776007497 0.0375 0.022492970946579195
0 0.033125 0.34114339268978444 0.01375 0.03467666354264293
0 0.326875 0.5093720712277413 0.02375 0.00937207122774133
0 0.623125 0.37066541705716965 0.03 0.03748828491096532
0 0.645 0.35754451733833176 0.02375 0.028116213683223992
0 0.3175 0.6227741330834115 0.0175 0.011246485473289597
0 0.4325 0.6152764761012184 0.015 0.011246485473289597
0 0.541875 0.5374882849109653 0.015 0.01499531396438613
0 0.551875 0.5660731021555764 0.01125 0.00937207122774133
0 0.63875 0.5567010309278351 0.0175 0.01499531396438613
0 0.5625 0.4554826616682287 0.015 0.011246485473289597
0 0.891875 0.4587628865979381 0.0375 0.02717900656044986
0 0.798125 0.40253045923149017 0.0325 0.02999062792877226
0 0.863125 0.5829428303655108 0.04125 0.029053420805998126
0 0.659375 0.64058106841612 0.03375 0.028116213683223992
0 0.826875 0.6424554826616682 0.03375 0.02436738519212746
0 0.878125 0.6925960637300843 0.0175 0.010309278350515464
0 0.840625 0.5182755388940956 0.0375 0.02717900656044986
0 0.758125 0.37488284910965325 0.04125 0.019681349578256794
0 0.67125 0.53514526710403 0.0175 0.019681349578256794
0 0.72125 0.3851921274601687 0.0225 0.014058106841611996
0 0.718125 0.394095595126523 0.02375 0.01218369259606373
0 0.216875 0.6785379568884724 0.0175 0.01218369259606373
0 0.33375 0.6710402999062793 0.01375 0.011246485473289597
0 0.35 0.7188378631677601 0.01375 0.011246485473289597
0 0.42125 0.6907216494845361 0.015 0.00937207122774133
0 0.750625 0.7938144329896907 0.015 0.01218369259606373
0 0.818125 0.7319587628865979 0.01875 0.011246485473289597
0 0.843125 0.7582005623242737 0.02 0.011246485473289597
1 0.4825 0.36363636363636365 0.19125 0.13964386129334583
0 0.2375 0.12277413308341144 0.11875 0.07216494845360824
0 0.090625 0.3598875351452671 0.06 0.056232427366447985
1 0.328125 0.3898781630740394 0.18375 0.14995313964386128
1 0.335625 0.2774133083411434 0.18 0.13683223992502344
0 0.89375 0.5468603561387066 0.0425 0.030927835051546393
0 0.4525 0.14386129334582942 0.07 0.05060918462980318
0 0.155 0.4831302717900656 0.0475 0.04779756326148079
0 0.60625 0.16588566073102157 0.045 0.03561387066541706
0 0.80125 0.6176194939081537 0.04625 0.02717900656044986
0 0.75 0.3622305529522024 0.03125 0.01218369259606373
0 0.49 0.42549203373945643 0.0375 0.011246485473289597
0 0.655 0.28209934395501407 0.02375 0.01218369259606373
0 0.75125 0.3781630740393627 0.0225 0.011246485473289597
0 0.15625 0.2717900656044986 0.01625 0.010309278350515464
0 0.18125 0.23477038425492033 0.01625 0.007497656982193065
0 0.179375 0.24273664479850046 0.02375 0.013120899718837863
0 0.241875 0.31958762886597936 0.015 0.01499531396438613
0 0.386875 0.3964386129334583 0.0075 0.011246485473289597
0 0.1675 0.30084348641049674 0.0375 0.031865042174320526
0 0.178125 0.46860356138706655 0.0125 0.014058106841611996
0 0.341875 0.5060918462980318 0.02625 0.008434864104967198
0 0.6525 0.5407685098406748 0.025 0.031865042174320526
0 0.39625 0.39737582005623245 0.00875 0.01218369259606373