0 0.79375 0.22914714151827553 0.0325 0.01874414245548266
0 0.986875 0.20805998125585753 0.02625 0.01874414245548266
0 0.91625 0.32661668228678536 0.01625 0.011246485473289597
0 0.550625 0.17197750702905343 0.04375 0.016869728209934397
0 0.425 0.24695407685098406 0.04375 0.022492970946579195
0 0.404375 0.15510777881911902 0.0275 0.01780693533270853
0 0.4 0.24882849109653232 0.01125 0.013120899718837863
0 0.18125 0.2891283973758201 0.035 0.023430178069353328
0 0.259375 0.2685098406747891 0.02875 0.01780693533270853
0 0.345 0.20056232427366447 0.02875 0.01780693533270853
0 0.02625 0.22164948453608246 0.01375 0.01780693533270853
0 0.743125 0.5515463917525774 0.03125 0.022492970946579195
0 0.759375 0.4793814432989691 0.015 0.00937207122774133
0 0.779375 0.6354264292408622 0.01625 0.010309278350515464
0 0.87125 0.5056232427366448 0.015 0.008434864104967198
0 0.814375 0.41002811621368324 0.03375 0.016869728209934397
0 0.948125 0.5796626054358013 0.0175 0.013120899718837863
0 0.79375 0.5253045923149016 0.0125 0.008434864104967198
0 0.79875 0.3856607310215558 0.035 0.019681349578256794
0 0.66625 0.5384254920337395 0.02375 0.007497656982193065
0 0.989375 0.6110590440487348 0.00875 0.010309278350515464
0 0.41875 0.35332708528584816 0.025 0.03561387066541706
0 0.40125 0.33692596063730085 0.02 0.02717900656044986
0 0.640625 0.6504217432052484 0.01625 0.010309278350515464
0 0.53125 0.6237113402061856 0.01375 0.010309278350515464
0 0.448125 0.5295220243673852 0.01375 0.014058106841611996
0 0.43 0.5552952202436738 0.01 0.008434864104967198
0 0.3475 0.5318650421743205 0.01625 0.014058106841611996
0 0.4525 0.44611059044048734 0.01375 0.010309278350515464
0 0.130625 0.3936269915651359 0.03375 0.02436738519212746
0 0.23875 0.3547328959700094 0.02875 0.028116213683223992
0 0.12125 0.5192127460168697 0.0375 0.02530459231490159
0 0.3025 0.6101218369259607 0.03 0.02530459231490159
0 0.13875 0.5838800374882849 0.03125 0.02155576382380506
0 0.07375 0.6241799437675727 0.01625 0.00937207122774133
0 0.1625 0.4606373008434864 0.03375 0.02436738519212746
0 0.285625 0.3345829428303655 0.04 0.015932521087160263
0 0.3225 0.5051546391752577 0.015 0.01874414245548266
0 0.31875 0.35051546391752575 0.02125 0.01218369259606373
0 0.31875 0.3598875351452671 0.0225 0.010309278350515464
0 0.7225 0.7216494845360825 0.01625 0.011246485473289597
0 0.610625 0.6949390815370197 0.0125 0.010309278350515464
0 0.580625 0.7385192127460168 0.0125 0.010309278350515464
0 0.519375 0.6991565135895033 0.01375 0.008434864104967198
0 0.1675 0.7441424554826617 0.01375 0.011246485473289597
0 0.120625 0.6724461105904405 0.0175 0.010309278350515464
0 0.088125 0.6940018744142455 0.01875 0.010309278350515464
1 0.558125 0.3701968134957826 0.175 0.12558575445173384
0 0.86875 0.17666354264292408 0.11 0.06279287722586692
0 0.94125 0.43252108716026244 0.0525 0.05248359887535145
1 0.700625 0.42127460168697284 0.165 0.13776944704779756
1 0.726875 0.31115276476101217 0.1625 0.1246485473289597
0 0.101875 0.4793814432989691 0.03875 0.028116213683223992
0 0.653125 0.16119962511715089 0.06375 0.04592314901593252
0 0.84125 0.5417057169634489 0.04 0.04592314901593252
0 0.496875 0.15651358950328023 0.04125 0.03280224929709466
0 0.17125 0.5641986879100281 0.04375 0.023430178069353328
0 0.2975 0.323805060918463 0.03 0.00937207122774133
0 0.5325 0.4287722586691659 0.03625 0.008434864104967198
0 0.414375 0.2614807872539831 0.0225 0.010309278350515464
0 0.291875 0.3388003748828491 0.02125 0.00937207122774133
0 0.903125 0.33552014995313967 0.015 0.00937207122774133
0 0.89 0.2952202436738519 0.015 0.005623242736644799
0 0.889375 0.3036551077788191 0.0225 0.011246485473289597
0 0.805625 0.36785379568884724 0.0125 0.014058106841611996
0 0.64125 0.4184629803186504 0.00625 0.010309278350515464
0 0.88375 0.3622305529522024 0.03375 0.029053420805998126
0 0.823125 0.5238987816307404 0.01 0.014058106841611996
0 0.6525 0.5323336457357076 0.02625 0.006560449859418931
0 0.339375 0.514058106841612 0.02 0.02999062792877226
0 0.631875 0.4175257731958763 0.0075 0.01218369259606373