0 0.201875 0.19306466729147143 0.0275 0.02436738519212746
0 0.56 0.31443298969072164 0.02625 0.022492970946579195
0 0.720625 0.14667291471415184 0.0275 0.02530459231490159
0 0.938125 0.6363636363636364 0.02375 0.016869728209934397
0 0.840625 0.8402061855670103 0.01875 0.016869728209934397
0 0.88 0.8327085285848173 0.01625 0.011246485473289597
0 0.481875 0.5121836925960638 0.0825 0.05998125585754452
0 0.22 0.3022492970946579 0.07875 0.06466729147141519
0 0.525 0.9029990627928772 0.0975 0.061855670103092786
0 0.973125 0.5018744142455482 0.05375 0.07216494845360824
0 0.681875 0.1401124648547329 0.085 0.10871602624179943
0 0.276875 0.3364573570759138 0.05625 0.04217432052483599
0 0.5525 0.6682286785379569 0.095 0.08903467666354264
0 0.765625 0.38331771321462044 0.09 0.044048734770384255
0 0.870625 0.7328959700093721 0.04625 0.05529522024367385
0 0.835625 0.34957825679475163 0.04375 0.030927835051546393
0 0.800625 0.24976569821930647 0.045 0.031865042174320526
0 0.06625 0.08716026241799438 0.04875 0.07591377694470477
0 0.969375 0.6110590440487348 0.04375 0.044048734770384255
0 0.40875 0.6251171508903468 0.1075 0.07591377694470477
0 0.73875 0.408622305529522 0.165 0.056232427366447985
0 0.715 0.4957825679475164 0.135 0.07216494845360824
0 0.70125 0.6462043111527648 0.02 0.019681349578256794
0 0.465625 0.6101218369259607 0.10125 0.07216494845360824
0 0.71875 0.5154639175257731 0.0375 0.022492970946579195
0 0.741875 0.47375820056232426 0.15875 0.10309278350515463
0 0.995 0.3477038425492034 0.01 0.04498594189315839
0 0.70625 0.15651358950328023 0.01375 0.02999062792877226
0 0.56625 0.28350515463917525 0.02875 0.02155576382380506
0 0.559375 0.2713214620431115 0.01875 0.01499531396438613
0 0.189375 0.1888472352389878 0.02125 0.01874414245548266
0 0.1925 0.17666354264292408 0.02625 0.011246485473289597
0 0.05875 0.19775070290534208 0.025 0.013120899718837863
0 0.2025 0.2881911902530459 0.02625 0.01874414245548266
0 0.28375 0.33083411433926896 0.015 0.01218369259606373
0 0.244375 0.48406747891283974 0.0175 0.013120899718837863
0 0.229375 0.4662605435801312 0.02 0.014058106841611996
0 0.22875 0.4775070290534208 0.0175 0.015932521087160263
0 0.04625 0.46860356138706655 0.0925 0.08059981255857544
0 0.78875 0.9175257731958762 0.02125 0.013120899718837863
0 0.793125 0.9737582005623243 0.03 0.02717900656044986
0 0.919375 0.8383317713214621 0.02 0.015932521087160263
0 0.914375 0.7521087160262419 0.0225 0.020618556701030927
0 0.94125 0.7033739456419869 0.02875 0.03936269915651359
0 0.931875 0.7361761949390815 0.02125 0.015932521087160263
0 0.47 0.5079662605435802 0.02125 0.013120899718837863