0 0.10625 0.2614807872539831 0.03 0.02530459231490159
0 0.49375 0.30927835051546393 0.02875 0.023430178069353328
0 0.59125 0.11574507966260543 0.03 0.026241799437675725
0 0.970625 0.5468603561387066 0.02625 0.01780693533270853
0 0.94625 0.7624179943767573 0.02125 0.01780693533270853
0 0.981875 0.7474226804123711 0.0175 0.01218369259606373
0 0.48625 0.5149953139643861 0.0875 0.06466729147141519
0 0.16125 0.3631677600749766 0.085 0.06841611996251172
0 0.663125 0.8842549203373946 0.1025 0.06747891283973759
0 0.960625 0.41002811621368324 0.06625 0.07497656982193064
0 0.55125 0.11715089034676664 0.09625 0.11246485473289597
0 0.2275 0.3851921274601687 0.06 0.04498594189315839
0 0.60875 0.6522961574507966 0.10375 0.09372071227741331
0 0.71625 0.33552014995313967 0.09375 0.04873477038425492
0 0.938125 0.6527647610121837 0.05125 0.05716963448922212
0 0.7725 0.28959700093720714 0.0475 0.03280224929709466
0 0.704375 0.2000937207122774 0.0475 0.033739456419868794
0 0.98375 0.5159325210871603 0.0325 0.04592314901593252
0 0.455 0.6387066541705717 0.115 0.08153701968134958
0 0.69875 0.3655107778819119 0.16875 0.06560449859418932
0 0.70625 0.45407685098406747 0.14 0.07966260543580131
0 0.744375 0.6021555763823805 0.02125 0.020618556701030927
0 0.505 0.612933458294283 0.1075 0.07685098406747891
0 0.71625 0.47282099343955014 0.03875 0.02530459231490159
0 0.724375 0.42736644798500467 0.16875 0.11152764761012184
0 0.936875 0.25445173383317715 0.03625 0.04592314901593252
0 0.93375 0.22211808809746955 0.0225 0.023430178069353328
0 0.580625 0.12839737582005623 0.0175 0.02999062792877226
0 0.489375 0.2778819119025305 0.03125 0.023430178069353328
0 0.47875 0.267572633552015 0.02 0.015932521087160263
0 0.0925 0.25960637300843487 0.0225 0.019681349578256794
0 0.091875 0.24742268041237114 0.0275 0.013120899718837863
0 0.14 0.35332708528584816 0.02875 0.020618556701030927
0 0.2325 0.3786316776007498 0.01625 0.013120899718837863
0 0.2475 0.5342080599812559 0.01875 0.014058106841611996
0 0.2275 0.5201499531396439 0.02125 0.01499531396438613
0 0.23 0.5309278350515464 0.01875 0.016869728209934397
0 0.05 0.5581068416119962 0.1 0.08528584817244611
0 0.9225 0.8472352389878163 0.0225 0.014058106841611996
0 0.946875 0.9006560449859419 0.0325 0.029053420805998126
0 0.986875 0.6630740393626992 0.025 0.02155576382380506
0 0.99 0.6105904404873477 0.02 0.04029990627928772
0 0.99375 0.6438612933458294 0.0125 0.016869728209934397
0 0.47375 0.5135895032802249 0.0225 0.014058106841611996