0 0.1675 0.21368322399250234 0.025 0.022492970946579195
0 0.538125 0.31115276476101217 0.02375 0.020618556701030927
0 0.67875 0.13355201499531397 0.025 0.023430178069353328
0 0.9525 0.6073102155576382 0.0225 0.01499531396438613
0 0.87875 0.816776007497657 0.0175 0.015932521087160263
0 0.9175 0.8064667291471416 0.015 0.010309278350515464
0 0.483075 0.5131771321462043 0.07636250000000004 0.05517338331771311
0 0.19802499999999998 0.3211433926897845 0.07214999999999996 0.05998125585754452
0 0.571875 0.8997188378631678 0.09125 0.056232427366447985
0 0.974375 0.47141518275538896 0.05125 0.06935332708528585
0 0.639375 0.12980318650421743 0.07375 0.10402999062792877
0 0.258475 0.3515557638238051 0.05125 0.03936269915651359
0 0.571875 0.6640112464854733 0.08625 0.08342080599812558
0 0.7513 0.3661668228678538 0.08587500000000006 0.038388003748828524
0 0.89625 0.7075913776944704 0.04 0.05248359887535145
0 0.816875 0.3280224929709466 0.04125 0.028116213683223992
0 0.770625 0.2310215557638238 0.04125 0.029053420805998126
0 0.02 0.1171227741330834 0.04 0.07315838800374883
0 0.980625 0.5801312089971884 0.03875 0.041237113402061855
0 0.42375 0.6307216494845361 0.1 0.06940018744142451
0 0.7270375 0.3932427366447985 0.16016249999999985 0.04567947516401125
0 0.71375 0.4817244611059044 0.1275 0.06373008434864105
0 0.7172499999999999 0.6323149015932521 0.017475000000000022 0.018603561387066456
0 0.47850000000000004 0.6120524835988753 0.09400000000000006 0.06582005623242738
0 0.7195374999999999 0.501227741330834 0.03502499999999998 0.020599812558575462
0 0.7379875 0.45788191190253047 0.14878749999999996 0.09360824742268041
0 0.98685 0.3150796626054358 0.026287499999999967 0.043561387066541724
0 0.991225 0.2829896907216495 0.017537499999999966 0.02104029990627933
0 0.6653125 0.14449859418931585 0.010287500000000022 0.029437675726335544
0 0.5409 0.2800749765698219 0.0265625 0.019868791002811664
0 0.5326124999999999 0.26847235238987815 0.0175 0.013542642924086266
0 0.1544625 0.21010309278350517 0.01875 0.01736644798500466
0 0.156375 0.19788191190253043 0.02535000000000002 0.00968134957825678
0 0.0255375 0.22778819119025306 0.0232625 0.011630740393627015
0 0.179275 0.3086035613870665 0.024624999999999987 0.017207122774133096
0 0.2649875 0.3455295220243674 0.013562500000000028 0.011508903467666328
0 0.243475 0.5009934395501405 0.016287499999999965 0.01177132146204306
0 0.22681249999999997 0.4842174320524836 0.019112500000000025 0.01305529522024368
0 0.2269875 0.49553889409559515 0.015987500000000026 0.0154076850984068
0 0.04305 0.4985379568884724 0.0861 0.07550140581068411
0 0.8359000000000001 0.897169634489222 0.020424999999999898 0.011818181818181724
0 0.8471375000000001 0.9526429240862231 0.026912499999999964 0.02557638238050606
0 0.957225 0.8096438612933459 0.018062500000000058 0.015145267104030068
0 0.9419875000000001 0.7241049671977507 0.02072499999999991 0.019353327085285935
0 0.9634375 0.6737488284910965 0.023950000000000103 0.03797563261480785
0 0.957525 0.7071227741330834 0.019250000000000114 0.014573570759137728
0 0.470875 0.509784442361762 0.020049999999999953 0.011640112464854802