0 0.423125 0.5332708528584817 0.12 0.08153701968134958
0 0.570625 0.40159325210871605 0.10875 0.09090909090909091
0 0.403125 0.5941893158388004 0.1575 0.10590440487347703
0 0.57625 0.2736644798500469 0.1325 0.09559512652296158
0 0.734375 0.5749765698219307 0.09875 0.09184629803186505
0 0.334375 0.9048734770384255 0.1025 0.06654170571696345
0 0.655 0.5796626054358013 0.09625 0.1077788191190253
0 0.454375 0.204311152764761 0.19125 0.1583880037488285
0 0.71375 0.6836925960637301 0.08625 0.1077788191190253
1 0.093125 0.3425492033739456 0.155 0.12277413308341144
0 0.608125 0.4493908153701968 0.05125 0.04217432052483599
1 0.015625 0.5459231490159325 0.03125 0.07403936269915651
1 0.02875 0.6077788191190253 0.0575 0.18650421743205248
0 0.355625 0.7277413308341143 0.0425 0.029053420805998126
0 0.36125 0.7417994376757263 0.02625 0.020618556701030927
0 0.34625 0.8922211808809747 0.02125 0.014058106841611996
0 0.53125 0.38753514526710403 0.0275 0.02999062792877226
1 0.895625 0.944236176194939 0.06375 0.07591377694470477