0 0.425 0.53514526710403 0.11625 0.07966260543580131
0 0.56625 0.39971883786316775 0.105 0.08809746954076851
0 0.408125 0.5970009372071228 0.15375 0.1021555763823805
0 0.565625 0.2717900656044986 0.12875 0.09278350515463918
0 0.738125 0.5688847235238987 0.095 0.08997188378631678
0 0.35375 0.9086223055295221 0.1 0.06373008434864105
0 0.658125 0.5754451733833177 0.0925 0.10590440487347703
0 0.44125 0.2057169634489222 0.185 0.15463917525773196
0 0.721875 0.6780693533270853 0.0825 0.10590440487347703
1 0.08625 0.35332708528584816 0.15125 0.11996251171508904
0 0.605625 0.4465791940018744 0.05 0.041237113402061855
1 0.01625 0.5585754451733833 0.0325 0.07310215557638237
1 0.02875 0.6204311152764761 0.0575 0.18556701030927836
0 0.366875 0.7314901593252109 0.04125 0.029053420805998126
0 0.3725 0.7450796626054358 0.02625 0.019681349578256794
0 0.364375 0.8964386129334583 0.02 0.013120899718837863
0 0.52625 0.3865979381443299 0.02625 0.02999062792877226
1 0.91625 0.9334582942830365 0.06125 0.07497656982193064