1 0.44496250000000004 0.9006841611996251 0.20678750000000007 0.1470852858481725
1 0.2975375 0.944236176194939 0.16445 0.11152764761012184
0 0.4201 0.47891283973758203 0.07481250000000003 0.05435801312089972
0 0.559375 0.5538894095595126 0.04875 0.04311152764761012
0 0.5125 0.5590440487347704 0.05 0.04592314901593252
0 0.470625 0.28256794751640113 0.04375 0.030927835051546393
0 0.429375 0.373477038425492 0.03875 0.02530459231490159
1 0.6727625 0.37533270852858486 0.19127499999999997 0.13790065604498594
0 0.011425000000000001 0.6948641049671977 0.022850000000000002 0.1001312089971883
1 0.5504625 0.5440112464854733 0.16223749999999995 0.10445173383317717
0 0.9875 0.3744142455482662 0.025 0.04779756326148079
0 0.96625 0.5290534208059982 0.065 0.05529522024367385
0 0.57 0.20805998125585753 0.1275 0.07872539831302718
0 0.0125 0.598406747891284 0.025 0.06279287722586692
0 0.955625 0.746485473289597 0.04625 0.038425492033739454
0 0.830625 0.24554826616682288 0.03875 0.020618556701030927
0 0.635 0.34096532333645735 0.0275 0.026597938144329893
0 0.5940625 0.4564198687910028 0.017049999999999982 0.010037488284911
0 0.529375 0.408622305529522 0.02625 0.02436738519212746
0 0.876875 0.38191190253045926 0.03625 0.019681349578256794
0 0.986875 0.6321462043111528 0.02375 0.03655107778819119
0 0.979375 0.4742268041237113 0.03875 0.020618556701030927
0 0.25 0.7736644798500468 0.02 0.014058106841611996
0 0.416875 0.7319587628865979 0.01875 0.016869728209934397
0 0.429375 0.7263355201499532 0.01375 0.020618556701030927
0 0.864375 0.7666354264292409 0.02625 0.028116213683223992
0 0.943125 0.7989690721649485 0.02625 0.029053420805998126
0 0.81875 0.8462980318650422 0.0225 0.01499531396438613
0 0.834375 0.7806935332708529 0.02375 0.01499531396438613
0 0.9 0.8645735707591378 0.0225 0.014058106841611996
0 0.82875 0.746954076850984 0.02 0.01499531396438613
0 0.871875 0.8425492033739457 0.01625 0.013120899718837863
0 0.92 0.6697656982193064 0.0375 0.013795688847235265
0 0.81875 0.8917525773195877 0.015 0.01218369259606373
0 0.901875 0.9095595126522962 0.01375 0.01218369259606373
0 0.953125 0.8612933458294283 0.01625 0.013120899718837863
0 0.883125 0.7975632614807873 0.02375 0.01499531396438613
0 0.97375 0.689784442361762 0.0275 0.016869728209934397
0 0.9899375 0.7241424554826617 0.020112499999999898 0.01569821930646673
0 0.966875 0.8116213683223993 0.01375 0.011246485473289597
0 0.995 0.9254920337394564 0.0075 0.019681349578256794
0 0.5520375 0.7357731958762888 0.009312500000000057 0.009906279287722527
0 0.3091 0.7325585754451733 0.03787500000000001 0.026457357075913793
0 0.26239999999999997 0.7196532333645735 0.04537500000000001 0.031611996251171524
0 0.9967125 0.8095970009372071 0.0065625 0.010084348641049663
0 0.9634874999999999 0.7496532333645736 0.016624999999999942 0.012052483598875258
0 0.9614375 0.7617338331771322 0.05129999999999996 0.019418931583880063
0 0.99315 0.7632895970009371 0.013687500000000057 0.03978444236176199
0 0.8761 0.7334770384254921 0.06966250000000002 0.05259606373008425
0 0.8687125 0.7197563261480787 0.013962500000000091 0.007947516401124666
0 0.8422375 0.7046110590440487 0.030875000000000055 0.01499531396438613
0 0.9023 0.7047141518275538 0.07943749999999994 0.025848172446110523
0 0.97625 0.7071227741330834 0.0475 0.01780693533270853
0 0.8872875 0.6825960637300844 0.08162499999999995 0.013964386129334668
0 0.9420375 0.6867853795688846 0.031087499999999865 0.016551077788191267
0 0.94095 0.6758294283036551 0.014699999999999989 0.005295220243673938
0 0.9770375 0.6744048734770385 0.04591250000000002 0.026251171508903458
0 0.859025 0.646850984067479 0.0175 0.009194001874414194
0 0.8941125 0.6474507966260544 0.055949999999999986 0.05590440487347712
0 0.9402625 0.6521836925960637 0.06796249999999987 0.019493908153701927
0 0.99625 0.6593252108716027 0.0075 0.019681349578256794
0 0.9774124999999999 0.6117338331771321 0.014975000000000023 0.008163074039362733
0 0.9636125 0.6047703842549204 0.03272500000000008 0.011443298969072199
0 0.9455875 0.6302717900656045 0.057312499999999884 0.031293345829428394
0 0.88265 0.6229990627928772 0.06578750000000014 0.037647610121837
0 0.989875 0.5787628865979381 0.020250000000000056 0.013083411433926932
0 0.9614375 0.5871602624179943 0.023449999999999988 0.016363636363636396
0 0.9182875 0.590037488284911 0.0196875 0.006916588566073204
0 0.9300375 0.5626897844423617 0.021825000000000046 0.010421743205248258
0 0.9085875 0.5479568884723524 0.05923750000000012 0.03661668228678532
0 0.9949250000000001 0.49532333645735704 0.010137499999999876 0.007535145267103996
0 0.979225 0.44955014058106846 0.04155000000000001 0.03069353327085286
0 0.7519499999999999 0.42522961574507967 0.017662500000000136 0.010468603561387029
0 0.7650625 0.43105904404873474 0.03168749999999989 0.014358013120899765
0 0.6037 0.4621180880974695 0.02355000000000004 0.011593252108716031
1 0.8543999999999999 0.38420805998125585 0.28472499999999995 0.1814995313964386
1 0.944175 0.5931677600749765 0.11164999999999992 0.04809746954076845
0 0.5129874999999999 0.5889222118088098 0.023737500000000012 0.00946579194001866
0 0.5248375 0.5925117150890347 0.019074999999999988 0.007075913776944662
1 0.4301 0.455182755388941 0.2517375 0.15679475164011253