1 0.39875 0.8955014058106842 0.2225 0.16026241799437677
1 0.246875 0.9292408622305529 0.17625 0.1218369259606373
0 0.423125 0.47375820056232426 0.08125 0.059044048734770385
0 0.553125 0.5576382380506092 0.05375 0.04592314901593252
0 0.505625 0.5595126522961574 0.055 0.04873477038425492
0 0.49625 0.281630740393627 0.0475 0.033739456419868794
0 0.444375 0.3692596063730084 0.04125 0.028116213683223992
1 0.686875 0.38706654170571697 0.20625 0.14995313964386128
0 0.00375 0.6616682286785379 0.0075 0.10121836925960637
1 0.545 0.5473289597000938 0.17375 0.11433926897844424
0 0.9925 0.4062792877225867 0.015 0.04967197750702906
0 0.96125 0.5595126522961574 0.07125 0.059044048734770385
0 0.60375 0.21368322399250234 0.13625 0.08716026241799438
0 0.009375 0.5660731021555764 0.01875 0.06373008434864105
0 0.925 0.7755388940955952 0.05 0.041237113402061855
0 0.85875 0.26804123711340205 0.04125 0.023430178069353328
0 0.653125 0.35051546391752575 0.03 0.028116213683223992
0 0.59875 0.46251171508903466 0.01875 0.011246485473289597
0 0.54 0.41096532333645736 0.02875 0.026241799437675725
0 0.889375 0.4072164948453608 0.03875 0.02155576382380506
0 0.969375 0.6635426429240863 0.0275 0.038425492033739454
0 0.98 0.5056232427366448 0.04 0.023430178069353328
0 0.219375 0.7563261480787254 0.02125 0.01499531396438613
0 0.39 0.7258669165885661 0.02125 0.01780693533270853
0 0.403125 0.7207122774133083 0.01625 0.02155576382380506
0 0.831875 0.7895970009372071 0.03 0.02999062792877226
0 0.906875 0.8266166822867854 0.03 0.030927835051546393
0 0.7775 0.865979381443299 0.02375 0.016869728209934397
0 0.800625 0.8013120899718837 0.025 0.016869728209934397
0 0.85625 0.8894095595126523 0.02375 0.015932521087160263
0 0.79875 0.767572633552015 0.02125 0.015932521087160263
0 0.830625 0.8655107778819119 0.0175 0.014058106841611996
0 0.89875 0.6963448922211809 0.03875 0.015932521087160263
0 0.771875 0.9109653233364574 0.01625 0.013120899718837863
0 0.8525 0.9343955014058107 0.015 0.013120899718837863
0 0.909375 0.8894095595126523 0.0175 0.014058106841611996
0 0.846875 0.8214620431115276 0.025 0.016869728209934397
0 0.95 0.7202436738519212 0.02875 0.01874414245548266
0 0.961875 0.7553889409559512 0.02125 0.016869728209934397
0 0.92875 0.8411433926897844 0.015 0.01218369259606373
0 0.94375 0.9564198687910028 0.01 0.019681349578256794
0 0.524375 0.7380506091846298 0.01 0.010309278350515464
0 0.2825 0.7193064667291471 0.04125 0.029053420805998126
0 0.2375 0.7033739456419869 0.04875 0.03467666354264293
0 0.95875 0.8406747891283973 0.0075 0.010309278350515464
0 0.9325 0.7788191190253045 0.0175 0.013120899718837863
0 0.929375 0.7910028116213683 0.05375 0.022492970946579195
0 0.960625 0.7942830365510778 0.01875 0.04029990627928772
0 0.8475 0.7572633552014996 0.075 0.05716963448922212
0 0.841875 0.7432052483598875 0.015 0.008434864104967198
0 0.816875 0.7263355201499532 0.0325 0.016869728209934397
0 0.876875 0.7300843486410497 0.0825 0.030927835051546393
0 0.950625 0.7375820056232427 0.05 0.020618556701030927
0 0.864375 0.7071227741330834 0.0825 0.019681349578256794
0 0.91875 0.7150890346766635 0.0325 0.01874414245548266
0 0.91875 0.703842549203374 0.015 0.006560449859418931
0 0.955 0.7047797563261481 0.04875 0.029053420805998126
0 0.840625 0.6696344892221181 0.01875 0.010309278350515464
0 0.875625 0.6724461105904405 0.0625 0.059044048734770385
0 0.920625 0.6804123711340206 0.07 0.023430178069353328
0 0.975625 0.6911902530459232 0.01 0.019681349578256794
0 0.9625 0.6424554826616682 0.01625 0.00937207122774133
0 0.949375 0.6344892221180881 0.03375 0.013120899718837863
0 0.92875 0.6588566073102156 0.06125 0.03467666354264293
0 0.866875 0.647610121836926 0.07 0.04217432052483599
0 0.97875 0.6105904404873477 0.02125 0.014058106841611996
0 0.949375 0.6171508903467666 0.025 0.01780693533270853
0 0.90625 0.6171508903467666 0.02 0.008434864104967198
0 0.92125 0.5904404873477038 0.0225 0.01218369259606373
0 0.90125 0.5745079662605436 0.06375 0.04029990627928772
0 0.99375 0.5276476101218369 0.01125 0.008434864104967198
0 0.98 0.48078725398313027 0.04 0.033739456419868794
0 0.759375 0.44189315838800375 0.01875 0.011246485473289597
0 0.771875 0.4484536082474227 0.03375 0.015932521087160263
0 0.6075 0.4690721649484536 0.025 0.013120899718837863
1 0.856875 0.4072164948453608 0.28625 0.19962511715089035
1 0.931875 0.6218369259606373 0.11625 0.05529522024367385
0 0.5025 0.5895032802249297 0.025 0.011246485473289597
0 0.51375 0.5937207122774133 0.02 0.008434864104967198
1 0.435625 0.450796626054358 0.26875 0.1724461105904405