1 0.545625 0.901124648547329 0.21 0.14995313964386128
1 0.69125 0.9451733833177132 0.1675 0.10965323336457357
0 0.580625 0.47985004686035615 0.07625 0.05529522024367385
0 0.439375 0.5529522024367385 0.05 0.044048734770384255
0 0.48625 0.5590440487347704 0.05125 0.046860356138706656
0 0.534375 0.2830365510777882 0.045 0.031865042174320526
0 0.57375 0.3744142455482662 0.03875 0.026241799437675725
1 0.33 0.37300843486410495 0.195 0.14058106841611998
0 0.98375 0.7010309278350515 0.025 0.10028116213683223
1 0.44875 0.5431115276476102 0.165 0.10684161199625117
0 0.015625 0.36785379568884724 0.02625 0.04779756326148079
0 0.033125 0.5229615745079662 0.06625 0.056232427366447985
0 0.436875 0.20712277413308341 0.12875 0.08059981255857544
0 0.985 0.604967197750703 0.02625 0.06279287722586692
0 0.03875 0.7403936269915652 0.0475 0.03936269915651359
0 0.175625 0.24133083411433928 0.03875 0.02155576382380506
0 0.36875 0.3392689784442362 0.0275 0.02717900656044986
0 0.406875 0.4550140581068416 0.0175 0.010309278350515464
0 0.4725 0.40815370196813494 0.02625 0.02436738519212746
0 0.125625 0.37722586691658855 0.03625 0.020618556701030927
0 0.01125 0.6255857544517338 0.0225 0.03655107778819119
0 0.02125 0.4681349578256795 0.03875 0.02155576382380506
0 0.74375 0.7769447047797563 0.02 0.014058106841611996
0 0.5775 0.7328959700093721 0.01875 0.016869728209934397
0 0.565625 0.7272727272727273 0.01375 0.020618556701030927
0 0.129375 0.7619493908153702 0.0275 0.028116213683223992
0 0.05 0.7933458294283037 0.0275 0.029053420805998126
0 0.173125 0.8420805998125586 0.0225 0.01499531396438613
0 0.159375 0.7764761012183693 0.02375 0.01499531396438613
0 0.091875 0.85941893158388 0.0225 0.014058106841611996
0 0.165625 0.7427366447985004 0.02 0.01499531396438613
0 0.12 0.837863167760075 0.01625 0.013120899718837863
0 0.07625 0.6640112464854733 0.0375 0.014058106841611996
0 0.171875 0.887535145267104 0.015 0.01218369259606373
0 0.08875 0.9044048734770385 0.01375 0.01218369259606373
0 0.03875 0.8552014995313965 0.01625 0.013120899718837863
0 0.11 0.7924086223055296 0.02375 0.01499531396438613
0 0.021875 0.6836925960637301 0.0275 0.016869728209934397
0 0.0075 0.7174320524835989 0.015 0.015932521087160263
0 0.02625 0.8055295220243673 0.01375 0.011246485473289597
0 0.4425 0.7352389878163074 0.01 0.010309278350515464
0 0.685625 0.7352389878163074 0.03875 0.02717900656044986
0 0.7325 0.7225866916588566 0.04625 0.031865042174320526
0 0.030625 0.7436738519212746 0.0175 0.01218369259606373
0 0.0325 0.7558575445173383 0.05125 0.019681349578256794
0 0.00375 0.7567947516401125 0.0075 0.04029990627928772
0 0.11875 0.7286785379568884 0.07125 0.053420805998125584
0 0.12625 0.7150890346766635 0.01375 0.008434864104967198
0 0.153125 0.7000937207122774 0.03125 0.01499531396438613
0 0.093125 0.6996251171508904 0.08 0.02717900656044986
0 0.02125 0.7010309278350515 0.0425 0.01874414245548266
0 0.10875 0.6776007497656982 0.0825 0.01499531396438613
0 0.05375 0.6808809746954076 0.03125 0.016869728209934397
0 0.055 0.6701030927835051 0.015 0.005623242736644799
0 0.020625 0.6677600749765699 0.04125 0.02717900656044986
0 0.1375 0.6419868791002812 0.0175 0.00937207122774133
0 0.1025 0.6424554826616682 0.0575 0.056232427366447985
0 0.05625 0.6462043111527648 0.06875 0.020618556701030927
0 0.001875 0.6527647610121837 0.00375 0.019681349578256794
0 0.02 0.60543580131209 0.015 0.008434864104967198
0 0.03375 0.598875351452671 0.0325 0.01218369259606373
0 0.05125 0.6246485473289597 0.0575 0.031865042174320526
0 0.114375 0.6180880974695407 0.06625 0.038425492033739454
0 0.00875 0.5716963448922212 0.0175 0.013120899718837863
0 0.036875 0.5810684161199625 0.02375 0.016869728209934397
0 0.079375 0.584348641049672 0.02 0.007497656982193065
0 0.06875 0.5571696344892221 0.0225 0.010309278350515464
0 0.090625 0.542642924086223 0.06 0.03748828491096532
0 0.005 0.4887535145267104 0.01 0.007497656982193065
0 0.021875 0.44329896907216493 0.0425 0.030927835051546393
0 0.25 0.4217432052483599 0.0175 0.010309278350515464
0 0.236875 0.42783505154639173 0.0325 0.01499531396438613
0 0.3975 0.4606373008434864 0.02375 0.01218369259606373
1 0.148125 0.3795688847235239 0.28875 0.18556701030927836
1 0.055 0.5871602624179943 0.11 0.04967197750702906
0 0.485 0.5885660731021556 0.02375 0.00937207122774133
0 0.473125 0.5923149015932521 0.01875 0.007497656982193065
1 0.570625 0.45595126522961577 0.255 0.16026241799437677