1 0.28375 0.3901408450704225 0.2625 0.19248826291079812
1 0.381875 0.787793427230047 0.39125 0.3427230046948357
0 0.403125 0.7779342723004695 0.09875 0.061971830985915494
0 0.526875 0.7830985915492957 0.0575 0.046948356807511735
0 0.446875 0.2403755868544601 0.06375 0.05539906103286385
0 0.47 0.160093896713615 0.045 0.03943661971830986
1 0.778125 0.8535211267605634 0.44375 0.28169014084507044
0 0.26 0.3755868544600939 0.05625 0.04131455399061033
0 0.31875 0.14178403755868543 0.05 0.03004694835680751
0 0.811875 0.8154929577464789 0.0375 0.03004694835680751
0 0.003125 0.3938967136150235 0.00625 0.051643192488262914
0 0.44625 0.40657276995305164 0.05625 0.04976525821596244
0 0.296875 0.6835680751173709 0.04125 0.030985915492957747
0 0.033125 0.5971830985915493 0.04625 0.04037558685446009
0 0.025 0.572300469483568 0.03875 0.03286384976525822
0 0.4325 0.2892018779342723 0.03 0.0215962441314554
0 0.154375 0.15023474178403756 0.025 0.018779342723004695
0 0.253125 0.1323943661971831 0.055 0.02535211267605634
0 0.6225 0.46338028169014084 0.0225 0.01596244131455399
0 0.33875 0.3699530516431925 0.03 0.022535211267605635
0 0.378125 0.5816901408450704 0.015 0.012206572769953052
0 0.100625 0.6708920187793427 0.0375 0.027230046948356807
0 0.044375 0.560093896713615 0.025 0.023474178403755867
0 0.1825 0.6356807511737089 0.01875 0.014084507042253521
0 0.01375 0.5291079812206573 0.0275 0.03286384976525822
0 0.80125 0.8868544600938967 0.05 0.022535211267605635
0 0.80125 0.7084507042253522 0.01875 0.013145539906103286
0 0.814375 0.8788732394366198 0.02375 0.01596244131455399
0 0.695625 0.8915492957746479 0.02125 0.01784037558685446
0 0.649375 0.9183098591549296 0.03375 0.020657276995305163
0 0.315625 0.7619718309859155 0.02375 0.01784037558685446
0 0.065625 0.784037558685446 0.025 0.01784037558685446
0 0.13 0.7708920187793428 0.025 0.018779342723004695
0 0.500625 0.5610328638497653 0.015 0.011267605633802818
0 0.436875 0.376056338028169 0.06625 0.061971830985915494
0 0.429375 0.36384976525821594 0.06 0.04507042253521127
0 0.4125 0.36338028169014086 0.02375 0.014084507042253521
0 0.435625 0.3211267605633803 0.07125 0.051643192488262914
0 0.433125 0.3056338028169014 0.06375 0.044131455399061034
0 0.23 0.4197183098591549 0.01375 0.013145539906103286
0 0.195625 0.20046948356807512 0.01625 0.014084507042253521
0 0.02 0.5507042253521127 0.035 0.028169014084507043
0 0.02 0.604225352112676 0.01625 0.016901408450704224
0 0.166875 0.6131455399061033 0.03 0.02629107981220657
1 0.203125 0.7938967136150235 0.225 0.19342723004694837
1 0.145625 0.7948356807511737 0.225 0.17464788732394365
1 0.075625 0.8018779342723005 0.0675 0.056338028169014086
1 0.188125 0.8812206572769953 0.26625 0.15023474178403756
0 0.82125 0.8539906103286385 0.04875 0.024413145539906103
0 0.728125 0.67981220657277 0.0225 0.012206572769953052