1 0.7 0.3741784037558685 0.24 0.17464788732394365
1 0.6575 0.7765258215962442 0.35 0.3183098591549296
0 0.635 0.7690140845070422 0.09125 0.05539906103286385
0 0.5125 0.7835680751173709 0.0525 0.0431924882629108
0 0.51625 0.2375586854460094 0.0575 0.051643192488262914
0 0.4825 0.1596244131455399 0.04 0.03755868544600939
1 0.24 0.8765258215962441 0.48 0.24507042253521127
0 0.72125 0.3572769953051643 0.0525 0.03755868544600939
0 0.630625 0.1295774647887324 0.04625 0.027230046948356807
0 0.23375 0.8384976525821596 0.035 0.027230046948356807
0 0.989375 0.35539906103286384 0.02125 0.04976525821596244
0 0.540625 0.4028169014084507 0.05 0.046948356807511735
0 0.7275 0.6666666666666666 0.03875 0.02910798122065728
0 0.978125 0.5596244131455399 0.0425 0.036619718309859155
0 0.9825 0.5347417840375587 0.035 0.03004694835680751
0 0.5375 0.28497652582159627 0.0275 0.018779342723004695
0 0.795 0.12488262910798122 0.0225 0.016901408450704224
0 0.694375 0.11502347417840375 0.0525 0.0215962441314554
0 0.373125 0.4727699530516432 0.02 0.014084507042253521
0 0.641875 0.35821596244131454 0.0275 0.01971830985915493
0 0.6325 0.571830985915493 0.01375 0.011267605633802818
0 0.92125 0.6384976525821596 0.03375 0.024413145539906103
0 0.96125 0.523943661971831 0.02125 0.0215962441314554
0 0.834375 0.6098591549295774 0.01625 0.013145539906103286
0 0.9875 0.49061032863849763 0.025 0.030985915492957747
0 0.254375 0.9084507042253521 0.0475 0.01971830985915493
0 0.229375 0.7309859154929578 0.0175 0.011267605633802818
0 0.24 0.9014084507042254 0.02125 0.014084507042253521
0 0.36 0.9046948356807512 0.01875 0.01596244131455399
0 0.409375 0.928169014084507 0.03125 0.01784037558685446
0 0.72 0.7460093896713615 0.02125 0.01596244131455399
0 0.971875 0.748356807511737 0.0225 0.01596244131455399
0 0.905625 0.7403755868544601 0.0225 0.016901408450704224
0 0.5075 0.5605633802816902 0.01375 0.010328638497652582
0 0.545625 0.37183098591549296 0.05875 0.05727699530516432
0 0.55125 0.3591549295774648 0.055 0.04131455399061033
0 0.5675 0.3572769953051643 0.0225 0.012206572769953052
0 0.539375 0.3173708920187793 0.065 0.046948356807511735
0 0.539375 0.30140845070422534 0.05875 0.04037558685446009
0 0.7575 0.39906103286384975 0.0125 0.012206572769953052
0 0.760625 0.1784037558685446 0.015 0.013145539906103286
0 0.99875 0.39061032863849765 0.0025 0.024413145539906103
0 0.984375 0.5126760563380282 0.03125 0.02535211267605634
0 0.991875 0.5661971830985916 0.01375 0.01596244131455399
0 0.846875 0.5863849765258216 0.02625 0.024413145539906103
1 0.83625 0.7690140845070422 0.2025 0.17934272300469484
1 0.89375 0.7652582159624414 0.20375 0.16056338028169015
1 0.96375 0.7671361502347418 0.06125 0.051643192488262914
1 0.863125 0.8549295774647887 0.25 0.13145539906103287
0 0.229375 0.8774647887323944 0.04625 0.0215962441314554
0 0.298125 0.6967136150234742 0.02125 0.010328638497652582