0 0.86625 0.20103092783505155 0.0375 0.02530459231490159
0 0.92375 0.1415182755388941 0.03125 0.023430178069353328
0 0.723125 0.18134957825679476 0.02375 0.023430178069353328
0 0.840625 0.34957825679475163 0.03875 0.023430178069353328
0 0.7975 0.4001874414245548 0.0325 0.02530459231490159
0 0.808125 0.4536082474226804 0.03875 0.022492970946579195
0 0.780625 0.6302717900656045 0.0175 0.014058106841611996
0 0.751875 0.316776007497657 0.025 0.026241799437675725
0 0.91875 0.7895970009372071 0.02 0.013120899718837863
0 0.875 0.676194939081537 0.02 0.015932521087160263
0 0.604375 0.8331771321462043 0.0225 0.016869728209934397
0 0.5225 0.711340206185567 0.01875 0.015932521087160263
1 0.45375 0.6925960637300843 0.255 0.21649484536082475
1 0.146875 0.3392689784442362 0.15125 0.1021555763823805
0 0.981875 0.711340206185567 0.03625 0.06560449859418932
1 0.65125 0.42830365510777885 0.1725 0.2539831302717901
0 0.148125 0.1415182755388941 0.05375 0.03561387066541706
0 0.931875 0.21321462043111528 0.04625 0.044048734770384255
0 0.46 0.46438612933458295 0.065 0.05716963448922212
0 0.591875 0.5295220243673852 0.06 0.04311152764761012
0 0.8525 0.5388940955951266 0.04375 0.03467666354264293
0 0.91375 0.5168697282099344 0.05625 0.03936269915651359
0 0.93 0.3931583880037488 0.04625 0.03280224929709466
0 0.8925 0.5604498594189316 0.045 0.041237113402061855
0 0.4675 0.21836925960637302 0.035 0.023430178069353328
1 0.40375 0.2624179943767573 0.26875 0.16588566073102157
0 0.135625 0.31958762886597936 0.01625 0.01499531396438613
0 0.298125 0.05670103092783505 0.01625 0.008434864104967198
0 0.29875 0.06373008434864105 0.02625 0.014058106841611996
1 0.68875 0.10871602624179943 0.125 0.09653233364573571
0 0.615 0.41611996251171507 0.02375 0.011246485473289597
0 0.715 0.46016869728209936 0.02 0.015932521087160263
0 0.53 0.7713214620431116 0.0125 0.013120899718837863
0 0.578125 0.915182755388941 0.0525 0.038425492033739454
0 0.868125 0.7160262417994376 0.02 0.01499531396438613
1 0.066875 0.795688847235239 0.04 0.04498594189315839
1 0.084375 0.8791002811621368 0.06625 0.1696344892221181