0 0.899375 0.22633552014995315 0.035 0.022492970946579195
0 0.96375 0.17057169634489222 0.02875 0.02155576382380506
0 0.759375 0.19681349578256796 0.02125 0.022492970946579195
0 0.856875 0.3725398313027179 0.03625 0.020618556701030927
0 0.808125 0.4198687910028116 0.03 0.023430178069353328
0 0.8125 0.4742268041237113 0.03625 0.019681349578256794
0 0.764375 0.648078725398313 0.01625 0.013120899718837863
0 0.771875 0.33411433926897843 0.0225 0.02530459231490159
0 0.88375 0.8158388003748829 0.01875 0.01218369259606373
0 0.853125 0.7000937207122774 0.01875 0.01499531396438613
0 0.565 0.8388003748828491 0.02125 0.015932521087160263
0 0.498125 0.7122774133083412 0.0175 0.01499531396438613
1 0.43125 0.6888472352389878 0.235 0.20337394564198688
1 0.166875 0.31724461105904406 0.1425 0.09465791940018745
0 0.97 0.7436738519212746 0.06 0.06091846298031865
1 0.65875 0.4386129334582943 0.145 0.24742268041237114
0 0.19125 0.11996251171508904 0.05125 0.03280224929709466
0 0.963125 0.2422680412371134 0.04125 0.04217432052483599
0 0.464375 0.4620431115276476 0.06 0.053420805998125584
0 0.588125 0.5356138706654171 0.05625 0.03936269915651359
0 0.846875 0.5618556701030928 0.04125 0.03280224929709466
0 0.91 0.5440487347703843 0.0525 0.03655107778819119
0 0.94125 0.4217432052483599 0.04375 0.02999062792877226
0 0.88375 0.5857544517338332 0.04 0.038425492033739454
0 0.500625 0.2169634489222118 0.0325 0.02155576382380506
1 0.431875 0.2572633552014995 0.255 0.15089034676663543
0 0.158125 0.29662605435801315 0.015 0.014058106841611996
0 0.35 0.04498594189315839 0.015 0.007497656982193065
0 0.35 0.05248359887535145 0.025 0.01218369259606373
1 0.733125 0.12230552952202436 0.11625 0.08997188378631678
0 0.624375 0.42361761949390814 0.0225 0.010309278350515464
0 0.71875 0.4742268041237113 0.01875 0.014058106841611996
0 0.498125 0.7722586691658857 0.01125 0.013120899718837863
0 0.529375 0.9189315838800375 0.05 0.03655107778819119
0 0.841875 0.738987816307404 0.01875 0.014058106841611996
1 0.034375 0.7661668228678538 0.03625 0.04311152764761012
1 0.041875 0.8505154639175257 0.0475 0.16869728209934395
1 0.98875 0.704311152764761 0.0225 0.07029053420805999