0 0.081875 0.2422680412371134 0.03375 0.02155576382380506
0 0.01375 0.1893158388003749 0.0275 0.020618556701030927
0 0.2199125 0.20759137769447047 0.019812500000000028 0.02155576382380506
0 0.135 0.3865979381443299 0.035 0.019681349578256794
0 0.186875 0.4320524835988753 0.02875 0.022492970946579195
0 0.18625 0.48641049671977504 0.035 0.01874414245548266
0 0.24625 0.6583880037488284 0.015 0.01218369259606373
0 0.216875 0.344892221180881 0.02125 0.02436738519212746
0 0.13875 0.8303655107778819 0.0175 0.011246485473289597
0 0.16125 0.7136832239925024 0.0175 0.014058106841611996
0 0.45875 0.8406747891283973 0.02 0.01499531396438613
0 0.516875 0.711808809746954 0.01625 0.014058106841611996
1 0.5816125 0.6859137769447048 0.22136250000000005 0.19521087160262415
1 0.8198624999999999 0.3041986879100281 0.13625 0.08903467666354264
0 0.0375 0.7619493908153702 0.075 0.05810684161199625
1 0.336875 0.44470477975632616 0.12875 0.24273664479850046
0 0.781875 0.10824742268041238 0.04875 0.030927835051546393
0 0.019375 0.26101218369259604 0.03875 0.04029990627928772
0 0.533125 0.4606373008434864 0.05625 0.05154639175257732
0 0.414375 0.5388940955951266 0.05375 0.03748828491096532
0 0.158125 0.5751921274601687 0.03875 0.0313495782567948
0 0.09359999999999999 0.5598500468603561 0.05 0.03492970946579192
0 0.0542 0.43915651358950325 0.04125 0.02833177132146206
0 0.122675 0.6008247422680413 0.03783750000000001 0.037338331771321384
0 0.47979999999999995 0.21749765698219306 0.03126249999999999 0.019906279287722595
1 0.5510375000000001 0.25481724461105904 0.24501250000000005 0.14136832239925026
0 0.8273874999999999 0.28336457357075917 0.013925000000000125 0.013795688847235265
0 0.6177750000000001 0.03979381443298969 0.014724999999999966 0.006747891283973761
0 0.61835 0.04716026241799438 0.02458749999999995 0.011518275538894101
1 0.2405875 0.13203373945641986 0.1104625 0.08543580131208996
0 0.3704 0.4287535145267104 0.021924999999999955 0.00948453608247423
0 0.2795625 0.4829522024367385 0.01799999999999997 0.013823805060918463
0 0.5209625 0.7718369259606372 0.010087500000000062 0.0125960637300844
0 0.4999125 0.9193908153701968 0.04715000000000003 0.034301780693533186
0 0.1755875 0.7522961574507967 0.01728749999999998 0.013533270852858532
1 0.9835250000000001 0.7477600749765698 0.032949999999999875 0.04223992502343012
1 0.982175 0.8320899718837863 0.03564999999999998 0.1678069353327085
1 0.017525 0.7233833177132146 0.0350375 0.06879100281162145