0 0.8806625 0.3848523206751055 0.13315 0.07306610407876234
0 0.211875 0.4518284106891702 0.05625 0.028832630098452883
0 0.29872499999999996 0.5928691983122363 0.06756250000000001 0.033670886075949445
0 0.1125 0.5021097046413502 0.0625 0.030942334739803096
0 0.974375 0.2320675105485232 0.04375 0.02812939521800281
0 0.4009625 0.6143037974683544 0.03808750000000003 0.06675808720112522
0 0.35375 0.5893108298171589 0.0375 0.06751054852320675
0 0.855625 0.24367088607594936 0.01375 0.007735583684950774
0 0.8875 0.23945147679324894 0.02 0.013361462728551337
0 0.268125 0.41983122362869196 0.01625 0.011251758087201125
0 0.7391875 0.5970112517580872 0.013449999999999988 0.011983122362869173
0 0.6242 0.6385794655414908 0.02147499999999994 0.01449367088607588
0 0.36745 0.5942686357243319 0.0058875000000000455 0.007749648382559762
0 0.36795 0.4197960618846695 0.006087500000000006 0.004732770745428986
0 0.362525 0.4147819971870605 0.00698750000000004 0.003410689170182777
0 0.081225 0.33749648382559777 0.016137499999999996 0.011300984528832665
0 0.050575 0.24028832630098454 0.019762500000000002 0.00565400843881854
0 0.05122499999999999 0.23575949367088608 0.019499999999999993 0.005210970464134998
0 0.9039499999999999 0.3420182841068917 0.014212499999999864 0.010274261603375537
1 0.896225 0.4561673699015471 0.13018750000000012 0.11386075949367094
1 0.930225 0.5876863572433193 0.13953749999999984 0.15963431786216598