0 0.15625 0.35267229254571025 0.15125 0.08368495077355836
0 0.798125 0.4778481012658228 0.06375 0.03375527426160337
0 0.673125 0.6093530239099859 0.07625 0.03938115330520394
0 0.881875 0.5362165963431786 0.07 0.035864978902953586
0 0.10625 0.19374120956399438 0.05125 0.03164556962025317
0 0.56625 0.6216596343178622 0.05625 0.06962025316455696
0 0.619375 0.6009142053445851 0.05625 0.07032348804500703
0 0.22 0.21554149085794655 0.01625 0.009142053445850914
0 0.19 0.20850914205344584 0.02375 0.014767932489451477
0 0.75125 0.44127988748241914 0.01875 0.012658227848101266
0 0.236875 0.5748945147679325 0.01625 0.013361462728551337
0 0.33875 0.6258790436005626 0.025 0.01617440225035162
0 0.605 0.6047819971870605 0.0075 0.008438818565400843
0 0.6525 0.43248945147679324 0.0075 0.004922644163150493
0 0.659375 0.42791842475386777 0.0075 0.004219409282700422
0 0.95875 0.3762306610407876 0.01875 0.012658227848101266
0 0.145 0.30836849507735586 0.0175 0.011251758087201125
1 0.120625 0.4219409282700422 0.16 0.12376933895921238
1 0.070625 0.5485232067510548 0.14125 0.170182841068917