0 0.294375 0.07731958762886598 0.03125 0.02717900656044986
0 0.459375 0.14620431115276475 0.03875 0.022492970946579195
0 0.468125 0.2296157450796626 0.03875 0.022492970946579195
0 0.4375 0.29475164011246485 0.0225 0.015932521087160263
0 0.32 0.4133083411433927 0.0225 0.01499531396438613
0 0.1225 0.44611059044048734 0.0325 0.026241799437675725
0 0.16875 0.36363636363636365 0.015 0.016869728209934397
0 0.08602499999999999 0.5225866916588566 0.011137499999999996 0.01199625117150886
0 0.43125 0.6551077788191191 0.0325 0.01874414245548266
0 0.07872499999999999 0.6992689784442362 0.022550000000000008 0.016644798500468596
0 0.3675 0.7399250234301781 0.0325 0.019681349578256794
0 0.3925 0.3959700093720712 0.13 0.09278350515463918
0 0.81 0.7239925023430178 0.0925 0.08903467666354264
0 0.82375 0.30178069353327086 0.1075 0.09184629803186505
0 0.7775 0.23477038425492033 0.085 0.07591377694470477
0 0.5149374999999999 0.5722118088097469 0.03487499999999997 0.046007497656982116
0 0.104475 0.4229428303655107 0.027375000000000007 0.007619493908153698
0 0.3098375 0.3619681349578257 0.019525000000000004 0.010234301780693495
0 0.08407500000000001 0.5405342080599812 0.011712500000000006 0.011452671040299931
0 0.0759625 0.5397469540768509 0.008725000000000005 0.013926897844423523
0 0.0783625 0.522389878163074 0.005725000000000007 0.01177132146204306
0 0.20541250000000003 0.5581255857544517 0.022237500000000025 0.017760074976569864
0 0.3342625 0.5671415182755389 0.01291250000000005 0.010993439550140599
0 0.54715 0.7035332708528584 0.014112499999999955 0.009175257731958729
0 0.31817499999999993 0.7294657919400188 0.012012499999999982 0.015164011246485533
0 0.3066 0.7309278350515463 0.012937500000000029 0.016747891283973654
0 0.125125 0.8225866916588567 0.01682500000000001 0.01199625117150886
0 0.5252125 0.8706091846298032 0.027950000000000016 0.01596063730084346
0 0.7199125 0.8600093720712277 0.020424999999999898 0.014611059044048658
0 0.745775 0.5663448922211809 0.018625000000000114 0.008950328022492928
0 0.7331375 0.5616119962511715 0.010200000000000103 0.013130271790065595
0 0.7214125 0.5514714151827553 0.014449999999999932 0.013130271790065595
0 0.727725 0.5359231490159325 0.012612499999999898 0.014470477975632666
0 0.7111875000000001 0.5388472352389878 0.014449999999999932 0.009962511715089137
0 0.9698 0.4273477038425492 0.021624999999999943 0.010984067478912866
0 0.6143625 0.37166822867853794 0.009599999999999937 0.011443298969072199
0 0.49761249999999996 0.19567947516401124 0.022849999999999968 0.017769447047797544
0 0.9254000000000001 0.0698875351452671 0.01477499999999992 0.012652296157450796
0 0.877375 0.0273477038425492 0.013462499999999978 0.015951265229615742
0 0.7948000000000001 0.16008434864104967 0.012837499999999977 0.011077788191190246
0 0.7828375 0.15772258669165884 0.014124999999999943 0.011021555763823796
0 0.7872499999999999 0.14894095595126522 0.014850000000000136 0.00956888472352388
0 0.7136 0.26678537956888476 0.01688749999999999 0.010046860356138733
0 0.6990625 0.2697938144329897 0.016299999999999953 0.013833177132146195
1 0.1159625 0.47029990627928775 0.1113 0.18247422680412365
1 0.22555 0.3971883786316776 0.24371250000000003 0.08809746954076851
1 0.40153750000000005 0.3015370196813496 0.20495000000000005 0.11247422680412371
0 0.008125 0.17291471415182755 0.01625 0.07029053420805999
0 0.16670000000000001 0.04362699156513589 0.016187499999999987 0.009925023430178072