0 0.725 0.08294283036551078 0.0325 0.028116213683223992
0 0.556875 0.14761012183692596 0.04 0.023430178069353328
0 0.544375 0.23055295220243674 0.04 0.023430178069353328
0 0.571875 0.29662605435801315 0.02375 0.016869728209934397
0 0.68375 0.41799437675726336 0.02375 0.015932521087160263
0 0.88 0.45595126522961577 0.03375 0.02717900656044986
0 0.8375 0.3725398313027179 0.01625 0.016869728209934397
0 0.9125 0.5332708528584817 0.01125 0.01218369259606373
0 0.56125 0.6569821930646673 0.03375 0.019681349578256794
0 0.911875 0.7104029990627929 0.02375 0.016869728209934397
0 0.62125 0.7432052483598875 0.03375 0.020618556701030927
0 0.6125 0.39878163074039363 0.13375 0.09653233364573571
0 0.18 0.7155576382380506 0.09625 0.09184629803186505
0 0.185625 0.2933458294283037 0.11125 0.09465791940018745
0 0.235 0.22774133083411435 0.08875 0.07778819119025304
0 0.481875 0.5716963448922212 0.0375 0.046860356138706656
0 0.89875 0.43345829428303656 0.0275 0.008434864104967198
0 0.69625 0.3669165885660731 0.02 0.010309278350515464
0 0.91375 0.5515463917525774 0.0125 0.01218369259606373
0 0.921875 0.5506091846298032 0.00875 0.014058106841611996
0 0.920625 0.5332708528584817 0.00625 0.01218369259606373
0 0.791875 0.5656044985941893 0.0225 0.01874414245548266
0 0.6625 0.5712277413308341 0.01375 0.011246485473289597
0 0.443125 0.7019681349578257 0.015 0.00937207122774133
0 0.67125 0.7343017806935332 0.0125 0.015932521087160263
0 0.6825 0.7357075913776945 0.01375 0.016869728209934397
0 0.859375 0.8322399250234301 0.0175 0.01218369259606373
0 0.4575 0.8697282099343955 0.02875 0.016869728209934397
0 0.26375 0.8542642924086223 0.02125 0.01499531396438613
0 0.25125 0.5599812558575445 0.01875 0.00937207122774133
0 0.264375 0.5552952202436738 0.01125 0.013120899718837863
0 0.27625 0.5454545454545454 0.015 0.013120899718837863
0 0.270625 0.5299906279287723 0.01375 0.01499531396438613
0 0.286875 0.5332708528584817 0.015 0.010309278350515464
0 0.03375 0.41518275538894095 0.0225 0.011246485473289597
0 0.391875 0.36879100281162136 0.01 0.011246485473289597
0 0.51625 0.1958762886597938 0.02375 0.01874414245548266
0 0.095 0.059044048734770385 0.015 0.013120899718837863
0 0.145 0.01780693533270853 0.01375 0.015932521087160263
0 0.22125 0.1527647610121837 0.01375 0.011246485473289597
0 0.233125 0.15042174320524837 0.015 0.011246485473289597
0 0.229375 0.1415182755388941 0.015 0.010309278350515464
0 0.2975 0.2614807872539831 0.0175 0.010309278350515464
0 0.311875 0.2647610121836926 0.0175 0.014058106841611996
1 0.885 0.4803186504217432 0.12 0.18556701030927836
1 0.779375 0.4044048734770384 0.2475 0.09465791940018745
1 0.6075 0.30412371134020616 0.21 0.11808809746954077
0 0.854375 0.05248359887535145 0.01625 0.010309278350515464