0 0.199375 0.1105904404873477 0.0375 0.030927835051546393
0 0.378125 0.1569821930646673 0.04375 0.02717900656044986
0 0.40625 0.2380506091846298 0.04375 0.02717900656044986
0 0.390625 0.30599812558575445 0.02625 0.01874414245548266
0 0.3025 0.4381443298969072 0.02625 0.01780693533270853
0 0.115625 0.49625117150890347 0.0375 0.02999062792877226
0 0.1425 0.408622305529522 0.01875 0.01874414245548266
0 0.0975 0.5759137769447048 0.01375 0.013120899718837863
0 0.468125 0.6616682286785379 0.03625 0.022492970946579195
0 0.13125 0.7511715089034676 0.02625 0.019681349578256794
0 0.425 0.753514526710403 0.03625 0.023430178069353328
0 0.37 0.4114339268978444 0.15 0.10871602624179943
0 0.856875 0.6804123711340206 0.11125 0.09934395501405811
0 0.773125 0.2624179943767573 0.1275 0.10402999062792877
0 0.711875 0.20243673851921273 0.10125 0.08622305529522024
0 0.53125 0.5693533270852859 0.045 0.04967197750702906
0 0.0925 0.47563261480787256 0.02875 0.011246485473289597
0 0.280625 0.3889409559512652 0.02125 0.01218369259606373
0 0.1 0.5941893158388004 0.01375 0.013120899718837863
0 0.091875 0.5941893158388004 0.01125 0.01499531396438613
0 0.09 0.5768509840674789 0.00875 0.01218369259606373
0 0.223125 0.5955951265229615 0.02625 0.020618556701030927
0 0.3525 0.5876288659793815 0.015 0.01218369259606373
0 0.59375 0.6944704779756327 0.01625 0.011246485473289597
0 0.374375 0.7497656982193065 0.015 0.016869728209934397
0 0.363125 0.7525773195876289 0.01625 0.01780693533270853
0 0.205625 0.866447985004686 0.01875 0.014058106841611996
0 0.610625 0.8617619493908154 0.03125 0.019681349578256794
0 0.8 0.8256794751640113 0.02375 0.016869728209934397
0 0.7575 0.5332708528584817 0.02 0.011246485473289597
0 0.74375 0.5304592314901593 0.0125 0.014058106841611996
0 0.73 0.5220243673851921 0.0175 0.01499531396438613
0 0.7325 0.5056232427366448 0.01625 0.015932521087160263
0 0.716875 0.5107778819119025 0.01625 0.011246485473289597
0 0.945625 0.3673851921274602 0.02375 0.014058106841611996
0 0.583125 0.358950328022493 0.0125 0.01218369259606373
0 0.426875 0.20056232427366447 0.02625 0.020618556701030927
0 0.819375 0.021087160262417994 0.0175 0.014058106841611996
0 0.711875 0.12699156513589505 0.015 0.01218369259606373
0 0.699375 0.1260543580131209 0.01625 0.013120899718837863
0 0.701875 0.11668228678537956 0.01625 0.011246485473289597
0 0.65625 0.24273664479850046 0.01875 0.01218369259606373
0 0.6425 0.24742268041237114 0.01875 0.015932521087160263
1 0.115 0.520618556701031 0.15125 0.19400187441424555
1 0.205625 0.4343955014058107 0.26 0.11808809746954077
1 0.356875 0.31724461105904406 0.2275 0.13776944704779756
0 0.06625 0.09372071227741331 0.01875 0.01218369259606373