0 0.623125 0.4053420805998126 0.0775 0.06841611996251172
0 0.724375 0.10590440487347703 0.0375 0.04029990627928772
0 0.79 0.14761012183692596 0.055 0.04873477038425492
0 0.840625 0.43486410496719774 0.055 0.04217432052483599
0 0.963125 0.3364573570759138 0.0475 0.03467666354264293
0 0.8425 0.6794751640112465 0.055 0.02999062792877226
0 0.935 0.60543580131209 0.05625 0.029053420805998126
0 0.585625 0.2408622305529522 0.05875 0.05248359887535145
0 0.6625 0.7357075913776945 0.05125 0.03936269915651359
0 0.711875 0.7624179943767573 0.07125 0.030927835051546393
0 0.3975 0.5740393626991566 0.04 0.07591377694470477
0 0.916875 0.35520149953139646 0.05375 0.033739456419868794
0 0.79625 0.5459231490159325 0.03 0.059044048734770385
0 0.3575 0.2352389878163074 0.0275 0.05248359887535145
0 0.8425 0.26382380506091846 0.03375 0.03748828491096532
0 0.17625 0.11433926897844424 0.02375 0.05154639175257732
0 0.51375 0.2478912839737582 0.03625 0.08153701968134958
0 0.253125 0.22024367385192128 0.0375 0.07966260543580131
0 0.353125 0.5215557638238051 0.04875 0.06935332708528585
0 0.533125 0.2769447047797563 0.02625 0.04592314901593252
0 0.82125 0.25257731958762886 0.04 0.026241799437675725
0 0.9075 0.23711340206185566 0.0375 0.02530459231490159
0 0.64125 0.10356138706654171 0.01875 0.013120899718837863
0 0.76625 0.23289597000937207 0.015 0.010309278350515464
0 0.12375 0.12558575445173384 0.0225 0.015932521087160263
0 0.271875 0.23898781630740393 0.0175 0.01218369259606373
0 0.995625 0.5791940018744143 0.00875 0.022492970946579195
0 0.66875 0.5693533270852859 0.0525 0.01874414245548266
0 0.420625 0.5402999062792877 0.025 0.044048734770384255
0 0.37625 0.48641049671977504 0.0175 0.015932521087160263
0 0.6325 0.36597938144329895 0.02 0.015932521087160263
0 0.35125 0.47985004686035615 0.035 0.02530459231490159
0 0.236875 0.4700093720712277 0.035 0.026241799437675725
0 0.149375 0.4662605435801312 0.015 0.01218369259606373
0 0.826875 0.7760074976569822 0.025 0.020618556701030927
0 0.66375 0.6747891283973758 0.015 0.00937207122774133
0 0.641875 0.7596063730084348 0.01625 0.00937207122774133
0 0.4675 0.7586691658856607 0.01625 0.014058106841611996
0 0.68625 0.46954076850984067 0.09625 0.05435801312089972
1 0.67625 0.4217432052483599 0.1775 0.12371134020618557
0 0.49875 0.26710402999062793 0.00875 0.014058106841611996
0 0.3475 0.24461105904404873 0.00875 0.01499531396438613
0 0.3725 0.47282099343955014 0.0125 0.013120899718837863
0 0.3675 0.48406747891283974 0.01 0.01499531396438613
0 0.33 0.4971883786316776 0.01375 0.016869728209934397
0 0.334375 0.48687910028116216 0.01 0.00937207122774133
0 0.3375 0.4653233364573571 0.02 0.01218369259606373
0 0.329375 0.47563261480787256 0.01625 0.01218369259606373
0 0.80625 0.5820056232427366 0.01375 0.013120899718837863