0 0.3725 0.408622305529522 0.07375 0.06654170571696345
0 0.2575 0.11199625117150891 0.035 0.03936269915651359
0 0.19375 0.15510777881911902 0.05375 0.046860356138706656
0 0.156875 0.443767572633552 0.0525 0.04029990627928772
0 0.029375 0.34910965323336457 0.04625 0.033739456419868794
0 0.16625 0.6883786316776007 0.05375 0.028116213683223992
0 0.07 0.6166822867853796 0.055 0.02717900656044986
0 0.4025 0.24320524835988752 0.05625 0.05060918462980318
0 0.34875 0.7399250234301781 0.04875 0.03748828491096532
0 0.300625 0.767572633552015 0.07 0.029053420805998126
0 0.60625 0.5712277413308341 0.0375 0.07497656982193064
0 0.076875 0.36597938144329895 0.0525 0.031865042174320526
0 0.20625 0.5538894095595126 0.0275 0.059044048734770385
0 0.63 0.23149015932521086 0.025 0.05248359887535145
0 0.146875 0.2727272727272727 0.03125 0.03655107778819119
0 0.805625 0.10637300843486411 0.02125 0.05060918462980318
0 0.475 0.24835988753514526 0.0325 0.08153701968134958
0 0.73375 0.21415182755388942 0.03375 0.07966260543580131
0 0.648125 0.5173383317713215 0.045 0.06841611996251172
0 0.45625 0.2778819119025305 0.025 0.04592314901593252
0 0.166875 0.26101218369259604 0.03875 0.02530459231490159
0 0.08 0.2478912839737582 0.03625 0.02436738519212746
0 0.340625 0.1077788191190253 0.0175 0.01218369259606373
0 0.22125 0.23992502343017807 0.01375 0.00937207122774133
0 0.85875 0.1162136832239925 0.0225 0.015932521087160263
0 0.715625 0.23289597000937207 0.01625 0.01218369259606373
0 0.00625 0.5918462980318651 0.0125 0.02155576382380506
0 0.334375 0.5735707591377694 0.0525 0.016869728209934397
0 0.58125 0.5384254920337395 0.02375 0.044048734770384255
0 0.6225 0.4831302717900656 0.0175 0.01499531396438613
0 0.361875 0.3692596063730084 0.02 0.015932521087160263
0 0.6475 0.47563261480787256 0.03375 0.02436738519212746
0 0.761875 0.46344892221180883 0.03375 0.02530459231490159
0 0.849375 0.4568884723523899 0.01375 0.011246485473289597
0 0.18625 0.7844423617619494 0.025 0.020618556701030927
0 0.345 0.6790065604498594 0.01375 0.008434864104967198
0 0.37 0.7628865979381443 0.015 0.008434864104967198
0 0.544375 0.7577319587628866 0.015 0.013120899718837863
0 0.3125 0.4746954076850984 0.09375 0.05248359887535145
1 0.32 0.42642924086223055 0.1725 0.1190253045923149
0 0.490625 0.26710402999062793 0.0075 0.014058106841611996
0 0.640625 0.2408622305529522 0.00875 0.01499531396438613
0 0.62625 0.46954076850984067 0.0125 0.013120899718837863
0 0.63125 0.48078725398313027 0.00875 0.01499531396438613
0 0.669375 0.492970946579194 0.0125 0.016869728209934397
0 0.665 0.48266166822867856 0.00875 0.00937207122774133
0 0.660625 0.4611059044048735 0.01875 0.011246485473289597
0 0.669375 0.47141518275538896 0.015 0.011246485473289597
0 0.198125 0.5899718837863168 0.01375 0.01218369259606373