0 0.09912499999999999 0.3035707591377695 0.01923750000000002 0.01254920337394563
0 0.43625 0.25960637300843487 0.035 0.026241799437675725
0 0.23125 0.46157450796626054 0.0325 0.023430178069353328
0 0.28375 0.6073102155576382 0.0175 0.01499531396438613
0 0.21613749999999998 0.5816963448922211 0.03 0.016260543580131123
0 0.710625 0.5313964386129335 0.02375 0.01874414245548266
0 0.24780000000000002 0.8028022492970946 0.09505000000000002 0.08169634489222125
0 0.8216500000000001 0.18654170571696344 0.11990000000000009 0.09230552952202438
1 0.590625 0.34133083411433923 0.29574999999999996 0.12895970009372074
0 0.0662 0.4179100281162137 0.10261250000000001 0.06201499531396435
0 0.496875 0.5257731958762887 0.04375 0.02999062792877226
0 0.378125 0.4948453608247423 0.03625 0.028116213683223992
0 0.660625 0.5599812558575445 0.05125 0.03280224929709466
1 0.333125 0.36382380506091844 0.2787375 0.11283036551077787
0 0.0384 0.280037488284911 0.03592499999999999 0.02962511715089036
0 0.029425 0.18518275538894097 0.0479875 0.02334582942830368
1 0.80015 0.44695407685098404 0.21232499999999987 0.17758200562324275
1 0.7818875 0.5056982193064667 0.251875 0.19298031865042176
0 0.6265 0.6104873477038425 0.019387499999999988 0.018181818181818268
0 0.8876999999999999 0.7103373945641986 0.04791249999999991 0.02447047797563252
0 0.9788625000000001 0.8124461105904405 0.042274999999999924 0.07120899718837864
0 0.888475 0.7997656982193065 0.015999999999999945 0.0076194939081538045
0 0.887325 0.7770946579194001 0.018287500000000137 0.010206185567010403
0 0.719725 0.7131958762886598 0.018625000000000114 0.011368322399250336
0 0.38566249999999996 0.7417150890346766 0.02623750000000001 0.014761012183692596
0 0.211775 0.718622305529522 0.023187500000000014 0.01193064667291473
0 0.021875 0.5927835051546392 0.04375 0.015932521087160263
0 0.196175 0.5326148078725398 0.035362500000000026 0.01592314901593253
0 0.159075 0.5319025304592314 0.03731249999999999 0.018491096532333662
0 0.009537499999999999 0.3878444236176195 0.0190625 0.020862230552952193
0 0.164025 0.2145360824742268 0.018999999999999986 0.006804123711340197
0 0.15869999999999998 0.20569821930646673 0.03498749999999999 0.01479850046860358
0 0.08012499999999999 0.18387066541705716 0.03536249999999999 0.01565135895032801
0 0.7627124999999999 0.11226804123711341 0.024000000000000056 0.008228678537956889