0 0.094375 0.30880974695407687 0.02 0.013120899718837863
0 0.430625 0.260543580131209 0.035 0.026241799437675725
0 0.230625 0.4653233364573571 0.0325 0.023430178069353328
0 0.28625 0.6101218369259607 0.0175 0.01499531396438613
0 0.218125 0.5852858481724461 0.03 0.016869728209934397
0 0.71125 0.528584817244611 0.02375 0.01874414245548266
0 0.255 0.8059981255857545 0.0975 0.08247422680412371
0 0.814375 0.18228678537956888 0.1225 0.09372071227741331
1 0.586875 0.3402061855670103 0.29875 0.1330834114339269
0 0.064375 0.42361761949390814 0.10375 0.06373008434864105
0 0.4975 0.5257731958762887 0.045 0.030927835051546393
0 0.378125 0.49625117150890347 0.0375 0.029053420805998126
0 0.661875 0.5576382380506092 0.0525 0.033739456419868794
1 0.33 0.36597938144329895 0.28125 0.1162136832239925
0 0.033125 0.28631677600749766 0.03625 0.02999062792877226
0 0.023125 0.19119025304592316 0.04625 0.02436738519212746
1 0.79875 0.44283036551077787 0.21625 0.17994376757263356
1 0.781875 0.5018744142455482 0.25625 0.1958762886597938
0 0.62875 0.6087160262417994 0.02 0.01874414245548266
0 0.8925 0.7052483598875351 0.04875 0.02530459231490159
0 0.981875 0.8055295220243673 0.03625 0.07216494845360824
0 0.895625 0.7947516401124649 0.01625 0.007497656982193065
0 0.89375 0.7717900656044986 0.01875 0.010309278350515464
0 0.724375 0.7104029990627929 0.01875 0.011246485473289597
0 0.39125 0.7432052483598875 0.02625 0.01499531396438613
0 0.216875 0.7225866916588566 0.02375 0.01218369259606373
0 0.024375 0.598875351452671 0.04375 0.016869728209934397
0 0.196875 0.5365510777881912 0.03625 0.015932521087160263
0 0.16 0.5365510777881912 0.0375 0.01874414245548266
0 0.008125 0.394095595126523 0.01625 0.02155576382380506
0 0.1575 0.21883786316776008 0.01875 0.007497656982193065
0 0.151875 0.2104029990627929 0.035 0.01499531396438613
0 0.073125 0.1893158388003749 0.03625 0.015932521087160263
0 0.75375 0.10871602624179943 0.02375 0.008434864104967198