0 0.936875 0.3528584817244611 0.02125 0.01499531396438613
0 0.613125 0.26991565135895035 0.04 0.02999062792877226
0 0.77375 0.49343955014058105 0.0375 0.02717900656044986
0 0.69125 0.6312089971883786 0.02 0.016869728209934397
0 0.763125 0.6138706654170571 0.0325 0.019681349578256794
0 0.285625 0.5060918462980318 0.0275 0.02155576382380506
0 0.685625 0.8284910965323337 0.11125 0.09184629803186505
0 0.2475 0.1527647610121837 0.1375 0.1049671977507029
1 0.44375 0.33270852858481725 0.31875 0.16213683223992503
0 0.944375 0.46954076850984067 0.11125 0.07310215557638237
0 0.4975 0.5257731958762887 0.05 0.03467666354264293
0 0.62125 0.5093720712277413 0.04125 0.031865042174320526
0 0.32875 0.5402999062792877 0.0575 0.038425492033739454
1 0.693125 0.3851921274601687 0.29875 0.14432989690721648
0 0.990625 0.3364573570759138 0.01875 0.033739456419868794
1 0.214375 0.41237113402061853 0.24625 0.20056232427366447
1 0.220625 0.4723523898781631 0.28875 0.22024367385192128
0 0.351875 0.5941893158388004 0.0225 0.020618556701030927
0 0.073125 0.662136832239925 0.0525 0.02999062792877226
0 0.05375 0.7507029053420806 0.0175 0.00937207122774133
0 0.059375 0.7282099343955014 0.02 0.01218369259606373
0 0.23875 0.6846298031865042 0.02125 0.013120899718837863
0 0.5625 0.7521087160262419 0.02875 0.01780693533270853
0 0.73875 0.7497656982193065 0.025 0.014058106841611996
0 0.953125 0.647610121836926 0.04625 0.020618556701030927
0 0.793125 0.5679475164011246 0.03875 0.019681349578256794
0 0.83 0.5716963448922212 0.04125 0.022492970946579195
0 0.89125 0.2572633552014995 0.02 0.00937207122774133
0 0.89875 0.2492970946579194 0.0375 0.01874414245548266
0 0.980625 0.23711340206185566 0.03875 0.019681349578256794
0 0.32125 0.08622305529522024 0.025 0.011246485473289597