0 0.140625 0.21462043111527648 0.035 0.02530459231490159
0 0.004375 0.08013120899718838 0.00875 0.030927835051546393
0 0.07625 0.14948453608247422 0.0325 0.015932521087160263
0 0.62875 0.09090909090909091 0.03125 0.01780693533270853
0 0.37 0.16635426429240863 0.03 0.019681349578256794
0 0.61875 0.29381443298969073 0.01375 0.013120899718837863
0 0.829375 0.20524835988753515 0.01125 0.010309278350515464
0 0.0975 0.373477038425492 0.03625 0.02436738519212746
0 0.14 0.6162136832239925 0.03125 0.022492970946579195
0 0.105 0.3992502343017807 0.03125 0.02155576382380506
0 0.173125 0.6358950328022493 0.02 0.01499531396438613
0 0.33125 0.5520149953139644 0.03625 0.023430178069353328
0 0.1 0.5103092783505154 0.015 0.010309278350515464
0 0.121875 0.3851921274601687 0.0175 0.01218369259606373
0 0.36375 0.5332708528584817 0.03625 0.023430178069353328
0 0.40875 0.45829428303655106 0.01875 0.013120899718837863
0 0.626875 0.6021555763823805 0.01625 0.011246485473289597
0 0.929375 0.47703842549203374 0.01625 0.02436738519212746
0 0.909375 0.5384254920337395 0.0125 0.011246485473289597
0 0.93375 0.5932521087160263 0.01375 0.011246485473289597
0 0.896875 0.6218369259606373 0.0125 0.01218369259606373
0 0.70875 0.47375820056232426 0.015 0.010309278350515464
0 0.068125 0.7221180880974696 0.03 0.02155576382380506
0 0.191875 0.7193064667291471 0.01625 0.011246485473289597
0 0.378125 0.7511715089034676 0.01625 0.011246485473289597
0 0.689375 0.7164948453608248 0.01625 0.01218369259606373
0 0.2175 0.11527647610121837 0.06 0.04217432052483599
0 0.02 0.25866916588566075 0.04 0.046860356138706656
0 0.7425 0.13964386129334583 0.0425 0.030927835051546393
0 0.528125 0.08013120899718838 0.04125 0.028116213683223992
0 0.045 0.4597000937207123 0.0425 0.02717900656044986
0 0.894375 0.169165885660731 0.0375 0.028116213683223992
0 0.876875 0.09700093720712277 0.035 0.028116213683223992
1 0.259375 0.37582005623242737 0.05375 0.03936269915651359
1 0.238125 0.45829428303655106 0.0825 0.11808809746954077
1 0.27875 0.45126522961574506 0.1375 0.18088097469540768
0 0.93 0.6968134957825679 0.015 0.013120899718837863
0 0.66 0.4208059981255858 0.00875 0.010309278350515464
0 0.48 0.31302717900656046 0.0125 0.010309278350515464
1 0.6075 0.38940955951265227 0.09 0.11996251171508904
1 0.55375 0.3289597000937207 0.155 0.1105904404873477
1 0.6375 0.3847235238987816 0.13875 0.17713214620431114
0 0.4075 0.4554826616682287 0.01375 0.00937207122774133
0 0.16875 0.6344892221180881 0.015 0.010309278350515464