0 0.154375 0.20524835988753515 0.03375 0.02436738519212746
0 0.014375 0.06747891283973759 0.02875 0.02999062792877226
0 0.093125 0.1387066541705717 0.03125 0.01499531396438613
0 0.6475 0.09465791940018745 0.03 0.016869728209934397
0 0.385625 0.16307403936269915 0.02875 0.01874414245548266
0 0.628125 0.2970946579194002 0.01375 0.013120899718837863
0 0.843125 0.21415182755388942 0.01125 0.010309278350515464
0 0.10375 0.3631677600749766 0.035 0.023430178069353328
0 0.135 0.6068416119962512 0.03 0.02155576382380506
0 0.11 0.3889409559512652 0.03 0.020618556701030927
0 0.1666875 0.627460168697282 0.019125000000000014 0.014058106841611996
0 0.32875 0.5473289597000938 0.03501249999999999 0.022492970946579195
0 0.1 0.5 0.015 0.010309278350515464
0 0.1275 0.3753514526710403 0.0175 0.01218369259606373
0 0.3625 0.5295220243673852 0.035 0.022492970946579195
0 0.410725 0.45570759137769445 0.01853750000000005 0.012671040299906263
0 0.621875 0.60543580131209 0.01625 0.011246485473289597
0 0.93 0.48828491096532334 0.015 0.02436738519212746
0 0.9075 0.549203373945642 0.0125 0.011246485473289597
0 0.929375 0.6044985941893158 0.01375 0.011246485473289597
0 0.89125 0.6321462043111528 0.0125 0.01218369259606373
0 0.71 0.4793814432989691 0.015 0.010309278350515464
0 0.0581625 0.7107216494845361 0.028674999999999996 0.0212558575445174
0 0.1819375 0.7110402999062793 0.016112499999999984 0.010656044985941792
0 0.36634999999999995 0.7477881911902531 0.015712500000000063 0.011040299906279262
0 0.679375 0.7211808809746955 0.01626249999999999 0.012193064667291463
0 0.235625 0.10824742268041238 0.05875 0.04029990627928772
0 0.025 0.24601686972820994 0.05 0.04592314901593252
0 0.759375 0.14620431115276475 0.04125 0.02999062792877226
0 0.5475 0.08106841611996252 0.04 0.02717900656044986
0 0.046875 0.44798500468603564 0.04125 0.026241799437675725
0 0.9098375 0.17982193064667293 0.0365625 0.027413308341143392
0 0.895625 0.10695407685098407 0.033125 0.027413308341143392
1 0.2653875 0.36942830365510776 0.051612500000000026 0.03777881911902536
1 0.2402 0.45126522961574506 0.07753750000000004 0.11655107778819115
1 0.2808625 0.44571696344892225 0.12945000000000004 0.177357075913777
0 0.9207125 0.7077694470477977 0.013787499999999966 0.012952202436738459
0 0.6634875 0.42498594189315836 0.007837499999999976 0.0101499531396439
0 0.4888375 0.3124461105904405 0.012512499999999989 0.00966260543580126
1 0.6125125 0.39240862230552953 0.08409999999999997 0.11796626054358013
1 0.5617 0.3306373008434864 0.15071249999999992 0.10692596063730088
1 0.643025 0.38820056232427363 0.13069999999999993 0.174133083411434
0 0.409475 0.452970946579194 0.013162499999999966 0.00878163074039363
0 0.162825 0.6257169634489222 0.014162499999999998 0.009943767572633459