0 0.4975 0.6040299906279287 0.0325 0.023430178069353328
0 0.193125 0.795688847235239 0.03375 0.022492970946579195
0 0.870625 0.767572633552015 0.03125 0.028116213683223992
0 0.863125 0.9006560449859419 0.02875 0.026241799437675725
1 0.27482500000000004 0.9525773195876288 0.13966250000000002 0.09246485473289605
0 0.9044 0.8733833177132146 0.060250000000000054 0.044601686972820916
1 0.345 0.8959700093720713 0.1775 0.11996251171508904
0 0.44625 0.436269915651359 0.075 0.06279287722586692
1 0.97005 0.36600749765698215 0.0598875000000001 0.19406747891283968
0 0.676875 0.3514526710402999 0.06375 0.033739456419868794
0 0.414375 0.35751640112464855 0.05625 0.03273664479850042
1 0.787975 0.35512652296157454 0.26421250000000013 0.1947141518275539
0 0.8729125000000001 0.6084254920337395 0.04822499999999991 0.053355201499531456
0 0.659375 0.12699156513589505 0.03875 0.02530459231490159
0 0.637625 0.10341143392689785 0.027262499999999933 0.023139643861293344
0 0.6172375 0.11275538894095595 0.012287500000000052 0.010871602624179938
0 0.6100249999999999 0.11077788191190253 0.009124999999999944 0.006269915651358949
0 0.7539 0.10958762886597939 0.011274999999999978 0.008238050609184623
0 0.6587375 0.2040112464854733 0.029212499999999864 0.024067478912839745
0 0.5586625000000001 0.1934676663542643 0.08443749999999994 0.04726335520149954
0 0.546525 0.2103373945641987 0.04328749999999999 0.029878163074039357
0 0.8670125 0.5034864104967198 0.07379999999999995 0.05798500468603556
0 0.6829999999999999 0.4949109653233365 0.051787500000000077 0.02984067478912832
0 0.99375 0.9254920337394564 0.0125 0.030927835051546393
0 0.59585 0.393186504217432 0.0465625 0.028209934395501426
0 0.595425 0.41566073102155576 0.070775 0.035660731021555724
0 0.4150875 0.3931771321462043 0.04916250000000005 0.04228678537956889
0 0.7967875 0.38552014995313966 0.07788749999999993 0.05162136832239929