0 0.493125 0.6040299906279287 0.035 0.02530459231490159
0 0.77875 0.8111527647610122 0.03625 0.02436738519212746
0 0.105625 0.7474226804123711 0.03375 0.02999062792877226
0 0.100625 0.880506091846298 0.03125 0.028116213683223992
1 0.6825 0.9568884723523898 0.1475 0.08622305529522024
0 0.061875 0.8514526710402999 0.06375 0.04779756326148079
1 0.6175 0.9029990627928772 0.18875 0.12933458294283037
0 0.559375 0.43908153701968133 0.08125 0.06654170571696345
1 0.04375 0.3416119962511715 0.0775 0.19681349578256796
0 0.3375 0.3425492033739456 0.06625 0.03655107778819119
0 0.59875 0.3622305529522024 0.05875 0.03561387066541706
1 0.22625 0.3402061855670103 0.28125 0.20805998125585753
0 0.118125 0.5885660731021556 0.0525 0.05529522024367385
0 0.375625 0.11949390815370196 0.04125 0.02717900656044986
0 0.399375 0.09700093720712277 0.02875 0.02436738519212746
0 0.419375 0.1077788191190253 0.01375 0.011246485473289597
0 0.42625 0.10590440487347703 0.01 0.006560449859418931
0 0.283125 0.09746954076850985 0.0125 0.008434864104967198
0 0.369375 0.19634489222118087 0.03125 0.02530459231490159
0 0.47 0.19119025304592316 0.08875 0.05154639175257732
0 0.480625 0.20852858481724462 0.04625 0.031865042174320526
0 0.13375 0.48406747891283974 0.07875 0.061855670103092786
0 0.318125 0.4854732895970009 0.055 0.03280224929709466
0 0.414375 0.38847235238987815 0.04875 0.030927835051546393
0 0.4125 0.41096532333645736 0.07375 0.03936269915651359
0 0.594375 0.3978444236176195 0.0525 0.04498594189315839
0 0.214375 0.3701968134957826 0.0825 0.05529522024367385