0 0.5 0.6040299906279287 0.0325 0.023430178069353328
0 0.8 0.7994376757263355 0.03375 0.022492970946579195
0 0.123125 0.7628865979381443 0.0325 0.028116213683223992
0 0.1275 0.8959700093720713 0.02875 0.026241799437675725
1 0.714375 0.9540768509840675 0.14125 0.09184629803186505
0 0.086875 0.8678537956888472 0.06125 0.04498594189315839
1 0.645625 0.8978444236176195 0.18 0.1218369259606373
0 0.555 0.4372071227741331 0.07625 0.06373008434864105
1 0.033125 0.3598875351452671 0.065 0.1949390815370197
0 0.326875 0.34910965323336457 0.065 0.03467666354264293
0 0.58875 0.3584817244611059 0.0575 0.033739456419868794
1 0.215625 0.3514526710402999 0.26875 0.19775070290534208
0 0.124375 0.6035613870665417 0.05 0.05435801312089972
0 0.349375 0.12511715089034678 0.03875 0.026241799437675725
0 0.371875 0.10168697282099344 0.0275 0.023430178069353328
0 0.391875 0.11105904404873478 0.0125 0.011246485473289597
0 0.39875 0.10918462980318651 0.00875 0.006560449859418931
0 0.255 0.10637300843486411 0.01125 0.008434864104967198
0 0.348125 0.20196813495782567 0.03 0.02436738519212746
0 0.44875 0.19259606373008434 0.085 0.04873477038425492
0 0.46 0.2099343955014058 0.04375 0.02999062792877226
0 0.133125 0.4985941893158388 0.075 0.059044048734770385
0 0.316875 0.49250234301780693 0.0525 0.030927835051546393
0 0.406875 0.3917525773195876 0.0475 0.029053420805998126
0 0.40625 0.41424554826616683 0.07125 0.03655107778819119
0 0.5875 0.394095595126523 0.05 0.04311152764761012
0 0.205625 0.38144329896907214 0.07875 0.05248359887535145