0 0.37125 0.28116213683223995 0.035 0.02436738519212746
0 0.52125 0.23430178069353327 0.02 0.01499531396438613
0 0.365625 0.4896907216494845 0.03375 0.028116213683223992
0 0.32625 0.5271790065604499 0.035 0.029053420805998126
0 0.49875 0.8744142455482662 0.02375 0.01874414245548266
0 0.620625 0.471883786316776 0.165 0.09934395501405811
0 0.67 0.4175257731958763 0.145 0.07685098406747891
0 0.77625 0.39034676663542645 0.09125 0.06841611996251172
0 0.1575 0.056232427366447985 0.06125 0.03655107778819119
0 0.40625 0.7005623242736645 0.0925 0.07966260543580131
0 0.43 0.7628865979381443 0.08125 0.05248359887535145
1 0.965 0.10824742268041238 0.07 0.1415182755388941
0 0.49 0.39878163074039363 0.0575 0.05154639175257732
0 0.901875 0.47282099343955014 0.08125 0.12839737582005623
0 0.42875 0.11855670103092783 0.0475 0.03467666354264293
0 0.275625 0.39971883786316775 0.0575 0.038425492033739454
0 0.2875 0.44189315838800375 0.05375 0.03561387066541706
0 0.280625 0.36176194939081535 0.05625 0.04498594189315839
0 0.335 0.5904404873477038 0.07125 0.06279287722586692
0 0.60125 0.5482661668228679 0.05875 0.038425492033739454
0 0.694375 0.018275538894095594 0.04 0.01218369259606373
0 0.3075 0.6907216494845361 0.0175 0.011246485473289597
0 0.06125 0.7647610121836926 0.035 0.03561387066541706
0 0.9825 0.5866916588566073 0.0175 0.02530459231490159