0 0.64375 0.2867853795688847 0.0325 0.023430178069353328
0 0.4975 0.2338331771321462 0.01875 0.014058106841611996
0 0.635 0.4948453608247423 0.0325 0.02717900656044986
0 0.671875 0.5337394564198688 0.03375 0.028116213683223992
0 0.475625 0.8739456419868791 0.0225 0.01780693533270853
0 0.381875 0.46719775070290537 0.16 0.09372071227741331
0 0.33625 0.41096532333645736 0.14125 0.07122774133083412
0 0.231875 0.3795688847235239 0.0875 0.06466729147141519
0 0.8725 0.07029053420805999 0.05875 0.03467666354264293
0 0.58 0.703842549203374 0.0875 0.07685098406747891
0 0.551875 0.7652296157450796 0.0775 0.04967197750702906
1 0.046875 0.0895032802249297 0.09375 0.13776944704779756
0 0.516875 0.39971883786316775 0.05375 0.05060918462980318
0 0.1 0.45735707591377694 0.07375 0.12652296157450796
0 0.5975 0.1218369259606373 0.045 0.03280224929709466
0 0.730625 0.408622305529522 0.055 0.03655107778819119
0 0.71625 0.45032802249297094 0.05125 0.033739456419868794
0 0.72875 0.37066541705716965 0.05375 0.04311152764761012
0 0.658125 0.5970009372071228 0.0675 0.05998125585754452
0 0.395625 0.5445173383317713 0.05625 0.03655107778819119
0 0.339375 0.011246485473289597 0.04 0.010309278350515464
0 0.679375 0.6977507029053421 0.01625 0.010309278350515464
0 0.919375 0.781630740393627 0.03375 0.03467666354264293
0 0.011875 0.5674789128397376 0.01625 0.02436738519212746