0 0.67625 0.2582005623242737 0.03375 0.02999062792877226
0 0.496875 0.2633552014995314 0.01375 0.013120899718837863
0 0.635 0.3036551077788191 0.01875 0.019681349578256794
0 0.718125 0.36879100281162136 0.02625 0.038425492033739454
0 0.91875 0.44704779756326146 0.01875 0.013120899718837863
0 0.67375 0.5571696344892221 0.01875 0.015932521087160263
0 0.495 0.48687910028116216 0.01625 0.013120899718837863
0 0.378125 0.4250234301780694 0.015 0.02155576382380506
0 0.57 0.3978444236176195 0.0225 0.020618556701030927
0 0.52375 0.5463917525773195 0.0125 0.010309278350515464
0 0.5975 0.6115276476101218 0.04 0.01218369259606373
0 0.09375 0.6490159325210871 0.04375 0.02530459231490159
0 0.97125 0.676194939081537 0.02375 0.03936269915651359
0 0.071875 0.8083411433926898 0.0375 0.022492970946579195
0 0.326875 0.8022492970946579 0.03125 0.023430178069353328
0 0.164375 0.7150890346766635 0.03625 0.02155576382380506
0 0.256875 0.8298969072164949 0.0175 0.015932521087160263
0 0.1425 0.5951265229615745 0.11625 0.06373008434864105
0 0.741875 0.6232427366447985 0.11625 0.046860356138706656
0 0.935 0.5506091846298032 0.05875 0.06373008434864105
0 0.15625 0.3622305529522024 0.08375 0.044048734770384255
0 0.425625 0.7108716026241799 0.1525 0.061855670103092786
0 0.75625 0.34910965323336457 0.09125 0.08716026241799438
0 0.11375 0.03795688847235239 0.05125 0.04029990627928772
0 0.41125 0.18322399250234303 0.05375 0.03748828491096532
0 0.019375 0.1344892221180881 0.03875 0.12652296157450796
0 0.681875 0.33083411433926896 0.03875 0.029053420805998126
0 0.235 0.2797563261480787 0.04 0.030927835051546393
0 0.2475 0.36785379568884724 0.035 0.028116213683223992
0 0.368125 0.6804123711340206 0.0675 0.020618556701030927
0 0.1575 0.2352389878163074 0.12375 0.10965323336457357
0 0.675625 0.8434864104967198 0.06625 0.030927835051546393
0 0.28 0.7375820056232427 0.145 0.05810684161199625
0 0.406875 0.7614807872539832 0.1525 0.06091846298031865
0 0.209375 0.5402999062792877 0.06375 0.01874414245548266
0 0.605625 0.7080599812558576 0.195 0.07872539831302718
0 0.275 0.5018744142455482 0.05875 0.02717900656044986
0 0.5775 0.6227741330834115 0.095 0.01874414245548266
0 0.646875 0.30412371134020616 0.01 0.014058106841611996
0 0.48375 0.30506091846298033 0.0075 0.007497656982193065
0 0.49125 0.3106841611996251 0.00875 0.00937207122774133
0 0.473125 0.1738519212746017 0.04375 0.02530459231490159
0 0.604375 0.19306466729147143 0.03375 0.02999062792877226
0 0.765625 0.18791002811621368 0.035 0.02999062792877226
0 0.8625 0.1541705716963449 0.03625 0.038425492033739454
0 0.745 0.36785379568884724 0.0225 0.03936269915651359
0 0.71 0.3289597000937207 0.01125 0.010309278350515464
0 0.790625 0.3716026241799438 0.01625 0.011246485473289597
0 0.785625 0.5810684161199625 0.0525 0.04592314901593252
0 0.59625 0.6040299906279287 0.025 0.00937207122774133
0 0.629375 0.6518275538894096 0.145 0.05435801312089972
0 0.78375 0.7731958762886598 0.05875 0.05529522024367385
0 0.8125 0.8055295220243673 0.09125 0.02530459231490159
0 0.0225 0.5477975632614808 0.03 0.00937207122774133
0 0.01625 0.5398313027179007 0.01875 0.008434864104967198
0 0.3225 0.46719775070290537 0.04 0.02999062792877226
0 0.119375 0.4662605435801312 0.04125 0.02530459231490159
0 0.556875 0.4090909090909091 0.0075 0.02530459231490159
0 0.565 0.41283973758200565 0.00875 0.01874414245548266
0 0.43875 0.4943767572633552 0.01875 0.00937207122774133
0 0.36375 0.44611059044048734 0.02125 0.013120899718837863
0 0.37125 0.4423617619493908 0.0225 0.019681349578256794
0 0.3875 0.42924086223055297 0.01125 0.013120899718837863
0 0.510625 0.5609184629803187 0.01375 0.005623242736644799
0 0.510625 0.5543580131208997 0.015 0.008434864104967198