0 0.6925 0.26569821930646675 0.0325 0.028116213683223992
0 0.513125 0.26382380506091846 0.0125 0.01218369259606373
0 0.64875 0.30927835051546393 0.01625 0.01874414245548266
0 0.726875 0.3776944704779756 0.02375 0.03748828491096532
0 0.921875 0.46344892221180883 0.0175 0.01218369259606373
0 0.669375 0.563730084348641 0.0175 0.01499531396438613
0 0.49625 0.48687910028116216 0.015 0.01218369259606373
0 0.383125 0.42033739456419866 0.01375 0.020618556701030927
0 0.576875 0.4006560449859419 0.02125 0.019681349578256794
0 0.520625 0.5468603561387066 0.01125 0.00937207122774133
0 0.589375 0.6152764761012184 0.03875 0.010309278350515464
0 0.08375 0.6330834114339269 0.04125 0.02436738519212746
0 0.958125 0.6944704779756327 0.02125 0.038425492033739454
0 0.05125 0.7914714151827554 0.03625 0.02155576382380506
0 0.30625 0.7952202436738519 0.02875 0.02155576382380506
0 0.149375 0.7014995313964386 0.035 0.019681349578256794
0 0.234375 0.8200562324273665 0.01625 0.01499531396438613
0 0.13625 0.5810684161199625 0.1125 0.05998125585754452
0 0.733125 0.6326148078725399 0.11375 0.04311152764761012
0 0.93125 0.5674789128397376 0.055 0.061855670103092786
0 0.16625 0.3486410496719775 0.08125 0.041237113402061855
0 0.41125 0.7080599812558576 0.14875 0.056232427366447985
0 0.76625 0.35941893158388005 0.08625 0.08341143392689784
0 0.14625 0.023430178069353328 0.04875 0.038425492033739454
0 0.43375 0.17994376757263356 0.05125 0.03561387066541706
0 0.030625 0.11527647610121837 0.06125 0.12371134020618557
0 0.693125 0.338331771321462 0.0375 0.028116213683223992
0 0.250625 0.26991565135895035 0.03875 0.02999062792877226
0 0.2575 0.3584817244611059 0.03375 0.02717900656044986
0 0.355625 0.6747891283973758 0.06625 0.01780693533270853
0 0.176875 0.22211808809746955 0.11625 0.10590440487347703
0 0.65125 0.8500468603561387 0.065 0.029053420805998126
0 0.26375 0.7286785379568884 0.14125 0.05248359887535145
0 0.38875 0.7572633552014996 0.14875 0.05529522024367385
0 0.206875 0.528584817244611 0.0625 0.015932521087160263
0 0.59125 0.7122774133083412 0.19 0.07216494845360824
0 0.275 0.492970946579194 0.0575 0.02530459231490159
0 0.56875 0.6255857544517338 0.09375 0.01499531396438613
0 0.660625 0.31021555763823805 0.01 0.013120899718837863
0 0.4975 0.3045923149015933 0.0075 0.007497656982193065
0 0.504375 0.3106841611996251 0.00875 0.00937207122774133
0 0.49625 0.17291471415182755 0.0425 0.023430178069353328
0 0.625625 0.19775070290534208 0.03125 0.028116213683223992
0 0.786875 0.19868791002811623 0.0325 0.029053420805998126
0 0.88625 0.16869728209934395 0.03375 0.03748828491096532
0 0.75375 0.37722586691658855 0.02 0.03936269915651359
0 0.72125 0.3373945641986879 0.01 0.00937207122774133
0 0.799375 0.3828491096532334 0.01625 0.011246485473289597
0 0.78 0.5923149015932521 0.05 0.044048734770384255
0 0.58875 0.6073102155576382 0.025 0.008434864104967198
0 0.61875 0.6565135895032802 0.1425 0.04873477038425492
0 0.764375 0.7839737582005624 0.055 0.053420805998125584
0 0.790625 0.817244611059044 0.09 0.022492970946579195
0 0.02 0.5290534208059982 0.03 0.008434864104967198
0 0.01375 0.520618556701031 0.01875 0.008434864104967198
0 0.325 0.46016869728209936 0.0375 0.028116213683223992
0 0.1225 0.45126522961574506 0.04 0.02436738519212746
0 0.563125 0.4114339268978444 0.00625 0.02530459231490159
0 0.570625 0.415651358950328 0.0075 0.01874414245548266
0 0.439375 0.49203373945641987 0.0175 0.008434864104967198
0 0.3675 0.44095595126522963 0.02 0.013120899718837863
0 0.375625 0.43767572633552015 0.02125 0.01874414245548266
0 0.3925 0.4245548266166823 0.01125 0.013120899718837863
0 0.50625 0.5613870665417057 0.0125 0.004686035613870665
0 0.506875 0.5548266166822868 0.01375 0.008434864104967198