0 0.301875 0.26804123711340205 0.03125 0.028116213683223992
0 0.48125 0.26382380506091846 0.0125 0.01218369259606373
0 0.346775 0.31115276476101217 0.016437499999999973 0.01874414245548266
0 0.27 0.380506091846298 0.0225 0.03748828491096532
0 0.0775 0.4690721649484536 0.0175 0.01218369259606373
0 0.33221249999999997 0.5660731021555764 0.016912499999999966 0.01499531396438613
0 0.50375 0.48687910028116216 0.015 0.01218369259606373
0 0.61485 0.4189315838800375 0.0128125 0.020618556701030927
0 0.420625 0.40159325210871605 0.02125 0.019681349578256794
0 0.480625 0.5473289597000938 0.01125 0.00937207122774133
0 0.413125 0.6164011246485473 0.03875 0.009934395501405725
0 0.919375 0.627460168697282 0.04125 0.023430178069353328
0 0.04625 0.7005623242736645 0.02 0.038425492033739454
0 0.955625 0.7853795688847235 0.03625 0.020618556701030927
0 0.700625 0.7924086223055296 0.02875 0.02155576382380506
0 0.855 0.6968134957825679 0.035 0.019681349578256794
0 0.773125 0.8163074039362699 0.01625 0.01499531396438613
0 0.865675 0.5763823805060918 0.11103749999999991 0.05810684161199625
0 0.27 0.6354264292408622 0.1125 0.041237113402061855
0 0.070625 0.5731021555763823 0.05375 0.06091846298031865
0 0.83 0.3444236176194939 0.08 0.04029990627928772
0 0.59375 0.7066541705716963 0.1475 0.05435801312089972
0 0.2305125 0.3627647610121837 0.08397500000000001 0.08260543580131208
0 0.8425 0.01874414245548266 0.0475 0.03748828491096532
0 0.5588624999999999 0.1792502343017807 0.05 0.03512652296157452
0 0.965625 0.10918462980318651 0.06875 0.12277413308341144
0 0.303125 0.3406747891283974 0.03625 0.02717900656044986
0 0.74375 0.2666354264292409 0.0375 0.029053420805998126
0 0.739425 0.35520149953139646 0.032549999999999954 0.026729147141518257
0 0.6484000000000001 0.6728772258669167 0.06592500000000001 0.0167853795688848
0 0.816875 0.21790065604498593 0.11375 0.10402999062792877
0 0.356875 0.851921274601687 0.06375 0.028116213683223992
0 0.741575 0.7255201499531396 0.14033749999999998 0.05085285848172445
0 0.6175 0.7558575445173383 0.1475 0.053420805998125584
0 0.79375 0.5249578256794751 0.0625 0.015238987816307396
0 0.41375 0.7132146204311153 0.18881249999999997 0.06935332708528585
0 0.724675 0.4901593252108716 0.05686250000000001 0.024376757263355194
0 0.434375 0.6265229615745079 0.09375 0.014058106841611996
0 0.3349875 0.31237113402061856 0.009099999999999966 0.013467666354264296
0 0.4979125 0.3045079662605436 0.0068250000000000454 0.007582005623242767
0 0.49125 0.3106373008434864 0.008187499999999943 0.00880974695407683
0 0.4962875 0.17313964386129335 0.04167500000000004 0.02329896907216496
0 0.3674875 0.19936269915651358 0.030787499999999995 0.028013120899718826
0 0.20614999999999997 0.202427366447985 0.03213749999999997 0.028828491096532325
0 0.1060875 0.1739456419868791 0.03241250000000001 0.036785379568884724
0 0.24332499999999999 0.38075913776944703 0.019350000000000023 0.03882849109653229
0 0.274775 0.3401405810684161 0.00978749999999998 0.009409559512652262
0 0.19798749999999998 0.38699156513589505 0.015812499999999972 0.010843486410496766
0 0.22235 0.5960356138706654 0.048725000000000025 0.04342080599812552
0 0.413775 0.6086035613870665 0.02476249999999993 0.007797563261480727
0 0.38505 0.6581068416119963 0.1415625 0.04719775070290525
0 0.2425 0.7872446110590441 0.05420000000000002 0.05229615745079658
0 0.2166375 0.8210121836925961 0.08905000000000002 0.021087160262417994
0 0.980825 0.5225492033739456 0.02938749999999999 0.008322399250234404
0 0.98655 0.5142830365510778 0.018000000000000113 0.007788191190252995
0 0.6739624999999999 0.45802249297094655 0.037024999999999864 0.02791940018744139
0 0.876275 0.4464948453608248 0.03973749999999995 0.023636363636363664
0 0.435025 0.41240862230552955 0.005712500000000062 0.024929709465791962
0 0.4272625 0.4163917525773196 0.007637500000000017 0.018603561387066564
0 0.5602750000000001 0.49109653233364575 0.01768749999999997 0.008303655107778725
0 0.6308 0.4390440487347704 0.019862500000000054 0.012492970946579232
0 0.623175 0.4359887535145267 0.020400000000000064 0.018612933458294297
0 0.6058875 0.4233364573570759 0.010362499999999955 0.01288659793814433
0 0.49520000000000003 0.5612277413308342 0.012787500000000023 0.004845360824742336
0 0.4945125 0.5549015932521087 0.01417500000000004 0.007806935332708461