0 0.473125 0.2942830365510778 0.14125 0.09278350515463918
0 0.29875 0.5623242736644799 0.09 0.10028116213683223
0 0.55375 0.6171508903467666 0.0825 0.1021555763823805
0 0.493125 0.22774133083411435 0.10625 0.08903467666354264
0 0.306875 0.4062792877225867 0.1325 0.04873477038425492
0 0.689375 0.5726335520149953 0.14125 0.05154639175257732
0 0.3075 0.7296157450796626 0.095 0.05529522024367385
0 0.270625 0.8444236176194939 0.08875 0.05435801312089972
0 0.2175 0.8753514526710403 0.08375 0.06091846298031865
0 0.745 0.45407685098406747 0.05375 0.04029990627928772
0 0.760625 0.5487347703842549 0.0675 0.03280224929709466
0 0.789375 0.7633552014995314 0.05 0.03748828491096532
0 0.639375 0.8022492970946579 0.04875 0.03655107778819119
0 0.640625 0.06513589503280225 0.0475 0.03936269915651359
0 0.653125 0.2872539831302718 0.1825 0.13776944704779756
0 0.698125 0.6218369259606373 0.065 0.02717900656044986
0 0.538125 0.1021555763823805 0.07375 0.06560449859418932
0 0.86 0.39268978444236174 0.04875 0.06466729147141519
0 0.580625 0.1541705716963449 0.05625 0.046860356138706656
0 0.976875 0.4119025304592315 0.04375 0.07216494845360824
0 0.84125 0.42783505154639173 0.0425 0.031865042174320526
0 0.543125 0.05998125585754452 0.0775 0.04498594189315839
0 0.91375 0.5721649484536082 0.04625 0.02436738519212746
0 0.9825 0.4761012183692596 0.035 0.1162136832239925
0 0.95625 0.5571696344892221 0.0875 0.05154639175257732
0 0.945625 0.01780693533270853 0.03 0.029053420805998126
0 0.910625 0.15604498594189317 0.03 0.02530459231490159
0 0.886875 0.13776944704779756 0.0225 0.019681349578256794
0 0.555 0.6532333645735707 0.02625 0.01218369259606373
0 0.555 0.6035613870665417 0.02375 0.011246485473289597
0 0.93125 0.598406747891284 0.03375 0.015932521087160263
0 0.978125 0.555763823805061 0.04375 0.026241799437675725
0 0.801875 0.36363636363636365 0.02 0.015932521087160263
0 0.693125 0.267572633552015 0.12625 0.1021555763823805
0 0.756875 0.0009372071227741331 0.02125 0.0018744142455482662
0 0.885 0.06232427366447985 0.0475 0.02155576382380506
0 0.97375 0.019681349578256794 0.01875 0.014058106841611996
0 0.970625 0.007966260543580132 0.02 0.011246485473289597
0 0.89625 0.16776007497656983 0.0175 0.01499531396438613
0 0.635625 0.89456419868791 0.03375 0.028116213683223992