0 0.506875 0.2933458294283037 0.15125 0.10121836925960637
0 0.29 0.5431115276476102 0.10125 0.10590440487347703
0 0.534375 0.6208997188378632 0.09375 0.10684161199625117
0 0.5375 0.22914714151827553 0.115 0.09559512652296158
0 0.32375 0.38940955951265227 0.1375 0.05716963448922212
0 0.67625 0.5890346766635426 0.14625 0.05998125585754452
0 0.27125 0.7104029990627929 0.10125 0.061855670103092786
0 0.21625 0.8205248359887535 0.095 0.05998125585754452
0 0.15875 0.8467666354264293 0.09 0.06654170571696345
0 0.750625 0.47703842549203374 0.0575 0.04311152764761012
0 0.750625 0.5721649484536082 0.07 0.03655107778819119
0 0.744375 0.7877225866916588 0.05375 0.04029990627928772
0 0.589375 0.8130271790065604 0.0525 0.03936269915651359
0 0.71 0.08106841611996252 0.05125 0.04217432052483599
0 0.686875 0.302717900656045 0.19625 0.14901593252108716
0 0.676875 0.6387066541705717 0.06875 0.030927835051546393
0 0.6025 0.10871602624179943 0.08125 0.07029053420805999
0 0.875 0.42642924086223055 0.05625 0.06747891283973759
0 0.63625 0.1640112464854733 0.06125 0.04967197750702906
0 0.980625 0.45595126522961577 0.03875 0.07403936269915651
0 0.850625 0.4597000937207123 0.045 0.033739456419868794
0 0.614375 0.06701030927835051 0.0825 0.04967197750702906
0 0.89875 0.6096532333645736 0.04875 0.02717900656044986
0 0.979375 0.5201499531396439 0.04125 0.11808809746954077
0 0.944375 0.598406747891284 0.0925 0.05716963448922212
0 0.96375 0.19634489222118087 0.03375 0.02717900656044986
0 0.9425 0.17572633552014996 0.025 0.02155576382380506
0 0.529375 0.6574507966260543 0.0275 0.014058106841611996
0 0.5375 0.6077788191190253 0.025 0.01218369259606373
0 0.911875 0.6368322399250235 0.035 0.01780693533270853
0 0.96625 0.5993439550140581 0.04875 0.029053420805998126
0 0.821875 0.3922211808809747 0.0225 0.016869728209934397
0 0.729375 0.2867853795688847 0.13625 0.10965323336457357
0 0.8375 0.026710402999062792 0.0225 0.007497656982193065
0 0.953125 0.1007497656982193 0.05 0.02436738519212746
0 0.9475 0.20665417057169636 0.01875 0.015932521087160263
0 0.570625 0.9039362699156513 0.03625 0.02999062792877226