0 0.95625 0.7136150234741784 0.08 0.05539906103286385
0 0.796875 0.6600938967136151 0.085 0.05352112676056338
1 0.495625 0.5413145539906103 0.38375 0.18215962441314554
0 0.875 0.6704225352112676 0.0925 0.036619718309859155
0 0.064375 0.6136150234741784 0.0975 0.048826291079812206
0 0.8825 0.7708920187793428 0.04375 0.03380281690140845
0 0.041875 0.4107981220657277 0.05125 0.04131455399061033
0 0.829375 0.36619718309859156 0.065 0.04037558685446009
0 0.785 0.19671361502347418 0.065 0.04037558685446009
0 0.010625 0.3483568075117371 0.02125 0.03004694835680751
0 0.46625 0.4469483568075117 0.2125 0.11267605633802817
0 0.7275 0.7154929577464789 0.09625 0.036619718309859155
0 0.08125 0.42065727699530514 0.04375 0.03474178403755868
0 0.9075 0.4765258215962441 0.05 0.03474178403755868
0 0.54875 0.23145539906103285 0.05375 0.028169014084507043
0 0.433125 0.647887323943662 0.2025 0.061971830985915494
1 0.175 0.5253521126760563 0.35 0.17370892018779344
0 0.5575 0.6197183098591549 0.07875 0.030985915492957747
0 0.875625 0.4943661971830986 0.05625 0.04225352112676056
0 0.0925 0.8699530516431925 0.03625 0.046009389671361506
0 0.7175 0.4981220657276995 0.115 0.04976525821596244
0 0.865625 0.528169014084507 0.0925 0.03755868544600939
0 0.77625 0.4225352112676056 0.06125 0.107981220657277
0 0.150625 0.15352112676056337 0.03875 0.020657276995305163
0 0.171875 0.20751173708920187 0.02375 0.01784037558685446
0 0.258125 0.3192488262910798 0.035 0.01596244131455399
0 0.035625 0.33380281690140845 0.035 0.014084507042253521
0 0.044375 0.19014084507042253 0.02375 0.016901408450704224
0 0.324375 0.12816901408450704 0.0425 0.018779342723004695
0 0.283125 0.1751173708920188 0.025 0.01596244131455399
0 0.71 0.2859154929577465 0.03625 0.022535211267605635
0 0.791875 0.536150234741784 0.0225 0.012206572769953052
0 0.805 0.543661971830986 0.03875 0.020657276995305163
0 0.729375 0.523943661971831 0.025 0.013145539906103286
0 0.51875 0.36384976525821594 0.0225 0.014084507042253521
0 0.49375 0.3342723004694836 0.0825 0.03192488262910798
0 0.18125 0.3751173708920188 0.05125 0.01784037558685446
0 0.21625 0.17370892018779344 0.0275 0.013145539906103286
0 0.695625 0.5112676056338028 0.02625 0.011267605633802818
0 0.6575 0.523943661971831 0.02125 0.013145539906103286
0 0.646875 0.5286384976525822 0.02125 0.010328638497652582
0 0.64 0.5366197183098591 0.04125 0.016901408450704224
1 0.821875 0.5516431924882629 0.35625 0.168075117370892
0 0.90625 0.7248826291079812 0.03 0.012206572769953052
0 0.190625 0.5845070422535211 0.02625 0.012206572769953052
0 0.338125 0.5967136150234742 0.025 0.012206572769953052
0 0.375625 0.5178403755868545 0.03625 0.015023474178403756
0 0.36625 0.5093896713615024 0.02375 0.011267605633802818
1 0.16125 0.3938967136150235 0.17125 0.09859154929577464
1 0.05125 0.3295774647887324 0.1025 0.09014084507042254