0 0.880625 0.7854460093896714 0.0725 0.04976525821596244
0 0.741875 0.7061032863849765 0.07875 0.046948356807511735
1 0.483125 0.5394366197183098 0.36625 0.1511737089201878
0 0.814375 0.7295774647887324 0.08875 0.02910798122065728
0 0.04375 0.5370892018779343 0.0875 0.04131455399061033
0 0.791875 0.8286384976525821 0.04 0.030985915492957747
0 0.080625 0.33568075117370894 0.04625 0.038497652582159626
0 0.86125 0.4253521126760563 0.06 0.03568075117370892
0 0.86875 0.25258215962441316 0.06125 0.03568075117370892
0 0.05625 0.2676056338028169 0.04375 0.02629107981220657
0 0.4825 0.4422535211267606 0.20125 0.09577464788732394
0 0.6575 0.748356807511737 0.0925 0.02910798122065728
0 0.115625 0.3516431924882629 0.04 0.03192488262910798
0 0.904375 0.5460093896713615 0.04625 0.030985915492957747
0 0.628125 0.24694835680751173 0.05125 0.023474178403755867
0 0.390625 0.6328638497652582 0.2 0.044131455399061034
1 0.171875 0.46854460093896716 0.34375 0.14460093896713616
0 0.52 0.6262910798122066 0.07625 0.024413145539906103
0 0.868125 0.5582159624413146 0.05125 0.038497652582159626
0 0.003125 0.7910798122065728 0.00625 0.044131455399061034
0 0.7125 0.5352112676056338 0.11125 0.04037558685446009
0 0.848125 0.5892018779342723 0.09 0.03004694835680751
0 0.7925 0.47136150234741786 0.045 0.10610328638497653
0 0.26375 0.10328638497652583 0.03625 0.016901408450704224
0 0.268125 0.1596244131455399 0.02125 0.01596244131455399
0 0.31875 0.2830985915492958 0.03375 0.013145539906103286
0 0.0975 0.2596244131455399 0.03375 0.011267605633802818
0 0.149375 0.12112676056338029 0.0225 0.015023474178403756
0 0.440625 0.10845070422535211 0.04125 0.01596244131455399
0 0.385625 0.14694835680751173 0.02375 0.014084507042253521
0 0.76875 0.3267605633802817 0.03375 0.01971830985915493
0 0.77375 0.5845070422535211 0.0225 0.010328638497652582
0 0.78375 0.5938967136150235 0.03625 0.016901408450704224
0 0.71625 0.5624413145539906 0.02375 0.011267605633802818
0 0.559375 0.3704225352112676 0.02125 0.012206572769953052
0 0.54375 0.33755868544600937 0.08 0.02535211267605634
0 0.226875 0.3244131455399061 0.05 0.013145539906103286
0 0.32125 0.13427230046948357 0.02625 0.010328638497652582
0 0.686875 0.544131455399061 0.025 0.009389671361502348
0 0.64625 0.5502347417840375 0.02 0.012206572769953052
0 0.634375 0.5530516431924882 0.02125 0.008450704225352112
0 0.625625 0.5591549295774648 0.04 0.013145539906103286
1 0.8025 0.6061032863849766 0.34875 0.13896713615023473
0 0.82875 0.787793427230047 0.02875 0.009389671361502348
0 0.17375 0.5300469483568075 0.025 0.010328638497652582
0 0.31375 0.5666666666666667 0.02375 0.010328638497652582
0 0.37375 0.49671361502347416 0.035 0.012206572769953052
0 0.366875 0.4868544600938967 0.0225 0.009389671361502348
1 0.201875 0.33943661971830985 0.16 0.08544600938967137
1 0.0875 0.2535211267605634 0.14625 0.07793427230046948