0 0.8999375000000001 0.7699530516431925 0.06986250000000012 0.046948356807511735
0 0.755625 0.6962441314553991 0.07625 0.044131455399061034
1 0.4861 0.539943661971831 0.35697499999999993 0.13779342723004695
0 0.83 0.7169014084507043 0.0875 0.02535211267605634
0 0.045 0.5549295774647888 0.09 0.03755868544600939
0 0.8142375 0.8166948356807512 0.0375 0.02910798122065728
0 0.0695875 0.35258215962441314 0.043324999999999995 0.036619718309859155
0 0.8553125 0.4112957746478873 0.057849999999999964 0.033643192488262946
0 0.8509375 0.23860093896713616 0.05882499999999993 0.032967136150234756
0 0.040975000000000004 0.28544600938967135 0.0425 0.024413145539906103
0 0.47875 0.4431924882629108 0.195 0.08826291079812207
0 0.674475 0.7418591549295775 0.09146250000000002 0.025089201877934297
0 0.105725 0.36716431924882625 0.037425 0.03051643192488263
0 0.9068125 0.5300469483568075 0.04375 0.02910798122065728
0 0.61 0.24204694835680748 0.04986249999999998 0.0215962441314554
0 0.4 0.6370892018779343 0.1975 0.036619718309859155
1 0.16875 0.48169014084507045 0.3375 0.13145539906103287
0 0.5286875 0.6254084507042253 0.075 0.0215962441314554
0 0.8714624999999999 0.5434553990610328 0.049025000000000034 0.036619718309859155
0 0.013125 0.8112676056338028 0.02625 0.0431924882629108
0 0.71465 0.5266009389671362 0.10875 0.03568075117370892
0 0.853575 0.5752957746478874 0.08798750000000012 0.026863849765258123
0 0.79 0.45988732394366194 0.0375 0.10475117370892013
0 0.23625 0.11314553990610329 0.035 0.01596244131455399
0 0.24451250000000002 0.16927699530516432 0.02 0.015023474178403756
0 0.30375 0.2906103286384977 0.0325 0.012206572769953052
0 0.08125 0.2755868544600939 0.0325 0.010328638497652582
0 0.1232625 0.13526760563380283 0.02125 0.014084507042253521
0 0.4132 0.11110798122065728 0.04 0.014084507042253521
0 0.36125 0.1519530516431925 0.0225 0.013455399061032849
0 0.75625 0.3164319248826291 0.0325 0.018779342723004695
0 0.779375 0.5737089201877934 0.02125 0.009389671361502348
0 0.79 0.5826291079812207 0.035 0.01596244131455399
0 0.7201000000000001 0.553699530516432 0.023400000000000035 0.009962441314553898
0 0.5500125 0.3685070422535211 0.020537499999999938 0.011258215962441323
0 0.5322875 0.3361408450704225 0.07892499999999998 0.022225352112676018
0 0.2149875 0.3352112676056338 0.049737500000000025 0.011549295774647845
0 0.2961375 0.1416431924882629 0.025762500000000018 0.009708920187793403
0 0.6898875 0.5364976525821596 0.024350000000000024 0.008384976525821656
0 0.6497499999999999 0.5443192488262911 0.019137499999999932 0.011004694835680777
0 0.6381125 0.5475868544600938 0.020187500000000042 0.00813145539906111
0 0.6296 0.5542441314553991 0.03928749999999994 0.011530516431924856
1 0.8094499999999999 0.5940657276995305 0.33987500000000004 0.12609389671361498
0 0.8483499999999999 0.7746948356807511 0.027837499999999977 0.00865727699530519
0 0.176075 0.5427511737089201 0.02469999999999999 0.00892018779342723
0 0.31838750000000005 0.573943661971831 0.02297500000000003 0.009192488262910765
0 0.37347499999999995 0.5015117370892019 0.034424999999999956 0.01048826291079819
0 0.366175 0.491981220657277 0.021912499999999967 0.00813145539906111
1 0.19079999999999997 0.3512676056338028 0.15478749999999997 0.07938967136150231
1 0.070725 0.27026291079812204 0.14145 0.07233802816901408