0 0.40375 0.6422535211267606 0.08125 0.10422535211267606
0 0.8575 0.33849765258215964 0.1225 0.09107981220657277
0 0.623125 0.392018779342723 0.17375 0.07230046948356808
0 0.448125 0.36807511737089205 0.14125 0.09671361502347418
0 0.518125 0.4821596244131455 0.18375 0.09107981220657277
0 0.705 0.5976525821596245 0.055 0.038497652582159626
0 0.345625 0.2746478873239437 0.10375 0.051643192488262914
0 0.3475 0.7032863849765258 0.0525 0.03568075117370892
0 0.289375 0.4272300469483568 0.0675 0.07417840375586854
0 0.589375 0.5746478873239437 0.04125 0.03192488262910798
0 0.35625 0.21737089201877935 0.0925 0.04037558685446009
0 0.408125 0.17981220657276994 0.05875 0.04037558685446009
0 0.875625 0.5309859154929577 0.08875 0.023474178403755867
0 0.966875 0.17746478873239438 0.06625 0.04507042253521127
0 0.8075 0.4507042253521127 0.0775 0.028169014084507043
0 0.23875 0.13943661971830987 0.03 0.030985915492957747
0 0.39125 0.1267605633802817 0.03 0.03004694835680751
0 0.811875 0.40751173708920185 0.04875 0.03192488262910798
0 0.164375 0.4666666666666667 0.05125 0.03004694835680751
0 0.15 0.5098591549295775 0.105 0.06572769953051644
0 0.1675 0.5286384976525822 0.0525 0.03755868544600939
0 0.038125 0.20234741784037558 0.04625 0.051643192488262914
0 0.9625 0.29295774647887324 0.03875 0.03192488262910798
0 0.0175 0.6446009389671361 0.0325 0.03286384976525822
0 0.648125 0.44835680751173707 0.1 0.06666666666666667
0 0.019375 0.535680751173709 0.03875 0.044131455399061034
0 0.10125 0.423943661971831 0.0425 0.06291079812206572
0 0.368125 0.4112676056338028 0.11875 0.08450704225352113
0 0.706875 0.5342723004694836 0.04125 0.03004694835680751
0 0.7575 0.2676056338028169 0.03625 0.03380281690140845
0 0.12875 0.42300469483568076 0.025 0.044131455399061034
0 0.141875 0.24272300469483568 0.04625 0.03474178403755868
0 0.849375 0.18262910798122065 0.03625 0.03474178403755868
0 0.074375 0.38685446009389673 0.04375 0.056338028169014086
0 0.56625 0.5098591549295775 0.14 0.09389671361502347
0 0.749375 0.5051643192488263 0.06375 0.016901408450704224
0 0.07375 0.352112676056338 0.0925 0.08075117370892018
0 0.216875 0.3873239436619718 0.03875 0.038497652582159626
0 0.454375 0.3075117370892019 0.0425 0.07417840375586854
0 0.605 0.30985915492957744 0.0675 0.023474178403755867
0 0.64 0.463849765258216 0.0325 0.03004694835680751
0 0.163125 0.32723004694835683 0.0275 0.04037558685446009
0 0.365625 0.15258215962441316 0.01375 0.014084507042253521
0 0.47625 0.3061032863849765 0.0175 0.015023474178403756
0 0.436875 0.13708920187793427 0.02125 0.015023474178403756
0 0.436875 0.1488262910798122 0.01125 0.010328638497652582
0 0.053125 0.6136150234741784 0.03125 0.023474178403755867
0 0.085 0.612206572769953 0.0325 0.022535211267605635
0 0.08875 0.6356807511737089 0.0325 0.020657276995305163
0 0.065 0.6535211267605634 0.0325 0.024413145539906103
0 0.20625 0.4042253521126761 0.0225 0.01596244131455399
0 0.75375 0.7131455399061033 0.035 0.02535211267605634
0 0.07625 0.6929577464788732 0.0325 0.022535211267605635
0 0.005 0.6882629107981221 0.0075 0.02629107981220657
0 0.73 0.24131455399061033 0.03375 0.010328638497652582
0 0.69625 0.24647887323943662 0.035 0.012206572769953052
0 0.710625 0.2516431924882629 0.06625 0.01784037558685446
0 0.594375 0.30093896713615026 0.03 0.007511737089201878
0 0.469375 0.16056338028169015 0.04 0.014084507042253521
0 0.509375 0.1812206572769953 0.07625 0.06103286384976526
0 0.53875 0.20234741784037558 0.0175 0.011267605633802818
0 0.123125 0.14929577464788732 0.03 0.027230046948356807
0 0.004375 0.18685446009389672 0.00875 0.007511737089201878
0 0.00625 0.19577464788732393 0.0125 0.006572769953051643
0 0.07375 0.2568075117370892 0.03 0.02629107981220657
0 0.285 0.3647887323943662 0.10875 0.10985915492957747
0 0.304375 0.3305164319248826 0.015 0.013145539906103286
0 0.256875 0.3816901408450704 0.01375 0.013145539906103286
0 0.23625 0.4253521126760563 0.01625 0.012206572769953052
0 0.284375 0.4460093896713615 0.00875 0.010328638497652582
0 0.395 0.44741784037558685 0.015 0.008450704225352112
0 0.393125 0.47981220657276996 0.01125 0.010328638497652582
0 0.4525 0.43708920187793426 0.0175 0.013145539906103286
0 0.495 0.4544600938967136 0.0325 0.01596244131455399
0 0.748125 0.5178403755868545 0.065 0.008450704225352112
0 0.883125 0.5192488262910798 0.01875 0.0028169014084507044
0 0.605625 0.67981220657277 0.01375 0.007511737089201878
0 0.3125 0.5563380281690141 0.03375 0.03192488262910798
0 0.265 0.5469483568075117 0.03875 0.022535211267605635
0 0.29625 0.5450704225352113 0.005 0.005633802816901409
0 0.29125 0.547887323943662 0.0175 0.06854460093896714
1 0.01 0.4192488262910798 0.02 0.03380281690140845
0 0.995625 0.5295774647887324 0.00875 0.01596244131455399
0 0.553125 0.5314553990610329 0.0125 0.009389671361502348
0 0.47625 0.5065727699530517 0.0125 0.009389671361502348
0 0.37375 0.6474178403755868 0.0075 0.006572769953051643
0 0.35875 0.2887323943661972 0.015 0.011267605633802818