0 0.58625 0.6460093896713615 0.08875 0.107981220657277
0 0.154375 0.3248826291079812 0.12875 0.09577464788732394
0 0.384375 0.3873239436619718 0.17875 0.07887323943661972
0 0.56125 0.3704225352112676 0.1475 0.10234741784037558
0 0.483125 0.48169014084507045 0.19 0.09859154929577464
0 0.288125 0.5892018779342723 0.0575 0.04037558685446009
0 0.67 0.2812206572769953 0.1075 0.05539906103286385
0 0.638125 0.7089201877934272 0.055 0.03755868544600939
0 0.715625 0.4352112676056338 0.0725 0.07699530516431925
0 0.405625 0.5708920187793427 0.04375 0.03380281690140845
0 0.663125 0.22347417840375586 0.095 0.044131455399061034
0 0.61375 0.18403755868544602 0.06125 0.04225352112676056
0 0.123125 0.5164319248826291 0.09125 0.027230046948356807
0 0.05625 0.1596244131455399 0.06875 0.04788732394366197
0 0.19625 0.4384976525821596 0.07875 0.030985915492957747
0 0.785625 0.15023474178403756 0.0325 0.03192488262910798
0 0.635 0.13192488262910798 0.03125 0.030985915492957747
0 0.195 0.39530516431924884 0.05125 0.03380281690140845
0 0.8375 0.47981220657276996 0.05375 0.03192488262910798
0 0.84875 0.5234741784037559 0.11 0.06948356807511737
0 0.83 0.5417840375586854 0.055 0.03943661971830986
0 0.97875 0.22018779342723005 0.0425 0.05352112676056338
0 0.0525 0.27511737089201876 0.04125 0.03380281690140845
0 0.971875 0.6633802816901408 0.035 0.03380281690140845
0 0.355625 0.4422535211267606 0.105 0.07042253521126761
0 0.9775 0.5544600938967136 0.04125 0.046009389671361506
0 0.90375 0.43990610328638496 0.04625 0.0647887323943662
0 0.638125 0.4164319248826291 0.12375 0.08826291079812207
0 0.290625 0.5262910798122066 0.04375 0.03192488262910798
0 0.25875 0.2577464788732394 0.03875 0.03474178403755868
0 0.875625 0.4375586854460094 0.02875 0.04507042253521127
0 0.875625 0.25727699530516435 0.04875 0.036619718309859155
0 0.173125 0.16948356807511736 0.03875 0.03568075117370892
0 0.933125 0.40375586854460094 0.0475 0.05821596244131456
0 0.433125 0.5070422535211268 0.14625 0.09953051643192488
0 0.250625 0.4953051643192488 0.065 0.01971830985915493
0 0.93625 0.36901408450704226 0.0975 0.08450704225352113
0 0.790625 0.39859154929577467 0.04125 0.04037558685446009
0 0.559375 0.30985915492957744 0.0475 0.07511737089201878
0 0.408125 0.3061032863849765 0.06875 0.02629107981220657
0 0.3625 0.4582159624413146 0.035 0.030985915492957747
0 0.848125 0.3408450704225352 0.03 0.04131455399061033
0 0.658125 0.15821596244131456 0.015 0.015023474178403756
0 0.5375 0.3075117370892019 0.01875 0.01596244131455399
0 0.588125 0.13990610328638498 0.0225 0.01596244131455399
0 0.5875 0.1516431924882629 0.0125 0.010328638497652582
0 0.938125 0.6309859154929578 0.0325 0.024413145539906103
0 0.906875 0.6281690140845071 0.03375 0.023474178403755867
0 0.90125 0.6516431924882629 0.03375 0.0215962441314554
0 0.92375 0.6704225352112676 0.03375 0.02535211267605634
0 0.8 0.415962441314554 0.02375 0.016901408450704224
0 0.231875 0.7028169014084507 0.03625 0.02629107981220657
0 0.91 0.7093896713615023 0.03375 0.023474178403755867
0 0.98125 0.7075117370892019 0.00875 0.02629107981220657
0 0.288125 0.2323943661971831 0.03375 0.012206572769953052
0 0.321875 0.23896713615023474 0.03625 0.014084507042253521
0 0.3075 0.24413145539906103 0.0675 0.01971830985915493
0 0.419375 0.2976525821596244 0.03 0.008450704225352112
0 0.554375 0.1619718309859155 0.04125 0.01596244131455399
0 0.513125 0.1812206572769953 0.08 0.06384976525821597
0 0.481875 0.20140845070422536 0.0175 0.011267605633802818
0 0.900625 0.1647887323943662 0.0325 0.028169014084507043
0 0.9425 0.27417840375586855 0.0325 0.027230046948356807
0 0.72375 0.3732394366197183 0.11625 0.11455399061032864
0 0.7075 0.33849765258215964 0.01625 0.014084507042253521
0 0.750625 0.39154929577464787 0.015 0.014084507042253521
0 0.76875 0.4356807511737089 0.0175 0.012206572769953052
0 0.71875 0.4544600938967136 0.01 0.011267605633802818
0 0.60875 0.4516431924882629 0.015 0.008450704225352112
0 0.608125 0.484037558685446 0.01125 0.010328638497652582
0 0.551875 0.43896713615023475 0.0175 0.014084507042253521
0 0.508125 0.45492957746478874 0.03375 0.016901408450704224
0 0.25125 0.507981220657277 0.06625 0.011267605633802818
0 0.11625 0.503755868544601 0.01875 0.003755868544600939
0 0.381875 0.6755868544600939 0.015 0.007511737089201878
0 0.683125 0.563849765258216 0.035 0.03380281690140845
0 0.731875 0.5558685446009389 0.04125 0.024413145539906103
0 0.7 0.5530516431924882 0.005 0.005633802816901409
0 0.705 0.5563380281690141 0.0225 0.06948356807511737
1 0.991875 0.43802816901408453 0.01625 0.03474178403755868
0 0.00375 0.5098591549295775 0.0075 0.016901408450704224
0 0.444375 0.5291079812206573 0.0125 0.010328638497652582
0 0.523125 0.5075117370892018 0.0125 0.009389671361502348
0 0.615625 0.652112676056338 0.0075 0.007511737089201878
0 0.655625 0.2943661971830986 0.01625 0.012206572769953052