0 0.5960625 0.6424037558685446 0.08125 0.1044976525821596
0 0.1425 0.33849765258215964 0.1225 0.09107981220657277
0 0.3767875 0.392018779342723 0.1739125 0.07230046948356808
0 0.552075 0.36815023474178404 0.14084999999999995 0.09660093896713615
0 0.481875 0.4821596244131455 0.18375 0.09107981220657277
0 0.294875 0.5974366197183099 0.054999999999999966 0.038497652582159626
0 0.654375 0.2746478873239437 0.10375 0.051643192488262914
0 0.6525 0.7032863849765258 0.0525 0.03568075117370892
0 0.7106625 0.42701408450704226 0.06762499999999988 0.07409389671361499
0 0.410625 0.5746478873239437 0.04125 0.03192488262910798
0 0.64375 0.21737089201877935 0.0925 0.04037558685446009
0 0.591875 0.17981220657276994 0.05875 0.04037558685446009
0 0.1245125 0.5311173708920187 0.08936249999999997 0.023633802816901476
0 0.033125 0.17746478873239438 0.06625 0.04507042253521127
0 0.1925 0.4507042253521127 0.0775 0.028169014084507043
0 0.7610625 0.13956807511737088 0.030362499999999955 0.03071361502347416
0 0.6088875 0.12698591549295776 0.029724999999999967 0.029596244131455396
0 0.188125 0.40751173708920185 0.04875 0.03192488262910798
0 0.835625 0.4666666666666667 0.05125 0.03004694835680751
0 0.85 0.5098591549295775 0.105 0.06572769953051644
0 0.8325 0.5286384976525822 0.0525 0.03755868544600939
0 0.962075 0.20219718309859155 0.04585000000000008 0.05195305164319247
0 0.0377125 0.29295774647887324 0.03875 0.03192488262910798
0 0.9825 0.6446009389671361 0.0325 0.03286384976525822
0 0.351625 0.44823474178403755 0.10012500000000003 0.06637558685446014
0 0.980625 0.535680751173709 0.03875 0.044131455399061034
0 0.89875 0.423943661971831 0.0425 0.06291079812206572
0 0.63215 0.4111643192488263 0.11827499999999994 0.08417840375586852
0 0.2930375 0.5342441314553991 0.04125 0.03004694835680751
0 0.242275 0.267755868544601 0.03625 0.03380281690140845
0 0.871025 0.42300469483568076 0.025449999999999875 0.044131455399061034
0 0.858125 0.24272300469483568 0.04625 0.03474178403755868
0 0.150625 0.18262910798122065 0.03625 0.03474178403755868
0 0.925625 0.38685446009389673 0.04375 0.056338028169014086
0 0.43375 0.5098591549295775 0.14 0.09389671361502347
0 0.250625 0.5051643192488263 0.06375 0.016901408450704224
0 0.92625 0.352112676056338 0.0925 0.08075117370892018
0 0.783125 0.3873239436619718 0.03875 0.038497652582159626
0 0.5458500000000001 0.3076150234741784 0.04242499999999993 0.07379342723004698
0 0.39471249999999997 0.31006572769953056 0.0676625 0.02386854460093893
0 0.36 0.463849765258216 0.0325 0.03004694835680751
0 0.8366500000000001 0.32723004694835683 0.0275 0.04037558685446009
0 0.634375 0.15258215962441316 0.01375 0.014084507042253521
0 0.52375 0.3061032863849765 0.0175 0.015023474178403756
0 0.563125 0.13708920187793427 0.02125 0.015023474178403756
0 0.563125 0.1488262910798122 0.01125 0.010328638497652582
0 0.946875 0.6136150234741784 0.03125 0.023474178403755867
0 0.915 0.612206572769953 0.0325 0.022535211267605635
0 0.91125 0.6356807511737089 0.0325 0.020657276995305163
0 0.935 0.6535211267605634 0.0325 0.024413145539906103
0 0.79375 0.4042253521126761 0.0225 0.01596244131455399
0 0.24625 0.7131455399061033 0.035 0.02535211267605634
0 0.92375 0.6929577464788732 0.0325 0.022535211267605635
0 0.995 0.6882629107981221 0.0075 0.02629107981220657
0 0.2700875 0.2411737089201878 0.03333750000000002 0.010525821596244139
0 0.3040375 0.24625352112676055 0.035500000000000004 0.012338028169014071
0 0.2896625 0.2518779342723005 0.06618749999999998 0.017417840375586812
0 0.40551250000000005 0.30107042253521127 0.02969999999999999 0.007615023474178416
0 0.5309 0.16049765258215964 0.04033749999999998 0.01397183098591549
0 0.49091250000000003 0.18128638497652583 0.07633750000000006 0.06061032863849766
0 0.4612 0.20233802816901408 0.016899999999999978 0.010882629107981196
0 0.87665 0.1495211267605634 0.030225000000000078 0.026854460093896734
0 0.995625 0.18685446009389672 0.00875 0.007511737089201878
0 0.99395 0.1956244131455399 0.01210000000000008 0.006901408450704247
0 0.9262999999999999 0.25696713615023475 0.030475000000000137 0.02613145539906107
0 0.7148875 0.3647699530516432 0.10919999999999988 0.10998122065727699
0 0.695925 0.3307417840375587 0.014724999999999966 0.013605633802816909
0 0.7429125000000001 0.3816525821596244 0.014000000000000058 0.013427230046948313
0 0.7640625 0.4252018779342723 0.016699999999999875 0.011971830985915493
0 0.715375 0.4458967136150235 0.009199999999999875 0.010516431924882672
0 0.605075 0.4475305164319249 0.014749999999999944 0.007990610328638488
0 0.6068875 0.479924882629108 0.010649999999999977 0.009971830985915444
0 0.54745 0.4371830985915493 0.016899999999999978 0.013061032863849735
0 0.504925 0.45461032863849765 0.03284999999999996 0.01596244131455399
0 0.25208749999999996 0.517943661971831 0.06548749999999998 0.008713615023474152
0 0.11689999999999999 0.5190328638497652 0.018850000000000016 0.003267605633802834
0 0.394525 0.679924882629108 0.014037500000000022 0.007070422535211242
0 0.6875875 0.5564225352112676 0.033362500000000066 0.032309859154929656
0 0.7351875 0.5468920187793428 0.039162499999999906 0.022694835680751244
0 0.7036625 0.5452582159624414 0.004612500000000068 0.005633802816901409
0 0.7084874999999999 0.5479812206572771 0.017624999999999887 0.06878873239436618
1 0.9902 0.41921126760563376 0.01958750000000009 0.033755868544600984
0 0.004237500000000001 0.529530516431925 0.0084625 0.016131455399061093
0 0.446575 0.5314366197183099 0.012349999999999995 0.009455399061032804
0 0.5234749999999999 0.5064413145539907 0.011937499999999943 0.009117370892018814
0 0.6259875 0.6473802816901408 0.006949999999999932 0.006920187793427127
0 0.6413375000000001 0.28854460093896717 0.015587500000000034 0.011248826291079829