0 0.620625 0.15604498594189317 0.02375 0.015932521087160263
0 0.53625 0.2268041237113402 0.0475 0.016869728209934397
0 0.09125 0.6494845360824743 0.03875 0.02436738519212746
0 0.02875 0.5965323336457357 0.04375 0.02436738519212746
0 0.016875 0.4887535145267104 0.03375 0.023430178069353328
0 0.034375 0.6162136832239925 0.02875 0.02155576382380506
0 0.05875 0.6382380506091846 0.035 0.022492970946579195
0 0.45875 0.47563261480787256 0.0275 0.022492970946579195
0 0.52 0.5290534208059982 0.03125 0.02155576382380506
0 0.739375 0.3673851921274602 0.03625 0.01499531396438613
0 0.66875 0.507029053420806 0.02 0.01874414245548266
0 0.986875 0.40393626991565135 0.01375 0.033739456419868794
0 0.18 0.6921274601686973 0.035 0.01874414245548266
0 0.1875 0.7614807872539832 0.03625 0.015932521087160263
1 0.175 0.39737582005623245 0.28375 0.1302717900656045
0 0.944375 0.7460168697282099 0.11125 0.06935332708528585
1 0.39375 0.47282099343955014 0.29125 0.20618556701030927
1 0.78 0.6251171508903468 0.3475 0.14526710402999063
0 0.083125 0.5365510777881912 0.0375 0.04498594189315839
0 0.806875 0.18791002811621368 0.03125 0.014058106841611996
0 0.679375 0.14901593252108716 0.02125 0.013120899718837863
0 0.7375 0.14198687910028115 0.02875 0.013120899718837863
0 0.833125 0.1302717900656045 0.02875 0.013120899718837863
0 0.89625 0.12136832239925023 0.01875 0.010309278350515464
0 0.955 0.11387066541705718 0.02125 0.010309278350515464
0 0.765 0.5342080599812559 0.0325 0.031865042174320526
0 0.75125 0.7656982193064668 0.0925 0.06091846298031865
0 0.043125 0.5135895032802249 0.05625 0.041237113402061855
0 0.081875 0.5721649484536082 0.04125 0.022492970946579195
0 0.054375 0.584348641049672 0.0425 0.02155576382380506
0 0.031875 0.6349578256794751 0.02625 0.023430178069353328
0 0.14125 0.682755388940956 0.05 0.022492970946579195
0 0.199375 0.7478912839737581 0.02125 0.011246485473289597
0 0.18625 0.7343017806935332 0.02875 0.01499531396438613
0 0.2 0.7216494845360825 0.0275 0.013120899718837863
0 0.194375 0.7071227741330834 0.015 0.016869728209934397
1 0.599375 0.5923149015932521 0.29875 0.13683223992502344
0 0.5075 0.225398313027179 0.03125 0.005623242736644799
0 0.519375 0.21883786316776008 0.01875 0.006560449859418931
0 0.344375 0.246485473289597 0.0275 0.004686035613870665