0 0.571875 0.1485473289597001 0.02625 0.01780693533270853
0 0.498125 0.225398313027179 0.04875 0.019681349578256794
0 0.114375 0.6808809746954076 0.04125 0.02717900656044986
0 0.044375 0.6330834114339269 0.04625 0.02717900656044986
0 0.018125 0.5267104029990628 0.03625 0.026241799437675725
0 0.053125 0.6518275538894096 0.03125 0.023430178069353328
0 0.080625 0.6719775070290535 0.0375 0.02436738519212746
0 0.455625 0.4793814432989691 0.03 0.02436738519212746
0 0.524375 0.5271790065604499 0.03375 0.023430178069353328
0 0.72 0.34957825679475163 0.0375 0.01780693533270853
0 0.66875 0.4939081537019681 0.02125 0.019681349578256794
0 0.970625 0.36644798500468606 0.01875 0.033739456419868794
0 0.20875 0.7160262417994376 0.0375 0.020618556701030927
0 0.225625 0.7844423617619494 0.0375 0.01874414245548266
1 0.1625 0.4231490159325211 0.29625 0.14995313964386128
0 0.95875 0.7094657919400188 0.0825 0.07872539831302718
1 0.39 0.48125585754451733 0.31375 0.22492970946579194
1 0.79625 0.6026241799437676 0.36125 0.17057169634489222
0 0.090625 0.5688847235238987 0.04375 0.046860356138706656
0 0.761875 0.16588566073102157 0.0325 0.016869728209934397
0 0.629375 0.13683223992502344 0.0225 0.01499531396438613
0 0.68625 0.12558575445173384 0.03 0.01499531396438613
0 0.78 0.10637300843486411 0.03 0.01499531396438613
0 0.84125 0.0923149015932521 0.02 0.011246485473289597
0 0.89875 0.08013120899718838 0.02125 0.01218369259606373
0 0.76875 0.5131208997188379 0.03625 0.033739456419868794
0 0.786875 0.7446110590440488 0.1 0.06654170571696345
0 0.0475 0.549203373945642 0.06 0.04498594189315839
0 0.094375 0.6044985941893158 0.04375 0.02530459231490159
0 0.06875 0.6190253045923149 0.045 0.02436738519212746
0 0.053125 0.6710402999062793 0.02875 0.02530459231490159
0 0.16875 0.7099343955014058 0.0525 0.026241799437675725
0 0.235625 0.7699156513589503 0.0225 0.013120899718837863
0 0.220625 0.7577319587628866 0.03125 0.016869728209934397
0 0.2325 0.7441424554826617 0.02875 0.01499531396438613
0 0.225 0.7300843486410497 0.0175 0.01780693533270853
1 0.611875 0.5838800374882849 0.3125 0.15745079662605435
0 0.46875 0.22633552014995315 0.03125 0.008434864104967198
0 0.48 0.21883786316776008 0.01875 0.007497656982193065
0 0.31 0.2600749765698219 0.0275 0.007497656982193065