0 0.6525 0.16307403936269915 0.0225 0.01499531396438613
0 0.561875 0.22914714151827553 0.04625 0.014058106841611996
0 0.078125 0.6279287722586692 0.03625 0.022492970946579195
0 0.020625 0.5716963448922212 0.04125 0.022492970946579195
0 0.0175 0.46344892221180883 0.035 0.02155576382380506
0 0.025 0.5913776944704779 0.0275 0.020618556701030927
0 0.046875 0.6148078725398313 0.03375 0.020618556701030927
0 0.46125 0.47375820056232426 0.025 0.02155576382380506
0 0.5175 0.5299906279287723 0.03 0.019681349578256794
0 0.75125 0.38037488284910964 0.035 0.013149015932521062
0 0.667475 0.5160074976569823 0.017937499999999888 0.01765698219306459
0 0.994375 0.4296344892221181 0.01125 0.03295220243673849
0 0.163125 0.6747891283973758 0.03375 0.016869728209934397
0 0.16375 0.7446110590440488 0.035 0.014058106841611996
1 0.185625 0.3805154639175258 0.2737375 0.1162136832239925
0 0.93 0.7698313027179007 0.125 0.06297094657919405
1 0.39626249999999996 0.4674414245548266 0.27378749999999996 0.19262417994376754
1 0.76775 0.6396907216494845 0.3369874999999999 0.12824742268041228
0 0.080625 0.514526710402999 0.03375 0.04311152764761012
0 0.8351625 0.20481724461105905 0.029524999999999864 0.012961574507966245
0 0.7116875 0.15906279287722586 0.020387499999999933 0.012099343955014082
0 0.770075 0.15549203373945641 0.027425000000000067 0.011836925960637297
0 0.867 0.14863167760074977 0.027775000000000036 0.011302717900656047
0 0.9304875 0.14296157450796626 0.018274999999999864 0.009456419868790979
0 0.99005 0.13861293345829429 0.01990000000000009 0.009718837863167764
0 0.7612875 0.5480974695407685 0.030225000000000078 0.030103092783505054
0 0.7261124999999999 0.7782099343955015 0.08796250000000015 0.056232427366447985
0 0.043137499999999995 0.4895688847235239 0.052212499999999995 0.03857544517338334
0 0.0761625 0.5501499531396439 0.03933749999999999 0.020224929709465725
0 0.0477875 0.5610121836925961 0.040525000000000005 0.019343955014058202
0 0.0204375 0.6101218369259607 0.0236625 0.022230552952202463
0 0.12525 0.6636551077788191 0.04879999999999999 0.02024367385192119
0 0.17701250000000002 0.7314151827553889 0.02083750000000002 0.010627928772258592
0 0.16547499999999998 0.717394564198688 0.028149999999999994 0.013355201499531396
0 0.1801125 0.7055763823805061 0.02646250000000002 0.011658856607310267
0 0.17575 0.6907122774133083 0.013762499999999988 0.01650421743205239
1 0.5905749999999999 0.5971227741330835 0.28841249999999996 0.1220337394564199
0 0.5328 0.22627928772258668 0.03128749999999997 0.004423617619493934
0 0.545675 0.22075913776944706 0.017762500000000046 0.005332708528584815
0 0.36833750000000004 0.2388003748828491 0.026687500000000027 0.0037394564198687994