0 0.064375 0.16588566073102157 0.03625 0.02436738519212746
0 0.18875 0.16776007497656983 0.03375 0.019681349578256794
0 0.59375 0.281630740393627 0.0275 0.03655107778819119
0 0.685625 0.2928772258669166 0.015 0.013120899718837863
0 0.659375 0.1991565135895033 0.02125 0.019681349578256794
0 0.200625 0.5918462980318651 0.01625 0.013120899718837863
0 0.235 0.4835988753514527 0.01625 0.013120899718837863
0 0.171875 0.6091846298031866 0.0125 0.010309278350515464
0 0.5825 0.34629803186504216 0.03 0.028116213683223992
0 0.668125 0.6166822867853796 0.01625 0.013120899718837863
0 0.6875 0.338331771321462 0.035 0.022492970946579195
0 0.05625 0.8392689784442362 0.0125 0.02155576382380506
0 0.870625 0.6935332708528584 0.01625 0.013120899718837863
0 0.736875 0.6799437675726335 0.01625 0.01218369259606373
0 0.735 0.7713214620431116 0.015 0.01218369259606373
0 0.995 0.7572633552014996 0.01 0.013120899718837863
0 0.895 0.3322399250234302 0.10875 0.07497656982193064
0 0.923125 0.41283973758200565 0.115 0.08997188378631678
0 0.405625 0.6822867853795689 0.09625 0.08809746954076851
1 0.08 0.3828491096532334 0.16 0.1527647610121837
0 0.695625 0.5201499531396439 0.14375 0.07216494845360824
0 0.3075 0.6068416119962512 0.08875 0.08153701968134958
0 0.258125 0.7258669165885661 0.08875 0.08153701968134958
0 0.32 0.8144329896907216 0.0925 0.08809746954076851
0 0.6675 0.5688847235238987 0.11875 0.06747891283973759
0 0.8425 0.1204311152764761 0.065 0.04967197750702906
0 0.4575 0.8266166822867854 0.045 0.033739456419868794
0 0.115625 0.5641986879100281 0.0375 0.044048734770384255
0 0.92125 0.13355201499531397 0.0475 0.03655107778819119
0 0.9225 0.49343955014058105 0.05125 0.04311152764761012
1 0.0375 0.5060918462980318 0.075 0.14058106841611998
0 0.43 0.32849109653233366 0.155 0.10965323336457357
0 0.77625 0.1668228678537957 0.01375 0.010309278350515464
0 0.54125 0.09325210871602624 0.01 0.007497656982193065
0 0.424375 0.1190253045923149 0.0175 0.007497656982193065
0 0.296875 0.14479850046860357 0.03125 0.023430178069353328
0 0.214375 0.6279287722586692 0.015 0.014058106841611996
0 0.83625 0.42970946579194 0.02 0.01499531396438613
0 0.8225 0.4311152764761012 0.0125 0.00937207122774133
0 0.769375 0.5257731958762887 0.01625 0.011246485473289597
0 0.776875 0.5196813495782568 0.0275 0.013120899718837863
0 0.548125 0.542642924086223 0.0175 0.01780693533270853
0 0.55625 0.5552952202436738 0.0225 0.019681349578256794
0 0.899375 0.6134020618556701 0.01625 0.013120899718837863
0 0.87125 0.7492970946579194 0.01625 0.015932521087160263
0 0.873125 0.7802249297094658 0.0175 0.013120899718837863