0 0.1221125 0.12878163074039362 0.033275000000000006 0.02138706654170571
0 0.2452375 0.14193064667291472 0.031075000000000016 0.016972820993439563
0 0.62875 0.29194001874414244 0.0225 0.03467666354264293
0 0.718125 0.31150890346766635 0.01375 0.011949390815370197
0 0.706875 0.21602624179943766 0.01875 0.01780693533270853
0 0.188125 0.563730084348641 0.01375 0.01218369259606373
0 0.239375 0.4597000937207123 0.01375 0.01218369259606373
0 0.156875 0.5782567947516402 0.01125 0.00937207122774133
0 0.606875 0.35520149953139646 0.02625 0.026241799437675725
0 0.6479250000000001 0.6313683223992502 0.01375 0.01218369259606373
0 0.7125 0.35660731021555764 0.0325 0.019681349578256794
0 0.004375 0.7962417994376757 0.00875 0.02094657919400179
0 0.83625 0.7257638238050609 0.015 0.011986879100281128
0 0.7057375 0.700253045923149 0.015 0.011246485473289597
0 0.6893 0.7909465791940019 0.013600000000000136 0.011134020618556803
0 0.952825 0.8014807872539831 0.014925000000000068 0.011462043111527665
0 0.9194374999999999 0.3697750702905342 0.09913749999999993 0.06603561387066545
0 0.9342125 0.45225866916588564 0.10288749999999994 0.08161199625117155
0 0.37638750000000004 0.6724461105904405 0.08317499999999996 0.08149953139643865
1 0.08602499999999999 0.34429240862230553 0.17203749999999998 0.1380318650421743
0 0.6907625000000001 0.5376663542642924 0.13546250000000007 0.06045923149015932
0 0.2913875 0.5883786316776007 0.07768749999999996 0.07458294283036544
0 0.22348749999999998 0.7021649484536083 0.07741250000000001 0.07532333645735698
0 0.2704875 0.7957919400187442 0.08039999999999999 0.08150890346766639
0 0.655 0.5837394564198688 0.11039999999999991 0.05829428303655112
0 0.9015625 0.15463917525773196 0.0575 0.04498594189315839
0 0.4045 0.8204404873477038 0.040475 0.03073102155576379
0 0.108125 0.528584817244611 0.03125 0.041237113402061855
0 0.9775 0.17478912839737581 0.0425 0.03280224929709466
0 0.9206 0.532099343955014 0.04563749999999999 0.03954076850984073
1 0.0337375 0.46318650421743207 0.0674625 0.1357450796626054
0 0.4582 0.32312089971883784 0.140775 0.09744142455482664
0 0.8281375 0.19449859418931584 0.01248750000000001 0.009662605435801315
0 0.60675 0.10014058106841611 0.009037500000000023 0.006447985004686032
0 0.4866125 0.11475164011246486 0.016862500000000013 0.006101218369259598
0 0.35637500000000005 0.12900656044985942 0.02782499999999999 0.02071227741330835
0 0.1956625 0.6009372071227742 0.013162499999999966 0.013317713214620466
0 0.845125 0.4608997188378631 0.01819999999999993 0.013833177132146195
0 0.830975 0.4612746016869728 0.011699999999999875 0.008641049671977532
0 0.76345 0.5503467666354265 0.01446249999999992 0.010131208997188328
0 0.7714624999999999 0.5450046860356138 0.025724999999999908 0.010946579194001934
0 0.5405875 0.5467853795688847 0.014637500000000046 0.01665417057169633
0 0.5470625 0.5600562324273665 0.019187500000000027 0.017825679475163995
0 0.877625 0.6492221180880975 0.013824999999999931 0.012417994376757264
0 0.8281999999999999 0.7815276476101218 0.013725000000000022 0.014320524835988727
0 0.824875 0.8120805998125585 0.015049999999999954 0.012005623242736593