0 0.735 0.06114769520225776 0.02 0.022577610536218252
0 0.75 0.06867356538099718 0.0125 0.008466603951081843
0 0.82125 0.22389463781749766 0.01625 0.01317027281279398
0 0.495 0.23753527751646283 0.02125 0.014111006585136407
0 0.498125 0.22671683913452492 0.02 0.014111006585136407
0 0.15125 0.2516462841015992 0.0175 0.01317027281279398
0 0.86125 0.40921919096895576 0.02375 0.017873941674506115
0 0.661875 0.4026340545625588 0.02 0.01975540921919097
0 0.425 0.39087488240827845 0.02 0.014111006585136407
0 0.520625 0.5639698965192851 0.025 0.01599247412982126
0 0.66375 0.5573847601128881 0.0225 0.01599247412982126
0 0.5625 0.47412982126058323 0.01875 0.015051740357478834
0 0.550625 0.4830667920978363 0.02 0.015051740357478834
0 0.41375 0.6773283160865475 0.02375 0.017873941674506115
0 0.405625 0.8203198494825964 0.025 0.01881467544684854
0 0.531875 0.7304797742238947 0.0275 0.016933207902163686
0 0.726875 0.8725305738476011 0.02625 0.017873941674506115
0 0.4925 0.8005644402634055 0.0225 0.015051740357478834
0 0.73625 0.839134524929445 0.0275 0.014111006585136407
0 0.128125 0.8758231420507996 0.0325 0.024459078080903106
0 0.296875 0.9576669802445907 0.02625 0.01881467544684854
0 0.380625 0.7450611476952023 0.02125 0.01881467544684854
0 0.09625 0.7756349952963312 0.0275 0.016933207902163686
0 0.270625 0.9698965192850423 0.015 0.011288805268109126
0 0.800625 0.4473189087488241 0.10375 0.07808090310442145
0 0.42125 0.9106302916274694 0.16875 0.14299153339604892
0 0.290625 0.6326434619002822 0.08375 0.062088428974600186
0 0.3425 0.6853245531514581 0.0825 0.06302916274694262
0 0.33375 0.8283160865475071 0.0925 0.07714016933207903
0 0.321875 0.7478833490122295 0.0925 0.07149576669802446
0 0.395625 0.43132643461900283 0.0425 0.03292568203198495
0 0.976875 0.5009407337723424 0.04625 0.08936970837253057
0 0.633125 0.5691439322671684 0.04625 0.030103480714957668
0 0.565625 0.17826904985888994 0.045 0.03574788334901223
0 0.35375 0.49858889934148637 0.045 0.034807149576669805
0 0.366875 0.4755409219190969 0.04625 0.034807149576669805
0 0.968125 0.5672624647224835 0.06375 0.05079962370649106
0 0.388125 0.45625587958607716 0.0425 0.03292568203198495
0 0.126875 0.7224835371589841 0.025 0.015051740357478834
0 0.04875 0.7304797742238947 0.025 0.06396989651928504
0 0.8525 0.3541862652869238 0.015 0.02634054562558796
0 0.86375 0.3541862652869238 0.02 0.024459078080903106