0 0.745 0.06396989651928504 0.02 0.022577610536218252
0 0.76 0.07196613358419568 0.0125 0.008466603951081843
0 0.8275 0.22812793979303858 0.01625 0.012229539040451553
0 0.500625 0.23753527751646283 0.02125 0.014111006585136407
0 0.504375 0.22671683913452492 0.02 0.014111006585136407
0 0.1575 0.24694261523988711 0.0175 0.01317027281279398
0 0.863125 0.4139228598306679 0.02375 0.017873941674506115
0 0.66375 0.40498588899341487 0.02 0.01975540921919097
0 0.4275 0.389934148635936 0.02 0.014111006585136407
0 0.519375 0.5644402634054563 0.025 0.015051740357478834
0 0.6625 0.5597365945437441 0.0225 0.01599247412982126
0 0.563125 0.4746001881467545 0.01875 0.015051740357478834
0 0.55125 0.4835371589840075 0.02 0.015051740357478834
0 0.409375 0.6759172154280338 0.02375 0.017873941674506115
0 0.398125 0.819379115710254 0.025 0.01881467544684854
0 0.526875 0.7309501411100658 0.0275 0.016933207902163686
0 0.718125 0.8753527751646284 0.02625 0.016933207902163686
0 0.485625 0.8000940733772343 0.0225 0.015051740357478834
0 0.728125 0.8419567262464722 0.0275 0.014111006585136407
0 0.119375 0.8706491063029163 0.0325 0.024459078080903106
0 0.28625 0.9548447789275635 0.02625 0.017873941674506115
0 0.375 0.7436500470366886 0.02125 0.01881467544684854
0 0.09 0.7704609595484478 0.0275 0.016933207902163686
0 0.259375 0.9666039510818438 0.015 0.010348071495766699
0 0.801875 0.451552210724365 0.1025 0.0761994355597366
0 0.411875 0.909689557855127 0.16625 0.14205079962370648
0 0.2875 0.6298212605832549 0.0825 0.06114769520225776
0 0.338125 0.6834430856067732 0.08125 0.062088428974600186
0 0.32625 0.825964252116651 0.09125 0.0761994355597366
0 0.31625 0.7455315145813735 0.09125 0.07055503292568203
0 0.3975 0.4299153339604892 0.0425 0.03292568203198495
0 0.9775 0.5075258701787394 0.045 0.08936970837253057
0 0.63125 0.570555032925682 0.045 0.02916274694261524
0 0.573125 0.17920978363123236 0.04375 0.03574788334901223
0 0.35375 0.4967074317968015 0.04375 0.034807149576669805
0 0.3675 0.47365945437441204 0.045 0.03386641580432737
0 0.9675 0.5743179680150517 0.065 0.04985888993414864
0 0.389375 0.4548447789275635 0.0425 0.03292568203198495
0 0.121875 0.7173095014111006 0.025 0.015051740357478834
0 0.043125 0.7243650047036688 0.02375 0.06396989651928504
0 0.85625 0.35888993414863596 0.015 0.02634054562558796
0 0.8675 0.35888993414863596 0.01875 0.024459078080903106