0 0.219375 0.316776007497657 0.01625 0.01874414245548266
0 0.43625 0.1696344892221181 0.03 0.01874414245548266
0 0.4738125 0.29668228678537956 0.020137500000000016 0.025201499531396426
0 0.59125 0.2422680412371134 0.03 0.01780693533270853
0 0.35125 0.18837863167760074 0.03 0.013120899718837863
0 0.351875 0.3177132146204311 0.01625 0.016869728209934397
0 0.698125 0.2914714151827554 0.02875 0.016869728209934397
0 0.811875 0.27647610121836924 0.02125 0.01499531396438613
0 0.8791625000000001 0.2890721649484536 0.019650000000000035 0.008903467666354265
0 0.2475 0.6068416119962512 0.02 0.01218369259606373
0 0.181875 0.6190253045923149 0.02625 0.014058106841611996
0 0.2126625 0.5333645735707592 0.02217500000000001 0.026429240862230596
0 0.24 0.46485473289597 0.02 0.01874414245548266
0 0.625 0.3528584817244611 0.03 0.01780693533270853
0 0.353125 0.6522586691658857 0.02375 0.011330834114339192
0 0.38520000000000004 0.5150234301780693 0.023612499999999984 0.011583880037488191
0 0.5553750000000001 0.6586410496719775 0.02174999999999997 0.012680412371133995
0 0.509375 0.5060918462980318 0.01875 0.00937207122774133
0 0.35375 0.5402999062792877 0.02 0.01218369259606373
0 0.5292625000000001 0.46466729147141517 0.01853750000000005 0.022867853795688824
0 0.79125 0.6152764761012184 0.035 0.02530459231490159
0 0.9122 0.37932521087160265 0.009399999999999978 0.01922211808809746
0 0.814375 0.6321462043111528 0.03625 0.02530459231490159
0 0.78625 0.44892221180880976 0.0125 0.01874414245548266
0 0.82125 0.543298969072165 0.0125 0.009925023430177992
0 0.313125 0.6982193064667291 0.02375 0.013120899718837863
0 0.12625 0.9161199625117151 0.025 0.014058106841611996
0 0.319375 0.7642924086223055 0.01875 0.01218369259606373
0 0.004375 0.8612933458294283 0.00875 0.022492970946579195
0 0.304375 0.7736644798500468 0.01875 0.014058106841611996
0 0.44375 0.7853795688847235 0.0225 0.011246485473289597
0 0.5525 0.7666354264292409 0.0275 0.01499531396438613
0 0.635 0.8622305529522024 0.0175 0.01499531396438613
0 0.36375 0.8936269915651359 0.025 0.01218369259606373
0 0.521875 0.7947516401124649 0.02625 0.016869728209934397
0 0.58625 0.8767572633552015 0.025 0.015932521087160263
0 0.48 0.698191190253046 0.0225 0.013186504217431992
0 0.4568125 0.6703748828491096 0.018612499999999983 0.0107122774133084
0 0.910625 0.6996251171508904 0.03625 0.023430178069353328
0 0.7275 0.7586691658856607 0.015 0.01218369259606373
0 0.7752249999999999 0.7044142455482661 0.0125 0.01218369259606373
0 0.80625 0.7375820056232427 0.0125 0.011246485473289597
0 0.7497750000000001 0.6852014995313964 0.015 0.011246485473289597
0 0.820625 0.8097469540768509 0.01375 0.011246485473289597
0 0.8849250000000001 0.5688003748828491 0.07735000000000014 0.062014995313964455
0 0.672475 0.6479287722586692 0.0734375 0.040599812558575386
0 0.699375 0.47891283973758203 0.06875 0.1218369259606373
0 0.645 0.6190253045923149 0.0725 0.044048734770384255
0 0.5310374999999999 0.21071227741330836 0.052087499999999946 0.017179006560449843
0 0.5861375000000001 0.5761387066541706 0.12406250000000008 0.044423617619493996
0 0.526875 0.6184442361761949 0.07329999999999998 0.028350515463917526
0 0.5410499999999999 0.6044142455482662 0.07951250000000001 0.018444236176195
0 0.5064375 0.3949015932521087 0.020275000000000033 0.011096532333645765
0 0.4853 0.3833364573570759 0.0203125 0.011715089034676664
0 0.3713125 0.34111527647610124 0.018062500000000058 0.009315838800374935
0 0.4823875 0.2942268041237113 0.019437499999999944 0.023083411433926893
0 0.25955 0.3325773195876289 0.013049999999999997 0.018903467666354225
0 0.2483 0.3331021555763824 0.01947499999999998 0.01756326148078726
0 0.23147500000000001 0.3144423617619494 0.015275000000000033 0.016832239925023463
0 0.15946249999999998 0.24065604498594187 0.018612499999999983 0.009334582942830374
0 0.32405 0.19074039362699158 0.014162500000000015 0.010393626991565113
0 0.5284 0.20198687910028118 0.04252499999999998 0.013711340206185562
0 0.878825 0.28398313027179006 0.019487499999999897 0.009015932521087164
0 0.921275 0.37856607310215556 0.008512499999999932 0.01747891283973756
0 0.4045 0.5506185567010309 0.019399999999999976 0.009550140581068468
0 0.42967500000000003 0.5542080599812559 0.029637500000000046 0.04674789128397386
0 0.42700000000000005 0.5709934395501406 0.03364999999999995 0.047572633552014985
0 0.5365625 0.46245548266166825 0.019599999999999937 0.02168697282099343
0 0.255925 0.4724742268041237 0.026287499999999967 0.033711340206185596
0 0.20171250000000002 0.5348734770384255 0.018374999999999985 0.023552014995314067
0 0.12008749999999999 0.5450702905342081 0.11666249999999997 0.04318650421743198
0 0.10949999999999999 0.5347985004686036 0.11613750000000002 0.04272727272727265
0 0.21618749999999998 0.5075070290534208 0.1053 0.03534208059981259
0 0.1525875 0.5118369259606373 0.2204625 0.062089971883786316
0 0.1063625 0.39147141518275536 0.014549999999999983 0.013655107778819165
0 0.2707875 0.6247610121836926 0.017974999999999994 0.009793814432989734