0 0.2325 0.30599812558575445 0.0175 0.019681349578256794
0 0.459375 0.16776007497656983 0.03125 0.019681349578256794
0 0.488125 0.29615745079662603 0.02125 0.026241799437675725
0 0.609375 0.24601686972820994 0.03125 0.01874414245548266
0 0.373125 0.18275538894095594 0.03125 0.014058106841611996
0 0.365 0.31208997188378634 0.0175 0.01780693533270853
0 0.7125 0.2994376757263355 0.03 0.01780693533270853
0 0.826875 0.2891283973758201 0.0225 0.015932521087160263
0 0.893125 0.30412371134020616 0.02 0.00937207122774133
0 0.240625 0.5970009372071228 0.02125 0.013120899718837863
0 0.17375 0.6063730084348641 0.0275 0.01499531396438613
0 0.210625 0.5220243673851921 0.02375 0.02717900656044986
0 0.2425 0.45454545454545453 0.02125 0.019681349578256794
0 0.635 0.3580131208997188 0.03125 0.01874414245548266
0 0.3425 0.6462043111527648 0.025 0.01218369259606373
0 0.384375 0.5103092783505154 0.025 0.01218369259606373
0 0.544375 0.6607310215557638 0.0225 0.013120899718837863
0 0.50875 0.506560449859419 0.02 0.010309278350515464
0 0.35125 0.5346766635426429 0.02125 0.013120899718837863
0 0.531875 0.46579194001874413 0.02 0.023430178069353328
0 0.7825 0.6265229615745079 0.03625 0.026241799437675725
0 0.92 0.39550140581068416 0.01125 0.019681349578256794
0 0.805 0.6443298969072165 0.0375 0.026241799437675725
0 0.789375 0.46016869728209936 0.01375 0.01874414245548266
0 0.8175 0.555763823805061 0.01375 0.010309278350515464
0 0.299375 0.6907216494845361 0.025 0.014058106841611996
0 0.0975 0.9006560449859419 0.02625 0.01499531396438613
0 0.30125 0.7567947516401125 0.02 0.013120899718837863
0 0.285625 0.7656982193064668 0.02 0.01499531396438613
0 0.42375 0.7825679475164011 0.02375 0.01218369259606373
0 0.53375 0.7685098406747891 0.02875 0.015932521087160263
0 0.609375 0.8669165885660731 0.01875 0.015932521087160263
0 0.33625 0.887535145267104 0.02625 0.013120899718837863
0 0.50125 0.7952202436738519 0.0275 0.01780693533270853
0 0.56 0.8795688847235239 0.02625 0.016869728209934397
0 0.46625 0.697282099343955 0.02375 0.014058106841611996
0 0.445 0.6682286785379569 0.01875 0.011246485473289597
0 0.89625 0.7155576382380506 0.0375 0.02436738519212746
0 0.709375 0.7671040299906279 0.01625 0.013120899718837863
0 0.760625 0.7150890346766635 0.01375 0.013120899718837863
0 0.789375 0.7492970946579194 0.01375 0.01218369259606373
0 0.73625 0.6949390815370197 0.01625 0.01218369259606373
0 0.79875 0.8219306466729147 0.015 0.01218369259606373
0 0.879375 0.5838800374882849 0.08125 0.06466729147141519
0 0.661875 0.654639175257732 0.07625 0.04311152764761012
0 0.700625 0.48687910028116216 0.0775 0.1246485473289597
0 0.63625 0.6246485473289597 0.075 0.046860356138706656
0 0.55125 0.21227741330834116 0.05375 0.01874414245548266
0 0.580625 0.5791940018744143 0.1275 0.04967197750702906
0 0.51875 0.619493908153702 0.075 0.030927835051546393
0 0.53375 0.6059044048734771 0.08125 0.02155576382380506
0 0.51375 0.39550140581068416 0.02125 0.01218369259606373
0 0.49375 0.3828491096532334 0.02125 0.01218369259606373
0 0.3825 0.3364573570759138 0.01875 0.010309278350515464
0 0.496875 0.29381443298969073 0.02125 0.023430178069353328
0 0.271875 0.3233364573570759 0.01375 0.019681349578256794
0 0.26 0.3233364573570759 0.02125 0.01874414245548266
0 0.245 0.30412371134020616 0.01625 0.01780693533270853
0 0.178125 0.22774133083411435 0.01875 0.010309278350515464
0 0.345625 0.18416119962511715 0.015 0.011246485473289597
0 0.549375 0.20337394564198688 0.04375 0.01499531396438613
0 0.893125 0.29896907216494845 0.02 0.00937207122774133
0 0.929375 0.3950328022492971 0.01 0.01780693533270853
0 0.40125 0.5468603561387066 0.02 0.010309278350515464
0 0.42625 0.5515463917525774 0.0325 0.04779756326148079
0 0.421875 0.5679475164011246 0.0375 0.04873477038425492
0 0.539375 0.4639175257731959 0.02125 0.022492970946579195
0 0.258125 0.4629803186504217 0.02875 0.03467666354264293
0 0.199375 0.5229615745079662 0.02 0.02436738519212746
0 0.1175 0.5299906279287723 0.12 0.04779756326148079
0 0.1075 0.5192127460168697 0.11875 0.046860356138706656
0 0.21625 0.49625117150890347 0.1075 0.03936269915651359
0 0.1525 0.49812558575445176 0.225 0.07029053420805999
0 0.114375 0.37628865979381443 0.015 0.014058106841611996
0 0.2625 0.6157450796626054 0.01875 0.010309278350515464