0 0.811875 0.3477038425492034 0.02 0.020618556701030927
0 0.624375 0.1794751640112465 0.03375 0.02155576382380506
0 0.56375 0.3013120899718838 0.025 0.02717900656044986
0 0.4575 0.2352389878163074 0.0325 0.020618556701030927
0 0.705 0.20712277413308341 0.0325 0.015932521087160263
0 0.680625 0.33505154639175255 0.01875 0.01874414245548266
0 0.3425 0.2727272727272727 0.03125 0.019681349578256794
0 0.2325 0.24601686972820994 0.02375 0.016869728209934397
0 0.16375 0.25164011246485474 0.02125 0.011246485473289597
0 0.73 0.6321462043111528 0.0225 0.014058106841611996
0 0.793125 0.6508903467666354 0.02875 0.016869728209934397
0 0.778125 0.5627928772258669 0.02625 0.028116213683223992
0 0.76375 0.49250234301780693 0.02375 0.020618556701030927
0 0.40375 0.34114339268978444 0.0325 0.020618556701030927
0 0.616875 0.6658856607310215 0.025 0.014058106841611996
0 0.610625 0.5267104029990628 0.025 0.014058106841611996
0 0.415625 0.6513589503280225 0.02375 0.01499531396438613
0 0.489375 0.5051546391752577 0.02 0.011246485473289597
0 0.6375 0.5552952202436738 0.0225 0.014058106841611996
0 0.4775 0.4620431115276476 0.0225 0.02436738519212746
0 0.19 0.5838800374882849 0.03875 0.029053420805998126
0 0.114375 0.3373945641986879 0.0125 0.019681349578256794
0 0.164375 0.5979381443298969 0.04 0.029053420805998126
0 0.22625 0.41940018744142454 0.01625 0.019681349578256794
0 0.17375 0.5093720712277413 0.01375 0.011246485473289597
0 0.648125 0.7155576382380506 0.02625 0.015932521087160263
0 0.793125 0.9512652296157451 0.0275 0.016869728209934397
0 0.63 0.7806935332708529 0.02125 0.014058106841611996
0 0.92375 0.9095595126522962 0.0125 0.023430178069353328
0 0.643125 0.7914714151827554 0.02125 0.015932521087160263
0 0.5025 0.788659793814433 0.02375 0.013120899718837863
0 0.39875 0.7586691658856607 0.03 0.01780693533270853
0 0.299375 0.8444236176194939 0.02 0.016869728209934397
0 0.561875 0.9039362699156513 0.0275 0.01499531396438613
0 0.42375 0.7895970009372071 0.02875 0.019681349578256794
0 0.344375 0.8641049671977507 0.0275 0.01874414245548266
0 0.483125 0.6982193064667291 0.025 0.01499531396438613
0 0.51125 0.6733833177132146 0.02 0.01218369259606373
0 0.05625 0.654639175257732 0.04 0.02717900656044986
0 0.226875 0.732427366447985 0.0175 0.014058106841611996
0 0.189375 0.6738519212746017 0.015 0.013120899718837863
0 0.1525 0.7033739456419869 0.015 0.01218369259606373
0 0.218125 0.6574507966260543 0.0175 0.013120899718837863
0 0.125 0.7731958762886598 0.01625 0.01218369259606373
0 0.10625 0.528116213683224 0.0875 0.06935332708528585
0 0.301875 0.6283973758200563 0.08 0.04779756326148079
0 0.30625 0.45829428303655106 0.09125 0.1274601686972821
0 0.334375 0.6026241799437676 0.08 0.05154639175257732
0 0.523125 0.2104029990627929 0.055 0.022492970946579195
0 0.400625 0.5665417057169635 0.13125 0.05716963448922212
0 0.45125 0.6143392689784443 0.0775 0.03561387066541706
0 0.44 0.5993439550140581 0.0825 0.026241799437675725
0 0.513125 0.3950328022492971 0.0225 0.013120899718837863
0 0.53625 0.38612933458294285 0.0225 0.014058106841611996
0 0.656875 0.3561387066541706 0.02 0.011246485473289597
0 0.555625 0.2980318650421743 0.02375 0.02530459231490159
0 0.769375 0.35941893158388005 0.01625 0.019681349578256794
0 0.78 0.36082474226804123 0.0225 0.019681349578256794
0 0.800625 0.3444236176194939 0.01875 0.01780693533270853
0 0.885625 0.2788191190253046 0.02 0.011246485473289597
0 0.731875 0.21227741330834116 0.01625 0.01218369259606373
0 0.5275 0.20196813495782567 0.045 0.01780693533270853
0 0.165 0.246485473289597 0.02125 0.011246485473289597
0 0.105625 0.33598875351452673 0.01125 0.01780693533270853
0 0.585 0.5599812558575445 0.02125 0.011246485473289597
0 0.559375 0.5609184629803187 0.0375 0.04967197750702906
0 0.559375 0.577788191190253 0.0425 0.05060918462980318
0 0.470625 0.4592314901593252 0.02375 0.023430178069353328
0 0.746875 0.49812558575445176 0.0325 0.03655107778819119
0 0.78875 0.5656044985941893 0.0225 0.02530459231490159
0 0.868125 0.584348641049672 0.12375 0.05529522024367385
0 0.88 0.5749765698219307 0.1225 0.05435801312089972
0 0.779375 0.5370196813495782 0.11125 0.04592314901593252
0 0.841875 0.5477975632614808 0.23 0.08434864104967198
0 0.91 0.43345829428303656 0.0175 0.01499531396438613
0 0.70375 0.647610121836926 0.02 0.011246485473289597