0 0.0675 0.4755868544600939 0.135 0.09671361502347418
0 0.61125 0.4084507042253521 0.1325 0.09765258215962441
0 0.643125 0.476056338028169 0.1275 0.09014084507042254
0 0.270625 0.4990610328638498 0.13625 0.09483568075117371
0 0.31125 0.6619718309859155 0.1025 0.1295774647887324
0 0.654375 0.7769953051643192 0.0975 0.08826291079812207
1 0.54125 0.6333333333333333 0.24875 0.17183098591549295
0 0.350625 0.4708920187793427 0.105 0.14084507042253522
0 0.569375 0.7342723004694836 0.075 0.059154929577464786
0 0.39875 0.3460093896713615 0.08 0.05727699530516432
0 0.914375 0.6338028169014085 0.11875 0.044131455399061034
0 0.916875 0.34413145539906104 0.10375 0.04788732394366197
0 0.869375 0.7582159624413145 0.17375 0.06384976525821597
0 0.896875 0.8131455399061033 0.11 0.05258215962441314
1 0.566875 0.7234741784037558 0.30875 0.20938967136150236
0 0.659375 0.13755868544600938 0.07375 0.07511737089201878
0 0.3375 0.852112676056338 0.0475 0.02910798122065728
0 0.26875 0.14272300469483568 0.04875 0.044131455399061034
0 0.48375 0.34460093896713617 0.0425 0.03380281690140845
0 0.930625 0.5769953051643193 0.13375 0.044131455399061034
0 0.20125 0.15586854460093896 0.04125 0.044131455399061034
0 0.398125 0.19295774647887323 0.05625 0.02910798122065728
0 0.80625 0.44366197183098594 0.1025 0.038497652582159626
0 0.909375 0.20892018779342722 0.045 0.02910798122065728
0 0.92125 0.18309859154929578 0.0475 0.028169014084507043
0 0.599375 0.2131455399061033 0.04375 0.04037558685446009
1 0.870625 0.5018779342723004 0.17125 0.09765258215962441
1 0.97625 0.5309859154929577 0.0475 0.07042253521126761
0 0.008125 0.3056338028169014 0.01625 0.023474178403755867
0 0.300625 0.1863849765258216 0.03125 0.020657276995305163
0 0.769375 0.1056338028169014 0.0225 0.010328638497652582
0 0.715 0.12582159624413145 0.03625 0.014084507042253521
0 0.96 0.2887323943661972 0.02375 0.014084507042253521
0 0.964375 0.25586854460093894 0.02125 0.03286384976525822
0 0.33375 0.3544600938967136 0.03 0.023474178403755867
0 0.31125 0.7295774647887324 0.03375 0.024413145539906103
0 0.871875 0.4323943661971831 0.0325 0.012206572769953052
0 0.810625 0.4356807511737089 0.01625 0.005633802816901409
0 0.971875 0.3046948356807512 0.01625 0.01784037558685446
0 0.955 0.2028169014084507 0.01875 0.015023474178403756
0 0.956875 0.19154929577464788 0.01625 0.009389671361502348
0 0.95625 0.1812206572769953 0.01875 0.01596244131455399
0 0.94375 0.1699530516431925 0.0175 0.012206572769953052
1 0.064375 0.5154929577464789 0.12875 0.048826291079812206
1 0.4925 0.6075117370892019 0.1175 0.0892018779342723
0 0.879375 0.5370892018779343 0.0575 0.020657276995305163
1 0.894375 0.4990610328638498 0.1025 0.07230046948356808
1 0.854375 0.4295774647887324 0.2875 0.11455399061032864