0 0.0675 0.4699530516431925 0.135 0.09483568075117371
0 0.613125 0.4098591549295775 0.13 0.09671361502347418
0 0.64375 0.4779342723004695 0.12625 0.08826291079812207
0 0.27125 0.4962441314553991 0.13375 0.09389671361502347
0 0.3075 0.6591549295774648 0.1 0.12863849765258217
0 0.648125 0.7788732394366197 0.09625 0.08732394366197183
1 0.538125 0.6338028169014085 0.24625 0.16901408450704225
0 0.35125 0.46854460093896716 0.1025 0.13990610328638498
0 0.56375 0.7352112676056338 0.07375 0.05821596244131456
0 0.4025 0.34460093896713617 0.07875 0.056338028169014086
0 0.91125 0.6394366197183099 0.1175 0.04225352112676056
0 0.92 0.3492957746478873 0.1025 0.046009389671361506
0 0.863125 0.7629107981220657 0.17375 0.06103286384976526
0 0.889375 0.8183098591549296 0.10875 0.051643192488262914
1 0.561875 0.7244131455399061 0.305 0.2056338028169014
0 0.6675 0.13943661971830987 0.0725 0.07511737089201878
0 0.329375 0.8502347417840376 0.0475 0.028169014084507043
0 0.2775 0.13990610328638498 0.0475 0.0431924882629108
0 0.4875 0.34460093896713617 0.04125 0.03286384976525822
0 0.92875 0.5826291079812207 0.1325 0.04225352112676056
0 0.209375 0.15211267605633802 0.04 0.044131455399061034
0 0.405625 0.19154929577464788 0.05625 0.028169014084507043
0 0.8075 0.447887323943662 0.1025 0.036619718309859155
0 0.91625 0.2140845070422535 0.04375 0.028169014084507043
0 0.928125 0.18873239436619718 0.0475 0.027230046948356807
0 0.60625 0.21455399061032865 0.04375 0.03943661971830986
1 0.870625 0.5070422535211268 0.16875 0.09577464788732394
1 0.97625 0.5366197183098591 0.0475 0.07042253521126761
0 0.010625 0.2990610328638498 0.02125 0.023474178403755867
0 0.308125 0.18403755868544602 0.03125 0.020657276995305163
0 0.77875 0.10938967136150235 0.0225 0.010328638497652582
0 0.72375 0.12863849765258217 0.03625 0.014084507042253521
0 0.964375 0.2948356807511737 0.02375 0.013145539906103286
0 0.97 0.2619718309859155 0.02125 0.03192488262910798
0 0.336875 0.352112676056338 0.03 0.022535211267605635
0 0.30625 0.7272300469483568 0.03375 0.024413145539906103
0 0.87375 0.4375586854460094 0.0325 0.012206572769953052
0 0.811875 0.43990610328638496 0.01625 0.005633802816901409
0 0.97625 0.3107981220657277 0.01625 0.01784037558685446
0 0.961875 0.20892018779342722 0.0175 0.015023474178403756
0 0.964375 0.19765258215962442 0.01625 0.009389671361502348
0 0.96375 0.18732394366197183 0.01875 0.015023474178403756
0 0.95125 0.1755868544600939 0.0175 0.012206572769953052
1 0.06375 0.5098591549295775 0.1275 0.046948356807511735
1 0.49 0.6075117370892019 0.11625 0.08732394366197183
0 0.87875 0.5417840375586854 0.0575 0.01971830985915493
1 0.894375 0.504225352112676 0.10125 0.07042253521126761
1 0.85625 0.43427230046948356 0.285 0.11173708920187793