0 0.355 0.1178050652340752 0.03625 0.023791250959324637
0 0.308125 0.34228702993092863 0.03375 0.03453568687643899
0 0.4425 0.3089025326170376 0.03125 0.023023791250959325
0 0.50625 0.2544128933231005 0.0275 0.023023791250959325
0 0.123125 0.4036838066001535 0.035 0.024558710667689946
0 0.183125 0.5990023023791251 0.04 0.01918649270913277
0 0.11375 0.375287797390637 0.045 0.02532617037605526
0 0.143125 0.4961627014581734 0.04125 0.019953952417498082
0 0.08875 0.46699923254029163 0.0375 0.02532617037605526
0 0.124375 0.5821181887950883 0.035 0.01841903300076746
0 0.5075 0.514581734458941 0.0275 0.024558710667689946
0 0.45625 0.47544128933231006 0.03 0.01841903300076746
0 0.444375 0.4904067536454336 0.0275 0.014581734458940905
0 0.4325 0.4758250191864927 0.025 0.01688411358403684
0 0.940625 0.4708365310821182 0.02 0.010744435917114352
0 0.17875 0.8349961627014582 0.0225 0.013046815042210284
0 0.114375 0.7647735993860323 0.02375 0.012279355333844973
0 0.4 0.8668457405986185 0.02 0.013814274750575594
0 0.245 0.7782041442824251 0.02 0.011511895625479662
0 0.26875 0.851880276285495 0.02125 0.011511895625479662
0 0.26375 0.6987720644666156 0.025 0.011511895625479662
0 0.29375 0.7993092862624712 0.02 0.010744435917114352
0 0.164375 0.9105909439754413 0.025 0.014581734458940905
1 0.68875 0.36914811972371453 0.1975 0.12356101304681504
1 0.86375 0.7559478127398311 0.185 0.10897927858787414
0 0.345 0.6922486569455104 0.08375 0.05755947812739831
0 0.609375 0.15425940138142746 0.08375 0.0636991557943208
1 0.765625 0.24558710667689945 0.2025 0.13277052954719878
0 0.81375 0.13046815042210283 0.06 0.03376822716807368
0 0.14125 0.2743668457405986 0.075 0.035303146584804296
0 0.1725 0.6822716807367614 0.1025 0.035303146584804296
1 0.881875 0.2003069838833461 0.11 0.08058326937835764
1 0.791875 0.5636991557943208 0.185 0.11742133537989255
0 0.23125 0.2029930928626247 0.065 0.035303146584804296
0 0.34375 0.5552570990023024 0.04625 0.02532617037605526
1 0.66375 0.4854182655410591 0.18125 0.1204911742133538
0 0.25 0.5368380660015349 0.0475 0.024558710667689946
0 0.47375 0.1419800460475825 0.05125 0.02916346891788181
0 0.418125 0.6293169608595549 0.07125 0.02532617037605526
0 0.058125 0.6830391404451266 0.04125 0.03376822716807368
0 0.771875 0.5491174213353799 0.0825 0.03453568687643899
1 0.908125 0.6208749040675364 0.18375 0.18726016884113583
0 0.761875 0.24942440521872603 0.01625 0.0061396776669224865
0 0.806875 0.25019186492709133 0.02 0.006907137375287797
0 0.264375 0.43745203376822717 0.03875 0.03069838833461243
0 0.241875 0.46776669224865697 0.04125 0.02762854950115119
0 0.119375 0.8898695318495778 0.04125 0.023791250959324637
0 0.026875 0.6001534919416731 0.01625 0.00844205679201842
0 0.403125 0.739447429009977 0.02125 0.013046815042210284
0 0.7125 0.4635456638526477 0.00875 0.006907137375287797