0 0.63375 0.11627014581734459 0.03625 0.023023791250959325
0 0.6875 0.3399846508058327 0.03375 0.03453568687643899
0 0.551875 0.3085188027628549 0.03125 0.023023791250959325
0 0.486875 0.2544128933231005 0.0275 0.023023791250959325
0 0.87375 0.39984650805832694 0.035 0.024558710667689946
0 0.819375 0.5959324635456639 0.04 0.01918649270913277
0 0.883125 0.37106676899462776 0.045 0.02532617037605526
0 0.85625 0.4923254029163469 0.04125 0.019953952417498082
0 0.910625 0.4623944742900998 0.03625 0.024558710667689946
0 0.878125 0.577897160399079 0.035 0.017651573292402148
0 0.493125 0.514581734458941 0.0275 0.024558710667689946
0 0.543125 0.4750575594781274 0.03 0.01841903300076746
0 0.555625 0.4896392939370683 0.0275 0.014581734458940905
0 0.566875 0.4750575594781274 0.025 0.01688411358403684
0 0.05875 0.47544128933231006 0.02 0.010744435917114352
0 0.830625 0.8315425940138143 0.0225 0.013046815042210284
0 0.893125 0.760552570990023 0.02375 0.012279355333844973
0 0.610625 0.8656945510360706 0.02 0.013814274750575594
0 0.7625 0.7751343054489639 0.02 0.011511895625479662
0 0.74125 0.8495778971603991 0.02125 0.011511895625479662
0 0.741875 0.6964696853415195 0.02375 0.010744435917114352
0 0.715 0.7970069071373753 0.02 0.010744435917114352
0 0.8475 0.9071373752877974 0.025 0.013814274750575594
1 0.3075 0.37106676899462776 0.195 0.12202609363008442
1 0.14375 0.7597851112816577 0.1825 0.10744435917114352
0 0.66 0.6907137375287797 0.0825 0.056792018419033
0 0.380625 0.1557943207981581 0.0825 0.06293169608595549
1 0.226875 0.24827321565617805 0.2 0.13123561013046814
0 0.175625 0.1335379892555641 0.06 0.03376822716807368
0 0.8525 0.2705295471987721 0.075 0.03453568687643899
0 0.8325 0.6788181120491175 0.1025 0.03453568687643899
1 0.109375 0.20452801227935533 0.10875 0.07981580966999233
1 0.21 0.5667689946277821 0.1825 0.11588641596316193
0 0.760625 0.19992325402916347 0.06375 0.03453568687643899
0 0.6575 0.5533384497313891 0.04625 0.024558710667689946
1 0.33625 0.4873369148119724 0.17875 0.11895625479662318
0 0.75125 0.5341519570222564 0.04625 0.023791250959324637
0 0.51625 0.1419800460475825 0.05 0.02916346891788181
0 0.585625 0.6281657712970069 0.07125 0.024558710667689946
0 0.946875 0.6784343821949348 0.04 0.03300076745970836
0 0.23 0.5518035303146585 0.08125 0.03376822716807368
1 0.091875 0.6254796623177283 0.18375 0.18572524942440521
0 0.23125 0.2521105141980046 0.01625 0.0061396776669224865
0 0.185625 0.25326170376055257 0.02 0.0061396776669224865
0 0.73375 0.4351496546431312 0.03875 0.029930928626247123
0 0.756875 0.46508058326937834 0.04 0.02762854950115119
0 0.891875 0.8860322333077514 0.04125 0.023791250959324637
0 0.975625 0.5947812739831159 0.01625 0.00844205679201842
0 0.60375 0.7382962394474291 0.02125 0.013046815042210284
0 0.286875 0.4658480429777437 0.00875 0.006907137375287797