0 0.215625 0.2717900656044986 0.09875 0.07685098406747891
0 0.251875 0.42736644798500467 0.15 0.1330834114339269
0 0.565 0.6569821930646673 0.11625 0.13120899718837864
0 0.674375 0.4034676663542643 0.07125 0.08434864104967198
0 0.369375 0.5548266166822868 0.13625 0.12371134020618557
0 0.12125 0.5763823805060918 0.1075 0.08247422680412371
0 0.95625 0.8064667291471416 0.0425 0.03748828491096532
0 0.04125 0.42783505154639173 0.0825 0.13402061855670103
0 0.968125 0.6560449859418932 0.055 0.07966260543580131
0 0.93875 0.7717900656044986 0.04125 0.038425492033739454
0 0.91125 0.7249297094657919 0.05 0.03748828491096532
0 0.453125 0.7343017806935332 0.0975 0.056232427366447985
0 0.44375 0.6935332708528584 0.0725 0.07216494845360824
0 0.840625 0.6176194939081537 0.0525 0.03748828491096532
0 0.855625 0.47703842549203374 0.04 0.06373008434864105
0 0.554375 0.7731958762886598 0.0875 0.031865042174320526
0 0.021875 0.5323336457357076 0.04375 0.06935332708528585
0 0.718125 0.3055295220243674 0.03 0.019681349578256794
0 0.7525 0.2900656044985942 0.01875 0.015932521087160263
0 0.74125 0.30599812558575445 0.02125 0.016869728209934397
0 0.789375 0.2900656044985942 0.02 0.015932521087160263
0 0.87625 0.35238987816307404 0.0275 0.022492970946579195
0 0.741875 0.5431115276476102 0.03 0.023430178069353328
0 0.79375 0.5768509840674789 0.03375 0.023430178069353328
0 0.911875 0.6087160262417994 0.025 0.019681349578256794
0 0.97125 0.6138706654170571 0.025 0.02155576382380506
0 0.825625 0.6377694470477976 0.03125 0.023430178069353328
0 0.9425 0.41237113402061853 0.02625 0.02717900656044986
0 0.67875 0.4915651358950328 0.02875 0.02717900656044986
0 0.925625 0.3692596063730084 0.0275 0.019681349578256794
0 0.97375 0.3823805060918463 0.035 0.028116213683223992
0 0.863125 0.3917525773195876 0.02875 0.020618556701030927
0 0.848125 0.4386129334582943 0.03125 0.02530459231490159
0 0.935 0.4339268978444236 0.01875 0.01874414245548266
0 0.845 0.584348641049672 0.01875 0.016869728209934397
0 0.713125 0.5651358950328023 0.0225 0.016869728209934397
0 0.67625 0.5224929709465792 0.02375 0.015932521087160263
0 0.7725 0.5923149015932521 0.0225 0.01780693533270853
0 0.830625 0.36879100281162136 0.01 0.010309278350515464
0 0.99875 0.5721649484536082 0.0025 0.02530459231490159
0 0.82375 0.3753514526710403 0.015 0.014058106841611996
0 0.88125 0.47703842549203374 0.03 0.022492970946579195
0 0.99375 0.45220243673851923 0.00875 0.028116213683223992
0 0.5575 0.5323336457357076 0.025 0.019681349578256794
0 0.609375 0.4985941893158388 0.03125 0.02436738519212746
0 0.610625 0.520618556701031 0.02125 0.016869728209934397
0 0.633125 0.3889409559512652 0.0275 0.028116213683223992
0 0.55875 0.5538894095595126 0.01375 0.01218369259606373
0 0.608125 0.408622305529522 0.02125 0.016869728209934397
0 0.525 0.5805998125585754 0.02375 0.015932521087160263
0 0.624375 0.37628865979381443 0.015 0.01218369259606373
0 0.03 0.676663542642924 0.02875 0.020618556701030927
0 0.981875 0.8467666354264293 0.03625 0.029053420805998126
0 0.863125 0.6729147141518276 0.03 0.023430178069353328
0 0.913125 0.831302717900656 0.01375 0.010309278350515464
0 0.869375 0.8570759137769447 0.01375 0.01218369259606373
0 0.993125 0.6696344892221181 0.01375 0.02155576382380506
0 0.8375 0.6701030927835051 0.015 0.00937207122774133
0 0.83375 0.6635426429240863 0.01125 0.01218369259606373
0 0.689375 0.7755388940955952 0.0125 0.013120899718837863
0 0.655 0.7272727272727273 0.01625 0.014058106841611996
0 0.07 0.8509840674789129 0.0125 0.010309278350515464
0 0.044375 0.8833177132146204 0.02 0.02717900656044986
0 0.0475 0.8411433926897844 0.01 0.011246485473289597
0 0.04875 0.8528584817244611 0.01 0.007497656982193065
0 0.1225 0.7741330834114339 0.015 0.006560449859418931
0 0.371875 0.7347703842549204 0.08375 0.06466729147141519
0 0.50875 0.7122774133083412 0.01375 0.011246485473289597
0 0.969375 0.6298031865042174 0.02375 0.023430178069353328
0 0.591875 0.41611996251171507 0.01625 0.00937207122774133
0 0.344375 0.64058106841612 0.0175 0.01218369259606373
0 0.24375 0.5796626054358013 0.01375 0.010309278350515464