0 0.27875 0.2352389878163074 0.10375 0.07966260543580131
0 0.275 0.3931583880037488 0.15875 0.1387066541705717
0 0.52375 0.6630740393626992 0.125 0.13402061855670103
0 0.695625 0.4301780693533271 0.07625 0.08716026241799438
0 0.3575 0.53514526710403 0.14375 0.1274601686972821
0 0.10875 0.520618556701031 0.1125 0.08622305529522024
0 0.87 0.865979381443299 0.04375 0.038425492033739454
0 0.061875 0.3631677600749766 0.10125 0.13683223992502344
0 0.92 0.7197750702905342 0.06 0.08153701968134958
0 0.861875 0.8298969072164949 0.04375 0.03936269915651359
0 0.84625 0.7797563261480788 0.05125 0.03936269915651359
0 0.394375 0.7235238987816307 0.1 0.05998125585754452
0 0.395 0.6818181818181818 0.0775 0.07403936269915651
0 0.804375 0.6640112464854733 0.055 0.03936269915651359
0 0.855 0.528584817244611 0.04375 0.06466729147141519
0 0.48375 0.7760074976569822 0.08875 0.03467666354264293
0 0.023125 0.46251171508903466 0.04625 0.07029053420805999
0 0.76375 0.3402061855670103 0.03125 0.020618556701030927
0 0.80125 0.32989690721649484 0.02 0.016869728209934397
0 0.78625 0.34395501405810686 0.0225 0.01780693533270853
0 0.8375 0.33505154639175255 0.02125 0.016869728209934397
0 0.906875 0.4090909090909091 0.02875 0.023430178069353328
0 0.726875 0.5768509840674789 0.03125 0.02530459231490159
0 0.76875 0.6171508903467666 0.035 0.02436738519212746
0 0.87625 0.6654170571696345 0.02625 0.020618556701030927
0 0.93375 0.6790065604498594 0.0275 0.022492970946579195
0 0.784375 0.6818181818181818 0.0325 0.02436738519212746
0 0.95625 0.4775070290534208 0.0275 0.028116213683223992
0 0.6775 0.5173383317713215 0.03 0.028116213683223992
0 0.95125 0.43252108716026244 0.02875 0.020618556701030927
0 0.988125 0.45220243673851923 0.02375 0.029053420805998126
0 0.884375 0.4456419868791003 0.03 0.022492970946579195
0 0.8575 0.4896907216494845 0.0325 0.026241799437675725
0 0.94375 0.4971883786316776 0.02 0.019681349578256794
0 0.816875 0.6321462043111528 0.02 0.01780693533270853
0 0.693125 0.5941893158388004 0.02375 0.01780693533270853
0 0.6675 0.5473289597000938 0.02375 0.016869728209934397
0 0.74375 0.6298031865042174 0.02375 0.01874414245548266
0 0.8575 0.4184629803186504 0.01 0.011246485473289597
0 0.975625 0.6429240862230553 0.0125 0.026241799437675725
0 0.849375 0.4240862230552952 0.01625 0.014058106841611996
0 0.88 0.5323336457357076 0.03125 0.02436738519212746
0 0.995625 0.5229615745079662 0.00875 0.028116213683223992
0 0.548125 0.5398313027179007 0.02625 0.020618556701030927
0 0.608125 0.514058106841612 0.0325 0.02530459231490159
0 0.60375 0.5360824742268041 0.0225 0.01780693533270853
0 0.65875 0.41002811621368324 0.02875 0.029053420805998126
0 0.544375 0.5613870665417057 0.01375 0.01218369259606373
0 0.629375 0.4259606373008435 0.0225 0.01780693533270853
0 0.504375 0.5824742268041238 0.025 0.016869728209934397
0 0.65375 0.3964386129334583 0.015 0.01218369259606373
0 0.004375 0.6063730084348641 0.00875 0.022492970946579195
0 0.885625 0.9095595126522962 0.0375 0.02999062792877226
0 0.8125 0.7216494845360825 0.03125 0.02530459231490159
0 0.9225 0.9212746016869728 0.02875 0.030927835051546393
0 0.82125 0.8842549203373946 0.01375 0.010309278350515464
0 0.77125 0.9029990627928772 0.01375 0.01218369259606373
0 0.94125 0.7375820056232427 0.015 0.02155576382380506
0 0.7875 0.7155576382380506 0.015 0.00937207122774133
0 0.785625 0.7080599812558576 0.01125 0.01218369259606373
0 0.615625 0.7975632614807873 0.01375 0.014058106841611996
0 0.594375 0.7450796626054358 0.0175 0.014058106841611996
0 0.059375 0.7150890346766635 0.015 0.007497656982193065
0 0.314375 0.711808809746954 0.08875 0.06747891283973759
0 0.454375 0.7099343955014058 0.015 0.01218369259606373
0 0.9275 0.6944704779756327 0.025 0.02436738519212746
0 0.611875 0.43064667291471415 0.01625 0.010309278350515464
0 0.31125 0.6157450796626054 0.01875 0.01218369259606373
1 0.95625 0.7450796626054358 0.01875 0.023430178069353328
0 0.228125 0.5412371134020618 0.01375 0.010309278350515464