0 0.076875 0.3364573570759138 0.02125 0.01874414245548266
0 0.223125 0.46157450796626054 0.03875 0.02717900656044986
0 0.1725 0.5646672914714151 0.04 0.02530459231490159
0 0.19875 0.5374882849109653 0.04 0.02530459231490159
0 0.250625 0.3809746954076851 0.0275 0.02436738519212746
0 0.14 0.4597000937207123 0.01875 0.016869728209934397
0 0.0025 0.39550140581068416 0.005 0.016869728209934397
0 0.21875 0.6940018744142455 0.0375 0.026241799437675725
1 0.548125 0.8739456419868791 0.2075 0.1246485473289597
0 0.151875 0.29194001874414244 0.0975 0.061855670103092786
0 0.155 0.816776007497657 0.04375 0.029053420805998126
1 0.08 0.5370196813495782 0.16 0.15370196813495782
1 0.4275 0.5121836925960638 0.18 0.09840674789128398
0 0.82875 0.3655107778819119 0.11125 0.09090909090909091
0 0.165 0.7778819119025304 0.04625 0.02999062792877226
0 0.533125 0.09840674789128398 0.0725 0.05529522024367385
0 0.8825 0.39737582005623245 0.07875 0.09372071227741331
0 0.271875 0.6105904404873477 0.05125 0.029053420805998126
0 0.643125 0.22914714151827553 0.08 0.06654170571696345
0 0.221875 0.7164948453608248 0.065 0.03655107778819119
0 0.334375 0.45829428303655106 0.07625 0.05998125585754452
1 0.975625 0.8636363636363636 0.04875 0.10590440487347703
0 0.20375 0.887535145267104 0.06875 0.03748828491096532
0 0.134375 0.6227741330834115 0.045 0.028116213683223992
0 0.339375 0.15182755388940955 0.05 0.026241799437675725
0 0.698125 0.25866916588566075 0.04375 0.06560449859418932
0 0.13125 0.6466729147141518 0.04625 0.028116213683223992
0 0.913125 0.7980318650421743 0.08125 0.09184629803186505
0 0.869375 0.746954076850984 0.03125 0.028116213683223992
0 0.118125 0.6658856607310215 0.04125 0.022492970946579195
0 0.00375 0.4587628865979381 0.0075 0.04217432052483599
0 0.045625 0.26569821930646675 0.03375 0.023430178069353328
0 0.230625 0.23477038425492033 0.035 0.026241799437675725
0 0.3 0.18088097469540768 0.0375 0.03280224929709466
0 0.493125 0.2507029053420806 0.01625 0.007497656982193065
0 0.485 0.2619493908153702 0.0125 0.01218369259606373
0 0.49 0.2778819119025305 0.01125 0.011246485473289597
0 0.491875 0.2924086223055295 0.0125 0.01218369259606373
0 0.50625 0.3013120899718838 0.015 0.00937207122774133
0 0.499375 0.2760074976569822 0.01875 0.04779756326148079
0 0.734375 0.2797563261480787 0.04625 0.06560449859418932
0 0.98375 0.45829428303655106 0.03 0.02999062792877226
0 0.801875 0.604967197750703 0.01625 0.010309278350515464
0 0.520625 0.5529522024367385 0.0125 0.008434864104967198
1 0.495 0.47375820056232426 0.0675 0.056232427366447985
0 0.049375 0.38753514526710403 0.02625 0.01780693533270853