0 0.12125 0.2839737582005623 0.02 0.01780693533270853
0 0.23625 0.42642924086223055 0.03625 0.02530459231490159
0 0.1625 0.521087160262418 0.0375 0.023430178069353328
0 0.194375 0.49765698219306465 0.0375 0.023430178069353328
0 0.281875 0.3500468603561387 0.025 0.023430178069353328
0 0.155 0.4133083411433927 0.0175 0.016869728209934397
0 0.02875 0.3322399250234302 0.01625 0.016869728209934397
0 0.178125 0.654639175257732 0.035 0.02436738519212746
1 0.460625 0.8744142455482662 0.19875 0.11527647610121837
0 0.205 0.24976569821930647 0.0925 0.05810684161199625
0 0.086875 0.7671040299906279 0.04125 0.02717900656044986
1 0.075625 0.48125585754451733 0.15125 0.1471415182755389
1 0.42625 0.5028116213683224 0.1725 0.08997188378631678
0 0.855 0.41002811621368324 0.10375 0.08622305529522024
0 0.105625 0.7300843486410497 0.04375 0.028116213683223992
0 0.625625 0.10871602624179943 0.06875 0.05154639175257732
0 0.900625 0.4484536082474227 0.07125 0.09090909090909091
0 0.25 0.5791940018744143 0.04875 0.026241799437675725
0 0.70375 0.25164011246485474 0.07375 0.06373008434864105
0 0.17625 0.676663542642924 0.0625 0.03280224929709466
0 0.346875 0.4372071227741331 0.07125 0.05716963448922212
1 0.91875 0.9250234301780693 0.11 0.10121836925960637
0 0.04 0.17666354264292408 0.03875 0.03748828491096532
0 0.11875 0.8430178069353327 0.06625 0.03467666354264293
0 0.11125 0.5735707591377694 0.0425 0.026241799437675725
0 0.4225 0.13636363636363635 0.04875 0.023430178069353328
0 0.750625 0.2881911902530459 0.0375 0.06373008434864105
0 0.1025 0.5965323336457357 0.04375 0.026241799437675725
0 0.838125 0.8472352389878163 0.07375 0.08903467666354264
0 0.80625 0.7910028116213683 0.02875 0.02717900656044986
0 0.085625 0.6138706654170571 0.03875 0.020618556701030927
0 0.014375 0.394095595126523 0.0175 0.04217432052483599
0 0.106875 0.2099343955014058 0.0325 0.02155576382380506
0 0.29625 0.20337394564198688 0.0325 0.02530459231490159
0 0.376875 0.15979381443298968 0.035 0.031865042174320526
0 0.550625 0.253514526710403 0.015 0.006560449859418931
0 0.54 0.2633552014995314 0.01125 0.01218369259606373
0 0.541875 0.2797563261480787 0.01 0.010309278350515464
0 0.54 0.29475164011246485 0.01125 0.011246485473289597
0 0.551875 0.3055295220243674 0.015 0.008434864104967198
0 0.55125 0.27928772258669166 0.015 0.046860356138706656
0 0.781875 0.3134957825679475 0.04125 0.06373008434864105
0 0.98625 0.5220243673851921 0.0275 0.029053420805998126
0 0.773125 0.6424554826616682 0.015 0.00937207122774133
0 0.508125 0.5548266166822868 0.01125 0.008434864104967198
1 0.500625 0.47375820056232426 0.0625 0.053420805998125584
0 0.081875 0.33083411433926896 0.025 0.016869728209934397