0 0.2131818181818182 0.022272727272727274 0.046363636363636364 0.038181818181818185
0 0.18 0.04363636363636364 0.042727272727272725 0.04181818181818182
0 0.16772727272727272 0.08 0.042727272727272725 0.042727272727272725
0 0.17272727272727273 0.11772727272727272 0.05454545454545454 0.035454545454545454
0 0.24818181818181817 0.038181818181818185 0.03363636363636364 0.038181818181818185
0 0.21136363636363636 0.05818181818181818 0.04363636363636364 0.03636363636363636
0 0.20545454545454545 0.09045454545454545 0.05 0.034545454545454546
0 0.215 0.12772727272727272 0.03909090909090909 0.04
0 0.24136363636363636 0.07227272727272727 0.03727272727272727 0.034545454545454546
0 0.2531818181818182 0.1040909090909091 0.045454545454545456 0.03272727272727273
0 0.26 0.1340909090909091 0.05272727272727273 0.042727272727272725
0 0.2881818181818182 0.038181818181818185 0.04 0.02727272727272727
0 0.2781818181818182 0.07 0.03636363636363636 0.04
0 0.3145454545454546 0.07363636363636364 0.038181818181818185 0.04
0 0.2968181818181818 0.11227272727272727 0.04454545454545455 0.04
0 0.5177272727272727 0.05409090909090909 0.06181818181818182 0.04909090909090909
0 0.47363636363636363 0.06818181818181818 0.06454545454545454 0.05090909090909091
0 0.45 0.10818181818181818 0.07545454545454545 0.053636363636363635
0 0.45 0.15272727272727274 0.057272727272727274 0.05909090909090909
0 0.524090909090909 0.105 0.06818181818181818 0.05090909090909091
0 0.5013636363636363 0.16 0.05181818181818182 0.07
0 0.5509090909090909 0.1668181818181818 0.05454545454545454 0.07181818181818182
0 0.5754545454545454 0.06409090909090909 0.06272727272727273 0.04818181818181818
0 0.5813636363636364 0.10681818181818181 0.06181818181818182 0.04909090909090909
0 0.5990909090909091 0.15454545454545454 0.06636363636363636 0.04909090909090909
0 0.7527272727272727 0.09772727272727273 0.09909090909090909 0.07545454545454545
0 0.7495454545454545 0.15772727272727272 0.1318181818181818 0.060909090909090906
0 0.8331818181818181 0.12772727272727272 0.08181818181818182 0.11727272727272728
0 0.9186363636363636 0.11727272727272728 0.11090909090909092 0.07272727272727272
0 0.9113636363636364 0.1731818181818182 0.12545454545454546 0.07454545454545454
0 0.10318181818181818 0.26227272727272727 0.10818181818181818 0.2081818181818182
0 0.2509090909090909 0.22772727272727272 0.18818181818181817 0.13363636363636364
0 0.24772727272727274 0.32954545454545453 0.22181818181818183 0.15454545454545454
0 0.41545454545454547 0.315 0.18 0.21363636363636362
0 0.4672727272727273 0.29954545454545456 0.18636363636363637 0.21454545454545454
0 0.66 0.36 0.25363636363636366 0.29363636363636364
0 0.8545454545454545 0.3836363636363636 0.29 0.26636363636363636
0 0.13227272727272726 0.5259090909090909 0.24818181818181817 0.3009090909090909
0 0.3322727272727273 0.5345454545454545 0.18454545454545454 0.23454545454545456
0 0.4863636363636364 0.5795454545454546 0.25 0.29363636363636364
0 0.7772727272727272 0.6036363636363636 0.3836363636363636 0.2318181818181818
0 0.21818181818181817 0.7954545454545454 0.43636363636363634 0.27454545454545454
0 0.675 0.8368181818181818 0.5372727272727272 0.32636363636363636