0 0.09272727272727273 0.12 0.04727272727272727 0.04
0 0.06681818181818182 0.14954545454545454 0.04363636363636364 0.042727272727272725
0 0.065 0.18772727272727271 0.04363636363636364 0.04363636363636364
0 0.08 0.22272727272727272 0.05545454545454546 0.03727272727272727
0 0.13045454545454546 0.12545454545454546 0.035454545454545454 0.03909090909090909
0 0.10045454545454545 0.155 0.04454545454545455 0.03727272727272727
0 0.1040909090909091 0.18772727272727271 0.05 0.03636363636363636
0 0.12363636363636364 0.22045454545454546 0.04 0.04090909090909091
0 0.13363636363636364 0.16 0.038181818181818185 0.035454545454545454
0 0.15363636363636363 0.18772727272727271 0.046363636363636364 0.03363636363636364
0 0.16863636363636364 0.21409090909090908 0.053636363636363635 0.04454545454545455
0 0.1690909090909091 0.11409090909090909 0.04 0.028181818181818183
0 0.16818181818181818 0.1481818181818182 0.03727272727272727 0.04090909090909091
0 0.20454545454545456 0.14136363636363636 0.03909090909090909 0.04090909090909091
0 0.19772727272727272 0.1831818181818182 0.046363636363636364 0.04181818181818182
0 0.3940909090909091 0.06681818181818182 0.06363636363636363 0.05090909090909091
0 0.3559090909090909 0.09227272727272727 0.06636363636363636 0.05272727272727273
0 0.3440909090909091 0.13727272727272727 0.07636363636363637 0.05545454545454546
0 0.3563636363636364 0.18 0.05909090909090909 0.060909090909090906
0 0.41454545454545455 0.11363636363636363 0.07 0.05272727272727273
0 0.4077272727272727 0.17272727272727273 0.05454545454545454 0.07181818181818182
0 0.4572727272727273 0.16590909090909092 0.056363636363636366 0.07272727272727272
0 0.45227272727272727 0.06 0.06363636363636363 0.05
0 0.46954545454545454 0.1 0.06363636363636363 0.05090909090909091
0 0.5 0.14045454545454544 0.06727272727272728 0.05090909090909091
0 0.6322727272727273 0.04363636363636364 0.1009090909090909 0.07818181818181819
0 0.6454545454545455 0.10227272727272728 0.13272727272727272 0.06454545454545454
0 0.7172727272727273 0.055 0.08545454545454545 0.11
0 0.7972727272727272 0.02727272727272727 0.11272727272727273 0.05454545454545454
0 0.8054545454545454 0.07227272727272727 0.12727272727272726 0.07909090909090909
0 0.055 0.38045454545454543 0.11 0.21
0 0.18545454545454546 0.3068181818181818 0.19090909090909092 0.1390909090909091
0 0.21045454545454545 0.40545454545454546 0.22545454545454546 0.16090909090909092
0 0.36772727272727274 0.34545454545454546 0.18636363636363637 0.21818181818181817
0 0.4131818181818182 0.31636363636363635 0.19272727272727272 0.2190909090909091
0 0.6154545454545455 0.3209090909090909 0.26181818181818184 0.3
0 0.8086363636363636 0.29045454545454547 0.2963636363636364 0.27454545454545454
0 0.15363636363636363 0.6263636363636363 0.25727272727272726 0.30636363636363634
0 0.3481818181818182 0.5790909090909091 0.19090909090909092 0.2381818181818182
0 0.509090909090909 0.58 0.2581818181818182 0.3
0 0.795 0.5231818181818182 0.3890909090909091 0.24363636363636362
0 0.30272727272727273 0.86 0.4581818181818182 0.28
0 0.7454545454545455 0.785 0.509090909090909 0.36272727272727273