0 0.8870106761565836 0.8664886515353805 0.14056939501779359 0.1054739652870494
0 0.8879003558718861 0.9566088117489987 0.060498220640569395 0.020026702269692925
0 0.3238434163701068 0.7650200267022697 0.1387900355871886 0.07343124165554073
0 0.1494661921708185 0.9172229639519359 0.17793594306049823 0.16555407209612816
0 0.4804270462633452 0.9439252336448598 0.05871886120996441 0.04539385847797063
1 0.3665480427046263 0.20160213618157544 0.36298932384341637 0.2857142857142857
1 0.7153024911032029 0.40654205607476634 0.3416370106761566 0.24032042723631508
1 0.3069395017793594 0.7930574098798397 0.3238434163701068 0.24966622162883845
0 0.9421708185053381 0.5921228304405874 0.11565836298932385 0.08411214953271028
0 0.6850533807829181 0.6361815754339119 0.09608540925266904 0.0787716955941255
0 0.8745551601423488 0.04472630173564753 0.10498220640569395 0.08945260347129506
0 0.3193950177935943 0.12216288384512683 0.14056939501779359 0.09212283044058744
0 0.037366548042704624 0.46261682242990654 0.07473309608540925 0.09746328437917223