0 0.6651006711409396 0.3253333333333333 0.08590604026845637 0.048
0 0.04429530201342282 0.16066666666666668 0.056375838926174496 0.28
0 0.15167785234899328 0.054 0.06308724832214765 0.06
0 0.2664429530201342 0.10466666666666667 0.042953020134228186 0.04133333333333333
0 0.07785234899328859 0.32066666666666666 0.08053691275167785 0.07466666666666667
0 0.02214765100671141 0.482 0.04429530201342282 0.04933333333333333
0 0.2791946308724832 0.464 0.05771812080536913 0.05466666666666667
0 0.361744966442953 0.41533333333333333 0.07516778523489932 0.06
0 0.36778523489932885 0.5446666666666666 0.14093959731543623 0.11466666666666667
0 0.538255033557047 0.5713333333333334 0.1651006711409396 0.16133333333333333
0 0.2214765100671141 0.756 0.0738255033557047 0.08666666666666667
0 0.1342281879194631 0.6866666666666666 0.049664429530201344 0.05466666666666667
0 0.038926174496644296 0.7013333333333334 0.07785234899328859 0.112
0 0.4590604026845638 0.9533333333333334 0.08053691275167785 0.09333333333333334
0 0.47181208053691276 0.8426666666666667 0.0953020134228188 0.07333333333333333
0 0.8248322147651007 0.8686666666666667 0.07919463087248323 0.08
0 0.6939597315436241 0.6513333333333333 0.1651006711409396 0.148
0 0.8181208053691276 0.46066666666666667 0.08187919463087248 0.064
0 0.7912751677852349 0.25733333333333336 0.13154362416107382 0.124
1 0.187248322147651 0.748 0.312751677852349 0.292
1 0.7308724832214765 0.20733333333333334 0.3315436241610738 0.32133333333333336
0 0.5483221476510067 0.164 0.11409395973154363 0.11466666666666667
0 0.4604026845637584 0.3626666666666667 0.07248322147651007 0.084