0 0.6557046979865772 0.31733333333333336 0.08456375838926175 0.044
0 0.026845637583892617 0.18466666666666667 0.04161073825503356 0.28
0 0.12885906040268458 0.07266666666666667 0.06040268456375839 0.05733333333333333
0 0.24630872483221478 0.11733333333333333 0.04161073825503356 0.03866666666666667
0 0.0691275167785235 0.3426666666666667 0.07785234899328859 0.07066666666666667
0 0.021476510067114093 0.506 0.042953020134228186 0.04666666666666667
0 0.2778523489932886 0.47533333333333333 0.05503355704697987 0.052
0 0.35771812080536913 0.4226666666666667 0.07248322147651007 0.05733333333333333
0 0.3704697986577181 0.5513333333333333 0.13691275167785236 0.108
0 0.5416107382550336 0.5693333333333334 0.15838926174496645 0.15333333333333332
0 0.23557046979865773 0.77 0.0697986577181208 0.084
0 0.14429530201342283 0.7053333333333334 0.04697986577181208 0.052
0 0.042953020134228186 0.7253333333333334 0.08590604026845637 0.10666666666666667
0 0.010067114093959731 0.956 0.020134228187919462 0.056
0 0.48389261744966444 0.9553333333333334 0.07651006711409396 0.08933333333333333
0 0.4899328859060403 0.844 0.09261744966442953 0.068
0 0.8436241610738255 0.8513333333333334 0.07516778523489932 0.07733333333333334
0 0.702013422818792 0.6413333333333333 0.15838926174496645 0.14
0 0.8154362416107382 0.444 0.07785234899328859 0.06
0 0.7785234899328859 0.24266666666666667 0.1261744966442953 0.11733333333333333
1 0.20067114093959731 0.764 0.2993288590604027 0.2773333333333333
1 0.714765100671141 0.196 0.3181208053691275 0.30666666666666664
0 0.5308724832214765 0.162 0.1087248322147651 0.11066666666666666
0 0.45302013422818793 0.36466666666666664 0.06845637583892618 0.08133333333333333