1 0.4381510416666667 0.33229166666666665 0.13411458333333334 0.14270833333333333
0 0.208984375 0.9338541666666667 0.05078125 0.04791666666666667
0 0.392578125 0.8161458333333333 0.009114583333333334 0.010416666666666666
0 0.34765625 0.7255208333333333 0.036458333333333336 0.041666666666666664
0 0.166015625 0.60625 0.0390625 0.03229166666666667
0 0.46484375 0.3229166666666667 0.07421875 0.04895833333333333
0 0.5618489583333334 0.05625 0.05078125 0.04479166666666667
0 0.8255208333333334 0.3333333333333333 0.037760416666666664 0.03854166666666667
0 0.873046875 0.3609375 0.014322916666666666 0.011458333333333333
0 0.7376302083333334 0.5119791666666667 0.010416666666666666 0.011458333333333333
1 0.9303385416666666 0.058333333333333334 0.12109375 0.11666666666666667
1 0.4329427083333333 0.8036458333333333 0.12239583333333333 0.10729166666666666
1 0.7734375 0.5109375 0.15234375 0.11770833333333333
1 0.8899739583333334 0.3875 0.21875 0.21041666666666667