1 0.55078125 0.3296875 0.13802083333333334 0.14375
0 0.8190104166666666 0.9208333333333333 0.052083333333333336 0.04791666666666667
0 0.6282552083333334 0.8109375 0.009114583333333334 0.010416666666666666
0 0.6673177083333334 0.71875 0.036458333333333336 0.042708333333333334
0 0.83984375 0.5921875 0.0390625 0.03229166666666667
0 0.5234375 0.321875 0.07552083333333333 0.05
0 0.4088541666666667 0.059375 0.05078125 0.04479166666666667
0 0.16341145833333334 0.34739583333333335 0.037760416666666664 0.03958333333333333
0 0.11783854166666667 0.3765625 0.014322916666666666 0.011458333333333333
0 0.2630208333333333 0.521875 0.010416666666666666 0.011458333333333333
1 0.05078125 0.07291666666666667 0.1015625 0.125
1 0.5865885416666666 0.8005208333333333 0.12369791666666667 0.10833333333333334
1 0.22721354166666666 0.5223958333333333 0.15494791666666666 0.11979166666666667
1 0.107421875 0.4036458333333333 0.21484375 0.21354166666666666