1 0.75390625 0.46875 0.18489583333333334 0.3697916666666667
1 0.7369791666666666 0.0171875 0.12109375 0.030208333333333334
1 0.5709635416666666 0.09270833333333334 0.20182291666666666 0.18541666666666667
1 0.73828125 0.15 0.13671875 0.24791666666666667
1 0.7513020833333334 0.32760416666666664 0.16666666666666666 0.21666666666666667
1 0.5638020833333334 0.32395833333333335 0.20963541666666666 0.26666666666666666
1 0.5227864583333334 0.4791666666666667 0.27734375 0.26979166666666665
1 0.5397135416666666 0.6697916666666667 0.23567708333333334 0.3885416666666667
1 0.728515625 0.80625 0.15625 0.30416666666666664
0 0.9817708333333334 0.9458333333333333 0.018229166666666668 0.03125
0 0.9095052083333334 0.878125 0.045572916666666664 0.051041666666666666
0 0.9837239583333334 0.7734375 0.022135416666666668 0.03333333333333333
0 0.8203125 0.7291666666666666 0.22005208333333334 0.31354166666666666
0 0.984375 0.6234375 0.02734375 0.0375
0 0.7395833333333334 0.46458333333333335 0.11848958333333333 0.125
0 0.8990885416666666 0.5036458333333333 0.046875 0.04375
0 0.9700520833333334 0.465625 0.029947916666666668 0.03333333333333333
0 0.8899739583333334 0.3927083333333333 0.07421875 0.13854166666666667
0 0.9752604166666666 0.39739583333333334 0.049479166666666664 0.046875
0 0.818359375 0.26458333333333334 0.037760416666666664 0.08020833333333334
0 0.8997395833333334 0.2916666666666667 0.044270833333333336 0.04479166666666667
0 0.9713541666666666 0.21875 0.03125 0.041666666666666664
0 0.8958333333333334 0.08385416666666666 0.040364583333333336 0.057291666666666664
0 0.380859375 0.03333333333333333 0.055989583333333336 0.04583333333333333
0 0.337890625 0.17135416666666667 0.0625 0.07395833333333333
0 0.1640625 0.4390625 0.10807291666666667 0.15104166666666666
0 0.19791666666666666 0.46458333333333335 0.08723958333333333 0.096875
0 0.09635416666666667 0.8046875 0.07682291666666667 0.084375