1 0.7565104166666666 0.4901041666666667 0.23177083333333334 0.38229166666666664
1 0.798828125 0.03958333333333333 0.125 0.03958333333333333
1 0.6243489583333334 0.10104166666666667 0.22395833333333334 0.20104166666666667
1 0.7825520833333334 0.171875 0.16796875 0.25729166666666664
1 0.7721354166666666 0.3494791666666667 0.19270833333333334 0.22916666666666666
1 0.5865885416666666 0.3302083333333333 0.24348958333333334 0.28125
1 0.525390625 0.48072916666666665 0.3111979166666667 0.290625
1 0.517578125 0.6723958333333333 0.28515625 0.40520833333333334
1 0.6868489583333334 0.8239583333333333 0.19401041666666666 0.3145833333333333
0 0.9212239583333334 0.9838541666666667 0.022135416666666668 0.03229166666666667
0 0.8580729166666666 0.9104166666666667 0.052083333333333336 0.05416666666666667
0 0.9453125 0.8125 0.026041666666666668 0.035416666666666666
0 0.7890625 0.7546875 0.2591145833333333 0.32916666666666666
0 0.9654947916666666 0.6630208333333333 0.03125 0.03958333333333333
0 0.7428385416666666 0.48489583333333336 0.13411458333333334 0.13333333333333333
0 0.896484375 0.5369791666666667 0.052083333333333336 0.046875
0 0.9720052083333334 0.5046875 0.033854166666666664 0.035416666666666666
0 0.9016927083333334 0.42604166666666665 0.09244791666666667 0.14375
0 0.9791666666666666 0.4375 0.041666666666666664 0.05
0 0.8470052083333334 0.29270833333333335 0.048177083333333336 0.08333333333333333
0 0.9251302083333334 0.3260416666666667 0.049479166666666664 0.04791666666666667
0 0.9934895833333334 0.25885416666666666 0.013020833333333334 0.04479166666666667
0 0.9479166666666666 0.11927083333333334 0.046875 0.059375
0 0.4420572916666667 0.025520833333333333 0.061197916666666664 0.05
0 0.3815104166666667 0.159375 0.07161458333333333 0.078125
0 0.173828125 0.4114583333333333 0.12630208333333334 0.159375
0 0.20442708333333334 0.4395833333333333 0.09895833333333333 0.103125
0 0.05859375 0.7692708333333333 0.08723958333333333 0.08958333333333333