0 0.9530456852791879 0.460727969348659 0.012690355329949238 0.014367816091954023
0 0.9686971235194586 0.17672413793103448 0.06175972927241963 0.031609195402298854
0 0.8963620981387479 0.1613984674329502 0.031302876480541454 0.035440613026819924
0 0.8747884940778342 0.14128352490421456 0.023688663282571912 0.034482758620689655
0 0.8675972927241963 0.17049808429118773 0.007614213197969543 0.023946360153256706
0 0.8730964467005076 0.24042145593869732 0.00338409475465313 0.01053639846743295
0 0.9530456852791879 0.2471264367816092 0.047377326565143825 0.0603448275862069
0 0.9763113367174281 0.29118773946360155 0.03976311336717428 0.03639846743295019
0 0.9585448392554992 0.335727969348659 0.0829103214890017 0.0603448275862069
0 0.8870558375634517 0.3309386973180077 0.01015228426395939 0.011494252873563218
0 0.8684433164128595 0.3544061302681992 0.023688663282571912 0.0210727969348659
0 0.8929780033840947 0.3817049808429119 0.021996615905245348 0.03065134099616858
0 0.8811336717428088 0.37787356321839083 0.01353637901861252 0.0210727969348659
0 0.8790186125211505 0.40565134099616856 0.018612521150592216 0.04310344827586207
0 0.8747884940778342 0.43773946360153254 0.00338409475465313 0.004789272030651341
0 0.9890016920473773 0.4396551724137931 0.021996615905245348 0.05555555555555555
0 0.9361252115059222 0.4549808429118774 0.010998307952622674 0.01532567049808429
0 0.9310490693739425 0.5814176245210728 0.02707275803722504 0.03065134099616858
0 0.9018612521150592 0.5632183908045977 0.027918781725888325 0.05268199233716475
0 0.8811336717428088 0.6015325670498084 0.015228426395939087 0.01532567049808429
0 0.872673434856176 0.5890804597701149 0.02284263959390863 0.014367816091954023
0 0.883248730964467 0.6149425287356322 0.04060913705583756 0.045019157088122604
0 0.9001692047377327 0.6724137931034483 0.017766497461928935 0.06609195402298851
0 0.8811336717428088 0.6556513409961686 0.023688663282571912 0.02490421455938697
0 0.9120135363790186 0.7207854406130269 0.028764805414551606 0.06513409961685823
0 0.9048223350253807 0.7844827586206896 0.016074450084602367 0.031609195402298854
0 0.944585448392555 0.8237547892720306 0.04060913705583756 0.04310344827586207
0 0.7170050761421319 0.75 0.00676818950930626 0.009578544061302681
0 0.7550761421319797 0.7001915708812261 0.018612521150592216 0.0210727969348659
0 0.7153130287648054 0.678639846743295 0.005922165820642978 0.006704980842911878
0 0.7423857868020305 0.6111111111111112 0.043993231810490696 0.06800766283524905
0 0.8269881556683587 0.5986590038314177 0.025380710659898477 0.02681992337164751
0 0.7703045685279187 0.5359195402298851 0.010998307952622674 0.009578544061302681
0 0.7148900169204738 0.48802681992337166 0.016074450084602367 0.020114942528735632
0 0.6941624365482234 0.4109195402298851 0.04230118443316413 0.05842911877394636
0 0.7068527918781726 0.4511494252873563 0.04145516074450085 0.05363984674329502
0 0.6742808798646363 0.3438697318007663 0.014382402707275803 0.0210727969348659
0 0.7457698815566836 0.2978927203065134 0.015228426395939087 0.020114942528735632
0 0.6924703891708968 0.26915708812260536 0.01353637901861252 0.022988505747126436
0 0.7318104906937394 0.4157088122605364 0.014382402707275803 0.014367816091954023
0 0.7876480541455161 0.39080459770114945 0.01353637901861252 0.0210727969348659
0 0.8045685279187818 0.2801724137931034 0.007614213197969543 0.012452107279693486
0 0.8130287648054145 0.27298850574712646 0.009306260575296108 0.012452107279693486
0 0.8223350253807107 0.37547892720306514 0.017766497461928935 0.0210727969348659
0 0.7897631133671743 0.24233716475095785 0.01692047377326565 0.0210727969348659
0 0.7318104906937394 0.25766283524904215 0.010998307952622674 0.02681992337164751
0 0.7047377326565144 0.22413793103448276 0.012690355329949238 0.014367816091954023
0 0.761844331641286 0.20689655172413793 0.015228426395939087 0.01053639846743295
0 0.805414551607445 0.19444444444444445 0.0194585448392555 0.020114942528735632
0 0.6175972927241963 0.610632183908046 0.008460236886632826 0.009578544061302681
0 0.6125211505922166 0.6690613026819924 0.00676818950930626 0.008620689655172414
0 0.6057529610829103 0.7361111111111112 0.008460236886632826 0.008620689655172414
0 0.4137055837563452 0.7739463601532567 0.0338409475465313 0.045019157088122604
0 0.34983079526226735 0.7040229885057471 0.03976311336717428 0.039272030651340994
0 0.47715736040609136 0.6628352490421456 0.025380710659898477 0.032567049808429116
0 0.5084602368866328 0.6968390804597702 0.025380710659898477 0.04118773946360153
0 0.5393401015228426 0.6254789272030651 0.021150592216582064 0.07088122605363985
0 0.5084602368866328 0.6005747126436781 0.02707275803722504 0.038314176245210725
0 0.5621827411167513 0.5474137931034483 0.0194585448392555 0.06896551724137931
0 0.5520304568527918 0.4674329501915709 0.0194585448392555 0.06896551724137931
0 0.5342639593908629 0.37452107279693486 0.031302876480541454 0.03639846743295019
0 0.4674280879864636 0.35919540229885055 0.032148900169204735 0.020114942528735632
0 0.41455160744500846 0.328544061302682 0.011844331641285956 0.017241379310344827
0 0.4128595600676819 0.39272030651340994 0.08206429780033841 0.12739463601532566
0 0.31218274111675126 0.40900383141762453 0.11421319796954314 0.12260536398467432
0 0.43189509306260576 0.2064176245210728 0.011844331641285956 0.032567049808429116
0 0.44754653130287647 0.05220306513409962 0.09644670050761421 0.10440613026819924
0 0.3595600676818951 0.016762452107279693 0.030456852791878174 0.033524904214559385
0 0.2753807106598985 0.05555555555555555 0.05752961082910321 0.0871647509578544
0 0.2060067681895093 0.06704980842911877 0.0338409475465313 0.0421455938697318
0 0.04145516074450085 0.011494252873563218 0.01353637901861252 0.022988505747126436
0 0.1772419627749577 0.19827586206896552 0.03722504230118443 0.033524904214559385
0 0.08587140439932318 0.24760536398467434 0.06175972927241963 0.06609195402298851
0 0.12055837563451777 0.5387931034482759 0.10067681895093063 0.11302681992337164
0 0.2529610829103215 0.5426245210727969 0.06345177664974619 0.10057471264367816
0 0.18824027072758037 0.6273946360153256 0.02961082910321489 0.045019157088122604
0 0.13028764805414553 0.6542145593869731 0.03553299492385787 0.044061302681992334
0 0.2876480541455161 0.6441570881226054 0.050761421319796954 0.05938697318007663
0 0.18062605752961083 0.8544061302681992 0.02030456852791878 0.02490421455938697
0 0.09348561759729272 0.8726053639846744 0.023688663282571912 0.038314176245210725
0 0.2038917089678511 0.9128352490421456 0.02622673434856176 0.044061302681992334
1 0.14720812182741116 0.5340038314176245 0.1692047377326565 0.2049808429118774
1 0.35194585448392557 0.31273946360153254 0.10998307952622674 0.11302681992337164
1 0.3083756345177665 0.38122605363984674 0.2377326565143824 0.3735632183908046
1 0.6920473773265652 0.5866858237547893 0.07614213197969544 0.11398467432950192
1 0.8032994923857868 0.5684865900383141 0.1319796954314721 0.12835249042145594
1 0.8807106598984772 0.6532567049808429 0.043993231810490696 0.04310344827586207
1 0.9555837563451777 0.4755747126436782 0.08460236886632826 0.11015325670498084
1 0.7745346869712352 0.40660919540229884 0.09390862944162437 0.07279693486590039
1 0.8138747884940778 0.41762452107279696 0.06260575296108291 0.06609195402298851
1 0.8959390862944162 0.3553639846743295 0.05414551607445008 0.10057471264367816