0 0.9517766497461929 0.44300766283524906 0.012690355329949238 0.014367816091954023
0 0.995346869712352 0.15756704980842912 0.009306260575296108 0.0603448275862069
0 0.9585448392554992 0.1585249042145594 0.06091370558375635 0.029693486590038315
0 0.8857868020304569 0.1460727969348659 0.030456852791878174 0.034482758620689655
0 0.8633671742808798 0.12691570881226052 0.02284263959390863 0.033524904214559385
0 0.8574450084602369 0.15613026819923373 0.00676818950930626 0.022988505747126436
0 0.8646362098138748 0.22557471264367815 0.00338409475465313 0.01053639846743295
0 0.9450084602368867 0.22940613026819923 0.04568527918781726 0.05938697318007663
0 0.9695431472081218 0.2720306513409962 0.038917089678511 0.034482758620689655
0 0.9560067681895094 0.3175287356321839 0.08798646362098139 0.05651340996168582
0 0.8815566835871405 0.3160919540229885 0.01015228426395939 0.011494252873563218
0 0.8637901861252115 0.3400383141762452 0.02284263959390863 0.020114942528735632
0 0.88917089678511 0.36637931034482757 0.021150592216582064 0.029693486590038315
0 0.8769035532994924 0.3625478927203065 0.012690355329949238 0.0210727969348659
0 0.8756345177664975 0.39080459770114945 0.01692047377326565 0.04310344827586207
0 0.872673434856176 0.4228927203065134 0.00338409475465313 0.004789272030651341
0 0.988155668358714 0.42049808429118773 0.023688663282571912 0.05555555555555555
0 0.9344331641285956 0.43773946360153254 0.010998307952622674 0.01532567049808429
0 0.9331641285956007 0.5646551724137931 0.02622673434856176 0.029693486590038315
0 0.9035532994923858 0.5474137931034483 0.02622673434856176 0.05172413793103448
0 0.8840947546531303 0.5866858237547893 0.015228426395939087 0.01532567049808429
0 0.8752115059221658 0.5742337164750958 0.02284263959390863 0.013409961685823755
0 0.8862098138747885 0.5996168582375478 0.038917089678511 0.04310344827586207
0 0.9052453468697124 0.6566091954022989 0.016074450084602367 0.06609195402298851
0 0.8857868020304569 0.6403256704980843 0.02284263959390863 0.023946360153256706
0 0.9183587140439933 0.7040229885057471 0.02622673434856176 0.06417624521072797
0 0.9132825719120136 0.7681992337164751 0.015228426395939087 0.031609195402298854
0 0.9543147208121827 0.8060344827586207 0.03976311336717428 0.04118773946360153
0 0.7246192893401016 0.7413793103448276 0.005922165820642978 0.008620689655172414
0 0.7609983079526227 0.6901340996168582 0.017766497461928935 0.020114942528735632
0 0.7208121827411168 0.6700191570881227 0.005922165820642978 0.005747126436781609
0 0.7457698815566836 0.6015325670498084 0.04145516074450085 0.06609195402298851
0 0.8299492385786802 0.585727969348659 0.024534686971235193 0.02586206896551724
0 0.7711505922165821 0.5253831417624522 0.01015228426395939 0.009578544061302681
0 0.7144670050761421 0.4794061302681992 0.015228426395939087 0.020114942528735632
0 0.6912013536379019 0.40325670498084293 0.04060913705583756 0.05651340996168582
0 0.705160744500846 0.44300766283524906 0.04060913705583756 0.05172413793103448
0 0.6692047377326565 0.3366858237547893 0.01353637901861252 0.0210727969348659
0 0.739424703891709 0.2883141762452107 0.014382402707275803 0.020114942528735632
0 0.6852791878172588 0.2614942528735632 0.012690355329949238 0.022988505747126436
0 0.7292724196277496 0.40660919540229884 0.014382402707275803 0.014367816091954023
0 0.7842639593908629 0.3797892720306513 0.012690355329949238 0.0210727969348659
0 0.7973773265651438 0.2681992337164751 0.007614213197969543 0.011494252873563218
0 0.8058375634517766 0.26053639846743293 0.009306260575296108 0.012452107279693486
0 0.8181049069373942 0.36302681992337166 0.01692047377326565 0.020114942528735632
0 0.7813028764805414 0.23084291187739464 0.016074450084602367 0.0210727969348659
0 0.7241962774957699 0.24856321839080459 0.01015228426395939 0.02681992337164751
0 0.6962774957698815 0.21599616858237547 0.012690355329949238 0.014367816091954023
0 0.7525380710659898 0.19636015325670497 0.015228426395939087 0.01053639846743295
0 0.7961082910321489 0.1824712643678161 0.018612521150592216 0.019157088122605363
0 0.6209813874788495 0.6058429118773946 0.007614213197969543 0.008620689655172414
0 0.6175972927241963 0.664272030651341 0.005922165820642978 0.007662835249042145
0 0.6129441624365483 0.7318007662835249 0.007614213197969543 0.007662835249042145
0 0.42216582064297803 0.7772988505747126 0.032148900169204735 0.044061302681992334
0 0.35617597292724196 0.7097701149425287 0.038917089678511 0.03735632183908046
0 0.48223350253807107 0.6633141762452107 0.024534686971235193 0.031609195402298854
0 0.5148054145516074 0.696360153256705 0.024534686971235193 0.040229885057471264
0 0.5431472081218274 0.6240421455938697 0.0194585448392555 0.07088122605363985
0 0.5114213197969543 0.600095785440613 0.02622673434856176 0.03735632183908046
0 0.5634517766497462 0.5450191570881227 0.017766497461928935 0.06896551724137931
0 0.5511844331641286 0.46551724137931033 0.017766497461928935 0.06896551724137931
0 0.5304568527918782 0.37308429118773945 0.030456852791878174 0.035440613026819924
0 0.4631979695431472 0.36063218390804597 0.032148900169204735 0.019157088122605363
0 0.40947546531302875 0.33189655172413796 0.011844331641285956 0.017241379310344827
0 0.40947546531302875 0.39655172413793105 0.077834179357022 0.12452107279693486
0 0.3096446700507614 0.41618773946360155 0.11082910321489002 0.11877394636015326
0 0.4230118443316413 0.2092911877394636 0.010998307952622674 0.032567049808429116
0 0.4335871404399323 0.05268199233716475 0.09390862944162437 0.1053639846743295
0 0.344331641285956 0.019636015325670497 0.028764805414551606 0.039272030651340994
0 0.26184433164128595 0.06465517241379311 0.05499153976311337 0.08524904214559387
0 0.14170896785109982 0.004310344827586207 0.02622673434856176 0.008620689655172414
0 0.19289340101522842 0.07902298850574713 0.03299492385786802 0.04118773946360153
0 0.02622673434856176 0.020593869731800767 0.011844331641285956 0.04118773946360153
0 0.16793570219966159 0.21120689655172414 0.03637901861252115 0.032567049808429116
0 0.07825719120135363 0.2638888888888889 0.06006768189509306 0.06321839080459771
0 0.1218274111675127 0.553639846743295 0.09813874788494077 0.11015325670498084
0 0.2542301184433164 0.5526819923371648 0.06091370558375635 0.09865900383141762
0 0.1924703891708968 0.639367816091954 0.027918781725888325 0.044061302681992334
0 0.13494077834179358 0.6685823754789272 0.0338409475465313 0.04310344827586207
0 0.2923011844331641 0.6527777777777778 0.049069373942470386 0.05747126436781609
0 0.1916243654822335 0.8668582375478927 0.0194585448392555 0.023946360153256706
0 0.10490693739424704 0.8884099616858238 0.02284263959390863 0.03735632183908046
0 0.217005076142132 0.9243295019157088 0.024534686971235193 0.04310344827586207
1 0.1484771573604061 0.5478927203065134 0.16328257191201354 0.19923371647509577
1 0.3460236886632826 0.3184865900383142 0.1065989847715736 0.10919540229885058
1 0.3049915397631134 0.3888888888888889 0.22758037225042302 0.3668582375478927
1 0.694585448392555 0.5790229885057471 0.07360406091370558 0.1111111111111111
1 0.805414551607445 0.5565134099616859 0.12859560067681894 0.1235632183908046
1 0.8849407783417935 0.6379310344827587 0.04314720812182741 0.0421455938697318
1 0.9543147208121827 0.45737547892720304 0.08121827411167512 0.10727969348659004
1 0.7715736040609137 0.3955938697318008 0.0922165820642978 0.06896551724137931
1 0.8109137055837563 0.4051724137931034 0.06091370558375635 0.06417624521072797
1 0.8912859560067682 0.3400383141762452 0.050761421319796954 0.09961685823754789