1 0.315 0.817244611059044 0.2425 0.10871602624179943
1 0.8175 0.4442361761949391 0.18875 0.190253045923149
1 0.71625 0.6986879100281163 0.41375 0.2839737582005623
1 0.869375 0.8003748828491096 0.26125 0.21368322399250234
0 0.56625 0.4873477038425492 0.06 0.04967197750702906
0 0.624375 0.4676663542642924 0.09375 0.08341143392689784
0 0.435625 0.5721649484536082 0.14625 0.09653233364573571
0 0.361875 0.38847235238987815 0.045 0.038425492033739454
0 0.445625 0.29194001874414244 0.04375 0.03655107778819119
1 0.718125 0.5384254920337395 0.30625 0.274601686972821
0 0.4725 0.6166822867853796 0.06125 0.041237113402061855
1 0.928125 0.7127460168697282 0.14375 0.17713214620431114
0 0.015 0.18837863167760074 0.03 0.03748828491096532
0 0.289375 0.5257731958762887 0.10125 0.06747891283973759
0 0.011875 0.16166822867853795 0.02375 0.03655107778819119
0 0.56125 0.15510777881911902 0.04125 0.03655107778819119
0 0.80875 0.5979381443298969 0.0575 0.05248359887535145
0 0.17125 0.1635426429240862 0.04625 0.03936269915651359
0 0.820625 0.48125585754451733 0.06875 0.09090909090909091
0 0.215 0.6227741330834115 0.10125 0.02436738519212746
0 0.2375 0.3434864104967198 0.03625 0.07966260543580131
1 0.7875 0.7741330834114339 0.06875 0.05529522024367385
0 0.80625 0.5726335520149953 0.06625 0.05154639175257732
0 0.675625 0.1401124648547329 0.025 0.015932521087160263
0 0.618125 0.25960637300843487 0.03125 0.02530459231490159
0 0.6725 0.12839737582005623 0.02625 0.01499531396438613
0 0.6825 0.2797563261480787 0.0175 0.013120899718837863
0 0.495 0.2685098406747891 0.03 0.02530459231490159
0 0.52375 0.25445173383317715 0.0375 0.015932521087160263
0 0.5225 0.24414245548266167 0.02875 0.01499531396438613
0 0.600625 0.2703842549203374 0.01875 0.020618556701030927
0 0.89125 0.3880037488284911 0.02875 0.020618556701030927
0 0.995625 0.4939081537019681 0.00875 0.020618556701030927
0 0.64625 0.3261480787253983 0.01875 0.014058106841611996
0 0.984375 0.46719775070290537 0.015 0.01499531396438613
0 0.976875 0.48266166822867856 0.01125 0.01218369259606373
0 0.611875 0.4423617619493908 0.02125 0.022492970946579195
0 0.071875 0.6579194001874414 0.04125 0.01874414245548266
0 0.13875 0.5993439550140581 0.025 0.01780693533270853
0 0.34875 0.6330834114339269 0.01375 0.010309278350515464
0 0.955625 0.7638238050609185 0.0375 0.029053420805998126
0 0.98 0.7427366447985004 0.0275 0.020618556701030927
0 0.680625 0.7642924086223055 0.03625 0.02717900656044986
0 0.579375 0.6902530459231491 0.03375 0.02530459231490159
0 0.49625 0.7999062792877226 0.02 0.01499531396438613
0 0.460625 0.8748828491096532 0.01 0.007497656982193065
0 0.380625 0.5665417057169635 0.095 0.06466729147141519
0 0.145 0.612933458294283 0.02125 0.011246485473289597
0 0.214375 0.7933458294283037 0.01375 0.00937207122774133
0 0.0775 0.8786316776007498 0.01 0.013120899718837863
0 0.95875 0.4456419868791003 0.015 0.010309278350515464
0 0.950625 0.436269915651359 0.0075 0.00937207122774133
0 0.99 0.4493908153701968 0.0125 0.007497656982193065
0 0.416875 0.3847235238987816 0.01875 0.013120899718837863
0 0.235625 0.30178069353327086 0.02125 0.013120899718837863
0 0.218125 0.3139643861293346 0.01625 0.01874414245548266
0 0.13125 0.46579194001874413 0.02875 0.01780693533270853
0 0.09375 0.4709465791940019 0.05375 0.015932521087160263
0 0.11875 0.4793814432989691 0.05375 0.015932521087160263