1 0.265 0.7980318650421743 0.23125 0.08903467666354264
1 0.824375 0.4732895970009372 0.16125 0.1780693533270853
1 0.681875 0.7169634489222118 0.37875 0.2539831302717901
1 0.84125 0.8345829428303655 0.28 0.19119025304592316
0 0.568125 0.49343955014058105 0.05375 0.04498594189315839
0 0.62875 0.47891283973758203 0.0825 0.07778819119025304
0 0.424375 0.5656044985941893 0.135 0.08528584817244611
0 0.380625 0.3767572633552015 0.04 0.03467666354264293
0 0.48 0.28865979381443296 0.03875 0.033739456419868794
1 0.71 0.5581068416119962 0.26875 0.2539831302717901
0 0.45375 0.6134020618556701 0.05625 0.03748828491096532
1 0.915 0.753514526710403 0.17 0.16307403936269915
0 0.048125 0.14526710402999063 0.06875 0.031865042174320526
0 0.28625 0.506560449859419 0.0925 0.059044048734770385
0 0.0475 0.1176194939081537 0.0675 0.030927835051546393
0 0.616875 0.16307403936269915 0.03625 0.033739456419868794
0 0.790625 0.6255857544517338 0.05125 0.04873477038425492
0 0.22875 0.13636363636363635 0.04 0.03655107778819119
0 0.82125 0.5107778819119025 0.055 0.08716026241799438
0 0.196875 0.5960637300843487 0.1 0.015932521087160263
0 0.265 0.3209934395501406 0.02375 0.07872539831302718
1 0.740625 0.7985004686035614 0.06125 0.05060918462980318
0 0.7925 0.5998125585754451 0.05875 0.046860356138706656
0 0.733125 0.15885660731021556 0.0225 0.014058106841611996
0 0.65625 0.27225866916588565 0.0275 0.023430178069353328
0 0.731875 0.1471415182755389 0.02375 0.013120899718837863
0 0.716875 0.2980318650421743 0.015 0.011246485473289597
0 0.5325 0.26991565135895035 0.0275 0.023430178069353328
0 0.56375 0.2582005623242737 0.035 0.013120899718837863
0 0.56375 0.2478912839737582 0.02625 0.013120899718837863
0 0.6375 0.28116213683223995 0.01625 0.01874414245548266
0 0.90625 0.4245548266166823 0.02625 0.01874414245548266
0 0.995 0.5393626991565136 0.01 0.019681349578256794
0 0.673125 0.3406747891283974 0.01625 0.01218369259606373
0 0.985625 0.5117150890346767 0.01375 0.014058106841611996
0 0.975625 0.5262417994376757 0.00875 0.011246485473289597
0 0.620625 0.45313964386129335 0.01875 0.020618556701030927
0 0.049375 0.6176194939081537 0.04 0.01499531396438613
0 0.125625 0.5656044985941893 0.02375 0.015932521087160263
0 0.328125 0.6185567010309279 0.0125 0.00937207122774133
0 0.909375 0.8036551077788191 0.03375 0.026241799437675725
0 0.936875 0.7849109653233365 0.025 0.01874414245548266
0 0.63625 0.7788191190253045 0.0325 0.02436738519212746
0 0.548125 0.6963448922211809 0.03125 0.023430178069353328
0 0.4475 0.7970946579194002 0.0175 0.013120899718837863
0 0.4 0.8683223992502344 0.00875 0.006560449859418931
0 0.370625 0.5552952202436738 0.08625 0.05810684161199625
0 0.129375 0.5796626054358013 0.02 0.00937207122774133
0 0.16875 0.7652296157450796 0.0125 0.008434864104967198
0 0.019375 0.8369259606373008 0.00875 0.01218369259606373
0 0.964375 0.4878163074039363 0.01375 0.00937207122774133
0 0.9575 0.47797563261480785 0.00625 0.00937207122774133
0 0.994375 0.4943767572633552 0.01125 0.006560449859418931
0 0.43625 0.3776944704779756 0.0175 0.01218369259606373
0 0.27 0.27928772258669166 0.02 0.011246485473289597
0 0.250625 0.28959700093720714 0.01375 0.01780693533270853
0 0.139375 0.43252108716026244 0.0275 0.01499531396438613
0 0.10125 0.4343955014058107 0.05375 0.011246485473289597
0 0.125 0.44470477975632616 0.0525 0.011246485473289597