0 0.15125 0.35774647887323946 0.1075 0.07793427230046948
0 0.170625 0.4347417840375587 0.1225 0.08450704225352113
0 0.633125 0.7971830985915493 0.1175 0.08169014084507042
0 0.371875 0.12300469483568074 0.11 0.08169014084507042
0 0.209375 0.492018779342723 0.10125 0.07230046948356808
1 0.34375 0.7924882629107981 0.18625 0.15774647887323945
0 0.700625 0.24929577464788732 0.085 0.06384976525821597
0 0.4375 0.5586854460093896 0.0425 0.04037558685446009
0 0.68125 0.05868544600938967 0.11375 0.06572769953051644
0 0.56125 0.0892018779342723 0.04375 0.03755868544600939
0 0.698125 0.6281690140845071 0.05625 0.04788732394366197
0 0.55125 0.8389671361502348 0.05 0.0431924882629108
0 0.29625 0.38497652582159625 0.05375 0.04037558685446009
1 0.419375 0.8615023474178404 0.2775 0.2291079812206573
0 0.8125 0.25586854460093894 0.0425 0.028169014084507043
0 0.7925 0.168075117370892 0.04375 0.03380281690140845
0 0.39375 0.38497652582159625 0.05875 0.07042253521126761
0 0.425625 0.3145539906103286 0.09375 0.13427230046948357
0 0.18 0.3126760563380282 0.05625 0.03474178403755868
1 0.775 0.5112676056338028 0.32 0.168075117370892
0 0.394375 0.4295774647887324 0.045 0.05070422535211268
0 0.66375 0.20892018779342722 0.05 0.06384976525821597
0 0.44 0.8361502347417841 0.0425 0.03286384976525822
0 0.2725 0.4225352112676056 0.0675 0.03380281690140845
0 0.9525 0.3901408450704225 0.05625 0.036619718309859155
0 0.55 0.25821596244131456 0.06375 0.08450704225352113
0 0.865625 0.5234741784037559 0.0675 0.046009389671361506
0 0.030625 0.5694835680751174 0.06125 0.14178403755868543
0 0.27 0.644131455399061 0.0425 0.0647887323943662
0 0.93 0.5375586854460094 0.05125 0.04225352112676056
0 0.71625 0.3591549295774648 0.085 0.04788732394366197
0 0.708125 0.4469483568075117 0.195 0.09483568075117371
0 0.526875 0.19342723004694837 0.05375 0.07981220657276995
0 0.290625 0.45211267605633804 0.05125 0.05352112676056338
0 0.325 0.4572769953051643 0.0525 0.04131455399061033
0 0.84875 0.07746478873239436 0.01625 0.016901408450704224
0 0.32875 0.21830985915492956 0.03 0.013145539906103286
0 0.265625 0.2460093896713615 0.02875 0.01971830985915493
0 0.2 0.32300469483568073 0.02125 0.016901408450704224
0 0.76125 0.376056338028169 0.03375 0.02535211267605634
0 0.830625 0.3370892018779343 0.0375 0.02535211267605634
0 0.81 0.4169014084507042 0.03875 0.024413145539906103
0 0.97375 0.4070422535211268 0.02875 0.02535211267605634
0 0.5675 0.5422535211267606 0.02125 0.01596244131455399
0 0.29875 0.6169014084507042 0.02625 0.016901408450704224
0 0.683125 0.67981220657277 0.0425 0.027230046948356807
0 0.305625 0.7826291079812207 0.01625 0.01596244131455399
0 0.9825 0.46150234741784035 0.035 0.038497652582159626
0 0.950625 0.4413145539906103 0.05625 0.036619718309859155
0 0.5025 0.29107981220657275 0.03125 0.06384976525821597
0 0.5175 0.27699530516431925 0.0325 0.05258215962441314
0 0.433125 0.32018779342723 0.04 0.05539906103286385
0 0.315625 0.4563380281690141 0.01625 0.01971830985915493
0 0.29125 0.4460093896713615 0.0225 0.012206572769953052
0 0.2725 0.5835680751173709 0.035 0.06384976525821597
0 0.303125 0.828169014084507 0.07625 0.061971830985915494
0 0.381875 0.9164319248826291 0.0925 0.059154929577464786
0 0.805625 0.7408450704225352 0.015 0.009389671361502348
0 0.9075 0.5647887323943662 0.035 0.024413145539906103
0 0.636875 0.5065727699530517 0.025 0.013145539906103286
0 0.654375 0.4971830985915493 0.025 0.015023474178403756
0 0.6725 0.4107981220657277 0.14125 0.06948356807511737