0 0.198125 0.3061032863849765 0.1 0.07136150234741784
0 0.195625 0.3845070422535211 0.11375 0.07605633802816901
0 0.5475 0.8112676056338028 0.10875 0.07417840375586854
0 0.47875 0.11126760563380282 0.10125 0.07511737089201878
0 0.218125 0.4469483568075117 0.0925 0.06666666666666667
1 0.26625 0.7615023474178404 0.1675 0.14741784037558686
0 0.765625 0.2863849765258216 0.0775 0.059154929577464786
0 0.423125 0.547887323943662 0.0375 0.03755868544600939
0 0.799375 0.09671361502347418 0.1075 0.05821596244131456
0 0.67375 0.10751173708920188 0.04 0.03568075117370892
0 0.658125 0.6563380281690141 0.05 0.04507042253521127
0 0.45625 0.8394366197183099 0.045 0.04037558685446009
0 0.3325 0.355868544600939 0.05 0.03755868544600939
1 0.320625 0.8408450704225352 0.25125 0.2131455399061033
0 0.873125 0.3103286384976526 0.03875 0.02629107981220657
0 0.878125 0.2211267605633803 0.04 0.03192488262910798
0 0.4275 0.37089201877934275 0.05 0.0676056338028169
0 0.478125 0.30704225352112674 0.07625 0.13051643192488263
0 0.23875 0.26666666666666666 0.05375 0.030985915492957747
1 0.76625 0.5539906103286385 0.305 0.14647887323943662
0 0.41625 0.41455399061032866 0.04 0.04788732394366197
0 0.740625 0.24084507042253522 0.04125 0.06103286384976526
0 0.34875 0.8192488262910798 0.04 0.030985915492957747
0 0.29875 0.38873239436619716 0.06375 0.03004694835680751
0 0.973125 0.46338028169014084 0.0525 0.03286384976525822
0 0.61625 0.27136150234741785 0.0525 0.08169014084507042
0 0.85125 0.5802816901408451 0.0625 0.04131455399061033
0 0.970625 0.7338028169014085 0.03 0.03943661971830986
0 0.021875 0.4943661971830986 0.04375 0.13990610328638498
0 0.235 0.6046948356807512 0.035 0.06384976525821597
0 0.91 0.604225352112676 0.04625 0.03943661971830986
0 0.750625 0.3957746478873239 0.08 0.04131455399061033
0 0.718125 0.4802816901408451 0.18625 0.08075117370892018
0 0.61125 0.20422535211267606 0.04375 0.07793427230046948
0 0.308125 0.42065727699530514 0.045 0.05070422535211268
0 0.340625 0.43051643192488265 0.0475 0.038497652582159626
0 0.958125 0.14084507042253522 0.01375 0.016901408450704224
0 0.410625 0.19765258215962442 0.03 0.011267605633802818
0 0.340625 0.21502347417840376 0.02625 0.01784037558685446
0 0.255625 0.2802816901408451 0.02 0.01596244131455399
0 0.79 0.4197183098591549 0.03125 0.023474178403755867
0 0.86875 0.39248826291079814 0.035 0.022535211267605635
0 0.82625 0.4671361502347418 0.03625 0.0215962441314554
0 0.9775 0.6788732394366197 0.02 0.011267605633802818
0 0.988125 0.4830985915492958 0.02375 0.023474178403755867
0 0.554375 0.5521126760563381 0.02 0.015023474178403756
0 0.270625 0.5830985915492958 0.025 0.015023474178403756
0 0.629375 0.704225352112676 0.03875 0.02535211267605634
0 0.231875 0.7460093896713615 0.015 0.015023474178403756
0 0.983125 0.5384976525821596 0.0325 0.036619718309859155
0 0.956875 0.5131455399061032 0.0525 0.03380281690140845
0 0.560625 0.2962441314553991 0.0225 0.06291079812206572
0 0.57875 0.28450704225352114 0.025 0.051643192488262914
0 0.484375 0.3136150234741784 0.03375 0.05352112676056338
0 0.331875 0.428169014084507 0.01375 0.018779342723004695
0 0.31125 0.41455399061032866 0.02125 0.011267605633802818
0 0.254375 0.5460093896713615 0.0275 0.06291079812206572
0 0.21625 0.7901408450704225 0.07 0.05727699530516432
0 0.26875 0.8892018779342723 0.0875 0.05258215962441314
0 0.731875 0.7830985915492957 0.01375 0.008450704225352112
0 0.880625 0.6267605633802817 0.03125 0.022535211267605635
0 0.631875 0.528169014084507 0.02375 0.011267605633802818
0 0.651875 0.5211267605633803 0.02375 0.014084507042253521
0 0.69375 0.43990610328638496 0.135 0.06009389671361502