0 0.57375 0.6527647610121837 0.08375 0.07122774133083412
0 0.74625 0.4062792877225867 0.08875 0.07029053420805999
1 0.8825 0.3598875351452671 0.1625 0.16776007497656983
1 0.56625 0.7352389878163074 0.19625 0.1668228678537957
0 0.895 0.4414245548266167 0.10625 0.05435801312089972
0 0.229375 0.35098406747891286 0.05875 0.046860356138706656
0 0.5425 0.5820056232427366 0.0425 0.031865042174320526
0 0.290625 0.4076850984067479 0.03875 0.030927835051546393
0 0.08875 0.5187441424554826 0.0375 0.029053420805998126
0 0.969375 0.2928772258669166 0.0325 0.028116213683223992
0 0.948125 0.17057169634489222 0.03125 0.01874414245548266
0 0.87625 0.27085285848172447 0.02125 0.01874414245548266
0 0.811875 0.13964386129334583 0.0325 0.029053420805998126
0 0.5925 0.1387066541705717 0.01375 0.01874414245548266
0 0.63 0.1344892221180881 0.0125 0.010309278350515464
0 0.111875 0.10543580131208997 0.035 0.022492970946579195
0 0.084375 0.09840674789128398 0.0175 0.01499531396438613
0 0.024375 0.10731021555763824 0.02875 0.031865042174320526
0 0.9575 0.45454545454545453 0.0225 0.02530459231490159
0 0.9175 0.6002811621368322 0.025 0.01780693533270853
0 0.775625 0.5656044985941893 0.02125 0.015932521087160263
0 0.833125 0.5192127460168697 0.035 0.015932521087160263
0 0.791875 0.6499531396438613 0.02375 0.014058106841611996
0 0.79375 0.44470477975632616 0.0325 0.02155576382380506
0 0.718125 0.3655107778819119 0.0225 0.016869728209934397
0 0.941875 0.5032802249297095 0.01875 0.007497656982193065
0 0.359375 0.4498594189315839 0.04375 0.019681349578256794
0 0.66375 0.4793814432989691 0.01625 0.013120899718837863
0 0.429375 0.4896907216494845 0.01375 0.014058106841611996
0 0.616875 0.6260543580131209 0.0125 0.01218369259606373
0 0.164375 0.6087160262417994 0.02875 0.016869728209934397
0 0.055625 0.4062792877225867 0.035 0.014058106841611996
0 0.873125 0.7371134020618557 0.025 0.01499531396438613
0 0.9625 0.7099343955014058 0.015 0.00937207122774133
0 0.2725 0.6869728209934396 0.02125 0.013120899718837863
0 0.256875 0.7071227741330834 0.01875 0.013120899718837863
0 0.035625 0.7319587628865979 0.0125 0.01218369259606373
0 0.235625 0.32989690721649484 0.04875 0.02717900656044986
0 0.1 0.4090909090909091 0.03625 0.014058106841611996
0 0.210625 0.4208059981255858 0.1375 0.02717900656044986
0 0.3025 0.42783505154639173 0.00875 0.010309278350515464
0 0.00375 0.6321462043111528 0.0075 0.008434864104967198
0 0.275 0.7122774133083412 0.0125 0.01218369259606373
0 0.99375 0.6443298969072165 0.00625 0.008434864104967198
0 0.863125 0.3444236176194939 0.06375 0.10028116213683223
1 0.163125 0.37722586691658855 0.29 0.11808809746954077