0 0.401875 0.6447985004686035 0.09125 0.07591377694470477
0 0.27125 0.38425492033739456 0.09625 0.07591377694470477
1 0.143125 0.32567947516401125 0.18 0.17713214620431114
1 0.39625 0.7277413308341143 0.21375 0.1790065604498594
0 0.1175 0.40581068416119964 0.11125 0.06091846298031865
0 0.7925 0.3767572633552015 0.06375 0.05060918462980318
0 0.444375 0.577788191190253 0.045 0.033739456419868794
0 0.7225 0.42736644798500467 0.04125 0.03280224929709466
0 0.905 0.555763823805061 0.04 0.030927835051546393
0 0.068125 0.25164011246485474 0.035 0.02999062792877226
0 0.10875 0.13214620431115276 0.03375 0.02155576382380506
0 0.16375 0.23851921274601687 0.02375 0.020618556701030927
0 0.249375 0.11387066541705718 0.035 0.030927835051546393
0 0.466875 0.1330834114339269 0.01625 0.019681349578256794
0 0.430625 0.12511715089034678 0.01375 0.011246485473289597
0 0.949375 0.14386129334582942 0.0375 0.02530459231490159
0 0.978125 0.13964386129334583 0.02 0.015932521087160263
0 0.053125 0.41283973758200565 0.02625 0.02717900656044986
0 0.069375 0.5613870665417057 0.0275 0.019681349578256794
0 0.21625 0.5398313027179007 0.02375 0.01780693533270853
0 0.16625 0.4887535145267104 0.0375 0.01874414245548266
0 0.185625 0.6223055295220243 0.025 0.015932521087160263
0 0.2175 0.4184629803186504 0.035 0.02436738519212746
0 0.305625 0.3467666354264292 0.025 0.01874414245548266
0 0.060625 0.4629803186504217 0.02 0.00937207122774133
0 0.648125 0.4629803186504217 0.04625 0.022492970946579195
0 0.34125 0.46438612933458295 0.0175 0.014058106841611996
0 0.57125 0.49625117150890347 0.01625 0.01499531396438613
0 0.363125 0.6143392689784443 0.01375 0.013120899718837863
0 0.815625 0.6382380506091846 0.03125 0.01874414245548266
0 0.95625 0.4475164011246485 0.03625 0.016869728209934397
0 0.09125 0.7010309278350515 0.0275 0.016869728209934397
0 0.0075 0.6658856607310215 0.015 0.010309278350515464
0 0.695625 0.7061855670103093 0.0225 0.01499531396438613
0 0.7075 0.7277413308341143 0.02 0.014058106841611996
0 0.923125 0.7727272727272727 0.01375 0.013120899718837863
0 0.79 0.35520149953139646 0.05125 0.02999062792877226
0 0.911875 0.44611059044048734 0.0375 0.015932521087160263
0 0.8 0.4475164011246485 0.13875 0.03561387066541706
0 0.708125 0.44611059044048734 0.01 0.010309278350515464
0 0.9725 0.676663542642924 0.0125 0.00937207122774133
0 0.68875 0.7310215557638238 0.01375 0.01218369259606373
0 0.165 0.31208997188378634 0.075 0.10402999062792877
1 0.851875 0.408622305529522 0.29625 0.13683223992502344