0 0.3025 0.9006560449859419 0.075 0.061855670103092786
0 0.29 0.06701030927835051 0.04875 0.044048734770384255
0 0.21125 0.6574507966260543 0.0675 0.05435801312089972
0 0.175625 0.7699156513589503 0.065 0.044048734770384255
0 0.179375 0.7066541705716963 0.0725 0.04779756326148079
0 0.226875 0.190253045923149 0.045 0.03561387066541706
0 0.233125 0.3181818181818182 0.05125 0.033739456419868794
0 0.5 0.16166822867853795 0.06125 0.030927835051546393
1 0.549375 0.40159325210871605 0.5125 0.29896907216494845
0 0.22625 0.8416119962511716 0.09125 0.06560449859418932
0 0.811875 0.5267104029990628 0.17125 0.06747891283973759
0 0.376875 0.5135895032802249 0.07125 0.04873477038425492
0 0.335 0.4240862230552952 0.0625 0.06654170571696345
0 0.330625 0.4943767572633552 0.0525 0.05060918462980318
0 0.519375 0.08856607310215557 0.08875 0.04873477038425492
0 0.38125 0.06841611996251172 0.04 0.02717900656044986
0 0.588125 0.1007497656982193 0.0425 0.022492970946579195
0 0.634375 0.20056232427366447 0.02875 0.01499531396438613
0 0.16 0.5328022492970946 0.0325 0.02999062792877226
0 0.37375 0.9039362699156513 0.035 0.028116213683223992
0 0.368125 0.6869728209934396 0.02375 0.01780693533270853
0 0.503125 0.817244611059044 0.0225 0.01499531396438613
0 0.439375 0.5042174320524836 0.16125 0.07591377694470477
0 0.445625 0.1794751640112465 0.0625 0.03280224929709466
0 0.65 0.1991565135895033 0.0375 0.01780693533270853
0 0.871875 0.3716026241799438 0.06625 0.033739456419868794
0 0.74375 0.28444236176194937 0.2675 0.12277413308341144
0 0.82875 0.5149953139643861 0.14875 0.06373008434864105
1 0.98125 0.6016869728209935 0.01375 0.01780693533270853
1 0.931875 0.4629803186504217 0.13625 0.1387066541705717
1 0.755625 0.3683223992502343 0.40875 0.22774133083411435
1 0.45125 0.2338331771321462 0.39625 0.2296157450796626