0 0.438125 0.9245548266166823 0.075 0.061855670103092786
0 0.156875 0.11808809746954077 0.04875 0.044048734770384255
0 0.270625 0.7052483598875351 0.0675 0.05435801312089972
0 0.2725 0.8205248359887535 0.065 0.044048734770384255
0 0.255625 0.7586691658856607 0.0725 0.04779756326148079
0 0.135 0.24882849109653232 0.045 0.03561387066541706
0 0.1825 0.37207122774133083 0.05125 0.033739456419868794
0 0.390625 0.17150890346766634 0.06125 0.030927835051546393
1 0.51625 0.39550140581068416 0.5125 0.29896907216494845
0 0.344375 0.8809746954076851 0.09125 0.06560449859418932
0 0.81125 0.4690721649484536 0.17125 0.06747891283973759
0 0.385 0.5356138706654171 0.07125 0.04873477038425492
0 0.315 0.45595126522961577 0.0625 0.06654170571696345
0 0.334375 0.5253045923149016 0.0525 0.05060918462980318
0 0.38625 0.09746954076850985 0.08875 0.04873477038425492
0 0.245625 0.10262417994376757 0.04 0.02717900656044986
0 0.456875 0.09653233364573571 0.0425 0.022492970946579195
0 0.534375 0.1850984067478913 0.02875 0.01499531396438613
0 0.18125 0.5937207122774133 0.0325 0.02999062792877226
0 0.508125 0.9147141518275539 0.035 0.028116213683223992
0 0.4325 0.7052483598875351 0.02375 0.01780693533270853
0 0.605625 0.8074039362699157 0.0225 0.01499531396438613
0 0.4425 0.5149953139643861 0.16125 0.07591377694470477
0 0.34375 0.19868791002811623 0.0625 0.03280224929709466
0 0.548125 0.18088097469540768 0.0375 0.01780693533270853
0 0.82 0.3078725398313027 0.06625 0.033739456419868794
0 0.666875 0.246485473289597 0.2675 0.12277413308341144
0 0.82375 0.45454545454545453 0.14875 0.06373008434864105
1 0.99625 0.5112464854732895 0.0075 0.01780693533270853
1 0.916875 0.38425492033739456 0.155 0.1387066541705717
1 0.705625 0.3261480787253983 0.40875 0.22774133083411435
1 0.366875 0.2507029053420806 0.39625 0.2296157450796626