0 0.981875 0.28350515463917525 0.03625 0.06091846298031865
0 0.2825 0.6115276476101218 0.095 0.06373008434864105
1 0.1125 0.3270852858481724 0.0675 0.07497656982193064
0 0.840625 0.8486410496719775 0.07875 0.06466729147141519
0 0.816875 0.7980318650421743 0.07625 0.06466729147141519
0 0.89125 0.5149953139643861 0.075 0.07685098406747891
0 0.2 0.8509840674789129 0.05625 0.05060918462980318
0 0.929375 0.5824742268041238 0.065 0.041237113402061855
0 0.936875 0.5393626991565136 0.06 0.046860356138706656
0 0.41125 0.21180880974695407 0.06375 0.04311152764761012
0 0.47 0.6148078725398313 0.05875 0.04779756326148079
0 0.8125 0.45595126522961577 0.06375 0.04498594189315839
0 0.705625 0.9231490159325211 0.0475 0.03655107778819119
0 0.811875 0.5740393626991566 0.0675 0.05060918462980318
0 0.310625 0.2057169634489222 0.05875 0.046860356138706656
0 0.890625 0.2530459231490159 0.05 0.030927835051546393
0 0.730625 0.8088097469540768 0.04375 0.033739456419868794
0 0.861875 0.35098406747891286 0.0675 0.04498594189315839
0 0.62625 0.5510777881911902 0.04125 0.030927835051546393
0 0.86625 0.6729147141518276 0.06125 0.044048734770384255
0 0.62625 0.6471415182755389 0.05375 0.04217432052483599
0 0.800625 0.49531396438612935 0.04875 0.03280224929709466
0 0.33125 0.6701030927835051 0.04375 0.033739456419868794
0 0.575 0.6401124648547329 0.04625 0.033739456419868794
0 0.35625 0.2881911902530459 0.02625 0.019681349578256794
0 0.563125 0.2928772258669166 0.025 0.01780693533270853
0 0.578125 0.23055295220243674 0.02 0.01218369259606373
0 0.741875 0.32755388940955954 0.03125 0.022492970946579195
0 0.21375 0.514526710402999 0.04 0.02717900656044986
0 0.19 0.48922211808809746 0.03875 0.02717900656044986
0 0.319375 0.41002811621368324 0.0375 0.02717900656044986
0 0.31 0.4606373008434864 0.0275 0.020618556701030927
0 0.09875 0.3823805060918463 0.03 0.02155576382380506
0 0.2025 0.5951265229615745 0.03125 0.02717900656044986
0 0.32625 0.5173383317713215 0.02 0.01499531396438613
0 0.633125 0.45220243673851923 0.04 0.028116213683223992
0 0.518125 0.5131208997188379 0.03 0.022492970946579195
0 0.573125 0.41424554826616683 0.02875 0.02155576382380506
0 0.529375 0.46157450796626054 0.03 0.022492970946579195
0 0.460625 0.4287722586691659 0.03375 0.02436738519212746
0 0.495 0.5965323336457357 0.02375 0.016869728209934397
0 0.64875 0.4072164948453608 0.015 0.014058106841611996
0 0.743125 0.485941893158388 0.035 0.02436738519212746
0 0.644375 0.6785379568884724 0.03125 0.023430178069353328
0 0.16625 0.8008434864104967 0.01625 0.01499531396438613
0 0.555 0.7277413308341143 0.02125 0.016869728209934397
0 0.75125 0.7221180880974696 0.0275 0.019681349578256794
0 0.656875 0.7952202436738519 0.0225 0.016869728209934397
0 0.605 0.8509840674789129 0.02 0.015932521087160263
0 0.074375 0.7305529522024368 0.04625 0.023430178069353328
0 0.201875 0.6016869728209935 0.0225 0.019681349578256794
0 0.654375 0.415651358950328 0.01125 0.014058106841611996
0 0.803125 0.4006560449859419 0.045 0.02717900656044986
1 0.05125 0.4245548266166823 0.1025 0.2849109653233365
0 0.03625 0.4386129334582943 0.01375 0.016869728209934397
0 0.035625 0.45454545454545453 0.01375 0.01780693533270853