0 0.0225 0.2703842549203374 0.045 0.059044048734770385
0 0.7125 0.6171508903467666 0.0925 0.061855670103092786
1 0.895 0.3373945641986879 0.065 0.07403936269915651
0 0.14375 0.8397375820056232 0.07625 0.06279287722586692
0 0.169375 0.7895970009372071 0.07375 0.06279287722586692
0 0.10875 0.5051546391752577 0.0725 0.07591377694470477
0 0.783125 0.8584817244611059 0.055 0.04967197750702906
0 0.066875 0.5712277413308341 0.06375 0.04029990627928772
0 0.06125 0.528116213683224 0.0575 0.04592314901593252
0 0.601875 0.21462043111527648 0.0625 0.04217432052483599
0 0.524375 0.6152764761012184 0.0575 0.046860356138706656
0 0.19 0.4475164011246485 0.0625 0.044048734770384255
0 0.275 0.9170571696344892 0.045 0.03561387066541706
0 0.185 0.5656044985941893 0.06625 0.04967197750702906
0 0.7025 0.21087160262417995 0.05625 0.04592314901593252
0 0.120625 0.24273664479850046 0.04875 0.02999062792877226
0 0.255 0.8022492970946579 0.0425 0.03280224929709466
0 0.145625 0.3416119962511715 0.06625 0.044048734770384255
0 0.371875 0.5477975632614808 0.04 0.02999062792877226
0 0.125625 0.6635426429240863 0.06 0.04217432052483599
0 0.366875 0.6438612933458294 0.0525 0.041237113402061855
0 0.2 0.4873477038425492 0.0475 0.030927835051546393
0 0.660625 0.6743205248359887 0.0425 0.03280224929709466
0 0.418125 0.6382380506091846 0.045 0.031865042174320526
0 0.65375 0.29194001874414244 0.02625 0.019681349578256794
0 0.446875 0.2910028116213683 0.025 0.01780693533270853
0 0.434375 0.22867853795688847 0.02 0.01218369259606373
0 0.26625 0.32146204311152765 0.03 0.02155576382380506
0 0.785 0.5220243673851921 0.03875 0.026241799437675725
0 0.81 0.4971883786316776 0.0375 0.026241799437675725
0 0.685 0.4147141518275539 0.03625 0.026241799437675725
0 0.691875 0.46579194001874413 0.02625 0.020618556701030927
0 0.906875 0.3931583880037488 0.02875 0.020618556701030927
0 0.7925 0.6026241799437676 0.03 0.026241799437675725
0 0.6725 0.5215557638238051 0.01875 0.014058106841611996
0 0.36875 0.4484536082474227 0.04 0.02717900656044986
0 0.48125 0.5126522961574508 0.02875 0.02155576382380506
0 0.43125 0.41237113402061853 0.0275 0.020618556701030927
0 0.4725 0.4606373008434864 0.02875 0.02155576382380506
0 0.543125 0.42970946579194 0.0325 0.023430178069353328
0 0.500625 0.5965323336457357 0.02375 0.016869728209934397
0 0.355625 0.4034676663542643 0.01375 0.014058106841611996
0 0.2575 0.4793814432989691 0.03375 0.023430178069353328
0 0.346875 0.6747891283973758 0.03 0.023430178069353328
0 0.819375 0.8092783505154639 0.01625 0.01499531396438613
0 0.434375 0.7263355201499532 0.02125 0.015932521087160263
0 0.23875 0.7150890346766635 0.0275 0.01874414245548266
0 0.329375 0.7910028116213683 0.0225 0.016869728209934397
0 0.37875 0.8477038425492034 0.01875 0.01499531396438613
0 0.915 0.7417994376757263 0.04625 0.022492970946579195
0 0.793125 0.6091846298031866 0.02125 0.019681349578256794
0 0.35 0.4114339268978444 0.01 0.013120899718837863
0 0.201875 0.39268978444236174 0.04375 0.026241799437675725
1 0.953125 0.436269915651359 0.09375 0.2839737582005623
0 0.966875 0.450796626054358 0.0125 0.016869728209934397
0 0.96625 0.46672914714151825 0.0125 0.01780693533270853