0 0.32375 0.4526710402999063 0.13 0.1162136832239925
0 0.7375 0.6935332708528584 0.14875 0.1049671977507029
0 0.538125 0.15651358950328023 0.10125 0.07778819119025304
0 0.700625 0.36035613870665417 0.09375 0.12933458294283037
1 0.63 0.6771321462043112 0.12125 0.07403936269915651
1 0.639375 0.5520149953139644 0.11375 0.07216494845360824
0 0.57625 0.7628865979381443 0.10125 0.061855670103092786
0 0.788125 0.22586691658856609 0.045 0.03748828491096532
1 0.46 0.35051546391752575 0.31125 0.20805998125585753
0 0.560625 0.060449859418931585 0.04375 0.04029990627928772
0 0.295 0.9709465791940018 0.0675 0.05529522024367385
1 0.42625 0.20524835988753515 0.22 0.15089034676663543
0 0.855625 0.12980318650421743 0.045 0.03936269915651359
0 0.7325 0.27928772258669166 0.05125 0.05435801312089972
0 0.22 0.8861293345829429 0.06625 0.05154639175257732
0 0.218125 0.5820056232427366 0.07625 0.041237113402061855
0 0.693125 0.13917525773195877 0.045 0.038425492033739454
0 0.124375 0.6063730084348641 0.055 0.031865042174320526
0 0.15875 0.9264292408622306 0.03875 0.02999062792877226
0 0.479375 0.057638238050609185 0.04875 0.03655107778819119
0 0.52375 0.2928772258669166 0.05 0.038425492033739454
0 0.475625 0.2797563261480787 0.0525 0.04217432052483599
0 0.00625 0.27647610121836924 0.0125 0.031865042174320526
0 0.450625 0.05107778819119025 0.0175 0.01780693533270853
0 0.165 0.6073102155576382 0.02 0.013120899718837863
0 0.9875 0.5581068416119962 0.025 0.019681349578256794
0 0.198125 0.5684161199625117 0.02 0.011246485473289597
0 0.309375 0.38331771321462044 0.0225 0.03467666354264293
0 0.425625 0.394095595126523 0.02875 0.019681349578256794
1 0.495625 0.39878163074039363 0.31125 0.204311152764761