0 0.3325 0.43673851921274603 0.1175 0.10965323336457357
0 0.704375 0.7136832239925024 0.13875 0.09653233364573571
0 0.59375 0.1626054358013121 0.0925 0.07216494845360824
0 0.721875 0.3795688847235239 0.08 0.1246485473289597
1 0.6 0.6879100281162137 0.11375 0.06747891283973759
1 0.63 0.5646672914714151 0.10625 0.06560449859418932
0 0.533125 0.7680412371134021 0.095 0.05529522024367385
0 0.830625 0.2539831302717901 0.04125 0.03561387066541706
1 0.484375 0.34817244611059045 0.29125 0.190253045923149
0 0.631875 0.06935332708528585 0.04 0.038425492033739454
0 0.22 0.9484536082474226 0.0625 0.05154639175257732
1 0.474375 0.20056232427366447 0.20625 0.1387066541705717
0 0.913125 0.16494845360824742 0.04125 0.03748828491096532
0 0.76625 0.30178069353327086 0.045 0.05248359887535145
0 0.159375 0.8580131208997188 0.06125 0.04779756326148079
0 0.206875 0.555763823805061 0.0725 0.03655107778819119
0 0.750625 0.15979381443298968 0.04125 0.03655107778819119
0 0.11 0.5712277413308341 0.0525 0.029053420805998126
0 0.091875 0.8922211808809747 0.03625 0.02717900656044986
0 0.55125 0.059044048734770385 0.04625 0.033739456419868794
0 0.5575 0.29662605435801315 0.04625 0.03561387066541706
0 0.51125 0.2788191190253046 0.04875 0.03936269915651359
0 0.039375 0.23289597000937207 0.025 0.02999062792877226
0 0.020625 0.11387066541705718 0.02125 0.01780693533270853
0 0.524375 0.05014058106841612 0.015 0.016869728209934397
0 0.15 0.5759137769447048 0.01875 0.01218369259606373
0 0.975 0.6026241799437676 0.0225 0.01780693533270853
0 0.189375 0.5402999062792877 0.01875 0.00937207122774133
0 0.33 0.3669165885660731 0.01875 0.033739456419868794
0 0.443125 0.38847235238987815 0.0275 0.01780693533270853
1 0.5125 0.3992502343017807 0.2925 0.18650421743205248