0 0.3925 0.6508903467666354 0.075 0.059044048734770385
0 0.837825 0.16119962511715089 0.034337500000000035 0.031865042174320526
0 0.065625 0.12886597938144329 0.06625 0.044048734770384255
0 0.5625 0.22727272727272727 0.0325 0.030927835051546393
0 0.6155875000000001 0.6447797563261481 0.15930000000000008 0.10306466729147144
0 0.144375 0.18791002811621368 0.03375 0.030927835051546393
0 0.660625 0.1991565135895033 0.02375 0.04592314901593252
0 0.8280124999999999 0.5337300843486411 0.02352499999999992 0.05340206185567012
0 0.540775 0.6040862230552951 0.048362500000000065 0.04042174320524846
0 0.169375 0.2867853795688847 0.02125 0.031865042174320526
0 0.274375 0.2211808809746954 0.02375 0.01874414245548266
0 0.22375 0.14104967197750704 0.0175 0.038425492033739454
0 0.0981375 0.22728209934395502 0.0075 0.005623242736644799
0 0.360625 0.29194001874414244 0.02125 0.015932521087160263
0 0.776875 0.30599812558575445 0.02125 0.038425492033739454
0 0.95125 0.32052483598875353 0.0175 0.011246485473289597
0 0.84 0.2211808809746954 0.0175 0.01499531396438613
0 0.75625 0.28350515463917525 0.015 0.023430178069353328
0 0.108125 0.6396438612933458 0.02375 0.01780693533270853
0 0.204375 0.5576382380506092 0.02375 0.01874414245548266
0 0.26 0.5023430178069354 0.0275 0.01499531396438613
0 0.278125 0.5370196813495782 0.02625 0.016869728209934397
0 0.266875 0.5192127460168697 0.02625 0.01499531396438613
0 0.280625 0.6606560449859419 0.01625 0.014845360824742191
0 0.239375 0.4681349578256795 0.01375 0.023430178069353328
0 0.221875 0.4498594189315839 0.02125 0.011246485473289597
0 0.168125 0.41002811621368324 0.01875 0.010309278350515464
0 0.34375 0.5595126522961574 0.0225 0.028116213683223992
0 0.5325 0.49625117150890347 0.025 0.02155576382380506
0 0.565625 0.514526710402999 0.01875 0.013120899718837863
0 0.368125 0.5773195876288659 0.01875 0.013120899718837863
0 0.341875 0.36457357075913777 0.01375 0.020618556701030927
0 0.458125 0.5778350515463917 0.01625 0.015848172446110666
0 0.515 0.41002811621368324 0.015 0.014058106841611996
0 0.80875 0.3908153701968135 0.03 0.022492970946579195
0 0.8025 0.4268978444236176 0.0175 0.015932521087160263
0 0.80375 0.5014058106841612 0.015 0.00937207122774133
0 0.8252124999999999 0.5890346766635426 0.012075000000000103 0.01218369259606373
0 0.8052125 0.6364292408622306 0.012075000000000103 0.013261480787254068
0 0.805 0.4114339268978444 0.01 0.00937207122774133
0 0.7875 0.42783505154639173 0.0125 0.014058106841611996
0 0.8475 0.542642924086223 0.0175 0.02436738519212746
0 0.03125 0.7933458294283037 0.025 0.01780693533270853
0 0.130625 0.6776007497656982 0.02375 0.01874414245548266
0 0.48125 0.7741330834114339 0.0225 0.01499531396438613
0 0.5075 0.7591377694470478 0.025 0.016869728209934397
0 0.393125 0.7497656982193065 0.02375 0.01499531396438613
0 0.449375 0.6846298031865042 0.02125 0.01218369259606373
0 0.3338875 0.7310215557638238 0.019712499999999977 0.01874414245548266
0 0.424375 0.6907216494845361 0.01875 0.013120899718837863
0 0.8633875000000001 0.7437956888472352 0.016775000000000092 0.017572633552014997
0 0.0104625 0.43016869728209933 0.010775000000000002 0.009746954076850963
0 0.08751250000000001 0.23154639175257732 0.013949999999999995 0.008078725398313032
0 0.2029375 0.14154639175257733 0.02122500000000002 0.013214620431115298
0 0.6852625 0.2148078725398313 0.01041249999999991 0.01266166822867853
0 0.7091500000000001 0.12107778819119025 0.01508749999999992 0.02235238987816308
0 0.7254999999999999 0.12511715089034678 0.011850000000000022 0.01589503280224929
0 0.8774124999999999 0.7449484536082475 0.014737499999999954 0.01371134020618567
0 0.5114625 0.6018744142455483 0.09855000000000004 0.061611996251171516
0 0.518975 0.5923523898781631 0.01801249999999996 0.008191190253045932
0 0.4386 0.47564198687910025 0.017962500000000006 0.010674789128397416
0 0.4288 0.4787066541705717 0.017037499999999994 0.0125960637300844