0 0.585625 0.6583880037488284 0.0825 0.06466729147141519
0 0.21125 0.13636363636363635 0.03875 0.03467666354264293
0 0.97375 0.16494845360824742 0.0525 0.04873477038425492
0 0.475625 0.22399250234301782 0.03625 0.033739456419868794
0 0.365 0.6349578256794751 0.1725 0.11527647610121837
0 0.896875 0.21743205248359887 0.0375 0.033739456419868794
0 0.3825 0.18837863167760074 0.03 0.04779756326148079
0 0.169375 0.5079662605435802 0.03125 0.05529522024367385
0 0.445 0.6002811621368322 0.05375 0.044048734770384255
0 0.85875 0.3139643861293346 0.025 0.033739456419868794
0 0.763125 0.24039362699156513 0.02625 0.020618556701030927
0 0.825 0.16447985004686036 0.0225 0.03936269915651359
0 0.9375 0.2600749765698219 0.00875 0.006560449859418931
0 0.6675 0.30412371134020616 0.02375 0.01780693533270853
0 0.251875 0.28537956888472354 0.02625 0.04029990627928772
0 0.07625 0.28631677600749766 0.01875 0.01218369259606373
0 0.200625 0.1958762886597938 0.02 0.015932521087160263
0 0.275625 0.2647610121836926 0.01875 0.02436738519212746
0 0.87 0.6696344892221181 0.02625 0.019681349578256794
0 0.78625 0.5805998125585754 0.02625 0.020618556701030927
0 0.738125 0.521087160262418 0.03 0.016869728209934397
0 0.715625 0.5543580131208997 0.02875 0.01874414245548266
0 0.729375 0.5374882849109653 0.02875 0.016869728209934397
0 0.695625 0.6771321462043112 0.01875 0.015932521087160263
0 0.76375 0.4887535145267104 0.0175 0.02436738519212746
0 0.78375 0.471883786316776 0.0225 0.013120899718837863
0 0.8425 0.43673851921274603 0.02 0.01218369259606373
0 0.646875 0.5712277413308341 0.02625 0.02999062792877226
0 0.468125 0.4939081537019681 0.0275 0.023430178069353328
0 0.4325 0.5093720712277413 0.02 0.014058106841611996
0 0.620625 0.5871602624179943 0.02 0.014058106841611996
0 0.67625 0.3776944704779756 0.01625 0.02155576382380506
0 0.530625 0.5805998125585754 0.01875 0.016869728209934397
0 0.4975 0.4095595126522962 0.0175 0.01499531396438613
0 0.208125 0.3673851921274602 0.0325 0.02436738519212746
0 0.209375 0.4034676663542643 0.02 0.016869728209934397
0 0.1975 0.4775070290534208 0.01625 0.010309278350515464
0 0.164375 0.563261480787254 0.01375 0.013120899718837863
0 0.1775 0.6115276476101218 0.01375 0.014058106841611996
0 0.20875 0.3880037488284911 0.01125 0.010309278350515464
0 0.224375 0.40581068416119964 0.015 0.01499531396438613
0 0.14875 0.5149953139643861 0.02125 0.02530459231490159
0 0.925 0.8284910965323337 0.0275 0.019681349578256794
0 0.8425 0.7057169634489222 0.02625 0.020618556701030927
0 0.480625 0.7741330834114339 0.025 0.016869728209934397
0 0.45625 0.7572633552014996 0.0275 0.01874414245548266
0 0.57125 0.7567947516401125 0.02625 0.016869728209934397
0 0.524375 0.6874414245548266 0.0225 0.014058106841611996
0 0.633125 0.7427366447985004 0.0225 0.020618556701030927
0 0.54875 0.6954076850984068 0.02 0.014058106841611996
0 0.104375 0.7141518275538894 0.01875 0.01874414245548266
0 0.995 0.4690721649484536 0.01 0.010309278350515464
0 0.9475 0.26522961574507964 0.015 0.00937207122774133
0 0.845625 0.1668228678537957 0.0225 0.01499531396438613
0 0.355625 0.20196813495782567 0.0125 0.013120899718837863
0 0.345 0.10684161199625117 0.0175 0.023430178069353328
0 0.328125 0.10965323336457357 0.01375 0.016869728209934397
0 0.090625 0.7141518275538894 0.01625 0.01499531396438613
0 0.474375 0.6002811621368322 0.10625 0.06935332708528585
0 0.468125 0.5904404873477038 0.01875 0.00937207122774133
0 0.564375 0.48078725398313027 0.01875 0.01218369259606373
0 0.57375 0.4845360824742268 0.01875 0.014058106841611996