0 0.3925 0.6508903467666354 0.075 0.059044048734770385
0 0.838125 0.16119962511715089 0.03375 0.031865042174320526
0 0.065625 0.12886597938144329 0.06625 0.044048734770384255
0 0.5625 0.22727272727272727 0.0325 0.030927835051546393
0 0.615625 0.6447985004686035 0.15875 0.10309278350515463
0 0.144375 0.18791002811621368 0.03375 0.030927835051546393
0 0.660625 0.1991565135895033 0.02375 0.04592314901593252
0 0.828125 0.5337394564198688 0.02375 0.053420805998125584
0 0.540625 0.6040299906279287 0.04875 0.04029990627928772
0 0.169375 0.2867853795688847 0.02125 0.031865042174320526
0 0.274375 0.2211808809746954 0.02375 0.01874414245548266
0 0.22375 0.14104967197750704 0.0175 0.038425492033739454
0 0.098125 0.22727272727272727 0.0075 0.005623242736644799
0 0.360625 0.29194001874414244 0.02125 0.015932521087160263
0 0.776875 0.30599812558575445 0.02125 0.038425492033739454
0 0.95125 0.32052483598875353 0.0175 0.011246485473289597
0 0.84 0.2211808809746954 0.0175 0.01499531396438613
0 0.75625 0.28350515463917525 0.015 0.023430178069353328
0 0.108125 0.6396438612933458 0.02375 0.01780693533270853
0 0.204375 0.5576382380506092 0.02375 0.01874414245548266
0 0.26 0.5023430178069354 0.0275 0.01499531396438613
0 0.278125 0.5370196813495782 0.02625 0.016869728209934397
0 0.266875 0.5192127460168697 0.02625 0.01499531396438613
0 0.280625 0.6607310215557638 0.01625 0.01499531396438613
0 0.239375 0.4681349578256795 0.01375 0.023430178069353328
0 0.221875 0.4498594189315839 0.02125 0.011246485473289597
0 0.168125 0.41002811621368324 0.01875 0.010309278350515464
0 0.34375 0.5595126522961574 0.0225 0.028116213683223992
0 0.5325 0.49625117150890347 0.025 0.02155576382380506
0 0.565625 0.514526710402999 0.01875 0.013120899718837863
0 0.368125 0.5773195876288659 0.01875 0.013120899718837863
0 0.341875 0.36457357075913777 0.01375 0.020618556701030927
0 0.458125 0.577788191190253 0.01625 0.015932521087160263
0 0.515 0.41002811621368324 0.015 0.014058106841611996
0 0.80875 0.3908153701968135 0.03 0.022492970946579195
0 0.8025 0.4268978444236176 0.0175 0.015932521087160263
0 0.80375 0.5014058106841612 0.015 0.00937207122774133
0 0.825 0.5890346766635426 0.0125 0.01218369259606373
0 0.805 0.6363636363636364 0.0125 0.013120899718837863
0 0.805 0.4114339268978444 0.01 0.00937207122774133
0 0.7875 0.42783505154639173 0.0125 0.014058106841611996
0 0.8475 0.542642924086223 0.0175 0.02436738519212746
0 0.03125 0.7933458294283037 0.025 0.01780693533270853
0 0.130625 0.6776007497656982 0.02375 0.01874414245548266
0 0.48125 0.7741330834114339 0.0225 0.01499531396438613
0 0.5075 0.7591377694470478 0.025 0.016869728209934397
0 0.393125 0.7497656982193065 0.02375 0.01499531396438613
0 0.449375 0.6846298031865042 0.02125 0.01218369259606373
0 0.33375 0.7310215557638238 0.02 0.01874414245548266
0 0.424375 0.6907216494845361 0.01875 0.013120899718837863
0 0.863125 0.7436738519212746 0.01625 0.01780693533270853
0 0.010625 0.4301780693533271 0.01125 0.00937207122774133
0 0.0875 0.23149015932521086 0.01375 0.008434864104967198
0 0.203125 0.1415182755388941 0.02125 0.013120899718837863
0 0.685 0.21462043111527648 0.01 0.013120899718837863
0 0.709375 0.12089971883786317 0.015 0.022492970946579195
0 0.725625 0.12511715089034678 0.01125 0.015932521087160263
0 0.8775 0.7450796626054358 0.015 0.014058106841611996
0 0.51125 0.6016869728209935 0.09875 0.061855670103092786
0 0.51875 0.5923149015932521 0.0175 0.008434864104967198
0 0.43875 0.47563261480787256 0.0175 0.010309278350515464
0 0.42875 0.47891283973758203 0.0175 0.01218369259606373