0 0.365 0.39456419868791004 0.13875 0.1021555763823805
0 0.3875 0.19681349578256796 0.11875 0.07872539831302718
0 0.285625 0.3331771321462043 0.12 0.08059981255857544
0 0.774375 0.11527647610121837 0.1075 0.07216494845360824
0 0.588125 0.6119962511715089 0.12875 0.06373008434864105
0 0.51125 0.7446110590440488 0.10625 0.05810684161199625
1 0.805 0.5501405810684161 0.09625 0.10965323336457357
0 0.47 0.5810684161199625 0.08375 0.05810684161199625
0 0.49 0.647610121836926 0.0975 0.044048734770384255
0 0.440625 0.6026241799437676 0.0725 0.07216494845360824
0 0.474375 0.33505154639175255 0.05 0.033739456419868794
0 0.103125 0.32239925023430177 0.04625 0.026241799437675725
0 0.298125 0.7919400187441424 0.045 0.029053420805998126
0 0.601875 0.2057169634489222 0.05 0.029053420805998126
0 0.3625 0.45407685098406747 0.05 0.03561387066541706
0 0.19875 0.6368322399250235 0.11875 0.14245548266166824
0 0.755 0.37582005623242737 0.0925 0.046860356138706656
0 0.295625 0.8163074039362699 0.05125 0.030927835051546393
1 0.08625 0.725398313027179 0.1425 0.25960637300843487
0 0.555 0.2830365510777882 0.035 0.05154639175257732
1 0.08125 0.47282099343955014 0.1625 0.2839737582005623
0 0.8975 0.1401124648547329 0.04 0.023430178069353328
0 0.9225 0.1358950328022493 0.03 0.019681349578256794
0 0.226875 0.15089034676663543 0.045 0.02436738519212746
0 0.066875 0.12277413308341144 0.025 0.02717900656044986
0 0.133125 0.15604498594189317 0.02875 0.019681349578256794
0 0.02875 0.10309278350515463 0.02 0.010309278350515464
0 0.555 0.4803186504217432 0.04125 0.016869728209934397
0 0.128125 0.6466729147141518 0.02875 0.02999062792877226
0 0.353125 0.6635426429240863 0.02125 0.01499531396438613
0 0.083125 0.5407685098406748 0.035 0.023430178069353328
0 0.838125 0.7511715089034676 0.02625 0.015932521087160263
0 0.57625 0.8317713214620431 0.025 0.014058106841611996
0 0.42125 0.7539831302717901 0.03125 0.014058106841611996
0 0.605625 0.7357075913776945 0.02625 0.015932521087160263
0 0.88625 0.23289597000937207 0.16125 0.15463917525773196
0 0.543125 0.28865979381443296 0.045 0.06373008434864105
0 0.398125 0.24976569821930647 0.03125 0.022492970946579195
0 0.464375 0.09325210871602624 0.0675 0.03748828491096532
0 0.454375 0.08153701968134958 0.0625 0.03655107778819119
0 0.01625 0.38331771321462044 0.03125 0.013120899718837863
0 0.04125 0.48922211808809746 0.01 0.008434864104967198
0 0.014375 0.5056232427366448 0.02875 0.053420805998125584
0 0.031875 0.689784442361762 0.00375 0.008434864104967198
0 0.038125 0.7108716026241799 0.0075 0.008434864104967198
0 0.088125 0.7708528584817245 0.00875 0.007497656982193065