0 0.37 0.39128397375820057 0.135 0.09934395501405811
0 0.401875 0.19400187441424555 0.11625 0.07685098406747891
0 0.29375 0.3280224929709466 0.11625 0.07872539831302718
0 0.791875 0.12277413308341144 0.105 0.07029053420805999
0 0.5825 0.6143392689784443 0.12625 0.06091846298031865
0 0.5 0.7446110590440488 0.105 0.056232427366447985
1 0.8025 0.5581068416119962 0.09125 0.1077788191190253
0 0.46625 0.5805998125585754 0.08125 0.056232427366447985
0 0.483125 0.647610121836926 0.09625 0.04217432052483599
0 0.435625 0.6012183692596064 0.07 0.07122774133083412
0 0.481875 0.3345829428303655 0.04875 0.03280224929709466
0 0.111875 0.31208997188378634 0.045 0.02436738519212746
0 0.284375 0.7863167760074976 0.045 0.028116213683223992
0 0.615625 0.20852858481724462 0.05 0.028116213683223992
0 0.365 0.45032802249297094 0.04875 0.03467666354264293
0 0.1925 0.6288659793814433 0.1125 0.14058106841611998
0 0.760625 0.3823805060918463 0.09125 0.04498594189315839
0 0.280625 0.8111527647610122 0.05125 0.02999062792877226
1 0.075625 0.7146204311152765 0.13125 0.25773195876288657
0 0.565 0.28444236176194937 0.0325 0.05060918462980318
1 0.079375 0.4611059044048735 0.15875 0.28116213683223995
0 0.914375 0.15089034676663543 0.03875 0.022492970946579195
0 0.939375 0.1471415182755389 0.03 0.01874414245548266
0 0.243125 0.14386129334582942 0.04375 0.023430178069353328
0 0.085 0.11152764761012184 0.02375 0.02717900656044986
0 0.149375 0.14667291471415184 0.02875 0.01874414245548266
0 0.0475 0.09090909090909091 0.02 0.00937207122774133
0 0.555625 0.4817244611059044 0.04 0.015932521087160263
0 0.12125 0.6368322399250235 0.0275 0.02999062792877226
0 0.345625 0.6597938144329897 0.02 0.014058106841611996
0 0.08125 0.5295220243673852 0.03375 0.022492970946579195
0 0.82625 0.7596063730084348 0.025 0.015932521087160263
0 0.560625 0.8336457357075914 0.02375 0.014058106841611996
0 0.409375 0.7516401124648547 0.03125 0.013120899718837863
0 0.594375 0.7385192127460168 0.025 0.015932521087160263
0 0.898125 0.24320524835988752 0.155 0.15182755388940955
0 0.5525 0.2900656044985942 0.0425 0.06279287722586692
0 0.41 0.24742268041237114 0.03125 0.022492970946579195
0 0.48375 0.0923149015932521 0.06625 0.03561387066541706
0 0.47375 0.08059981255857544 0.06125 0.03561387066541706
0 0.021875 0.37066541705716965 0.03125 0.01218369259606373
0 0.0425 0.4775070290534208 0.01 0.008434864104967198
0 0.01375 0.49250234301780693 0.0275 0.053420805998125584
0 0.023125 0.6776007497656982 0.00375 0.008434864104967198
0 0.028125 0.6986879100281163 0.0075 0.008434864104967198
0 0.075625 0.7600749765698219 0.00875 0.007497656982193065