0 0.29875 0.6940018744142455 0.115 0.08153701968134958
0 0.433125 0.23289597000937207 0.105 0.08997188378631678
0 0.539375 0.18978444236176195 0.1025 0.08997188378631678
0 0.916875 0.5510777881911902 0.1375 0.10402999062792877
0 0.3825 0.36457357075913777 0.11875 0.06466729147141519
0 0.8625 0.6321462043111528 0.1075 0.11808809746954077
0 0.81125 0.22399250234301782 0.0725 0.061855670103092786
0 0.726875 0.25585754451733833 0.04125 0.03467666354264293
0 0.789375 0.38425492033739456 0.04125 0.033739456419868794
0 0.835 0.8491096532333646 0.065 0.04873477038425492
0 0.17375 0.14245548266166824 0.05125 0.05154639175257732
0 0.941875 0.6710402999062793 0.085 0.11527647610121837
0 0.075 0.7455482661668229 0.05375 0.04873477038425492
0 0.945 0.39034676663542645 0.05625 0.044048734770384255
0 0.049375 0.5820056232427366 0.07125 0.04592314901593252
0 0.835625 0.2985004686035614 0.05625 0.03561387066541706
0 0.82625 0.6710402999062793 0.06 0.04779756326148079
0 0.7125 0.15932521087160262 0.0425 0.028116213683223992
0 0.745625 0.6190253045923149 0.04 0.028116213683223992
0 0.01375 0.5670103092783505 0.0275 0.05060918462980318
0 0.059375 0.22305529522024367 0.04 0.038425492033739454
0 0.84875 0.5379568884723523 0.0575 0.03748828491096532
1 0.575 0.5229615745079662 0.3475 0.11715089034676664
0 0.79125 0.29896907216494845 0.03875 0.030927835051546393
0 0.87125 0.3322399250234302 0.04375 0.030927835051546393
0 0.914375 0.8116213683223993 0.04 0.029053420805998126
1 0.50375 0.7455482661668229 0.11125 0.21368322399250234
0 0.04875 0.2511715089034677 0.0275 0.028116213683223992
0 0.705 0.6447985004686035 0.0325 0.023430178069353328
0 0.05875 0.9053420805998126 0.02 0.013120899718837863
0 0.494375 0.6902530459231491 0.0275 0.02717900656044986
0 0.94875 0.7689784442361762 0.02625 0.04498594189315839
0 0.011875 0.4475164011246485 0.01875 0.03748828491096532
0 0.908125 0.36457357075913777 0.0325 0.02155576382380506
0 0.5125 0.8322399250234301 0.01375 0.014058106841611996
1 0.5075 0.7544517338331771 0.11375 0.2155576382380506