0 0.885 0.16869728209934395 0.055 0.046860356138706656
0 0.058125 0.18603561387066542 0.045 0.03655107778819119
0 0.154375 0.16073102155576383 0.02125 0.01780693533270853
0 0.03 0.3364573570759138 0.0225 0.015932521087160263
0 0.181875 0.16026241799437677 0.01 0.006560449859418931
0 0.3925 0.2647610121836926 0.02125 0.038425492033739454
0 0.42625 0.2839737582005623 0.01875 0.013120899718837863
0 0.49875 0.2666354264292409 0.01875 0.013120899718837863
0 0.581875 0.21087160262417995 0.02375 0.03561387066541706
0 0.536875 0.25773195876288657 0.02 0.014058106841611996
0 0.2075 0.5 0.01875 0.013120899718837863
0 0.173125 0.4761012183692596 0.01375 0.015932521087160263
0 0.16875 0.3959700093720712 0.0125 0.01499531396438613
0 0.33125 0.569821930646673 0.01125 0.007497656982193065
0 0.54125 0.5763823805060918 0.03 0.023430178069353328
0 0.570625 0.5735707591377694 0.0275 0.019681349578256794
0 0.4025 0.46860356138706655 0.02625 0.04592314901593252
0 0.474375 0.6307403936269915 0.02875 0.031865042174320526
0 0.505 0.6415182755388941 0.02 0.015932521087160263
0 0.39875 0.35051546391752575 0.0175 0.014058106841611996
0 0.294375 0.8341143392689785 0.0275 0.02155576382380506
0 0.34625 0.8331771321462043 0.0125 0.00937207122774133
0 0.609375 0.796157450796626 0.01875 0.01780693533270853
0 0.43875 0.8003748828491096 0.01125 0.008434864104967198
0 0.7725 0.06841611996251172 0.0175 0.02155576382380506
0 0.435625 0.4465791940018744 0.01375 0.022492970946579195
0 0.428125 0.5074976569821931 0.03125 0.06841611996251172
0 0.44875 0.5365510777881912 0.02875 0.03561387066541706
0 0.441875 0.5421743205248359 0.0175 0.014058106841611996
0 0.46625 0.5510777881911902 0.065 0.07122774133083412
0 0.4625 0.5955951265229615 0.0575 0.06466729147141519
0 0.74875 0.48687910028116216 0.015 0.00937207122774133