0 0.0175 0.2614807872539831 0.035 0.046860356138706656
0 0.809375 0.10684161199625117 0.045 0.03655107778819119
0 0.7075 0.10262417994376757 0.02125 0.01780693533270853
0 0.891875 0.24601686972820994 0.0225 0.015932521087160263
0 0.918125 0.08903467666354264 0.01375 0.008434864104967198
0 0.680625 0.1077788191190253 0.01 0.006560449859418931
0 0.516875 0.25164011246485474 0.02125 0.038425492033739454
0 0.491875 0.2769447047797563 0.01875 0.013120899718837863
0 0.415625 0.2755388940955951 0.01875 0.013120899718837863
0 0.315 0.23898781630740393 0.02375 0.03561387066541706
0 0.375625 0.274601686972821 0.02 0.014058106841611996
0 0.780625 0.4395501405810684 0.01875 0.013120899718837863
0 0.805625 0.4095595126522962 0.01375 0.015932521087160263
0 0.78 0.331302717900656 0.0125 0.01499531396438613
0 0.688125 0.5323336457357076 0.01125 0.007497656982193065
0 0.488125 0.5820056232427366 0.03 0.023430178069353328
0 0.459375 0.5852858481724461 0.0275 0.019681349578256794
0 0.581875 0.4498594189315839 0.02625 0.04592314901593252
0 0.5725 0.6204311152764761 0.02875 0.031865042174320526
0 0.546875 0.6368322399250235 0.02 0.015932521087160263
0 0.5425 0.33552014995313967 0.0175 0.014058106841611996
0 0.820625 0.7783505154639175 0.0275 0.02155576382380506
0 0.770625 0.788659793814433 0.0125 0.00937207122774133
0 0.50375 0.8074039362699157 0.01875 0.01780693533270853
0 0.669375 0.7760074976569822 0.01125 0.008434864104967198
0 0.079375 0.1415182755388941 0.0175 0.02155576382380506
0 0.541875 0.4353327085285848 0.01375 0.022492970946579195
0 0.571875 0.49203373945641987 0.03125 0.06841611996251172
0 0.5625 0.5243673851921274 0.02875 0.03561387066541706
0 0.57125 0.528584817244611 0.0175 0.014058106841611996
0 0.550625 0.5421743205248359 0.065 0.07122774133083412
0 0.57125 0.5838800374882849 0.0575 0.06466729147141519
0 0.25625 0.5388940955951266 0.015 0.00937207122774133