0 0.42375 0.4873477038425492 0.09 0.06279287722586692
0 0.065 0.6818181818181818 0.06 0.04779756326148079
0 0.414375 0.5295220243673852 0.085 0.06841611996251172
0 0.32875 0.6494845360824743 0.15125 0.07310215557638237
0 0.53 0.5257731958762887 0.1125 0.07216494845360824
0 0.47375 0.569821930646673 0.10125 0.05529522024367385
0 0.890625 0.4803186504217432 0.07125 0.029053420805998126
0 0.3225 0.8055295220243673 0.04625 0.03280224929709466
0 0.204375 0.7577319587628866 0.0525 0.03467666354264293
0 0.13 0.8753514526710403 0.09625 0.03561387066541706
0 0.123125 0.8477038425492034 0.05375 0.031865042174320526
0 0.853125 0.5028116213683224 0.09375 0.04498594189315839
0 0.606875 0.6377694470477976 0.07 0.026241799437675725
0 0.191875 0.17525773195876287 0.0475 0.023430178069353328
0 0.09125 0.5880974695407685 0.04125 0.06747891283973759
0 0.82 0.4732895970009372 0.07 0.03561387066541706
0 0.1775 0.5510777881911902 0.0475 0.03467666354264293
0 0.644375 0.6485473289597001 0.07375 0.02530459231490159
0 0.939375 0.5318650421743205 0.06375 0.03467666354264293
0 0.723125 0.64058106841612 0.08125 0.02717900656044986
0 0.89375 0.5299906279287723 0.09125 0.03561387066541706
0 0.521875 0.6471415182755389 0.1025 0.03561387066541706
0 0.62625 0.0923149015932521 0.02375 0.05154639175257732
0 0.88375 0.6105904404873477 0.11 0.028116213683223992
0 0.9175 0.21321462043111528 0.02 0.01874414245548266
0 0.98875 0.23711340206185566 0.02125 0.014058106841611996
0 0.84625 0.2928772258669166 0.01875 0.011246485473289597
0 0.949375 0.15557638238050608 0.03 0.00937207122774133
0 0.9775 0.15979381443298968 0.02 0.010309278350515464
0 0.641875 0.2422680412371134 0.01875 0.01780693533270853
0 0.5125 0.2600749765698219 0.02 0.01499531396438613
0 0.5125 0.2900656044985942 0.0175 0.01499531396438613
0 0.64125 0.2591377694470478 0.0175 0.01218369259606373
0 0.29125 0.15323336457357076 0.03 0.023430178069353328
0 0.128125 0.260543580131209 0.035 0.02155576382380506
0 0.1525 0.3125585754451734 0.03125 0.011246485473289597
0 0.24625 0.12699156513589505 0.01875 0.007497656982193065
0 0.89875 0.36176194939081535 0.02125 0.01874414245548266
0 0.420625 0.3528584817244611 0.02 0.014058106841611996
0 0.311875 0.42221180880974696 0.04 0.02530459231490159
0 0.110625 0.3542642924086223 0.03625 0.02436738519212746
0 0.263125 0.42736644798500467 0.0375 0.02530459231490159
0 0.1975 0.38612933458294285 0.03875 0.016869728209934397
0 0.978125 0.760543580131209 0.01 0.016869728209934397
0 0.13125 0.6780693533270853 0.0325 0.02436738519212746
0 0.186875 0.6757263355201499 0.045 0.01874414245548266
0 0.065625 0.7558575445173383 0.045 0.015932521087160263
0 0.21125 0.6822867853795689 0.0325 0.01780693533270853
0 0.140625 0.5168697282099344 0.06375 0.04498594189315839
0 0.261875 0.6527647610121837 0.08 0.04967197750702906
0 0.386875 0.6110590440487348 0.105 0.046860356138706656
0 0.368125 0.5740393626991566 0.0875 0.05060918462980318
0 0.273125 0.36785379568884724 0.01875 0.015932521087160263
0 0.28875 0.36879100281162136 0.01875 0.013120899718837863
0 0.28375 0.21368322399250234 0.0175 0.013120899718837863
0 0.96 0.16635426429240863 0.0175 0.011246485473289597
0 0.9475 0.556232427366448 0.09875 0.031865042174320526
0 0.96375 0.5763823805060918 0.065 0.026241799437675725
0 0.93875 0.5946579194001874 0.08125 0.020618556701030927
0 0.805 0.6068416119962512 0.05875 0.022492970946579195
0 0.725 0.6134020618556701 0.0375 0.011246485473289597
0 0.516875 0.6354264292408622 0.04125 0.014058106841611996
0 0.678125 0.6321462043111528 0.05875 0.02155576382380506
0 0.75625 0.6241799437675727 0.10375 0.029053420805998126
0 0.83375 0.6255857544517338 0.1075 0.028116213683223992
0 0.584375 0.3889409559512652 0.0475 0.07216494845360824
0 0.610625 0.3247422680412371 0.0425 0.06373008434864105
0 0.625625 0.2713214620431115 0.01875 0.05716963448922212
0 0.649375 0.267572633552015 0.01625 0.014058106841611996