0 0.423125 0.48922211808809746 0.0875 0.06091846298031865
0 0.07375 0.6930646672914714 0.0575 0.046860356138706656
0 0.415625 0.5318650421743205 0.0825 0.06654170571696345
0 0.335625 0.6541705716963448 0.1475 0.06935332708528585
0 0.53125 0.5248359887535146 0.11 0.07029053420805999
0 0.476875 0.57029053420806 0.09875 0.05248359887535145
0 0.889375 0.4700093720712277 0.07 0.02717900656044986
0 0.336875 0.810215557638238 0.045 0.031865042174320526
0 0.21625 0.7652296157450796 0.05125 0.033739456419868794
0 0.148125 0.8847235238987816 0.095 0.03280224929709466
0 0.14 0.8575445173383318 0.0525 0.030927835051546393
0 0.853125 0.49343955014058105 0.09125 0.04217432052483599
0 0.613125 0.6349578256794751 0.06875 0.02436738519212746
0 0.176875 0.1836925960637301 0.04625 0.022492970946579195
0 0.095625 0.598875351452671 0.0375 0.06654170571696345
0 0.81875 0.46485473289597 0.06875 0.033739456419868794
0 0.18 0.5595126522961574 0.04625 0.033739456419868794
0 0.65125 0.6443298969072165 0.0725 0.023430178069353328
0 0.940625 0.5201499531396439 0.0625 0.03280224929709466
0 0.729375 0.6344892221180881 0.08 0.02530459231490159
0 0.895 0.5196813495782568 0.09 0.033739456419868794
0 0.52875 0.6462043111527648 0.10125 0.033739456419868794
0 0.6075 0.08903467666354264 0.02125 0.05154639175257732
0 0.88875 0.6002811621368322 0.10875 0.02530459231490159
0 0.90375 0.20243673851921273 0.01875 0.01780693533270853
0 0.995625 0.22446110590440488 0.00875 0.014058106841611996
0 0.97625 0.22446110590440488 0.02 0.013120899718837863
0 0.83625 0.2839737582005623 0.0175 0.010309278350515464
0 0.933125 0.14386129334582942 0.03 0.008434864104967198
0 0.96125 0.14761012183692596 0.01875 0.00937207122774133
0 0.63 0.23898781630740393 0.0175 0.016869728209934397
0 0.50125 0.2600749765698219 0.01875 0.014058106841611996
0 0.503125 0.2900656044985942 0.01625 0.014058106841611996
0 0.63 0.25585754451733833 0.01625 0.011246485473289597
0 0.275 0.15932521087160262 0.02875 0.022492970946579195
0 0.116875 0.2703842549203374 0.03375 0.020618556701030927
0 0.144375 0.3219306466729147 0.03 0.010309278350515464
0 0.229375 0.13355201499531397 0.01875 0.006560449859418931
0 0.8925 0.3514526710402999 0.02 0.01780693533270853
0 0.41375 0.35520149953139646 0.01875 0.013120899718837863
0 0.30875 0.42736644798500467 0.03875 0.02436738519212746
0 0.104375 0.36457357075913777 0.035 0.023430178069353328
0 0.259375 0.43345829428303656 0.03625 0.02530459231490159
0 0.1925 0.394095595126523 0.0375 0.015932521087160263
0 0.99 0.7478912839737581 0.00875 0.016869728209934397
0 0.14 0.6874414245548266 0.03125 0.023430178069353328
0 0.195 0.6841611996251171 0.04375 0.01780693533270853
0 0.078125 0.7671040299906279 0.04375 0.01499531396438613
0 0.22 0.689784442361762 0.03125 0.016869728209934397
0 0.141875 0.5262417994376757 0.0625 0.04311152764761012
0 0.26875 0.6588566073102156 0.0775 0.04779756326148079
0 0.3925 0.6138706654170571 0.1025 0.044048734770384255
0 0.37125 0.5773195876288659 0.085 0.04873477038425492
0 0.266875 0.3739456419868791 0.01875 0.01499531396438613
0 0.283125 0.3744142455482662 0.01875 0.013120899718837863
0 0.27 0.21930646672914714 0.01625 0.013120899718837863
0 0.944375 0.15463917525773196 0.01625 0.011246485473289597
0 0.95 0.5440487347703843 0.0975 0.02999062792877226
0 0.966875 0.5641986879100281 0.06375 0.02436738519212746
0 0.943125 0.5829428303655108 0.08 0.01874414245548266
0 0.809375 0.598406747891284 0.0575 0.020618556701030927
0 0.73 0.6073102155576382 0.0375 0.010309278350515464
0 0.523125 0.6349578256794751 0.04125 0.013120899718837863
0 0.684375 0.627460168697282 0.0575 0.020618556701030927
0 0.761875 0.6171508903467666 0.1025 0.026241799437675725
0 0.839375 0.6166822867853796 0.10625 0.02530459231490159
0 0.57875 0.38706654170571697 0.04375 0.07122774133083412
0 0.6025 0.3219306466729147 0.04 0.06279287722586692
0 0.615 0.26804123711340205 0.01625 0.05716963448922212
0 0.638125 0.26382380506091846 0.01625 0.014058106841611996