0 0.5769625 0.49022492970946585 0.08607500000000001 0.059850046860356096
0 0.921875 0.6986879100281163 0.05625 0.04592314901593252
0 0.5835125 0.5330459231490159 0.08072500000000005 0.06534208059981259
0 0.6605 0.6561761949390815 0.14650000000000005 0.06721649484536085
0 0.468125 0.5245923149015933 0.10840000000000004 0.06841611996251172
0 0.5213 0.5706466729147142 0.0975 0.05154639175257732
0 0.11125 0.46485473289597 0.07 0.026241799437675725
0 0.655625 0.8120899718837863 0.04375 0.030927835051546393
0 0.7775 0.7689784442361762 0.05 0.03280224929709466
0 0.843125 0.8894095595126523 0.09375 0.031865042174320526
0 0.851875 0.8622305529522024 0.05125 0.02999062792877226
0 0.1469625 0.4890346766635426 0.09088749999999997 0.04112464854732901
0 0.38348750000000004 0.6335613870665417 0.06875 0.023430178069353328
0 0.830625 0.18791002811621368 0.04625 0.02155576382380506
0 0.901875 0.6040299906279287 0.03625 0.06654170571696345
0 0.1822125 0.46083411433926896 0.06772500000000001 0.03314901593252109
0 0.81875 0.563730084348641 0.045 0.03280224929709466
0 0.3454375 0.6425210871602625 0.0725 0.022492970946579195
0 0.059112500000000005 0.5145923149015933 0.061762500000000005 0.031996251171509
0 0.2675 0.6316776007497656 0.08 0.02436738519212746
0 0.10481249999999999 0.5145360824742268 0.08880000000000003 0.03228678537956893
0 0.4679875 0.6459981255857544 0.10078749999999999 0.03203373945641993
0 0.4021 0.08787253983130272 0.020412500000000052 0.05093720712277413
0 0.108875 0.5951640112464854 0.1079 0.023636363636363664
0 0.103125 0.19728209934395502 0.01875 0.01780693533270853
0 0.0075 0.21790065604498593 0.015 0.014058106841611996
0 0.03 0.21836925960637302 0.02 0.013120899718837863
0 0.16875 0.2797563261480787 0.0175 0.010309278350515464
0 0.075 0.13823805060918462 0.03 0.008434864104967198
0 0.046875 0.1415182755388941 0.01875 0.00937207122774133
0 0.37625 0.23711340206185566 0.0175 0.016869728209934397
0 0.504375 0.2600749765698219 0.01875 0.014058106841611996
0 0.501875 0.2900656044985942 0.01625 0.014058106841611996
0 0.375625 0.2539831302717901 0.01625 0.011246485473289597
0 0.7328874999999999 0.16213683223992503 0.028274999999999863 0.022492970946579195
0 0.888125 0.2755388940955951 0.03375 0.020618556701030927
0 0.86 0.32661668228678536 0.03 0.010309278350515464
0 0.779375 0.1373008434864105 0.01875 0.006560449859418931
0 0.11125 0.34629803186504216 0.02 0.01780693533270853
0 0.589375 0.3561387066541706 0.01875 0.013120899718837863
0 0.693125 0.42970946579194 0.03875 0.023430178069353328
0 0.89875 0.3697282099343955 0.035 0.023430178069353328
0 0.741875 0.43673851921274603 0.03625 0.02436738519212746
0 0.81 0.3983130271790066 0.0375 0.01499531396438613
0 0.004375 0.7413308341143393 0.00875 0.016869728209934397
0 0.855625 0.6921274601686973 0.03125 0.023430178069353328
0 0.800625 0.6879100281162137 0.04375 0.016869728209934397
0 0.915625 0.7727272727272727 0.04375 0.014058106841611996
0 0.775625 0.6935332708528584 0.03125 0.016869728209934397
0 0.8576 0.5310684161199625 0.060925000000000014 0.04273664479850038
0 0.7272624999999999 0.6619306466729147 0.07659999999999996 0.04702905342080606
0 0.6050625000000001 0.615398313027179 0.10179999999999993 0.04311152764761012
0 0.6266875000000001 0.5790159325210871 0.08422499999999992 0.04739456419868785
0 0.735825 0.37707591377694466 0.017949999999999876 0.014901593252108694
0 0.719925 0.37719775070290534 0.018274999999999864 0.012727272727272766
0 0.7362125 0.22253045923149015 0.01625 0.01288659793814433
0 0.0639125 0.14873477038425492 0.016137499999999996 0.010890346766635431
0 0.049087500000000006 0.5383880037488286 0.0964625 0.028537956888472396
0 0.0318125 0.5582005623242737 0.063625 0.023701968134957792
0 0.055287499999999996 0.5771790065604498 0.07975 0.01752577319587633
0 0.18815 0.5945454545454545 0.05717500000000001 0.019971883786316726
0 0.2675 0.6042455482661668 0.03688749999999999 0.009456419868790925
0 0.4737875 0.6347610121836925 0.04038749999999993 0.012286785379568791
0 0.3129 0.62485473289597 0.05765000000000001 0.019568884723524003
0 0.23515 0.613842549203374 0.1021125 0.02462043111527646
0 0.1576875 0.6121274601686972 0.10561250000000001 0.02359887535145273
0 0.4236875 0.38590440487347705 0.04243750000000006 0.07050609184629805
0 0.401725 0.32083411433926895 0.03803749999999994 0.06227741330834118
0 0.3903875 0.26647610121836923 0.01542500000000004 0.05680412371134022
0 0.367125 0.26222118088097474 0.015699999999999933 0.013692596063730097