1 0.49375 0.6316776007497656 0.2 0.17619493908153702
1 0.70875 0.5595126522961574 0.2575 0.18837863167760074
0 0.71 0.20805998125585753 0.075 0.053420805998125584
0 0.551875 0.3917525773195876 0.0475 0.02999062792877226
0 0.238125 0.8617619493908154 0.075 0.03280224929709466
0 0.23375 0.7010309278350515 0.05125 0.061855670103092786
0 0.2 0.5051546391752577 0.04125 0.038425492033739454
0 0.375 0.32849109653233366 0.10125 0.06560449859418932
0 0.463125 0.49531396438612935 0.04875 0.02717900656044986
0 0.338125 0.8598875351452671 0.03375 0.029053420805998126
0 0.369375 0.7347703842549204 0.04375 0.03655107778819119
0 0.208125 0.5735707591377694 0.04125 0.03280224929709466
0 0.7175 0.7553889409559512 0.035 0.03561387066541706
0 0.565625 0.48078725398313027 0.06125 0.03655107778819119
0 0.436875 0.5323336457357076 0.05125 0.030927835051546393
0 0.22625 0.41002811621368324 0.0425 0.03561387066541706
0 0.8725 0.6883786316776007 0.035 0.04029990627928772
0 0.063125 0.7089971883786317 0.0475 0.09372071227741331
0 0.965625 0.40674789128397376 0.03 0.04592314901593252
0 0.28125 0.5379568884723523 0.04125 0.11996251171508904
0 0.42875 0.3425492033739456 0.03625 0.02717900656044986
0 0.464375 0.29381443298969073 0.045 0.029053420805998126
0 0.29 0.274601686972821 0.0325 0.01874414245548266
0 0.25125 0.31537019681349576 0.01625 0.020618556701030927
0 0.791875 0.22446110590440488 0.025 0.015932521087160263
0 0.986875 0.33270852858481725 0.02625 0.031865042174320526
0 0.1225 0.5674789128397376 0.02375 0.01499531396438613
0 0.30875 0.33552014995313967 0.03 0.01780693533270853
0 0.03125 0.6358950328022493 0.03375 0.016869728209934397
0 0.1275 0.4217432052483599 0.01625 0.01499531396438613
0 0.293125 0.6358950328022493 0.0225 0.015932521087160263
0 0.00625 0.5941893158388004 0.0125 0.011246485473289597
0 0.05625 0.45220243673851923 0.0125 0.01780693533270853
0 0.090625 0.5004686035613871 0.01125 0.006560449859418931
0 0.04125 0.41424554826616683 0.02125 0.015932521087160263
0 0.11625 0.34208059981255856 0.0275 0.019681349578256794
0 0.456875 0.6283973758200563 0.0175 0.011246485473289597
0 0.405625 0.6030927835051546 0.0225 0.031865042174320526
0 0.42125 0.5613870665417057 0.02 0.013120899718837863
0 0.335 0.457825679475164 0.0175 0.01499531396438613
0 0.46375 0.6466729147141518 0.03125 0.006560449859418931
0 0.83 0.6143392689784443 0.02875 0.031865042174320526
0 0.7175 0.5454545454545454 0.02 0.020618556701030927
0 0.900625 0.344892221180881 0.02375 0.019681349578256794
0 0.78 0.6063730084348641 0.01625 0.031865042174320526
0 0.816875 0.6696344892221181 0.02375 0.02717900656044986
0 0.94 0.6649484536082474 0.03375 0.022492970946579195
0 0.014375 0.6813495782567948 0.02875 0.028116213683223992
0 0.16625 0.6874414245548266 0.02375 0.020618556701030927
0 0.17375 0.7788191190253045 0.0225 0.02155576382380506
0 0.01625 0.8851921274601687 0.0125 0.011246485473289597
0 0.158125 0.8748828491096532 0.01375 0.013120899718837863
0 0.3025 0.7122774133083412 0.015 0.01218369259606373
0 0.0575 0.8819119025304593 0.01625 0.01499531396438613
0 0.015 0.8631677600749765 0.02125 0.01499531396438613
0 0.00625 0.7268041237113402 0.0125 0.019681349578256794
0 0.376875 0.8697282099343955 0.02625 0.019681349578256794
0 0.398125 0.7938144329896907 0.025 0.019681349578256794
0 0.399375 0.668697282099344 0.025 0.029053420805998126
0 0.59 0.718369259606373 0.0175 0.013120899718837863
0 0.83125 0.45407685098406747 0.045 0.028116213683223992
0 0.92875 0.5220243673851921 0.04625 0.03748828491096532
0 0.925 0.5506091846298032 0.0475 0.03467666354264293
0 0.92125 0.5735707591377694 0.0375 0.02717900656044986
0 0.77875 0.6747891283973758 0.015 0.02530459231490159
0 0.950625 0.7221180880974696 0.00875 0.00937207122774133
0 0.89375 0.8327085285848173 0.02 0.010309278350515464
0 0.438125 0.6462043111527648 0.0125 0.006560449859418931
0 0.06625 0.3908153701968135 0.01625 0.01218369259606373
0 0.039375 0.33786316776007497 0.02125 0.01780693533270853
0 0.1925 0.2980318650421743 0.055 0.029053420805998126
0 0.554375 0.3364573570759138 0.01625 0.01218369259606373
0 0.569375 0.3303655107778819 0.01875 0.013120899718837863
0 0.81125 0.22492970946579194 0.02625 0.01874414245548266
1 0.969375 0.45313964386129335 0.06125 0.18650421743205248
1 0.908125 0.4329896907216495 0.18 0.18744142455482662
1 0.9525 0.6101218369259607 0.09375 0.1415182755388941
1 0.87375 0.7521087160262419 0.21625 0.23055295220243674