1 0.49125 0.6316776007497656 0.21125 0.18275538894095594
1 0.285 0.5454545454545454 0.27 0.19775070290534208
0 0.325 0.19540768509840675 0.07875 0.056232427366447985
0 0.460625 0.3889409559512652 0.04875 0.031865042174320526
0 0.71875 0.8772258669165885 0.07625 0.03561387066541706
0 0.741875 0.7174320524835989 0.055 0.06373008434864105
0 0.79875 0.5243673851921274 0.04375 0.03936269915651359
0 0.644375 0.3373945641986879 0.10625 0.06935332708528585
0 0.536875 0.49765698219306465 0.05125 0.029053420805998126
0 0.62 0.8687910028116214 0.035 0.030927835051546393
0 0.6025 0.7427366447985004 0.04625 0.03748828491096532
0 0.781875 0.5923149015932521 0.0425 0.033739456419868794
0 0.25375 0.7403936269915652 0.0375 0.03748828491096532
0 0.436875 0.4765698219306467 0.06375 0.038425492033739454
0 0.559375 0.5365510777881912 0.0525 0.03280224929709466
0 0.783125 0.42830365510777885 0.045 0.03655107778819119
0 0.106875 0.6635426429240863 0.0375 0.04217432052483599
0 0.91125 0.7366447985004686 0.05375 0.09559512652296158
0 0.046875 0.3767572633552015 0.0325 0.046860356138706656
0 0.713125 0.5520149953139644 0.05 0.12089971883786317
0 0.589375 0.3477038425492034 0.0375 0.029053420805998126
0 0.559375 0.2970946579194002 0.04625 0.02999062792877226
0 0.735 0.2891283973758201 0.03375 0.020618556701030927
0 0.769375 0.3322399250234302 0.01875 0.02155576382380506
0 0.24125 0.20618556701030927 0.02625 0.016869728209934397
0 0.031875 0.30178069353327086 0.03125 0.03280224929709466
0 0.868125 0.5923149015932521 0.025 0.015932521087160263
0 0.709375 0.3486410496719775 0.03125 0.01874414245548266
0 0.95125 0.6658856607310215 0.035 0.01874414245548266
0 0.88 0.44611059044048734 0.0175 0.015932521087160263
0 0.690625 0.6490159325210871 0.02375 0.016869728209934397
0 0.981875 0.6260543580131209 0.01625 0.01218369259606373
0 0.948125 0.48125585754451733 0.01375 0.01874414245548266
0 0.908125 0.5271790065604499 0.01125 0.007497656982193065
0 0.966875 0.44470477975632616 0.0225 0.016869728209934397
0 0.900625 0.36785379568884724 0.02875 0.020618556701030927
0 0.528125 0.6307403936269915 0.01875 0.01218369259606373
0 0.581875 0.6091846298031866 0.02375 0.03280224929709466
0 0.57125 0.5660731021555764 0.02125 0.014058106841611996
0 0.669375 0.4690721649484536 0.01875 0.015932521087160263
0 0.519375 0.6485473289597001 0.03125 0.008434864104967198
0 0.158125 0.5923149015932521 0.03 0.03280224929709466
0 0.278125 0.5309278350515464 0.02125 0.02155576382380506
0 0.119375 0.31958762886597936 0.025 0.020618556701030927
0 0.20875 0.5876288659793815 0.0175 0.03280224929709466
0 0.165 0.6485473289597001 0.02625 0.028116213683223992
0 0.0425 0.6354264292408622 0.035 0.023430178069353328
0 0.963125 0.7127460168697282 0.03125 0.02999062792877226
0 0.810625 0.7085285848172446 0.025 0.02155576382380506
0 0.793125 0.7989690721649485 0.025 0.022492970946579195
0 0.9375 0.915182755388941 0.01375 0.01218369259606373
0 0.796875 0.8955014058106842 0.015 0.014058106841611996
0 0.671875 0.7239925023430178 0.01625 0.013120899718837863
0 0.89625 0.9090909090909091 0.0175 0.015932521087160263
0 0.94125 0.8936269915651359 0.02125 0.015932521087160263
0 0.9675 0.7586691658856607 0.02 0.020618556701030927
0 0.579375 0.8762886597938144 0.0275 0.020618556701030927
0 0.5675 0.7994376757263355 0.02625 0.020618556701030927
0 0.580625 0.6747891283973758 0.02625 0.02999062792877226
0 0.385 0.711340206185567 0.01875 0.014058106841611996
0 0.175625 0.43252108716026244 0.0475 0.029053420805998126
0 0.070625 0.4939081537019681 0.04875 0.03936269915651359
0 0.070625 0.5229615745079662 0.05 0.03655107778819119
0 0.071875 0.5459231490159325 0.03875 0.028116213683223992
0 0.201875 0.6560449859418932 0.01625 0.02530459231490159
0 0.025 0.6916588566073102 0.00875 0.00937207122774133
0 0.06875 0.8055295220243673 0.02 0.011246485473289597
0 0.544375 0.6494845360824743 0.01375 0.007497656982193065
0 0.944375 0.41940018744142454 0.01625 0.013120899718837863
0 0.978125 0.3683223992502343 0.0225 0.01780693533270853
0 0.83 0.3191190253045923 0.05625 0.030927835051546393
0 0.465 0.3331771321462043 0.0175 0.01218369259606373
0 0.450625 0.32661668228678536 0.01875 0.013120899718837863
0 0.221875 0.2057169634489222 0.0275 0.019681349578256794
1 0.0375 0.42221180880974696 0.075 0.18837863167760074
1 0.10125 0.40674789128397376 0.1925 0.19400187441424555
1 0.04375 0.5796626054358013 0.0875 0.14526710402999063
1 0.106875 0.7263355201499532 0.21375 0.2380506091846298