0 0.295625 0.38003748828491096 0.07875 0.06747891283973759
0 0.853125 0.44095595126522963 0.10875 0.11996251171508904
1 0.374375 0.7417994376757263 0.14625 0.11715089034676664
0 0.19875 0.47891283973758203 0.08375 0.07403936269915651
0 0.961875 0.3922211808809747 0.07625 0.07403936269915651
0 0.81 0.6569821930646673 0.08625 0.07122774133083412
0 0.888125 0.7202436738519212 0.105 0.09372071227741331
0 0.76 0.5974695407685099 0.07875 0.09653233364573571
0 0.023125 0.5604498594189316 0.04625 0.05998125585754452
0 0.72375 0.5267104029990628 0.1525 0.08528584817244611
0 0.0425 0.4662605435801312 0.085 0.05998125585754452
1 0.274375 0.6701030927835051 0.1575 0.11715089034676664
0 0.4475 0.3823805060918463 0.04375 0.03280224929709466
0 0.408125 0.6433926897844423 0.04375 0.033739456419868794
0 0.70625 0.8847235238987816 0.03875 0.02999062792877226
0 0.4125 0.4878163074039363 0.065 0.04592314901593252
0 0.334375 0.47703842549203374 0.06125 0.038425492033739454
0 0.160625 0.5693533270852859 0.05 0.046860356138706656
0 0.779375 0.8711340206185567 0.05375 0.04311152764761012
0 0.355 0.5032802249297095 0.04625 0.02717900656044986
0 0.11125 0.5876288659793815 0.065 0.07310215557638237
0 0.216875 0.38612933458294285 0.0475 0.056232427366447985
0 0.4 0.5529522024367385 0.04375 0.03655107778819119
0 0.163125 0.5393626991565136 0.05 0.04873477038425492
0 0.614375 0.4414245548266167 0.075 0.06654170571696345
0 0.976875 0.6012183692596064 0.03125 0.05248359887535145
0 0.71875 0.3402061855670103 0.03 0.014058106841611996
0 0.42875 0.2970946579194002 0.015 0.011246485473289597
0 0.163125 0.2736644798500469 0.03125 0.019681349578256794
0 0.271875 0.30178069353327086 0.03125 0.020618556701030927
0 0.0975 0.2713214620431115 0.015 0.011246485473289597
0 0.09875 0.2624179943767573 0.0175 0.008434864104967198
0 0.194375 0.29990627928772257 0.01375 0.01499531396438613
0 0.9475 0.598406747891284 0.01125 0.011246485473289597
0 0.33875 0.5679475164011246 0.03125 0.02436738519212746
0 0.44875 0.6021555763823805 0.0375 0.02717900656044986
0 0.508125 0.4817244611059044 0.02375 0.01780693533270853
0 0.424375 0.5791940018744143 0.025 0.01499531396438613
0 0.521875 0.5866916588566073 0.01625 0.013120899718837863
0 0.545 0.6438612933458294 0.0075 0.005623242736644799
0 0.106875 0.5135895032802249 0.01625 0.01218369259606373
0 0.765625 0.7497656982193065 0.03 0.019681349578256794
0 0.74125 0.887535145267104 0.02 0.016869728209934397
0 0.744375 0.6944704779756327 0.01375 0.011246485473289597
0 0.774375 0.7600749765698219 0.02625 0.019681349578256794
0 0.8275 0.8444236176194939 0.01125 0.007497656982193065
0 0.42 0.8219306466729147 0.03125 0.02436738519212746
0 0.34125 0.9044048734770385 0.03375 0.026241799437675725
0 0.418125 0.7099343955014058 0.0275 0.02999062792877226
0 0.581875 0.7085285848172446 0.02625 0.022492970946579195
0 0.479375 0.6963448922211809 0.0275 0.014058106841611996
0 0.364375 0.92970946579194 0.0275 0.01874414245548266
0 0.3525 0.8626991565135895 0.0275 0.019681349578256794
0 0.453125 0.6925960637300843 0.02 0.019681349578256794
0 0.4075 0.7966260543580131 0.01875 0.015932521087160263
0 0.3875 0.802717900656045 0.0225 0.016869728209934397
0 0.28375 0.7661668228678538 0.02625 0.02436738519212746
0 0.296875 0.676663542642924 0.01625 0.014058106841611996
0 0.72125 0.3303655107778819 0.02375 0.00937207122774133
0 0.715 0.5515463917525774 0.01875 0.01499531396438613
0 0.666875 0.5773195876288659 0.01625 0.013120899718837863
0 0.838125 0.6565135895032802 0.04 0.026241799437675725
0 0.931875 0.6115276476101218 0.03 0.01874414245548266
0 0.95125 0.6152764761012184 0.03375 0.019681349578256794
0 0.610625 0.49765698219306465 0.06 0.05154639175257732
0 0.0175 0.6246485473289597 0.0175 0.011246485473289597
1 0.061875 0.457825679475164 0.12375 0.13776944704779756
0 0.1925 0.40674789128397376 0.01625 0.014058106841611996