0 0.7125 0.38847235238987815 0.07375 0.06560449859418932
0 0.15125 0.42736644798500467 0.10125 0.11715089034676664
1 0.60875 0.746485473289597 0.14 0.11246485473289597
0 0.8025 0.49109653233364575 0.08 0.07122774133083412
0 0.040625 0.3739456419868791 0.08125 0.07122774133083412
0 0.18 0.6443298969072165 0.08125 0.06841611996251172
0 0.096875 0.704311152764761 0.1 0.09090909090909091
0 0.23375 0.5871602624179943 0.0725 0.09465791940018745
0 0.975 0.5791940018744143 0.05 0.05810684161199625
0 0.274375 0.5178069353327085 0.1475 0.08059981255857544
0 0.959375 0.48406747891283974 0.08125 0.05716963448922212
1 0.713125 0.6790065604498594 0.15125 0.11246485473289597
0 0.560625 0.3847235238987816 0.0425 0.031865042174320526
0 0.581875 0.6471415182755389 0.0425 0.03280224929709466
0 0.266875 0.8762886597938144 0.03625 0.028116213683223992
0 0.588125 0.4915651358950328 0.0625 0.04311152764761012
0 0.6675 0.4835988753514527 0.05875 0.03561387066541706
0 0.834375 0.5824742268041238 0.04625 0.04592314901593252
0 0.195625 0.8598875351452671 0.05125 0.041237113402061855
0 0.644375 0.5089034676663543 0.04375 0.026241799437675725
0 0.881875 0.6026241799437676 0.06125 0.07122774133083412
0 0.790625 0.39737582005623245 0.04375 0.05529522024367385
0 0.59625 0.5567010309278351 0.04125 0.03561387066541706
0 0.83375 0.5524835988753515 0.0475 0.04779756326148079
0 0.39 0.4372071227741331 0.07 0.06466729147141519
0 0.016875 0.5824742268041238 0.0275 0.05154639175257732
0 0.293125 0.33177132146204313 0.03 0.013120899718837863
0 0.585625 0.3003748828491096 0.01375 0.010309278350515464
0 0.8525 0.2872539831302718 0.03 0.01874414245548266
0 0.74125 0.3106841611996251 0.03 0.019681349578256794
0 0.9175 0.2872539831302718 0.015 0.011246485473289597
0 0.916875 0.27835051546391754 0.01625 0.008434864104967198
0 0.819375 0.31208997188378634 0.0125 0.014058106841611996
0 0.04625 0.5805998125585754 0.01125 0.010309278350515464
0 0.65625 0.5740393626991566 0.03 0.023430178069353328
0 0.544375 0.6040299906279287 0.035 0.02530459231490159
0 0.493125 0.4817244611059044 0.0225 0.016869728209934397
0 0.57 0.5820056232427366 0.025 0.014058106841611996
0 0.471875 0.5857544517338332 0.01625 0.013120899718837863
0 0.445 0.6419868791002812 0.0075 0.004686035613870665
0 0.89125 0.5290534208059982 0.01625 0.01218369259606373
0 0.2175 0.738987816307404 0.02875 0.01874414245548266
0 0.2325 0.8776944704779757 0.01875 0.016869728209934397
0 0.2425 0.6846298031865042 0.01375 0.011246485473289597
0 0.2075 0.7488284910965324 0.025 0.01874414245548266
0 0.14875 0.830834114339269 0.01 0.006560449859418931
0 0.556875 0.8247422680412371 0.03 0.023430178069353328
0 0.63 0.9100281162136832 0.03125 0.02530459231490159
0 0.566875 0.7127460168697282 0.02625 0.029053420805998126
0 0.40375 0.7052483598875351 0.025 0.02155576382380506
0 0.506875 0.6968134957825679 0.0275 0.013120899718837863
0 0.605625 0.9343955014058107 0.02625 0.01780693533270853
0 0.621875 0.8678537956888472 0.02625 0.01874414245548266
0 0.53375 0.6944704779756327 0.01875 0.019681349578256794
0 0.571875 0.7999062792877226 0.0175 0.015932521087160263
0 0.59125 0.8064667291471416 0.02125 0.015932521087160263
0 0.6975 0.7741330834114339 0.025 0.023430178069353328
0 0.690625 0.6846298031865042 0.01625 0.014058106841611996
0 0.996875 0.6921274601686973 0.00625 0.010309278350515464
0 0.29125 0.3219306466729147 0.02375 0.008434864104967198
0 0.281875 0.5431115276476102 0.0175 0.014058106841611996
0 0.328125 0.5707591377694471 0.015 0.013120899718837863
0 0.15125 0.6429240862230553 0.03875 0.02530459231490159
0 0.060625 0.5946579194001874 0.02875 0.01780693533270853
0 0.04125 0.5974695407685099 0.0325 0.01874414245548266
0 0.389375 0.49343955014058105 0.05625 0.04967197750702906
0 0.973125 0.6433926897844423 0.01625 0.011246485473289597
1 0.94125 0.4746954076850984 0.1175 0.13402061855670103
0 0.81375 0.4189315838800375 0.015 0.014058106841611996