0 0.260625 0.38612933458294285 0.0975 0.07591377694470477
0 0.529375 0.3388003748828491 0.11375 0.1134020618556701
0 0.676875 0.2225866916588566 0.1225 0.11808809746954077
0 0.321875 0.35332708528584816 0.10375 0.06935332708528585
0 0.16125 0.5257731958762887 0.0925 0.06841611996251172
0 0.791875 0.4775070290534208 0.08125 0.05998125585754452
0 0.684375 0.49953139643861294 0.10125 0.07872539831302718
0 0.79375 0.204311152764761 0.08875 0.06279287722586692
0 0.2875 0.49765698219306465 0.07 0.04873477038425492
0 0.19875 0.253514526710403 0.08 0.05716963448922212
0 0.66375 0.6771321462043112 0.09125 0.1105904404873477
0 0.575625 0.12792877225866917 0.08125 0.05154639175257732
0 0.715625 0.6499531396438613 0.07875 0.07122774133083412
0 0.070625 0.6138706654170571 0.0425 0.031865042174320526
0 0.810625 0.25585754451733833 0.06375 0.04967197750702906
0 0.3175 0.4311152764761012 0.03125 0.033739456419868794
0 0.243125 0.6438612933458294 0.0475 0.038425492033739454
0 0.30625 0.6888472352389878 0.04625 0.03467666354264293
0 0.11625 0.46485473289597 0.04375 0.03467666354264293
0 0.14875 0.7872539831302718 0.04125 0.03280224929709466
0 0.24625 0.24976569821930647 0.06875 0.04873477038425492
0 0.178125 0.20290534208059982 0.08 0.059044048734770385
0 0.98625 0.5670103092783505 0.0275 0.041237113402061855
0 0.30125 0.16307403936269915 0.085 0.023430178069353328
0 0.731875 0.0866916588566073 0.06875 0.09184629803186505
0 0.195 0.1888472352389878 0.08875 0.06373008434864105
0 0.0125 0.380506091846298 0.025 0.041237113402061855
0 0.036875 0.28256794751640113 0.06 0.04029990627928772
0 0.975625 0.38191190253045926 0.0325 0.041237113402061855
0 0.336875 0.4723523898781631 0.035 0.028116213683223992
0 0.423125 0.5688847235238987 0.01625 0.011246485473289597
0 0.13875 0.48406747891283974 0.03125 0.02155576382380506
0 0.325625 0.6012183692596064 0.0225 0.011246485473289597
0 0.721875 0.8739456419868791 0.01375 0.010309278350515464
0 0.41 0.8448922211808809 0.0225 0.011246485473289597
0 0.679375 0.8908153701968134 0.02375 0.01499531396438613
0 0.56 0.7924086223055296 0.02125 0.010309278350515464
0 0.445625 0.7268041237113402 0.0225 0.010309278350515464
0 0.34875 0.8120899718837863 0.03 0.02530459231490159
0 0.035625 0.7300843486410497 0.03125 0.030927835051546393
0 0.268125 0.9100281162136832 0.02 0.01780693533270853
0 0.5425 0.3294283036551078 0.0375 0.02999062792877226
0 0.374375 0.23149015932521086 0.0425 0.02530459231490159
0 0.260625 0.09606373008434864 0.0225 0.01780693533270853
0 0.385 0.5 0.04 0.02717900656044986
0 0.45875 0.48500468603561386 0.01875 0.014058106841611996
0 0.45 0.5707591377694471 0.0125 0.008434864104967198
0 0.524375 0.6377694470477976 0.0775 0.015932521087160263
0 0.70375 0.782099343955014 0.0125 0.014058106841611996
1 0.6625 0.5482661668228679 0.17875 0.14901593252108716
1 0.443125 0.4400187441424555 0.22375 0.13683223992502344
1 0.43875 0.45220243673851923 0.22125 0.1358950328022493