0 0.709375 0.35660731021555764 0.10125 0.07778819119025304
0 0.43375 0.344892221180881 0.11875 0.11527647610121837
0 0.26125 0.24976569821930647 0.1275 0.12089971883786317
0 0.64125 0.3322399250234302 0.10625 0.07216494845360824
0 0.84 0.48125585754451733 0.095 0.07029053420805999
0 0.2075 0.5159325210871603 0.08375 0.061855670103092786
0 0.31875 0.5238987816307404 0.105 0.08153701968134958
0 0.141875 0.24695407685098406 0.09125 0.06466729147141519
0 0.70875 0.4700093720712277 0.0725 0.04967197750702906
0 0.739375 0.21836925960637302 0.0825 0.059044048734770385
0 0.38 0.6954076850984068 0.09625 0.11246485473289597
0 0.339375 0.14339268978444236 0.08375 0.053420805998125584
0 0.3225 0.6757263355201499 0.08125 0.07310215557638237
0 0.949375 0.5567010309278351 0.04375 0.03280224929709466
0 0.1375 0.29990627928772257 0.06625 0.05154639175257732
0 0.66375 0.408622305529522 0.0325 0.033739456419868794
0 0.78625 0.6082474226804123 0.04875 0.03936269915651359
0 0.734375 0.6607310215557638 0.0475 0.03561387066541706
0 0.869375 0.41518275538894095 0.045 0.03561387066541706
0 0.911875 0.7371134020618557 0.0425 0.033739456419868794
0 0.691875 0.22071227741330834 0.07125 0.04967197750702906
0 0.74875 0.16588566073102157 0.0825 0.06091846298031865
0 0.031875 0.6298031865042174 0.0375 0.041237113402061855
0 0.6175 0.14245548266166824 0.08625 0.02530459231490159
0 0.175625 0.1232427366447985 0.0725 0.09278350515463918
0 0.72875 0.1541705716963449 0.09125 0.06560449859418932
0 0.958125 0.3181818181818182 0.04 0.04217432052483599
0 0.905625 0.225398313027179 0.06125 0.041237113402061855
0 0.010625 0.4456419868791003 0.02125 0.04217432052483599
0 0.654375 0.45173383317713217 0.03625 0.029053420805998126
0 0.59125 0.5576382380506092 0.01625 0.011246485473289597
0 0.851875 0.4372071227741331 0.0325 0.02155576382380506
0 0.695 0.5768509840674789 0.0225 0.01218369259606373
0 0.368125 0.8973758200562324 0.01375 0.010309278350515464
0 0.66875 0.8280224929709465 0.0225 0.01218369259606373
0 0.41375 0.9081537019681349 0.02375 0.015932521087160263
0 0.50875 0.795688847235239 0.02125 0.011246485473289597
0 0.60625 0.7164948453608248 0.0225 0.011246485473289597
0 0.72125 0.7872539831302718 0.03125 0.026241799437675725
0 0.823125 0.8734770384254921 0.02125 0.01780693533270853
0 0.41875 0.3373945641986879 0.03875 0.030927835051546393
0 0.561875 0.21883786316776008 0.04375 0.026241799437675725
0 0.641875 0.07122774133083412 0.02375 0.01874414245548266
0 0.613125 0.4854732895970009 0.04125 0.028116213683223992
0 0.536875 0.47985004686035615 0.01875 0.014058106841611996
0 0.565625 0.563261480787254 0.0125 0.008434864104967198
0 0.508125 0.6391752577319587 0.07875 0.01874414245548266
0 0.365 0.8041237113402062 0.0125 0.014058106841611996
0 0.041875 0.8059981255857545 0.00625 0.016869728209934397
1 0.35125 0.5688847235238987 0.185 0.1527647610121837
1 0.541875 0.43345829428303656 0.22875 0.1415182755388941
1 0.549375 0.44470477975632616 0.22625 0.14058106841611998