0 0.60375 0.5220657276995305 0.11875 0.12300469483568074
0 0.263125 0.9178403755868545 0.1 0.1136150234741784
0 0.48 0.6347417840375587 0.1575 0.107981220657277
0 0.52125 0.5807511737089202 0.14625 0.10704225352112676
0 0.26625 0.8051643192488263 0.13125 0.14553990610328638
0 0.581875 0.6995305164319249 0.08 0.05821596244131456
0 0.4875 0.8230046948356807 0.06625 0.048826291079812206
1 0.796875 0.8760563380281691 0.30125 0.1643192488262911
0 0.406875 0.26901408450704223 0.085 0.059154929577464786
0 0.255 0.7150234741784037 0.06375 0.05727699530516432
0 0.535 0.2323943661971831 0.05125 0.04507042253521127
0 0.525 0.7450704225352113 0.065 0.04788732394366197
0 0.018125 0.423943661971831 0.03625 0.046009389671361506
0 0.30375 0.12769953051643193 0.05 0.04507042253521127
0 0.430625 0.7511737089201878 0.05875 0.046009389671361506
0 0.589375 0.29859154929577464 0.05 0.03286384976525822
0 0.68875 0.7492957746478873 0.05375 0.036619718309859155
0 0.311875 0.31690140845070425 0.0775 0.18028169014084508
0 0.36125 0.4793427230046948 0.07125 0.14366197183098592
0 0.26125 0.2 0.03375 0.046948356807511735
0 0.50125 0.07136150234741784 0.0525 0.046948356807511735
0 0.406875 0.04225352112676056 0.05125 0.03286384976525822
0 0.398125 0.5868544600938967 0.08625 0.046948356807511735
0 0.3525 0.2737089201877934 0.03875 0.07136150234741784
0 0.435 0.3967136150234742 0.04125 0.06103286384976526
0 0.085 0.9375586854460094 0.04 0.04507042253521127
0 0.014375 0.37183098591549296 0.02875 0.07511737089201878
0 0.764375 0.7577464788732394 0.05 0.030985915492957747
0 0.59375 0.3342723004694836 0.055 0.038497652582159626
1 0.885625 0.7779342723004695 0.22875 0.15868544600938966
0 0.52625 0.41784037558685444 0.0375 0.02910798122065728
0 0.46 0.4164319248826291 0.025 0.0215962441314554
0 0.83625 0.4469483568075117 0.0325 0.022535211267605635
0 0.91625 0.5169014084507042 0.1675 0.12488262910798122
0 0.525 0.5502347417840375 0.0225 0.01971830985915493
0 0.344375 0.4112676056338028 0.0275 0.04225352112676056
0 0.99125 0.6887323943661972 0.0175 0.01784037558685446
1 0.848125 0.3023474178403756 0.26625 0.1652582159624413
0 0.803125 0.352112676056338 0.015 0.007511737089201878
0 0.02875 0.6671361502347418 0.0275 0.107981220657277