0 0.594375 0.5389671361502347 0.11625 0.12206572769953052
0 0.144375 0.8671361502347418 0.09875 0.11267605633802817
0 0.44 0.6276995305164319 0.155 0.10610328638497653
0 0.496875 0.5821596244131455 0.14375 0.10516431924882629
0 0.18125 0.7582159624413145 0.12875 0.14366197183098592
0 0.52 0.7084507042253522 0.07875 0.05727699530516432
0 0.39125 0.812206572769953 0.065 0.048826291079812206
1 0.676875 0.9164319248826291 0.29875 0.16056338028169015
0 0.478125 0.2591549295774648 0.085 0.05821596244131456
0 0.196875 0.668075117370892 0.06375 0.056338028169014086
0 0.61375 0.24507042253521127 0.05 0.04507042253521127
0 0.450625 0.7431924882629108 0.06375 0.04788732394366197
0 0.045 0.3431924882629108 0.05375 0.046009389671361506
0 0.42 0.10422535211267606 0.04875 0.044131455399061034
0 0.356875 0.7328638497652582 0.0575 0.04507042253521127
0 0.6475 0.3192488262910798 0.04875 0.03286384976525822
0 0.609375 0.7746478873239436 0.0525 0.036619718309859155
0 0.371875 0.2896713615023474 0.07375 0.18028169014084508
0 0.37125 0.4568075117370892 0.0675 0.14272300469483568
0 0.3575 0.1671361502347418 0.0325 0.046948356807511735
0 0.63 0.08262910798122065 0.0525 0.046948356807511735
0 0.54625 0.038028169014084505 0.05 0.03286384976525822
0 0.375 0.5671361502347417 0.085 0.046009389671361506
0 0.42375 0.2544600938967136 0.0375 0.07136150234741784
0 0.468125 0.3882629107981221 0.04 0.06009389671361502
0 0.058125 0.292018779342723 0.04125 0.07511737089201878
0 0.680625 0.795774647887324 0.05 0.030985915492957747
0 0.640625 0.3544600938967136 0.055 0.03755868544600939
1 0.82125 0.8413145539906103 0.28375 0.15492957746478872
0 0.55 0.4244131455399061 0.0375 0.02910798122065728
0 0.485625 0.41220657276995304 0.025 0.0215962441314554
0 0.843125 0.5046948356807511 0.03125 0.0215962441314554
0 0.9075 0.5882629107981221 0.18 0.12300469483568074
0 0.509375 0.5530516431924882 0.0225 0.01971830985915493
0 0.375 0.3873239436619718 0.0275 0.04225352112676056
0 0.9275 0.7680751173708921 0.0275 0.01784037558685446
1 0.883125 0.3657276995305164 0.23375 0.1624413145539906
0 0.84 0.4070422535211268 0.015 0.007511737089201878