1 0.445 0.802717900656045 0.30125 0.16119962511715089
1 0.818125 0.6148078725398313 0.32 0.21274601686972822
0 0.176875 0.6682286785379569 0.07375 0.05529522024367385
0 0.401875 0.2755388940955951 0.0975 0.07029053420805999
0 0.293125 0.5449859418931584 0.1 0.1021555763823805
0 0.2475 0.6134020618556701 0.08375 0.05248359887535145
0 0.3425 0.42033739456419866 0.07875 0.1049671977507029
0 0.225 0.1569821930646673 0.0475 0.029053420805998126
0 0.469375 0.23477038425492033 0.06625 0.03655107778819119
0 0.041875 0.37207122774133083 0.0625 0.04779756326148079
0 0.19125 0.8205248359887535 0.08375 0.046860356138706656
0 0.398125 0.7014995313964386 0.20875 0.08153701968134958
0 0.90375 0.6752577319587629 0.0575 0.02530459231490159
1 0.448125 0.5791940018744143 0.31 0.15745079662605435
0 0.028125 0.4700093720712277 0.05125 0.031865042174320526
0 0.55125 0.19775070290534208 0.03625 0.019681349578256794
0 0.640625 0.16494845360824742 0.02875 0.01218369259606373
0 0.126875 0.22586691658856609 0.04 0.023430178069353328
0 0.66875 0.6433926897844423 0.0175 0.023430178069353328
0 0.736875 0.4803186504217432 0.01625 0.014058106841611996
0 0.65875 0.6255857544517338 0.0125 0.023430178069353328
0 0.545 0.3880037488284911 0.01375 0.020618556701030927
0 0.54 0.3739456419868791 0.0125 0.020618556701030927
0 0.368125 0.6063730084348641 0.01875 0.016869728209934397
0 0.389375 0.5749765698219307 0.02375 0.01499531396438613
0 0.11375 0.4700093720712277 0.03625 0.02717900656044986
0 0.1425 0.4878163074039363 0.035 0.029053420805998126
0 0.18625 0.36597938144329895 0.03125 0.028116213683223992
0 0.019375 0.4484536082474227 0.03125 0.031865042174320526
0 0.685 0.8448922211808809 0.0225 0.01218369259606373
0 0.700625 0.8533270852858482 0.0225 0.014058106841611996
0 0.6175 0.9601686972820993 0.0225 0.01499531396438613
0 0.62625 0.7352389878163074 0.0225 0.013120899718837863
0 0.023125 0.6968134957825679 0.02875 0.022492970946579195
0 0.156875 0.7652296157450796 0.0225 0.01874414245548266
0 0.414375 0.4442361761949391 0.01625 0.007497656982193065
0 0.36125 0.4990627928772259 0.01375 0.00937207122774133
0 0.275 0.43158388003748827 0.03875 0.026241799437675725
0 0.260625 0.32005623242736647 0.08375 0.053420805998125584
0 0.413125 0.3233364573570759 0.02375 0.041237113402061855
0 0.42625 0.33598875351452673 0.02 0.038425492033739454
0 0.041875 0.1640112464854733 0.01125 0.01780693533270853
0 0.405 0.5838800374882849 0.015 0.010309278350515464
0 0.44375 0.6068416119962512 0.155 0.05435801312089972
0 0.53125 0.8828491096532334 0.1075 0.17150890346766634
0 0.874375 0.6068416119962512 0.01625 0.00937207122774133
0 0.995625 0.4620431115276476 0.00875 0.022492970946579195
0 0.955 0.4592314901593252 0.01875 0.01874414245548266
1 0.945 0.4231490159325211 0.11 0.16026241799437677