1 0.45625 0.8036551077788191 0.31125 0.17432052483598875
1 0.160625 0.5529522024367385 0.32125 0.2268041237113402
0 0.759375 0.7221180880974696 0.0775 0.05810684161199625
0 0.6675 0.29990627928772257 0.1025 0.07403936269915651
0 0.68625 0.5810684161199625 0.1075 0.10590440487347703
0 0.708125 0.6555763823805061 0.0875 0.056232427366447985
0 0.67875 0.45126522961574506 0.0875 0.1077788191190253
0 0.8775 0.2169634489222118 0.05 0.030927835051546393
0 0.615 0.2478912839737582 0.06875 0.03936269915651359
0 0.97625 0.4592314901593252 0.0475 0.05060918462980318
0 0.69625 0.8669165885660731 0.08625 0.05060918462980318
0 0.53375 0.7136832239925024 0.21375 0.09184629803186505
0 0.051875 0.5965323336457357 0.05875 0.028116213683223992
1 0.525 0.5862230552952202 0.32 0.17150890346766634
0 0.9675 0.5567010309278351 0.0525 0.03467666354264293
0 0.548125 0.19728209934395502 0.0375 0.02155576382380506
0 0.471875 0.14948453608247422 0.02875 0.013120899718837863
0 0.950625 0.30178069353327086 0.04125 0.02436738519212746
0 0.29 0.6082474226804123 0.02 0.02436738519212746
0 0.27625 0.43767572633552015 0.0175 0.01499531396438613
0 0.305625 0.5932521087160263 0.015 0.023430178069353328
0 0.4925 0.38331771321462044 0.015 0.020618556701030927
0 0.501875 0.3701968134957826 0.01375 0.020618556701030927
0 0.593125 0.626991565135895 0.02 0.01780693533270853
0 0.583125 0.5927835051546392 0.025 0.015932521087160263
0 0.884375 0.5407685098406748 0.03875 0.029053420805998126
0 0.850625 0.5529522024367385 0.0375 0.030927835051546393
0 0.8475 0.4268978444236176 0.03375 0.029053420805998126
0 0.983125 0.5370196813495782 0.03375 0.03280224929709466
0 0.209375 0.8008434864104967 0.02375 0.014058106841611996
0 0.191875 0.8064667291471416 0.02375 0.01499531396438613
0 0.2375 0.9250234301780693 0.02375 0.015932521087160263
0 0.301875 0.7052483598875351 0.02375 0.014058106841611996
0 0.89875 0.7774133083411434 0.03 0.023430178069353328
0 0.7475 0.8195876288659794 0.02375 0.019681349578256794
0 0.60125 0.46157450796626054 0.01625 0.008434864104967198
0 0.635 0.5238987816307404 0.01375 0.010309278350515464
0 0.740625 0.4742268041237113 0.04125 0.028116213683223992
0 0.79 0.36879100281162136 0.0875 0.05716963448922212
0 0.64125 0.34395501405810686 0.0275 0.04217432052483599
0 0.624375 0.3542642924086223 0.0225 0.03936269915651359
0 0.565625 0.598875351452671 0.015 0.011246485473289597
0 0.52 0.6138706654170571 0.1575 0.061855670103092786
0 0.34625 0.865979381443299 0.1225 0.17525773195876287
0 0.101875 0.5356138706654171 0.0175 0.00937207122774133
0 0.0275 0.37300843486410495 0.0175 0.023430178069353328
0 0.071875 0.3776944704779756 0.02 0.019681349578256794
1 0.083125 0.3430178069353327 0.14125 0.16494845360824742