1 0.4425925925925926 0.1175925925925926 0.3175925925925926 0.175
0 0.5351851851851852 0.2962962962962963 0.017592592592592594 0.01574074074074074
0 0.6703703703703704 0.37777777777777777 0.019444444444444445 0.01574074074074074
0 0.55 0.45092592592592595 0.013888888888888888 0.011111111111111112
1 0.5078703703703704 0.29583333333333334 0.16296296296296298 0.15185185185185185
1 0.3680555555555556 0.3675925925925926 0.10462962962962963 0.16111111111111112
1 0.42083333333333334 0.37592592592592594 0.1648148148148148 0.2537037037037037
1 0.5342592592592592 0.549074074074074 0.1527777777777778 0.1259259259259259
1 0.33935185185185185 0.5601851851851852 0.23703703703703705 0.1962962962962963
1 0.6615740740740741 0.38472222222222224 0.15833333333333333 0.12777777777777777
1 0.7870370370370371 0.49074074074074076 0.0787037037037037 0.15185185185185185
1 0.7564814814814815 0.5402777777777777 0.1037037037037037 0.2490740740740741
1 0.5981481481481481 0.6791666666666667 0.125 0.23703703703703705
1 0.6199074074074075 0.8421296296296297 0.15 0.18981481481481483