1 0.46296296296296297 0.11481481481481481 0.3101851851851852 0.15833333333333333
0 0.5458333333333333 0.29814814814814816 0.016666666666666666 0.014814814814814815
0 0.6768518518518518 0.38657407407407407 0.018518518518518517 0.014814814814814815
0 0.5527777777777778 0.4532407407407407 0.012962962962962963 0.010185185185185186
1 0.5185185185185185 0.2962962962962963 0.15555555555555556 0.14351851851851852
1 0.37546296296296294 0.36064814814814816 0.0962962962962963 0.15648148148148147
1 0.4273148148148148 0.37222222222222223 0.15185185185185185 0.24537037037037038
1 0.5314814814814814 0.5504629629629629 0.14722222222222223 0.11851851851851852
1 0.3365740740740741 0.5518518518518518 0.22777777777777777 0.18425925925925926
1 0.6671296296296296 0.39351851851851855 0.1527777777777778 0.12037037037037036
1 0.7870370370370371 0.5060185185185185 0.0712962962962963 0.14814814814814814
1 0.7537037037037037 0.5537037037037037 0.09074074074074075 0.24537037037037038
1 0.5888888888888889 0.6842592592592592 0.11296296296296296 0.23148148148148148
1 0.6018518518518519 0.8481481481481481 0.14074074074074075 0.1824074074074074