1 0.46276851851851847 0.11499999999999999 0.30974074074074065 0.15868518518518518
0 0.5458240740740741 0.29824074074074075 0.016861111111111146 0.014629629629629588
0 0.67675 0.38669444444444445 0.01874074074074075 0.014907407407407428
0 0.5526944444444444 0.4534444444444445 0.013175925925925943 0.010620370370370396
1 0.5186574074074074 0.2963796296296296 0.155462962962963 0.1434722222222222
1 0.3752407407407407 0.36073148148148143 0.09620370370370368 0.15646296296296297
1 0.42737037037037034 0.37205555555555553 0.15217592592592594 0.24569444444444447
1 0.5316481481481481 0.5506296296296296 0.1470555555555555 0.11843518518518525
1 0.33664814814814814 0.5517685185185185 0.2275833333333333 0.18443518518518523
1 0.667212962962963 0.39352777777777775 0.1525833333333333 0.12038888888888888
1 0.7872129629629631 0.5057962962962963 0.0713148148148148 0.14804629629629623
1 0.7539166666666667 0.5535277777777777 0.09107407407407399 0.24497222222222217
1 0.5887314814814815 0.6841574074074074 0.11270370370370372 0.23109259259259252
1 0.6017222222222223 0.8479444444444444 0.14087037037037045 0.18253703703703691