0 0.6403769841269841 0.011160714285714286 0.025793650793650792 0.019345238095238096
0 0.4353505291005291 0.04303075396825397 0.015542328042328041 0.010912698412698412
0 0.5074404761904762 0.06671626984126984 0.040013227513227514 0.021577380952380952
0 0.5076058201058201 0.10342261904761904 0.041005291005291 0.02703373015873016
0 0.6378968253968254 0.07713293650793651 0.025793650793650792 0.01711309523809524
0 0.5749007936507936 0.1212797619047619 0.027116402116402115 0.018105158730158732
0 0.47271825396825395 0.1722470238095238 0.0582010582010582 0.043154761904761904
0 0.6190476190476191 0.17733134920634921 0.12136243386243387 0.07242063492063493
0 0.6628637566137566 0.14322916666666666 0.11044973544973545 0.06770833333333333
0 0.7247023809523809 0.1722470238095238 0.012566137566137565 0.011904761904761904
0 0.65244708994709 0.23983134920634921 0.06018518518518518 0.06522817460317461
0 0.5750661375661376 0.24764384920634921 0.021164021164021163 0.017361111111111112
0 0.4722222222222222 0.2642609126984127 0.0291005291005291 0.024553571428571428
0 0.4664351851851852 0.29191468253968256 0.01025132275132275 0.023561507936507936
0 0.5353835978835979 0.3325892857142857 0.03935185185185185 0.020337301587301588
0 0.6246693121693122 0.2961309523809524 0.015542328042328041 0.010912698412698412
0 0.613260582010582 0.35615079365079366 0.01455026455026455 0.01066468253968254
0 0.6896494708994709 0.32998511904761907 0.012896825396825396 0.00992063492063492
0 0.8427579365079365 0.3412698412698413 0.022156084656084655 0.025049603174603176
0 0.8697089947089947 0.3444940476190476 0.032407407407407406 0.015376984126984126
0 0.8984788359788359 0.33296130952380953 0.02447089947089947 0.013392857142857142
0 0.9558531746031746 0.29402281746031744 0.026124338624338623 0.014136904761904762
0 0.94130291005291 0.31039186507936506 0.05489417989417989 0.03422619047619048
0 0.9783399470899471 0.3413938492063492 0.004629629629629629 0.002728174603174603
0 0.8225859788359788 0.28881448412698413 0.0625 0.029017857142857144
0 0.923941798941799 0.23462301587301587 0.05853174603174603 0.03993055555555555
0 0.9485780423280423 0.24838789682539683 0.01488095238095238 0.00744047619047619
0 0.9659391534391535 0.26599702380952384 0.008597883597883597 0.00744047619047619
0 0.8951719576719577 0.20721726190476192 0.030753968253968252 0.026537698412698412
0 0.8796296296296297 0.2197420634920635 0.01025132275132275 0.008432539682539682
0 0.9513888888888888 0.18390376984126985 0.013888888888888888 0.011904761904761904
0 0.9477513227513228 0.14124503968253968 0.01455026455026455 0.03844246031746032
0 0.8735119047619048 0.15637400793650794 0.011574074074074073 0.01240079365079365
0 0.8551587301587301 0.06547619047619048 0.0701058201058201 0.09771825396825397
0 0.9279100529100529 0.06820436507936507 0.021494708994708994 0.0220734126984127
1 0.7380952380952381 0.20560515873015872 0.10813492063492064 0.10441468253968254
1 0.74619708994709 0.29030257936507936 0.1431878306878307 0.09300595238095238
1 0.5785383597883598 0.2898065476190476 0.2056878306878307 0.1185515873015873
1 0.8275462962962963 0.3368055555555556 0.061507936507936505 0.03943452380952381
1 0.7741402116402116 0.24020337301587302 0.28505291005291006 0.22247023809523808