0 0.62880291005291 0.009548611111111112 0.026124338624338623 0.019097222222222224
0 0.4246031746031746 0.04389880952380952 0.015873015873015872 0.011160714285714286
0 0.4973544973544973 0.06671626984126984 0.04034391534391534 0.0220734126984127
0 0.49834656084656087 0.1032986111111111 0.04133597883597884 0.027529761904761904
0 0.6281415343915344 0.07539682539682539 0.026124338624338623 0.017361111111111112
0 0.5661375661375662 0.12028769841269842 0.027447089947089946 0.018353174603174604
0 0.46511243386243384 0.17261904761904762 0.05886243386243386 0.04365079365079365
0 0.611441798941799 0.17584325396825398 0.12268518518518519 0.07390873015873016
0 0.654431216931217 0.14124503968253968 0.11144179894179894 0.0689484126984127
0 0.7170965608465608 0.16939484126984128 0.012566137566137565 0.012152777777777778
0 0.6463293650793651 0.2378472222222222 0.061507936507936505 0.06572420634920635
0 0.5691137566137566 0.24677579365079366 0.021494708994708994 0.017609126984126984
0 0.466765873015873 0.2646329365079365 0.02976190476190476 0.0248015873015873
0 0.46164021164021163 0.2924107142857143 0.010582010582010581 0.023561507936507936
0 0.531415343915344 0.3322172619047619 0.03968253968253968 0.020833333333333332
0 0.6198743386243386 0.2945188492063492 0.015873015873015872 0.011160714285714286
0 0.6097883597883598 0.35466269841269843 0.01455026455026455 0.010912698412698412
0 0.685681216931217 0.3275049603174603 0.012896825396825396 0.010168650793650794
0 0.8389550264550265 0.3368055555555556 0.022486772486772486 0.025297619047619048
0 0.8660714285714286 0.33978174603174605 0.03273809523809524 0.015873015873015872
0 0.894510582010582 0.32775297619047616 0.02447089947089947 0.013640873015873016
0 0.951058201058201 0.2880704365079365 0.026455026455026454 0.014632936507936508
0 0.9368386243386243 0.30456349206349204 0.05555555555555555 0.034970238095238096
0 0.9745370370370371 0.3350694444444444 0.004629629629629629 0.002976190476190476
0 0.8176256613756614 0.2845982142857143 0.06316137566137567 0.02976190476190476
0 0.9178240740740741 0.22916666666666666 0.05919312169312169 0.040674603174603176
0 0.9426256613756614 0.2425595238095238 0.01521164021164021 0.007688492063492063
0 0.9604828042328042 0.25992063492063494 0.008597883597883597 0.007688492063492063
0 0.8883928571428571 0.2021329365079365 0.031084656084656083 0.026785714285714284
0 0.873181216931217 0.21478174603174602 0.010582010582010581 0.008432539682539682
0 0.9441137566137566 0.1779513888888889 0.014219576719576719 0.011904761904761904
0 0.939484126984127 0.13541666666666666 0.01521164021164021 0.03844246031746032
0 0.8654100529100529 0.1515376984126984 0.011904761904761904 0.01240079365079365
0 0.8449074074074074 0.060887896825396824 0.07208994708994709 0.09821428571428571
0 0.9178240740740741 0.06274801587301587 0.022156084656084655 0.022321428571428572
1 0.7311507936507936 0.20262896825396826 0.11011904761904762 0.10540674603174603
1 0.7414021164021164 0.287078373015873 0.14484126984126985 0.09449404761904762
1 0.5737433862433863 0.28881448412698413 0.20767195767195767 0.12103174603174603
1 0.8237433862433863 0.3324652777777778 0.062169312169312166 0.04017857142857143
1 0.7680224867724867 0.23673115079365079 0.28935185185185186 0.22544642857142858