0 0.18333333333333332 0.7101851851851851 0.0828125 0.11296296296296296
0 0.008333333333333333 0.43472222222222223 0.016666666666666666 0.05092592592592592
0 0.08020833333333334 0.41203703703703703 0.027083333333333334 0.041666666666666664
0 0.10911458333333333 0.28564814814814815 0.023958333333333335 0.03611111111111111
0 0.08411458333333334 0.1925925925925926 0.025520833333333333 0.03333333333333333
0 0.029166666666666667 0.09907407407407408 0.040625 0.03518518518518519
0 0.1703125 0.09675925925925925 0.05572916666666667 0.08425925925925926
0 0.25729166666666664 0.20324074074074075 0.06458333333333334 0.11851851851851852
0 0.25546875 0.2865740740740741 0.0609375 0.12037037037037036
0 0.4265625 0.36898148148148147 0.019270833333333334 0.041666666666666664
0 0.43046875 0.4615740740740741 0.01875 0.03333333333333333
0 0.3359375 0.5111111111111111 0.010416666666666666 0.010185185185185186
0 0.4434895833333333 0.55 0.01875 0.030555555555555555
1 0.9479166666666666 0.8157407407407408 0.10416666666666667 0.21481481481481482
1 0.8604166666666667 0.749537037037037 0.13125 0.20925925925925926
1 0.76796875 0.6833333333333333 0.033854166666666664 0.1037037037037037
1 0.7885416666666667 0.625 0.1453125 0.34444444444444444
1 0.646875 0.5796296296296296 0.0296875 0.09537037037037037
1 0.69453125 0.42962962962962964 0.22552083333333334 0.5916666666666667
1 0.5419270833333333 0.562037037037037 0.09895833333333333 0.1685185185185185
1 0.48333333333333334 0.5282407407407408 0.09375 0.16111111111111112
1 0.540625 0.6939814814814815 0.09479166666666666 0.2037037037037037
1 0.34765625 0.49027777777777776 0.08854166666666667 0.14166666666666666
1 0.36432291666666666 0.17777777777777778 0.06666666666666667 0.15925925925925927
1 0.18307291666666667 0.3763888888888889 0.05572916666666667 0.04351851851851852
1 0.18203125 0.30092592592592593 0.109375 0.21666666666666667
1 0.040364583333333336 0.49444444444444446 0.08072916666666667 0.25925925925925924
1 0.13619791666666667 0.9560185185185185 0.05260416666666667 0.08796296296296297