1 0.22326454033771106 0.18292682926829268 0.43902439024390244 0.21951219512195122
1 0.6529080675422139 0.10975609756097561 0.46153846153846156 0.21951219512195122
1 0.6313320825515948 0.32082551594746717 0.2589118198874296 0.2795497185741088
1 0.32176360225140715 0.3339587242026266 0.2045028142589118 0.18574108818011256
1 0.44840525328330205 0.31050656660412757 0.1200750469043152 0.11819887429643527
1 0.4803001876172608 0.42870544090056284 0.11632270168855535 0.11819887429643527
1 0.3696060037523452 0.44934333958724204 0.11632270168855535 0.1200750469043152
1 0.1772983114446529 0.4146341463414634 0.28142589118198874 0.300187617260788
1 0.22889305816135083 0.5544090056285178 0.22889305816135083 0.24953095684803
1 0.4699812382739212 0.600375234521576 0.25140712945590993 0.23076923076923078
1 0.6632270168855535 0.474671669793621 0.19324577861163228 0.2045028142589118
1 0.8452157598499062 0.44090056285178236 0.225140712945591 0.45590994371482174
1 0.6303939962476548 0.6350844277673546 0.30393996247654786 0.2870544090056285
1 0.39587242026266417 0.7101313320825516 0.19887429643527205 0.18574108818011256
1 0.23076923076923078 0.701688555347092 0.275797373358349 0.30393996247654786
1 0.5600375234521576 0.8611632270168855 0.8461538461538461 0.2776735459662289