1 0.7711069418386491 0.17823639774859287 0.4371482176360225 0.21200750469043153
1 0.3405253283302064 0.10881801125703565 0.4596622889305816 0.2176360225140713
1 0.36585365853658536 0.3227016885553471 0.2551594746716698 0.275797373358349
1 0.6754221388367729 0.3302063789868668 0.2026266416510319 0.18386491557223264
1 0.5487804878048781 0.30956848030018763 0.11819887429643527 0.11632270168855535
1 0.5187617260787992 0.42870544090056284 0.11444652908067542 0.11632270168855535
1 0.6294559099437148 0.4474671669793621 0.11444652908067542 0.11819887429643527
1 0.8208255159474672 0.4090056285178236 0.2776735459662289 0.29831144465290804
1 0.7711069418386491 0.549718574108818 0.225140712945591 0.24577861163227016
1 0.5309568480300187 0.600375234521576 0.24953095684803 0.22889305816135083
1 0.33677298311444653 0.4774859287054409 0.1894934333958724 0.20075046904315197
1 0.15384615384615385 0.44652908067542213 0.21951219512195122 0.45590994371482174
1 0.3714821763602251 0.6369606003752345 0.300187617260788 0.28330206378986866
1 0.6078799249530957 0.7082551594746717 0.19699812382739212 0.18198874296435272
1 0.7729831144465291 0.6960600375234521 0.27204502814258913 0.300187617260788
1 0.4455909943714822 0.8649155722326454 0.8461538461538461 0.2682926829268293