1 0.22826086956521738 0.0725925925925926 0.16459627329192547 0.11703703703703704
1 0.15113871635610765 0.11259259259259259 0.2028985507246377 0.18814814814814815
1 0.10144927536231885 0.1962962962962963 0.2028985507246377 0.22666666666666666
1 0.08022774327122154 0.302962962962963 0.16045548654244307 0.2651851851851852
1 0.041407867494824016 0.43037037037037035 0.08281573498964803 0.22666666666666666
1 0.37163561076604557 0.05925925925925926 0.10455486542443064 0.08888888888888889
1 0.33695652173913043 0.13703703703703704 0.10248447204968944 0.10222222222222223
1 0.4001035196687371 0.17925925925925926 0.11180124223602485 0.1111111111111111
1 0.2717391304347826 0.24074074074074073 0.12111801242236025 0.12
1 0.35766045548654246 0.26222222222222225 0.12732919254658384 0.12148148148148148
1 0.2225672877846791 0.34074074074074073 0.13768115942028986 0.1288888888888889
1 0.5786749482401656 0.11037037037037037 0.18012422360248448 0.18962962962962962
1 0.7619047619047619 0.07333333333333333 0.34575569358178054 0.14666666666666667
1 0.4943064182194617 0.028148148148148148 0.20186335403726707 0.056296296296296296
1 0.7862318840579711 0.1725925925925926 0.12215320910973085 0.11555555555555555
1 0.6107660455486542 0.24296296296296296 0.20496894409937888 0.21185185185185185
1 0.4730848861283644 0.25407407407407406 0.12836438923395446 0.1111111111111111
1 0.8146997929606625 0.35333333333333333 0.37060041407867494 0.3718518518518519
1 0.8126293995859213 0.7074074074074074 0.3747412008281574 0.5644444444444444
1 0.5269151138716356 0.43777777777777777 0.2370600414078675 0.26666666666666666
1 0.3002070393374741 0.4659259259259259 0.2308488612836439 0.2696296296296296
1 0.2225672877846791 0.6548148148148148 0.2670807453416149 0.32592592592592595
1 0.4989648033126294 0.6918518518518518 0.30745341614906835 0.3451851851851852
1 0.4684265010351967 0.8777777777777778 0.6677018633540373 0.24444444444444444
1 0.050724637681159424 0.7185185185185186 0.09420289855072464 0.2088888888888889