1 0.2179089026915114 0.08592592592592592 0.16666666666666666 0.12444444444444444
1 0.14182194616977226 0.12962962962962962 0.20600414078674947 0.19703703703703704
1 0.09937888198757763 0.21555555555555556 0.19875776397515527 0.23555555555555555
1 0.07919254658385093 0.3244444444444444 0.15838509316770186 0.2725925925925926
1 0.04192546583850932 0.4525925925925926 0.08385093167701864 0.22962962962962963
1 0.36076604554865427 0.06592592592592593 0.10559006211180125 0.09333333333333334
1 0.3281573498964803 0.1451851851851852 0.10455486542443064 0.10666666666666667
1 0.39233954451345754 0.18444444444444444 0.11387163561076605 0.11703703703703704
1 0.265527950310559 0.2518518518518518 0.12318840579710146 0.1259259259259259
1 0.35196687370600416 0.2696296296296296 0.12939958592132506 0.1274074074074074
1 0.21894409937888198 0.3548148148148148 0.13975155279503104 0.1348148148148148
1 0.5688405797101449 0.10666666666666667 0.18426501035196688 0.19703703703703704
1 0.7510351966873706 0.07037037037037037 0.34886128364389235 0.14074074074074075
1 0.4834368530020704 0.03037037037037037 0.2028985507246377 0.06074074074074074
1 0.7779503105590062 0.15851851851851853 0.12422360248447205 0.12148148148148148
1 0.6045548654244306 0.23777777777777778 0.20910973084886128 0.22074074074074074
1 0.4668737060041408 0.25555555555555554 0.13146997929606624 0.11703703703703704
1 0.8110766045548654 0.3377777777777778 0.3778467908902691 0.38814814814814813
1 0.812111801242236 0.6911111111111111 0.37577639751552794 0.5822222222222222
1 0.5253623188405797 0.4362962962962963 0.2422360248447205 0.2785185185185185
1 0.2996894409937888 0.4762962962962963 0.2360248447204969 0.28
1 0.2267080745341615 0.6688888888888889 0.2743271221532091 0.3377777777777778
1 0.5036231884057971 0.6918518518518518 0.3146997929606625 0.3585185185185185
1 0.4777432712215321 0.8703703703703703 0.6718426501035196 0.25925925925925924
1 0.05641821946169772 0.7407407407407407 0.09937888198757763 0.21333333333333335