0 0.13583333333333333 0.24213836477987422 0.060833333333333336 0.06415094339622641
0 0.27708333333333335 0.21006289308176102 0.03833333333333333 0.05911949685534591
0 0.4508333333333333 0.01761006289308176 0.030833333333333334 0.031446540880503145
0 0.10208333333333333 0.7132075471698113 0.0325 0.0389937106918239
0 0.2575 0.7452830188679245 0.03166666666666667 0.03647798742138365
0 0.40166666666666667 0.7628930817610063 0.028333333333333332 0.05786163522012579
0 0.6070833333333333 0.39748427672955977 0.0125 0.025157232704402517
0 0.6016666666666667 0.4276729559748428 0.013333333333333334 0.028930817610062894
1 0.5779166666666666 0.4050314465408805 0.075 0.10817610062893082
1 0.675 0.009433962264150943 0.055 0.018867924528301886
1 0.10541666666666667 0.710691823899371 0.0775 0.11823899371069183
1 0.17958333333333334 0.8025157232704403 0.07333333333333333 0.06289308176100629
1 0.25833333333333336 0.7389937106918238 0.075 0.11446540880503145
1 0.3308333333333333 0.8283018867924529 0.0725 0.061635220125786164
1 0.4058333333333333 0.7666666666666667 0.07416666666666667 0.11949685534591195
1 0.23125 0.710691823899371 0.4608333333333333 0.2779874213836478
0 0.44875 0.7628930817610063 0.07666666666666666 0.1559748427672956
1 0.26125 0.23647798742138365 0.5225 0.4729559748427673