0 0.8613 0.23265408805031448 0.059775000000000016 0.06310691823899373
0 0.7196666666666667 0.2040503144654088 0.037508333333333324 0.057798742138364764
0 0.5436583333333334 0.016213836477987423 0.030083333333333257 0.031257861635220124
0 0.9001750000000001 0.7029685534591195 0.03203333333333338 0.03774842767295596
0 0.7452583333333332 0.7386415094339623 0.030866666666666636 0.035974842767295484
0 0.6014833333333333 0.7604654088050316 0.027741666666666637 0.05720754716981134
0 0.3917333333333333 0.40037735849056605 0.01228333333333334 0.025094339622641567
0 0.39757499999999996 0.4301132075471698 0.012649999999999958 0.028905660377358512
1 0.42110833333333325 0.40703144654088047 0.0741583333333333 0.10563522012578619
1 0.31875 0.011823899371069183 0.05466666666666668 0.023647798742138366
1 0.8970583333333334 0.7003396226415094 0.07613333333333344 0.11671698113207543
1 0.8239083333333334 0.7942012578616352 0.07254166666666673 0.06137106918238989
1 0.7441916666666667 0.7328301886792453 0.07334166666666665 0.1131069182389938
1 0.6728416666666667 0.8239748427672955 0.07174999999999992 0.059559748427672844
1 0.5971083333333334 0.7644150943396227 0.07254166666666663 0.11732075471698111
1 0.77125 0.7037735849056603 0.4575 0.26540880503144654
0 0.5542583333333333 0.7614088050314466 0.0745416666666667 0.15342138364779878
1 0.7383333333333333 0.23018867924528302 0.5233333333333333 0.46037735849056605