0 0.86125 0.23270440251572327 0.06 0.06289308176100629
0 0.7195833333333334 0.2037735849056604 0.0375 0.05786163522012579
0 0.54375 0.016352201257861635 0.03 0.031446540880503145
0 0.9 0.7031446540880503 0.03166666666666667 0.03773584905660377
0 0.7454166666666666 0.7383647798742138 0.030833333333333334 0.03647798742138365
0 0.6016666666666667 0.7603773584905661 0.0275 0.05660377358490566
0 0.39166666666666666 0.4006289308176101 0.0125 0.025157232704402517
0 0.3975 0.43018867924528303 0.0125 0.028930817610062894
1 0.42125 0.4069182389937107 0.07416666666666667 0.10566037735849057
1 0.31875 0.011949685534591196 0.055 0.02389937106918239
1 0.8970833333333333 0.70062893081761 0.07583333333333334 0.1169811320754717
1 0.82375 0.7943396226415095 0.0725 0.061635220125786164
1 0.7441666666666666 0.7327044025157232 0.07333333333333333 0.11320754716981132
1 0.6729166666666667 0.8238993710691824 0.07166666666666667 0.05911949685534591
1 0.5970833333333333 0.7641509433962265 0.0725 0.1169811320754717
1 0.77125 0.7037735849056603 0.4575 0.26540880503144654
0 0.5541666666666667 0.7616352201257862 0.07416666666666667 0.15345911949685534
1 0.7383333333333333 0.23018867924528302 0.5233333333333333 0.46037735849056605