1 0.325 0.5534208059981256 0.26875 0.22211808809746955
0 0.95125 0.528116213683224 0.07375 0.07216494845360824
1 0.568125 0.5328022492970946 0.28375 0.2211808809746954
0 0.87875 0.6330834114339269 0.08125 0.04779756326148079
1 0.511875 0.3950328022492971 0.19125 0.16776007497656983
1 0.708125 0.29615745079662603 0.1675 0.18275538894095594
0 0.158125 0.3851921274601687 0.07 0.059044048734770385
1 0.5525 0.24179943767572634 0.16875 0.08716026241799438
0 0.828125 0.5567010309278351 0.1 0.05248359887535145
0 0.789375 0.5276476101218369 0.0775 0.04311152764761012
0 0.056875 0.2994376757263355 0.06 0.04217432052483599
0 0.234375 0.4104967197750703 0.07125 0.06373008434864105
0 0.119375 0.29381443298969073 0.03875 0.03280224929709466
0 0.826875 0.7788191190253045 0.03625 0.031865042174320526
0 0.214375 0.39268978444236174 0.05375 0.04217432052483599
0 0.963125 0.7127460168697282 0.0375 0.030927835051546393
0 0.784375 0.35098406747891286 0.0425 0.04217432052483599
0 0.88125 0.4175257731958763 0.03625 0.05810684161199625
1 0.405 0.5149953139643861 0.11625 0.14058106841611998
0 0.2025 0.5866916588566073 0.03625 0.03655107778819119
0 0.231875 0.5590440487347704 0.04625 0.06373008434864105
0 0.128125 0.1724461105904405 0.0325 0.04873477038425492
1 0.561875 0.36644798500468606 0.25875 0.1190253045923149
0 0.595 0.5731021555763823 0.065 0.056232427366447985
0 0.863125 0.30412371134020616 0.04 0.029053420805998126
0 0.640625 0.2422680412371134 0.01375 0.01780693533270853
0 0.4475 0.06982193064667291 0.01875 0.01499531396438613
0 0.196875 0.30084348641049674 0.01875 0.01218369259606373
0 0.97125 0.3542642924086223 0.01875 0.01218369259606373
0 0.959375 0.3139643861293346 0.01625 0.013120899718837863
0 0.48625 0.6504217432052484 0.02375 0.016869728209934397
0 0.47625 0.41799437675726336 0.0175 0.02999062792877226
0 0.381875 0.5515463917525774 0.01875 0.010309278350515464
0 0.42625 0.3650421743205248 0.02 0.06279287722586692
0 0.18 0.6040299906279287 0.02125 0.01499531396438613
0 0.089375 0.6907216494845361 0.01625 0.013120899718837863
0 0.259375 0.514058106841612 0.0175 0.01499531396438613
0 0.499375 0.7727272727272727 0.02125 0.01499531396438613
0 0.636875 0.14948453608247422 0.03625 0.031865042174320526
0 0.89625 0.1007497656982193 0.04125 0.03561387066541706
0 0.86125 0.22024367385192128 0.04125 0.031865042174320526
0 0.633125 0.2521087160262418 0.01125 0.022492970946579195
0 0.426875 0.4414245548266167 0.01125 0.010309278350515464
0 0.435 0.45454545454545453 0.0075 0.00937207122774133
0 0.679375 0.49812558575445176 0.0325 0.02999062792877226
0 0.56375 0.5918462980318651 0.01375 0.011246485473289597
1 0.48 0.37910028116213684 0.11625 0.1246485473289597