1 0.3225 0.5487347703842549 0.26 0.21649484536082475
0 0.95 0.5398313027179007 0.07125 0.07029053420805999
1 0.566875 0.5346766635426429 0.275 0.2155576382380506
0 0.8725 0.6429240862230553 0.08 0.04592314901593252
1 0.51625 0.39550140581068416 0.185 0.16307403936269915
1 0.7175 0.30178069353327086 0.16 0.17994376757263356
0 0.16375 0.37628865979381443 0.0675 0.05716963448922212
1 0.564375 0.24320524835988752 0.16625 0.08247422680412371
0 0.825 0.5651358950328023 0.0975 0.04967197750702906
0 0.7875 0.53514526710403 0.07625 0.041237113402061855
0 0.066875 0.28772258669165884 0.05875 0.041237113402061855
0 0.23875 0.40393626991565135 0.06875 0.061855670103092786
0 0.12875 0.2839737582005623 0.0375 0.031865042174320526
0 0.81375 0.7867853795688847 0.035 0.030927835051546393
0 0.219375 0.3851921274601687 0.0525 0.041237113402061855
0 0.9525 0.7249297094657919 0.03625 0.02999062792877226
0 0.79125 0.3584817244611059 0.04125 0.041237113402061855
0 0.885 0.42783505154639173 0.03375 0.05716963448922212
1 0.404375 0.5126522961574508 0.11125 0.1387066541705717
0 0.005625 0.17572633552014996 0.01125 0.03467666354264293
0 0.19875 0.5787253983130272 0.035 0.03655107778819119
0 0.229375 0.5515463917525774 0.0425 0.06279287722586692
0 0.143125 0.16307403936269915 0.03 0.04779756326148079
1 0.568125 0.3683223992502343 0.255 0.11246485473289597
0 0.591875 0.5759137769447048 0.06375 0.05435801312089972
0 0.871875 0.3139643861293346 0.03875 0.028116213683223992
0 0.6525 0.246485473289597 0.0125 0.01780693533270853
0 0.4675 0.06841611996251172 0.01875 0.01499531396438613
0 0.20625 0.2933458294283037 0.01875 0.01218369259606373
0 0.9775 0.36644798500468606 0.01875 0.01218369259606373
0 0.9675 0.3261480787253983 0.01625 0.013120899718837863
0 0.479375 0.6499531396438613 0.0225 0.015932521087160263
0 0.48 0.4175257731958763 0.01625 0.02999062792877226
0 0.379375 0.5482661668228679 0.01875 0.00937207122774133
0 0.4325 0.3631677600749766 0.0175 0.06279287722586692
0 0.175625 0.5955951265229615 0.02125 0.014058106841611996
0 0.080625 0.6799437675726335 0.01625 0.013120899718837863
0 0.25875 0.5079662605435802 0.01625 0.01499531396438613
0 0.486875 0.7727272727272727 0.02125 0.014058106841611996
0 0.653125 0.15323336457357076 0.035 0.030927835051546393
0 0.914375 0.11152764761012184 0.04 0.03561387066541706
0 0.87375 0.23008434864104968 0.04 0.030927835051546393
0 0.644375 0.25585754451733833 0.01 0.022492970946579195
0 0.429375 0.4395501405810684 0.01125 0.010309278350515464
0 0.4375 0.4526710402999063 0.0075 0.00937207122774133
0 0.679375 0.5028116213683224 0.03125 0.029053420805998126
0 0.559375 0.5937207122774133 0.01375 0.010309278350515464
1 0.485625 0.3786316776007498 0.11125 0.12277413308341144