1 0.68175 0.5395501405810684 0.2414000000000001 0.20403936269915654
0 0.055 0.563261480787254 0.065 0.06747891283973759
1 0.43662500000000004 0.5379568884723523 0.2567375 0.20243673851921273
0 0.141875 0.662136832239925 0.07625 0.04217432052483599
1 0.473825 0.3966916588566073 0.17084999999999995 0.15486410496719777
1 0.264525 0.3136082474226804 0.14407499999999998 0.17268041237113402
0 0.82375 0.358950328022493 0.0625 0.05435801312089972
1 0.411625 0.2472164948453608 0.159375 0.07474226804123711
0 0.181875 0.5820056232427366 0.09375 0.04498594189315839
0 0.21625 0.5501405810684161 0.0725 0.03748828491096532
0 0.9125 0.26569821930646675 0.055 0.038425492033739454
0 0.751875 0.39034676663542645 0.06375 0.059044048734770385
0 0.85 0.26522961574507964 0.035 0.02999062792877226
0 0.21375 0.802717900656045 0.0325 0.029053420805998126
0 0.769375 0.37066541705716965 0.04875 0.038425492033739454
0 0.069375 0.7478912839737581 0.03375 0.028116213683223992
0 0.19625 0.3739456419868791 0.0375 0.03936269915651359
0 0.109375 0.44798500468603564 0.02875 0.056232427366447985
1 0.596875 0.5075913776944705 0.09875 0.13382380506091843
0 0.97875 0.15042174320524837 0.04 0.03280224929709466
0 0.808125 0.5627928772258669 0.03125 0.03467666354264293
0 0.775 0.5374882849109653 0.0375 0.06091846298031865
0 0.824375 0.14526710402999063 0.02625 0.046860356138706656
1 0.4196375 0.3721555763823805 0.24628749999999996 0.10008434864104963
0 0.41552500000000003 0.5803467666354264 0.05855000000000004 0.05154639175257732
0 0.1117125 0.3338425492033739 0.03592500000000001 0.026635426429240824
0 0.324375 0.2549203373945642 0.01125 0.016869728209934397
0 0.4925 0.06794751640112465 0.0175 0.014058106841611996
0 0.77375 0.27835051546391754 0.0175 0.011246485473289597
0 0.01125 0.3917525773195876 0.0175 0.011246485473289597
0 0.0175 0.35098406747891286 0.015 0.01218369259606373
0 0.534375 0.6485473289597001 0.02125 0.01499531396438613
0 0.5119874999999999 0.41658856607310213 0.013075000000000045 0.029053420805998126
0 0.62465 0.5419962511715088 0.01819999999999993 0.008781630740393525
0 0.5546 0.3598969072164948 0.011487500000000069 0.06199625117150888
0 0.8325 0.5782567947516402 0.02 0.013120899718837863
0 0.935 0.6574507966260543 0.015 0.01218369259606373
0 0.74125 0.49531396438612935 0.015 0.014058106841611996
0 0.53875 0.7713214620431116 0.02 0.013120899718837863
0 0.314825 0.1620618556701031 0.03207499999999999 0.029475164011246474
0 0.050324999999999995 0.1341518275538894 0.037212499999999996 0.03332708528584818
0 0.10189999999999999 0.2502999062792877 0.03678750000000001 0.02944704779756325
0 0.33301250000000004 0.26410496719775073 0.007674999999999983 0.021752577319587664
0 0.56485 0.43595126522961575 0.010487499999999983 0.009343955014058132
0 0.5582374999999999 0.4496813495782568 0.00676249999999996 0.008828491096532295
0 0.32155 0.512389878163074 0.028149999999999977 0.027900656044985924
0 0.4493125 0.596485473289597 0.012874999999999944 0.009840674789128397
1 0.5030375 0.3783130271790066 0.09989999999999995 0.11791002811621373