0 0.26898018648018646 0.029342629482071714 0.012785547785547817 0.0202589641434263
0 0.27336247086247084 0.11449203187250995 0.03128787878787875 0.07532868525896412
0 0.2802913752913753 0.19610557768924303 0.033164335664335645 0.05031872509960158
0 0.2847144522144522 0.2819721115537849 0.027022144522144523 0.04663346613545822
0 0.2901048951048951 0.3533366533864542 0.010087412587412555 0.019053784860557765
0 0.29407925407925406 0.4227589641434263 0.011293706293706324 0.026015936254980086
0 0.29715034965034964 0.4920916334661354 0.03166666666666668 0.04303784860557767
0 0.3186480186480186 0.3928386454183267 0.031217948717948682 0.03532868525896417
0 0.31100815850815855 0.24052788844621514 0.025670163170163143 0.03032868525896416
0 0.3344055944055944 0.2013645418326693 0.0117832167832168 0.021145418326693245
0 0.30773310023310024 0.1567231075697211 0.025856643356643325 0.04326693227091633
0 0.3302272727272727 0.11852589641434264 0.033397435897435865 0.03473107569721116
0 0.30114801864801866 0.07373505976095618 0.02692890442890445 0.0501593625498008
0 0.3259265734265734 0.032988047808764936 0.030786713286713244 0.05060756972111554
0 0.3578438228438228 0.07544820717131474 0.025244755244755206 0.03861553784860559
0 0.3835198135198135 0.04004980079681275 0.039586247086247126 0.05575697211155379
0 0.3860198135198135 0.11460159362549802 0.03035547785547781 0.05121513944223109
0 0.36198717948717946 0.1612649402390438 0.037727272727272734 0.061314741035856574
0 0.3626631701631702 0.24146414342629482 0.026346153846153866 0.030936254980079656
0 0.3374242424242424 0.27941235059760955 0.04029137529137535 0.03639442231075694
0 0.34145104895104894 0.3527988047808765 0.031118881118881173 0.05256972111553782
0 0.3924358974358974 0.2813346613545816 0.04093822843822844 0.06329681274900396
0 0.3930477855477856 0.36127490039840643 0.035413752913752906 0.057988047808764966
0 0.3966142191142191 0.427300796812749 0.010337995337995343 0.021015936254980102
0 0.34693473193473195 0.42564741035856574 0.021853146853146852 0.05355577689243026
0 0.3215909090909091 0.4597211155378486 0.027354312354312387 0.02566733067729082
0 0.30350815850815854 0.5609262948207171 0.009924242424242408 0.01807768924302798
0 0.30803030303030304 0.6215537848605577 0.009976689976689913 0.01642430278884463
0 0.3119755244755245 0.6832071713147411 0.009632867132867116 0.016812749003984172
0 0.3556351981351981 0.6250398406374502 0.010046620046620052 0.018276892430278795
0 0.3591491841491841 0.683605577689243 0.013321678321678264 0.017609561752988112
0 0.4061946386946387 0.6861852589641434 0.014516317016317065 0.020189243027888427
0 0.4020221445221445 0.6283067729083666 0.029393939393939427 0.04144422310756962
0 0.3536829836829837 0.5616035856573706 0.03460955710955717 0.05145418326693235
0 0.3274941724941725 0.5273804780876494 0.022686480186480222 0.025258964143426196
0 0.34937645687645685 0.5048705179282869 0.03497668997668996 0.04554780876494026
0 0.3765617715617715 0.5319123505976096 0.02451631701631698 0.02456175298804789
0 0.40067016317016313 0.49620517928286845 0.026695804195804165 0.042300796812748974
0 0.40234265734265734 0.5630478087649402 0.026899766899766947 0.03912350597609559
0 0.42628787878787877 0.4669621513944223 0.024731934731934763 0.024800796812748983
0 0.44969696969696965 0.5066235059760956 0.028088578088578117 0.044422310756972075
0 0.45137529137529137 0.5651792828685259 0.012750582750582815 0.01822709163346609
0 0.45241841491841495 0.6254282868525896 0.012564102564102533 0.020338645418326765
0 0.4526340326340326 0.6861254980079682 0.010751748251748279 0.023924302788844602
0 0.49973776223776223 0.6890737051792829 0.010559440559440495 0.020846613545816798
0 0.49993589743589745 0.6307470119521912 0.037925407925407884 0.03992031872509953
0 0.49851398601398605 0.5732071713147411 0.032086247086247056 0.054173306772908464
0 0.4757692307692307 0.5333565737051793 0.0337937062937063 0.0525896414342629
0 0.47520396270396276 0.46524900398406377 0.02367132867132861 0.03544820717131477
0 0.4482459207459208 0.4269223107569721 0.030442890442890447 0.04972111553784857
0 0.42074009324009326 0.31685258964143426 0.021876456876456854 0.028037848605577665
0 0.44625874125874126 0.3609462151394422 0.03870629370629375 0.031035856573705146
0 0.4448193473193473 0.2810956175298805 0.031824009324009264 0.04488047808764935
0 0.39049533799533803 0.20362549800796811 0.04305361305361299 0.06664342629482069
0 0.44473776223776224 0.20489043824701195 0.041754079254079306 0.03581673306772906
0 0.4448018648018648 0.11999003984063746 0.03629370629370628 0.05814741035856573
0 0.4405710955710956 0.03491035856573705 0.04656177156177162 0.06981075697211156
0 0.49901515151515147 0.04095617529880478 0.041824009324009315 0.03333665338645418
0 0.49984265734265737 0.12584661354581672 0.040734265734265786 0.07114541832669323
0 0.4989160839160839 0.2041235059760956 0.029895104895104867 0.04587649402390438
0 0.5261188811188812 0.24207171314741033 0.02583333333333329 0.03957171314741035
0 0.49799533799533796 0.2877988047808765 0.037045454545454506 0.04036852589641431
0 0.4716841491841492 0.3184661354581673 0.0271270396270396 0.04023904382470117
0 0.4973193473193473 0.3592629482071713 0.02349067599067596 0.054880478087649426
0 0.5259382284382285 0.3234760956175299 0.03748834498834495 0.05665338645418326
0 0.5531643356643356 0.29304780876494024 0.0267599067599068 0.0444621513944223
0 0.5537995337995338 0.2092629482071713 0.03627039627039628 0.042061752988047825
0 0.5276631701631702 0.16347609561752988 0.01995920745920746 0.059332669322709156
0 0.5544230769230769 0.12597609561752987 0.04276223776223769 0.035557768924302804
0 0.5274941724941725 0.08134462151394423 0.026369463869463868 0.029521912350597625
0 0.5564860139860139 0.04068725099601594 0.03715617715617715 0.06728087649402391
0 0.5262237762237763 0.010388446215139442 0.02981934731934736 0.020776892430278884
0 0.5872727272727273 0.08101593625498009 0.026806526806526808 0.030149402390438257
0 0.5910606060606061 0.010826693227091632 0.032878787878787924 0.021643426294820717
0 0.6120221445221445 0.0448605577689243 0.04258741258741255 0.03594621513944223
0 0.6425291375291375 0.009731075697211156 0.02944055944055943 0.01945219123505976
0 0.6702680652680653 0.042898406374501985 0.04694055944055955 0.07426294820717132
0 0.6093648018648019 0.12743027888446215 0.04551282051282046 0.0666434262948207
0 0.5804312354312354 0.16747011952191235 0.018362470862470857 0.05453187250996016
0 0.5834265734265734 0.24359561752988046 0.025104895104895063 0.04031872509960161
0 0.6083508158508159 0.20878486055776893 0.026824009324009374 0.04622509960159359
0 0.6644522144522145 0.12743027888446215 0.03807109557109553 0.055119521912350616
0 0.6624125874125875 0.21022908366533863 0.03848484848484846 0.035039840637450206
0 0.6060547785547785 0.2905179282868526 0.03740093240093237 0.043237051792828655
0 0.5791200466200466 0.3235856573705179 0.036724941724941715 0.05815737051792828
0 0.6334090909090909 0.32760956175298805 0.02393356643356653 0.04059760956175298
0 0.6596911421911422 0.2850597609561753 0.029300699300699416 0.04769920318725098
0 0.7159090909090909 0.21143426294820716 0.0435897435897437 0.06689243027888449
0 0.7235198135198135 0.12457171314741035 0.03258741258741263 0.054511952191235065
0 0.7268006993006993 0.052480079681274897 0.036905594405594364 0.05501992031872511
0 0.7837179487179486 0.0475 0.02862470862470856 0.05017928286852589
0 0.7560547785547787 0.08693227091633467 0.02424242424242419 0.044531872509960164
0 0.8143939393939394 0.014940239043824702 0.02505827505827506 0.029880478087649404
0 0.839551282051282 0.04540836653386455 0.014038461538461623 0.02187250996015937
0 0.8057983682983683 0.08329681274900398 0.026334498834498867 0.05006972111553786
0 0.8327156177156178 0.13319721115537847 0.03295454545454556 0.07677290836653385
0 0.775874125874126 0.13294820717131473 0.03466783216783204 0.034143426294820735
0 0.7957167832167833 0.172300796812749 0.027534965034965036 0.03826693227091635
0 0.7482808857808858 0.17091633466135459 0.03791375291375288 0.060139442231075695
0 0.7703205128205127 0.21361553784860557 0.011649184149184023 0.019651394422310776
0 0.7438578088578088 0.24947211155378482 0.025320512820512713 0.03285856573705177
0 0.7932867132867133 0.25109561752988047 0.027156177156177103 0.030478087649402383
0 0.7644289044289044 0.28741035856573705 0.03798951048951052 0.04085657370517926
0 0.8177913752913752 0.29887450199203186 0.029842657342657362 0.0514442231075697
0 0.6841491841491841 0.32592629482071717 0.02652097902097915 0.026982071713147444
0 0.7079195804195804 0.3704780876494024 0.03756993006992995 0.058047808764940215
0 0.7112820512820512 0.2899900398406374 0.041829836829836944 0.06522908366533865
0 0.6558508158508158 0.36552788844621514 0.0373543123543123 0.03191235059760952
0 0.7585547785547786 0.36396414342629485 0.034487179487179394 0.04672310756972108
0 0.781946386946387 0.40279880478087654 0.03410256410256409 0.029272908366533852
0 0.8107808857808858 0.3681374501992032 0.011579254079254015 0.01921314741035853
0 0.7021445221445222 0.4366533864541832 0.010821678321678418 0.020517928286852612
0 0.8033916083916083 0.43983067729083664 0.01252913752913753 0.019193227091633448
0 0.7511013986013987 0.43892430278884464 0.02107808857808862 0.05450199203187254
0 0.775897435897436 0.47098605577689245 0.02821678321678326 0.024790836653386442
0 0.74747668997669 0.5118924302788845 0.0318123543123544 0.04423306772908369
0 0.799067599067599 0.504003984063745 0.0290734265734265 0.04326693227091639
0 0.7699941724941725 0.5351095617529881 0.02664918414918416 0.026633466135458177
0 0.7901689976689977 0.5720418326693227 0.013910256410256347 0.0198705179282869
0 0.7391666666666667 0.5703784860557769 0.036171328671328766 0.05237051792828678
0 0.7840442890442891 0.6338645418326693 0.011177156177156082 0.017868525896414397
0 0.7364335664335665 0.6315737051792829 0.010472027972027856 0.021085657370518002
0 0.6917249417249417 0.6355976095617529 0.03193473193473204 0.04707171314741035
0 0.694469696969697 0.5675298804780876 0.023187645687645666 0.03897410358565748
0 0.7215850815850816 0.5347709163346613 0.023479020979020958 0.02597609561752981
0 0.698409090909091 0.5006673306772909 0.027319347319347383 0.0422709163346613
0 0.6773717948717948 0.46495019920318725 0.024959207459207416 0.02331673306772905
0 0.6482750582750583 0.5080278884462152 0.026701631701631798 0.0416135458167331
0 0.6462237762237762 0.570089641434263 0.014114219114218998 0.018635458167330712
0 0.641946386946387 0.6290537848605579 0.0117890442890443 0.025019920318724992
0 0.6397435897435897 0.6906972111553785 0.013374125874125769 0.018984063745019868
0 0.6394755244755245 0.7517430278884463 0.015839160839160742 0.023266932270916234
0 0.6857517482517482 0.6921613545816733 0.012499999999999893 0.020627490039840674
0 0.7308974358974359 0.6916135458167331 0.012890442890442827 0.022091633466135522
0 0.7785314685314686 0.6938944223107569 0.01226107226107224 0.020258964143426213
0 0.7770571095571096 0.7512250996015937 0.012307692307692243 0.02350597609561744
0 0.7527855477855477 0.7901294820717131 0.012459207459207523 0.021922310756972103
0 0.7299533799533799 0.7535657370517929 0.01399184149184162 0.02307768924302796
0 0.7076689976689976 0.7887250996015936 0.012127039627039595 0.01911354581673312
0 0.6841258741258741 0.7521513944223107 0.01373543123543133 0.018954183266932243
0 0.6615792540792541 0.789402390438247 0.012855477855477823 0.021762948207171225
0 0.6139393939393939 0.7875896414342629 0.011958041958041947 0.018137450199203223
0 0.5919405594405595 0.7491633466135458 0.012162004662004598 0.020667330677290836
0 0.5686771561771562 0.7863844621513943 0.016585081585081606 0.02597609561752981
0 0.59245337995338 0.6912549800796812 0.0176864801864802 0.02520916334661349
0 0.5951631701631701 0.6308167330677291 0.034341491841491815 0.03238047808764939
0 0.5995454545454545 0.5730478087649403 0.034865967365967324 0.05257968127490036
0 0.6232692307692308 0.5325597609561753 0.03437062937062938 0.052270916334661376
0 0.5988986013986014 0.5054980079681275 0.029825174825174796 0.02887450199203188
0 0.6256468531468531 0.4631972111553785 0.023082750582750656 0.035199203187251026
0 0.651934731934732 0.43321713147410357 0.02951631701631707 0.0494920318725099
0 0.6055361305361305 0.36243027888446216 0.02138111888111891 0.05773904382470122
0 0.6014102564102564 0.4345318725099601 0.022861305361305373 0.054701195219123463
0 0.5751689976689977 0.4660258964143426 0.019831002331002316 0.04725099601593631
0 0.5492016317016317 0.5040438247011952 0.02927156177156178 0.029800796812748963
0 0.5738927738927738 0.535308764940239 0.022430069930069935 0.025458167330677236
0 0.5482925407925408 0.5695219123505976 0.03725524475524479 0.0429581673306774
0 0.5473892773892775 0.630617529880478 0.012972027972027967 0.020468127490039796
0 0.5467890442890443 0.6913844621513944 0.010262237762237704 0.01907370517928296
0 0.5461072261072261 0.7483665338645419 0.010396270396270349 0.02035856573705185
0 0.5221678321678321 0.7873605577689243 0.01346736596736591 0.02022908366533859
0 0.4996969696969697 0.7491235059760957 0.01123543123543122 0.01802788844621505
0 0.47704545454545455 0.7852689243027888 0.013875291375291343 0.01990039840637452
0 0.45403846153846156 0.7472709163346614 0.012062937062937089 0.018157370517928303
0 0.4303321678321679 0.784203187250996 0.011095571095571074 0.017768924302788765
0 0.4074242424242424 0.745906374501992 0.011730769230769295 0.020547808764940348
0 0.3835198135198135 0.7846812749003984 0.0133682983682984 0.019999999999999928
0 0.3607692307692308 0.743804780876494 0.01131701631701636 0.021484063745019856
0 0.3376165501165501 0.7812350597609562 0.012214452214452236 0.020786852589641327
0 0.31504079254079254 0.7416633466135458 0.011258741258741222 0.02103585657370507
0 0.5252738927738928 0.5325697211155379 0.023426573426573453 0.02667330677290834
0 0.49905011655011655 0.501902390438247 0.029411421911421928 0.029372509960159315
0 0.5241724941724942 0.46498007968127486 0.018228438228438212 0.04771912350597606
0 0.550460372960373 0.43382470119521915 0.012360139860139882 0.023824701195219084
0 0.5005536130536131 0.43185258964143425 0.022686480186480222 0.05573705179282872
0 0.5253729603729603 0.3927988047808765 0.022127039627039644 0.0339541832669323
0 0.5517948717948717 0.3665338645418327 0.03301282051282057 0.05313745019920321
0 0.576002331002331 0.39431274900398405 0.026451048951049008 0.03472111553784862
0 0.8227505827505827 0.21286852589641433 0.03338578088578086 0.04575697211155378