0 0.24592074592074592 0.06573705179282868 0.013986013986013986 0.021912350597609563
0 0.25466200466200467 0.1499003984063745 0.03496503496503497 0.0796812749003984
0 0.26573426573426573 0.2300796812749004 0.035547785547785545 0.054780876494023904
0 0.2744755244755245 0.3147410358565737 0.029137529137529136 0.05079681274900399
0 0.2835081585081585 0.3849601593625498 0.011072261072261072 0.02091633466135458
0 0.2907925407925408 0.4536852589641434 0.01282051282051282 0.027888446215139442
0 0.2974941724941725 0.522410358565737 0.0337995337995338 0.04780876494023904
0 0.3138111888111888 0.4203187250996016 0.03263403263403263 0.0398406374501992
0 0.29836829836829837 0.2694223107569721 0.027389277389277388 0.03386454183266932
0 0.31993006993006995 0.22709163346613545 0.01282051282051282 0.022908366533864542
0 0.2910839160839161 0.18675298804780877 0.027972027972027972 0.046812749003984064
0 0.3114801864801865 0.1454183266932271 0.03496503496503497 0.0398406374501992
0 0.2803030303030303 0.1050796812749004 0.029137529137529136 0.053784860557768925
0 0.30273892773892774 0.060756972111553786 0.033216783216783216 0.054780876494023904
0 0.3368298368298368 0.09810756972111553 0.027389277389277388 0.04183266932270916
0 0.36043123543123545 0.05926294820717132 0.042540792540792544 0.061752988047808766
0 0.36684149184149184 0.13296812749003983 0.03263403263403263 0.055776892430278883
0 0.34527972027972026 0.18326693227091634 0.04079254079254079 0.06673306772908366
0 0.34994172494172493 0.26294820717131473 0.027972027972027972 0.0348605577689243
0 0.3269230769230769 0.3042828685258964 0.04195804195804196 0.04183266932270916
0 0.3344988344988345 0.37699203187250996 0.0337995337995338 0.05677290836653386
0 0.3817016317016317 0.29830677290836655 0.04428904428904429 0.06872509960159362
0 0.38636363636363635 0.37749003984063745 0.038461538461538464 0.06274900398406374
0 0.39335664335664333 0.44322709163346613 0.011655011655011656 0.022908366533864542
0 0.34382284382284384 0.4487051792828685 0.024475524475524476 0.05677290836653386
0 0.32022144522144524 0.4865537848605578 0.028554778554778556 0.029880478087649404
0 0.3074009324009324 0.5901394422310757 0.011072261072261072 0.0199203187250996
0 0.31497668997669 0.6499003984063745 0.01048951048951049 0.017928286852589643
0 0.32196969696969696 0.7106573705179283 0.01048951048951049 0.017928286852589643
0 0.36247086247086246 0.6459163346613546 0.011072261072261072 0.0199203187250996
0 0.36917249417249415 0.7036852589641435 0.013986013986013986 0.0199203187250996
0 0.4160839160839161 0.6992031872509961 0.015734265734265736 0.021912350597609563
0 0.4087995337995338 0.6424302788844621 0.03146853146853147 0.045816733067729085
0 0.3575174825174825 0.5831673306772909 0.037296037296037296 0.05677290836653386
0 0.32954545454545453 0.5527888446215139 0.023892773892773892 0.02888446215139442
0 0.3502331002331002 0.5273904382470119 0.037296037296037296 0.05079681274900399
0 0.3787878787878788 0.5502988047808764 0.02564102564102564 0.027888446215139442
0 0.40093240093240096 0.5109561752988048 0.028554778554778556 0.045816733067729085
0 0.40588578088578087 0.577191235059761 0.028554778554778556 0.04282868525896414
0 0.42482517482517484 0.47808764940239046 0.02564102564102564 0.02888446215139442
0 0.45017482517482516 0.5139442231075697 0.030303030303030304 0.04880478087649402
0 0.4548368298368298 0.5722111553784861 0.013403263403263404 0.0199203187250996
0 0.4589160839160839 0.6319721115537849 0.013403263403263404 0.021912350597609563
0 0.4624125874125874 0.6922310756972112 0.011655011655011656 0.025896414342629483
0 0.5093240093240093 0.6882470119521913 0.011655011655011656 0.021912350597609563
0 0.5067016317016317 0.6304780876494024 0.039627039627039624 0.045816733067729085
0 0.5023310023310024 0.5732071713147411 0.03496503496503497 0.05876494023904383
0 0.4775641025641026 0.5368525896414342 0.03613053613053613 0.05776892430278884
0 0.4734848484848485 0.46912350597609564 0.02564102564102564 0.03884462151394422
0 0.44463869463869465 0.4347609561752988 0.03263403263403263 0.053784860557768925
0 0.4117132867132867 0.3291832669322709 0.023310023310023312 0.030876494023904383
0 0.4393939393939394 0.3695219123505976 0.04020979020979021 0.036852589641434265
0 0.43385780885780884 0.2903386454183267 0.0337995337995338 0.049800796812749
0 0.3758741258741259 0.22111553784860558 0.04603729603729604 0.07270916334661355
0 0.42977855477855476 0.21414342629482072 0.043706293706293704 0.04183266932270916
0 0.4256993006993007 0.1294820717131474 0.03904428904428905 0.06374501992031872
0 0.416958041958042 0.045318725099601595 0.05011655011655012 0.07669322709163347
0 0.4755244755244755 0.04282868525896414 0.04312354312354312 0.0398406374501992
0 0.4807692307692308 0.12749003984063745 0.04428904428904429 0.07669322709163347
0 0.483974358974359 0.2051792828685259 0.03205128205128205 0.049800796812749
0 0.5128205128205128 0.23904382470119523 0.027972027972027972 0.04282868525896414
0 0.48717948717948717 0.28884462151394424 0.03904428904428905 0.045816733067729085
0 0.4624125874125874 0.323207171314741 0.029137529137529136 0.043824701195219126
0 0.49009324009324007 0.3600597609561753 0.026223776223776224 0.05776892430278884
0 0.5168997668997669 0.3202191235059761 0.04020979020979021 0.061752988047808766
0 0.5425407925407926 0.2858565737051793 0.029137529137529136 0.04780876494023904
0 0.5387529137529138 0.20219123505976094 0.038461538461538464 0.046812749003984064
0 0.5104895104895105 0.16085657370517928 0.022727272727272728 0.061752988047808766
0 0.5352564102564102 0.11952191235059761 0.04428904428904429 0.04183266932270916
0 0.5061188811188811 0.07868525896414343 0.027972027972027972 0.03286852589641434
0 0.5329254079254079 0.0348605577689243 0.04020979020979021 0.0697211155378486
0 0.5008741258741258 0.01045816733067729 0.030885780885780884 0.02091633466135458
0 0.5655594405594405 0.0697211155378486 0.027972027972027972 0.03386454183266932
0 0.5658508158508159 0.00597609561752988 0.0337995337995338 0.01195219123505976
0 0.5882867132867133 0.029880478087649404 0.04428904428904429 0.04183266932270916
0 0.6459790209790209 0.029880478087649404 0.050699300699300696 0.05976095617529881
0 0.590034965034965 0.11254980079681275 0.04895104895104895 0.07270916334661355
0 0.5632284382284383 0.15687250996015936 0.02097902097902098 0.05677290836653386
0 0.5699300699300699 0.23207171314741035 0.026806526806526808 0.043824701195219126
0 0.592948717948718 0.19372509960159362 0.029137529137529136 0.049800796812749
0 0.6448135198135199 0.10458167330677291 0.04079254079254079 0.060756972111553786
0 0.6471445221445221 0.18725099601593626 0.04020979020979021 0.04083665338645418
0 0.594988344988345 0.27539840637450197 0.039627039627039624 0.04880478087649402
0 0.5699300699300699 0.31225099601593626 0.039627039627039624 0.06374501992031872
0 0.6241258741258742 0.30826693227091634 0.02564102564102564 0.043824701195219126
0 0.6480186480186481 0.26195219123505975 0.03146853146853147 0.05179282868525897
0 0.7004662004662005 0.1802788844621514 0.046620046620046623 0.07270916334661355
0 0.7033799533799534 0.09262948207171315 0.03496503496503497 0.05876494023904383
0 0.7027972027972028 0.025398406374501994 0.039627039627039624 0.05079681274900399
0 0.7596153846153846 0.01693227091633466 0.030885780885780884 0.03386454183266932
0 0.7339743589743589 0.05029880478087649 0.026223776223776224 0.04780876494023904
0 0.8146853146853147 0.00398406374501992 0.015151515151515152 0.00796812749003984
0 0.7835081585081585 0.03934262948207171 0.028554778554778556 0.053784860557768925
0 0.8126456876456877 0.08515936254980079 0.03671328671328671 0.08167330677290836
0 0.7561188811188811 0.09312749003984064 0.03613053613053613 0.03884462151394422
0 0.777972027972028 0.1294820717131474 0.029137529137529136 0.04183266932270916
0 0.7304778554778555 0.1349601593625498 0.04079254079254079 0.06573705179282868
0 0.7546620046620046 0.17430278884462153 0.01282051282051282 0.02091633466135458
0 0.7301864801864801 0.21414342629482072 0.026806526806526808 0.036852589641434265
0 0.7794289044289044 0.20816733067729085 0.028554778554778556 0.0348605577689243
0 0.7526223776223776 0.24900398406374502 0.04020979020979021 0.046812749003984064
0 0.8062354312354313 0.25249003984063745 0.03263403263403263 0.055776892430278883
0 0.6745337995337995 0.2993027888446215 0.027972027972027972 0.030876494023904383
0 0.7004662004662005 0.3401394422310757 0.04020979020979021 0.06374501992031872
0 0.6998834498834499 0.2594621513944223 0.04487179487179487 0.07071713147410359
0 0.6483100233100233 0.3426294820717131 0.03904428904428905 0.037848605577689244
0 0.7505827505827506 0.32619521912350596 0.03671328671328671 0.05179282868525897
0 0.7759324009324009 0.3610557768924303 0.035547785547785545 0.03386454183266932
0 0.8027389277389277 0.32221115537848605 0.012237762237762238 0.02091633466135458
0 0.6981351981351981 0.4068725099601594 0.011655011655011656 0.021912350597609563
0 0.7992424242424242 0.3949203187250996 0.013403263403263404 0.02091633466135458
0 0.747086247086247 0.40189243027888444 0.023892773892773892 0.05776892430278884
0 0.7733100233100233 0.4297808764940239 0.029137529137529136 0.02888446215139442
0 0.747086247086247 0.4750996015936255 0.0337995337995338 0.04880478087649402
0 0.7980769230769231 0.4596613545816733 0.030885780885780884 0.04780876494023904
0 0.7706876456876457 0.4945219123505976 0.027972027972027972 0.030876494023904383
0 0.7928321678321678 0.5283864541832669 0.015151515151515152 0.021912350597609563
0 0.7418414918414918 0.5343625498007968 0.038461538461538464 0.05776892430278884
0 0.789918414918415 0.5911354581673307 0.012237762237762238 0.0199203187250996
0 0.7421328671328671 0.5956175298804781 0.011655011655011656 0.022908366533864542
0 0.6978438228438228 0.6065737051792829 0.034382284382284384 0.05179282868525897
0 0.6972610722610723 0.5383466135458167 0.02505827505827506 0.04183266932270916
0 0.7226107226107226 0.5014940239043825 0.024475524475524476 0.02888446215139442
0 0.6975524475524476 0.4711155378486056 0.029137529137529136 0.045816733067729085
0 0.6748251748251748 0.4387450199203187 0.026223776223776224 0.026892430278884463
0 0.6480186480186481 0.4860557768924303 0.028554778554778556 0.045816733067729085
0 0.6491841491841492 0.547808764940239 0.015151515151515152 0.02091633466135458
0 0.6480186480186481 0.6075697211155379 0.01282051282051282 0.026892430278884463
0 0.6488927738927739 0.6693227091633466 0.014568764568764568 0.02091633466135458
0 0.6518065268065268 0.7300796812749004 0.0168997668997669 0.025896414342629483
0 0.6949300699300699 0.6638446215139442 0.013403263403263404 0.022908366533864542
0 0.7398018648018648 0.6563745019920318 0.013986013986013986 0.02390438247011952
0 0.7872960372960373 0.6518924302788844 0.013403263403263404 0.021912350597609563
0 0.7887529137529138 0.7091633466135459 0.013403263403263404 0.0249003984063745
0 0.7666083916083916 0.7514940239043825 0.013403263403263404 0.02390438247011952
0 0.7421328671328671 0.7181274900398407 0.015151515151515152 0.0249003984063745
0 0.7217365967365967 0.7564741035856574 0.01282051282051282 0.02091633466135458
0 0.6963869463869464 0.723605577689243 0.014568764568764568 0.02091633466135458
0 0.6756993006993007 0.7644422310756972 0.013986013986013986 0.02390438247011952
0 0.6282051282051282 0.7694223107569721 0.01282051282051282 0.0199203187250996
0 0.6043123543123543 0.7345617529880478 0.013403263403263404 0.021912350597609563
0 0.583041958041958 0.7749003984063745 0.018065268065268064 0.027888446215139442
0 0.6019813519813519 0.6767928286852589 0.018648018648018648 0.027888446215139442
0 0.6013986013986014 0.6160358565737052 0.03613053613053613 0.037848605577689244
0 0.6028554778554779 0.5577689243027888 0.037296037296037296 0.05776892430278884
0 0.6244172494172494 0.5139442231075697 0.03671328671328671 0.05677290836653386
0 0.5987762237762237 0.4905378486055777 0.03146853146853147 0.03286852589641434
0 0.6232517482517482 0.4447211155378486 0.02505827505827506 0.03884462151394422
0 0.6480186480186481 0.4108565737051793 0.03205128205128205 0.053784860557768925
0 0.5981934731934732 0.3471115537848606 0.024475524475524476 0.060756972111553786
0 0.5976107226107226 0.4198207171314741 0.02564102564102564 0.05776892430278884
0 0.5731351981351981 0.4551792828685259 0.022144522144522144 0.049800796812749
0 0.5492424242424242 0.4965139442231076 0.030885780885780884 0.03386454183266932
0 0.5754662004662005 0.524402390438247 0.023892773892773892 0.02888446215139442
0 0.5515734265734266 0.5622509960159362 0.03904428904428905 0.04880478087649402
0 0.5539044289044289 0.62300796812749 0.013986013986013986 0.021912350597609563
0 0.5562354312354313 0.6837649402390438 0.011072261072261072 0.02091633466135458
0 0.5585664335664335 0.7405378486055777 0.011655011655011656 0.021912350597609563
0 0.5367132867132867 0.7828685258964143 0.014568764568764568 0.021912350597609563
0 0.5125291375291375 0.74800796812749 0.012237762237762238 0.0199203187250996
0 0.49155011655011654 0.7878486055776892 0.014568764568764568 0.021912350597609563
0 0.46678321678321677 0.7529880478087649 0.01282051282051282 0.0199203187250996
0 0.44522144522144524 0.7933266932270916 0.012237762237762238 0.018924302788844622
0 0.42045454545454547 0.7589641434262948 0.01282051282051282 0.021912350597609563
0 0.3986013986013986 0.8007968127490039 0.014568764568764568 0.021912350597609563
0 0.3738344988344988 0.7634462151394422 0.012237762237762238 0.022908366533864542
0 0.3525641025641026 0.8042828685258964 0.013403263403263404 0.022908366533864542
0 0.3280885780885781 0.7684262948207171 0.012237762237762238 0.022908366533864542
0 0.5268065268065268 0.5288844621513944 0.024475524475524476 0.029880478087649404
0 0.4991258741258741 0.50199203187251 0.030885780885780884 0.03386454183266932
0 0.5224358974358975 0.46165338645418325 0.020396270396270396 0.049800796812749
0 0.546911421911422 0.426792828685259 0.013403263403263404 0.025896414342629483
0 0.4970862470862471 0.43227091633466136 0.02564102564102564 0.05876494023904383
0 0.5198135198135199 0.3894422310756972 0.023892773892773892 0.036852589641434265
0 0.5448717948717948 0.3595617529880478 0.035547785547785545 0.05776892430278884
0 0.5702214452214452 0.3834661354581673 0.027972027972027972 0.03884462151394422
0 0.8068181818181818 0.16583665338645417 0.035547785547785545 0.05079681274900399