0 0.74504662004662 0.05079681274900399 0.013403263403263404 0.02091633466135458
0 0.7380536130536131 0.13545816733067728 0.0337995337995338 0.07768924302788845
0 0.7287296037296037 0.21613545816733068 0.034382284382284384 0.052788844621513946
0 0.7217365967365967 0.3012948207171315 0.028554778554778556 0.04880478087649402
0 0.7141608391608392 0.37250996015936255 0.01048951048951049 0.0199203187250996
0 0.708041958041958 0.44123505976095617 0.012237762237762238 0.026892430278884463
0 0.7027972027972028 0.5104581673306773 0.033216783216783216 0.045816733067729085
0 0.6844405594405595 0.40936254980079684 0.03205128205128205 0.037848605577689244
0 0.6966783216783217 0.25796812749003983 0.026806526806526808 0.03286852589641434
0 0.6745337995337995 0.21663346613545817 0.012237762237762238 0.021912350597609563
0 0.7025058275058275 0.17430278884462153 0.027389277389277388 0.045816733067729085
0 0.6812354312354313 0.1344621513944223 0.034382284382284384 0.037848605577689244
0 0.7115384615384616 0.09213147410358566 0.028554778554778556 0.052788844621513946
0 0.6882284382284383 0.04930278884462151 0.03205128205128205 0.053784860557768925
0 0.655011655011655 0.08864541832669323 0.026223776223776224 0.04083665338645418
0 0.6305361305361306 0.05129482071713148 0.041375291375291376 0.05876494023904383
0 0.6255827505827506 0.1254980079681275 0.03205128205128205 0.053784860557768925
0 0.6483100233100233 0.17430278884462153 0.039627039627039624 0.0647410358565737
0 0.6451048951048951 0.2539840637450199 0.027389277389277388 0.03286852589641434
0 0.668997668997669 0.29432270916334663 0.041375291375291376 0.0398406374501992
0 0.6628787878787878 0.36703187250996017 0.03263403263403263 0.055776892430278883
0 0.6142191142191142 0.2913346613545817 0.042540792540792544 0.06673306772908366
0 0.611013986013986 0.3710159362549801 0.037296037296037296 0.060756972111553786
0 0.6054778554778555 0.43675298804780877 0.011072261072261072 0.021912350597609563
0 0.655011655011655 0.4392430278884462 0.023310023310023312 0.055776892430278883
0 0.6794871794871795 0.475597609561753 0.027972027972027972 0.027888446215139442
0 0.6943473193473193 0.578187250996016 0.01048951048951049 0.018924302788844622
0 0.6879370629370629 0.6384462151394422 0.01048951048951049 0.01693227091633466
0 0.6821095571095571 0.6997011952191236 0.009906759906759906 0.017928286852589643
0 0.6404428904428905 0.6379482071713147 0.01048951048951049 0.018924302788844622
0 0.6349067599067599 0.6957171314741036 0.013986013986013986 0.018924302788844622
0 0.587995337995338 0.6942231075697212 0.015151515151515152 0.021912350597609563
0 0.5938228438228438 0.6369521912350598 0.030885780885780884 0.043824701195219126
0 0.6442307692307693 0.5747011952191236 0.03613053613053613 0.054780876494023904
0 0.6713286713286714 0.5428286852589641 0.023310023310023312 0.026892430278884463
0 0.6503496503496503 0.5184262948207171 0.03613053613053613 0.04880478087649402
0 0.6223776223776224 0.5428286852589641 0.02505827505827506 0.026892430278884463
0 0.5993589743589743 0.5049800796812749 0.027972027972027972 0.044820717131474105
0 0.5955710955710956 0.5717131474103586 0.027972027972027972 0.04183266932270916
0 0.5745920745920746 0.47360557768924305 0.02564102564102564 0.026892430278884463
0 0.5501165501165501 0.5109561752988048 0.029137529137529136 0.046812749003984064
0 0.5466200466200466 0.5692231075697212 0.013403263403263404 0.018924302788844622
0 0.5437062937062938 0.6294820717131474 0.013403263403263404 0.021912350597609563
0 0.5416666666666666 0.6902390438247012 0.011655011655011656 0.0249003984063745
0 0.49446386946386944 0.6887450199203188 0.011072261072261072 0.021912350597609563
0 0.4959207459207459 0.6304780876494024 0.03904428904428905 0.04282868525896414
0 0.4991258741258741 0.5732071713147411 0.0337995337995338 0.05677290836653386
0 0.5233100233100233 0.5353585657370518 0.035547785547785545 0.055776892430278883
0 0.5259324009324009 0.4676294820717131 0.024475524475524476 0.037848605577689244
0 0.5539044289044289 0.43177290836653387 0.03205128205128205 0.052788844621513946
0 0.5847902097902098 0.324203187250996 0.022727272727272728 0.029880478087649404
0 0.557983682983683 0.3660358565737052 0.039627039627039624 0.0348605577689243
0 0.5617715617715617 0.2863545816733068 0.033216783216783216 0.04780876494023904
0 0.6182983682983683 0.21364541832669323 0.04487179487179487 0.07071713147410359
0 0.5641025641025641 0.2101593625498008 0.042540792540792544 0.0398406374501992
0 0.5667249417249417 0.1254980079681275 0.03787878787878788 0.061752988047808766
0 0.5737179487179487 0.04083665338645418 0.04836829836829837 0.07370517928286853
0 0.5151515151515151 0.04183266932270916 0.042540792540792544 0.036852589641434265
0 0.5116550116550117 0.12649402390438247 0.04312354312354312 0.07470119521912351
0 0.5101981351981352 0.20468127490039842 0.03146853146853147 0.04880478087649402
0 0.4819347319347319 0.2400398406374502 0.026806526806526808 0.04183266932270916
0 0.5084498834498834 0.28834661354581675 0.038461538461538464 0.043824701195219126
0 0.5337995337995338 0.32121513944223107 0.028554778554778556 0.04282868525896414
0 0.506993006993007 0.3595617529880478 0.02505827505827506 0.05677290836653386
0 0.4796037296037296 0.32121513944223107 0.03904428904428905 0.05976095617529881
0 0.4533799533799534 0.28834661354581675 0.027972027972027972 0.046812749003984064
0 0.4551282051282051 0.20468127490039842 0.037296037296037296 0.044820717131474105
0 0.4828088578088578 0.16135458167330677 0.02156177156177156 0.060756972111553786
0 0.4571678321678322 0.12151394422310757 0.043706293706293704 0.03884462151394422
0 0.48543123543123545 0.0796812749003984 0.027389277389277388 0.03187250996015936
0 0.4577505827505827 0.036354581673306775 0.03904428904428905 0.07071713147410359
0 0.48892773892773894 0.0099601593625498 0.030303030303030304 0.0199203187250996
0 0.4256993006993007 0.07370517928286853 0.027972027972027972 0.03286852589641434
0 0.42395104895104896 0.00796812749003984 0.033216783216783216 0.01593625498007968
0 0.4020979020979021 0.035358565737051796 0.043706293706293704 0.0398406374501992
0 0.3726689976689977 0.00398406374501992 0.02972027972027972 0.00796812749003984
0 0.34382284382284384 0.03386454183266932 0.04895104895104895 0.06772908366533864
0 0.4020979020979021 0.11802788844621515 0.0472027972027972 0.07071713147410359
0 0.42977855477855476 0.16085657370517928 0.019813519813519812 0.055776892430278883
0 0.42453379953379955 0.23655378486055778 0.026223776223776224 0.04282868525896414
0 0.40064102564102566 0.1997011952191235 0.027972027972027972 0.04880478087649402
0 0.3473193473193473 0.11304780876494024 0.039627039627039624 0.05876494023904383
0 0.34673659673659674 0.19621513944223107 0.039627039627039624 0.03884462151394422
0 0.40064102564102566 0.2813745019920319 0.038461538461538464 0.046812749003984064
0 0.42628205128205127 0.31673306772908366 0.038461538461538464 0.061752988047808766
0 0.3720862470862471 0.3157370517928287 0.02505827505827506 0.04282868525896414
0 0.34702797202797203 0.27091633466135456 0.030885780885780884 0.049800796812749
0 0.2931235431235431 0.19272908366533864 0.045454545454545456 0.07071713147410359
0 0.2881701631701632 0.1050796812749004 0.034382284382284384 0.05776892430278884
0 0.2872960372960373 0.03286852589641434 0.038461538461538464 0.05776892430278884
0 0.2301864801864802 0.02440239043824701 0.030303030303030304 0.04880478087649402
0 0.256993006993007 0.0647410358565737 0.02564102564102564 0.046812749003984064
0 0.17482517482517482 0.015438247011952191 0.014568764568764568 0.022908366533864542
0 0.20745920745920746 0.05627490039840637 0.027972027972027972 0.052788844621513946
0 0.1789044289044289 0.10408366533864542 0.035547785547785545 0.0796812749003984
0 0.23572261072261072 0.10856573705179283 0.035547785547785545 0.036852589641434265
0 0.21474358974358973 0.14641434262948208 0.028554778554778556 0.04083665338645418
0 0.26223776223776224 0.14940239043824702 0.039627039627039624 0.06374501992031872
0 0.23892773892773891 0.1897410358565737 0.012237762237762238 0.02091633466135458
0 0.26427738927738925 0.22808764940239043 0.026223776223776224 0.0348605577689243
0 0.21474358974358973 0.2250996015936255 0.027972027972027972 0.03286852589641434
0 0.24242424242424243 0.2639442231075697 0.03904428904428905 0.043824701195219126
0 0.1888111888111888 0.27091633466135456 0.03146853146853147 0.053784860557768925
0 0.32138694638694637 0.3097609561752988 0.027389277389277388 0.02888446215139442
0 0.29632867132867136 0.3520916334661355 0.03904428904428905 0.061752988047808766
0 0.29545454545454547 0.27141434262948205 0.043706293706293704 0.06872509960159362
0 0.3484848484848485 0.351593625498008 0.038461538461538464 0.0348605577689243
0 0.24592074592074592 0.34113545816733065 0.03613053613053613 0.049800796812749
0 0.22144522144522144 0.37749003984063745 0.03496503496503497 0.03187250996015936
0 0.19376456876456877 0.34063745019920316 0.012237762237762238 0.0199203187250996
0 0.30011655011655014 0.41882470119521914 0.011655011655011656 0.021912350597609563
0 0.199009324009324 0.41284860557768926 0.01282051282051282 0.0199203187250996
0 0.2511655011655012 0.4163346613545817 0.022727272727272728 0.05677290836653386
0 0.22523310023310023 0.44621513944223107 0.029137529137529136 0.026892430278884463
0 0.2526223776223776 0.4895418326693227 0.033216783216783216 0.046812749003984064
0 0.20134032634032634 0.4770916334661355 0.030303030303030304 0.045816733067729085
0 0.2293123543123543 0.5109561752988048 0.027389277389277388 0.02888446215139442
0 0.20804195804195805 0.545816733067729 0.014568764568764568 0.02091633466135458
0 0.25903263403263405 0.548804780876494 0.03787878787878788 0.055776892430278883
0 0.21212121212121213 0.6080677290836654 0.011655011655011656 0.018924302788844622
0 0.25990675990675993 0.6100597609561753 0.011072261072261072 0.021912350597609563
0 0.30448717948717946 0.6180278884462151 0.033216783216783216 0.049800796812749
0 0.30361305361305363 0.549800796812749 0.024475524475524476 0.04083665338645418
0 0.2776806526806527 0.5149402390438247 0.024475524475524476 0.027888446215139442
0 0.30186480186480186 0.48306772908366535 0.028554778554778556 0.044820717131474105
0 0.32400932400932403 0.449203187250996 0.02564102564102564 0.025896414342629483
0 0.3516899766899767 0.4945219123505976 0.027972027972027972 0.043824701195219126
0 0.3516899766899767 0.5567729083665338 0.014568764568764568 0.0199203187250996
0 0.3543123543123543 0.6160358565737052 0.01282051282051282 0.025896414342629483
0 0.3546037296037296 0.6777888446215139 0.013986013986013986 0.0199203187250996
0 0.3531468531468531 0.7390438247011952 0.016317016317016316 0.0249003984063745
0 0.30856643356643354 0.6752988047808764 0.013403263403263404 0.021912350597609563
0 0.2636946386946387 0.670816733067729 0.013403263403263404 0.022908366533864542
0 0.2159090909090909 0.6688247011952191 0.01282051282051282 0.02091633466135458
0 0.21561771561771562 0.7260956175298805 0.01282051282051282 0.0249003984063745
0 0.23863636363636365 0.7669322709163346 0.013403263403263404 0.022908366533864542
0 0.26252913752913754 0.7325697211155379 0.014568764568764568 0.02390438247011952
0 0.2837995337995338 0.7699203187250996 0.01282051282051282 0.0199203187250996
0 0.3082750582750583 0.7355577689243028 0.014568764568764568 0.0199203187250996
0 0.3298368298368298 0.774402390438247 0.013403263403263404 0.022908366533864542
0 0.3773310023310023 0.7768924302788844 0.012237762237762238 0.018924302788844622
0 0.40064102564102566 0.7405378486055777 0.01282051282051282 0.021912350597609563
0 0.4227855477855478 0.7798804780876494 0.017482517482517484 0.027888446215139442
0 0.4018065268065268 0.6827689243027888 0.018648018648018648 0.026892430278884463
0 0.40093240093240096 0.6220119521912351 0.035547785547785545 0.035856573705179286
0 0.3983100233100233 0.5642430278884463 0.03671328671328671 0.055776892430278883
0 0.3758741258741259 0.521414342629482 0.03613053613053613 0.054780876494023904
0 0.40093240093240096 0.4965139442231076 0.030885780885780884 0.03187250996015936
0 0.3755827505827506 0.45219123505976094 0.023892773892773892 0.036852589641434265
0 0.3502331002331002 0.4198207171314741 0.030885780885780884 0.05179282868525897
0 0.3988927738927739 0.35308764940239046 0.023310023310023312 0.05976095617529881
0 0.40064102564102566 0.425796812749004 0.024475524475524476 0.05677290836653386
0 0.42599067599067597 0.4591633466135458 0.02097902097902098 0.04880478087649402
0 0.45075757575757575 0.4995019920318725 0.030303030303030304 0.03286852589641434
0 0.42511655011655014 0.5288844621513944 0.023310023310023312 0.027888446215139442
0 0.4495920745920746 0.5652390438247012 0.038461538461538464 0.045816733067729085
0 0.44871794871794873 0.625996015936255 0.013403263403263404 0.021912350597609563
0 0.44755244755244755 0.6867529880478087 0.011072261072261072 0.0199203187250996
0 0.44638694638694637 0.7440239043824701 0.011072261072261072 0.02091633466135458
0 0.46911421911421913 0.7848605577689243 0.013986013986013986 0.02091633466135458
0 0.4927156177156177 0.749003984063745 0.011655011655011656 0.018924302788844622
0 0.5142773892773893 0.7868525896414342 0.014568764568764568 0.02091633466135458
0 0.5384615384615384 0.750996015936255 0.01282051282051282 0.018924302788844622
0 0.5608974358974359 0.7898406374501992 0.011655011655011656 0.018924302788844622
0 0.5847902097902098 0.7539840637450199 0.012237762237762238 0.021912350597609563
0 0.6075174825174825 0.7948207171314741 0.013986013986013986 0.02091633466135458
0 0.6317016317016317 0.7559760956175299 0.012237762237762238 0.022908366533864542
0 0.6535547785547785 0.7953187250996016 0.01282051282051282 0.021912350597609563
0 0.6774475524475524 0.7579681274900398 0.011655011655011656 0.021912350597609563
0 0.4737762237762238 0.5303784860557769 0.024475524475524476 0.02888446215139442
0 0.5008741258741258 0.50199203187251 0.030303030303030304 0.03187250996015936
0 0.476981351981352 0.4626494023904382 0.019813519813519812 0.04880478087649402
0 0.45163170163170163 0.4292828685258964 0.01282051282051282 0.0249003984063745
0 0.5014568764568764 0.43177290836653387 0.024475524475524476 0.05776892430278884
0 0.47785547785547783 0.3904382470119522 0.023310023310023312 0.035856573705179286
0 0.4525058275058275 0.36205179282868527 0.034382284382284384 0.055776892430278883
0 0.42744755244755245 0.38745019920318724 0.027389277389277388 0.036852589641434265
0 0.1864801864801865 0.18426294820717132 0.03496503496503497 0.04880478087649402