0 0.016666666666666666 0.060833333333333336 0.03333333333333333 0.07166666666666667
0 0.018055555555555554 0.33311666666666667 0.03611111111111111 0.0601666666666667
0 0.016977777777777776 0.5823666666666667 0.03395555555555555 0.049700000000000084
0 0.012233333333333334 0.7958666666666666 0.024455555555555557 0.06248333333333335
0 0.0873111111111111 0.9106666666666666 0.03426666666666667 0.06391666666666651
0 0.08764444444444444 0.68125 0.0635111111111111 0.08604999999999999
0 0.11294444444444444 0.4099499999999999 0.11166666666666666 0.1808
0 0.10156666666666667 0.21081666666666665 0.08188888888888887 0.1439333333333333
0 0.19783333333333333 0.09423333333333334 0.07688888888888888 0.17665
0 0.27166666666666667 0.22118333333333334 0.03776666666666668 0.061883333333333325
0 0.1834 0.3397666666666667 0.04143333333333336 0.05893333333333336
0 0.2619777777777778 0.45401666666666673 0.053766666666666685 0.07669999999999998
0 0.18083333333333335 0.5580499999999999 0.07264444444444444 0.08331666666666668
0 0.1627 0.7879499999999999 0.08407777777777779 0.14275000000000004
0 0.23872222222222222 0.8969499999999999 0.034877777777777765 0.05431666666666653
0 0.16108888888888886 0.9834166666666666 0.06953333333333332 0.033166666666666816
0 0.25087777777777776 0.6697500000000001 0.04676666666666664 0.08208333333333333
0 0.3473555555555556 0.5668500000000001 0.07215555555555561 0.09674999999999992
0 0.34785555555555553 0.34055 0.04586666666666664 0.07093333333333333
0 0.36612222222222224 0.09508333333333333 0.053822222222222285 0.06003333333333335
0 0.5033555555555556 0.1102 0.042122222222222186 0.07016666666666665
0 0.4164 0.2182666666666667 0.06976666666666663 0.1201333333333333
0 0.4167777777777778 0.4269166666666666 0.06993333333333339 0.08791666666666667
0 0.49168888888888884 0.5304333333333333 0.11664444444444447 0.1564833333333333
0 0.5228222222222223 0.6594333333333334 0.06212222222222219 0.09531666666666656
0 0.3977333333333333 0.6640999999999999 0.03536666666666671 0.06571666666666659
0 0.3249444444444444 0.7654166666666666 0.05447777777777775 0.07376666666666665
0 0.3880111111111111 0.8775333333333333 0.041988888888888846 0.055133333333333305
0 0.3042777777777778 0.9817 0.03529999999999998 0.03483333333333349
0 0.4418888888888889 0.9658666666666667 0.03126666666666665 0.03815000000000017
0 0.4588111111111111 0.7570333333333333 0.04847777777777777 0.07333333333333333
0 0.5219 0.8550833333333333 0.0842888888888889 0.11936666666666658
0 0.5828777777777778 0.7558833333333332 0.026822222222222334 0.051899999999999974
0 0.6491666666666667 0.6375 0.04192222222222224 0.06181666666666672
0 0.6082666666666667 0.5539999999999999 0.05087777777777774 0.0963833333333334
0 0.5492 0.44745000000000007 0.08429999999999994 0.08895
0 0.4848111111111111 0.35248333333333337 0.057255555555555525 0.10173333333333337
0 0.5567111111111112 0.24050000000000002 0.06650000000000003 0.09951666666666666
0 0.6470666666666667 0.12159999999999999 0.045733333333333424 0.075
0 0.5739 0.053566666666666665 0.09202222222222216 0.10713333333333333
0 0.7141333333333334 0.042383333333333335 0.056455555555555495 0.08475000000000002
0 0.8297666666666667 0.04296666666666667 0.02990000000000009 0.06001666666666665
0 0.7597666666666666 0.15058333333333332 0.060733333333333424 0.08956666666666668
0 0.6941555555555555 0.23814999999999997 0.11671111111111107 0.09853333333333335
0 0.6236444444444444 0.36336666666666667 0.06965555555555561 0.12586666666666663
0 0.6772222222222222 0.45199999999999996 0.03677777777777768 0.07101666666666669
0 0.7420444444444445 0.35428333333333334 0.04380000000000008 0.04584999999999999
0 0.8066111111111112 0.2465 0.050255555555555574 0.07818333333333335
0 0.8701111111111112 0.15513333333333332 0.041466666666666596 0.06579999999999998
0 0.8933 0.0198 0.06808888888888887 0.0396
0 0.9374777777777777 0.06105000000000001 0.028033333333333355 0.04085000000000001
0 0.9738555555555556 0.16215000000000002 0.046466666666666594 0.07245
0 0.9131222222222222 0.26466666666666666 0.06327777777777782 0.11081666666666669
0 0.9553333333333333 0.3703 0.03710000000000011 0.06340000000000004
0 0.8449111111111111 0.36268333333333336 0.027166666666666717 0.04280000000000001
0 0.7791 0.43816666666666665 0.09225555555555552 0.1477666666666666
0 0.7202333333333334 0.5567833333333333 0.05327777777777783 0.07426666666666676
0 0.7654333333333333 0.6382166666666667 0.034222222222222175 0.04593333333333324
0 0.6967222222222221 0.7216333333333333 0.04660000000000006 0.06023333333333331
0 0.6287111111111111 0.8462833333333333 0.047422222222222296 0.04363333333333334
0 0.6878 0.9174833333333333 0.07261111111111102 0.06791666666666667
0 0.7805444444444445 0.9063166666666667 0.03191111111111114 0.03775000000000015
0 0.744688888888889 0.8255666666666667 0.05 0.07558333333333338
0 0.8077111111111112 0.7255833333333334 0.052444444444444495 0.0834166666666666
0 0.8267333333333333 0.55145 0.03482222222222213 0.03834999999999999
0 0.8883111111111112 0.45771666666666666 0.03371111111111102 0.06436666666666667
0 0.9867333333333332 0.46165 0.026533333333333454 0.07836666666666664
0 0.9288 0.5362666666666667 0.06583333333333333 0.09073333333333343
0 0.8684999999999999 0.6415333333333334 0.0474555555555556 0.07838333333333329
0 0.9042 0.7189833333333333 0.023455555555555445 0.05169999999999997
0 0.9658888888888888 0.6204833333333334 0.02936666666666674 0.04123333333333335
0 0.9343111111111111 0.7883666666666667 0.054066666666666756 0.08169999999999997
0 0.9683666666666666 0.8688666666666668 0.03784444444444438 0.07141666666666661
0 0.9091555555555556 0.96215 0.02643333333333329 0.03441666666666682
0 0.8767666666666667 0.8856999999999999 0.025133333333333212 0.038099999999999835
0 0.8470333333333334 0.8057333333333333 0.035755555555555624 0.057116666666666635
0 0.8184111111111112 0.9802666666666666 0.026966666666666646 0.039466666666666775
0 0.5676666666666667 0.9481999999999999 0.03330000000000003 0.0440500000000001
0 0.9916666666666667 0.010833333333333334 0.016666666666666666 0.021666666666666667
0 0.4416111111111111 0.009466666666666667 0.041577777777777734 0.01891666666666667
0 0.2788888888888889 0.013333333333333334 0.02666666666666667 0.02666666666666667
0 0.0036777777777777776 0.17463333333333333 0.007344444444444445 0.04790000000000001
0 0.9957777777777779 0.28005 0.008433333333333242 0.018866666666666657
0 0.9957777777777779 0.54315 0.008433333333333242 0.033783333333333304
0 0.9905111111111111 0.6995166666666667 0.018977777777777698 0.03816666666666663
0 0.9947555555555555 0.94045 0.01048888888888895 0.029816666666666835
0 0.7193666666666666 0.9911 0.026066666666666707 0.017800000000000107