0 0.9861111111111112 0.4475 0.027777777777777776 0.06833333333333333
0 0.9683333333333334 0.695 0.03888888888888889 0.056666666666666664
0 0.9511111111111111 0.9066666666666666 0.03111111111111111 0.06666666666666667
0 0.8644444444444445 0.9833333333333333 0.04 0.03333333333333333
0 0.8883333333333333 0.7758333333333334 0.07222222222222222 0.1
0 0.8916666666666667 0.5016666666666667 0.1288888888888889 0.205
0 0.9238888888888889 0.3075 0.09555555555555556 0.16166666666666665
0 0.8405555555555555 0.17 0.09444444444444444 0.19333333333333333
0 0.7544444444444445 0.2783333333333333 0.043333333333333335 0.07
0 0.8294444444444444 0.41583333333333333 0.04666666666666667 0.06833333333333333
0 0.74 0.5108333333333334 0.06111111111111111 0.08833333333333333
0 0.8094444444444444 0.6325 0.08 0.1
0 0.8033333333333333 0.8633333333333333 0.09777777777777778 0.16
0 0.7166666666666667 0.9533333333333334 0.04 0.06166666666666667
0 0.7283333333333334 0.7258333333333333 0.05444444444444444 0.09166666666666666
0 0.6438888888888888 0.6016666666666667 0.0811111111111111 0.11166666666666666
0 0.6666666666666666 0.37833333333333335 0.052222222222222225 0.08
0 0.6744444444444444 0.13166666666666665 0.058888888888888886 0.07166666666666667
0 0.5372222222222223 0.11416666666666667 0.04888888888888889 0.08
0 0.6122222222222222 0.24166666666666667 0.0811111111111111 0.135
0 0.59 0.4475 0.07777777777777778 0.10333333333333333
0 0.505 0.5316666666666666 0.13111111111111112 0.18166666666666667
0 0.46055555555555555 0.6525 0.07111111111111111 0.10833333333333334
0 0.5838888888888889 0.6858333333333333 0.042222222222222223 0.07333333333333333
0 0.645 0.8033333333333333 0.06111111111111111 0.085
0 0.5711111111111111 0.8991666666666667 0.04666666666666667 0.065
0 0.5088888888888888 0.9741666666666666 0.034444444444444444 0.045
0 0.5138888888888888 0.7633333333333333 0.05555555555555555 0.08333333333333333
0 0.4411111111111111 0.8458333333333333 0.09555555555555556 0.13833333333333334
0 0.39166666666666666 0.7333333333333333 0.03222222222222222 0.058333333333333334
0 0.3383333333333333 0.6008333333333333 0.04777777777777778 0.07166666666666667
0 0.38722222222222225 0.5283333333333333 0.06 0.10666666666666667
0 0.45666666666666667 0.43666666666666665 0.09222222222222222 0.10833333333333334
0 0.5305555555555556 0.3575 0.06666666666666667 0.11333333333333333
0 0.4711111111111111 0.23 0.07555555555555556 0.11333333333333333
0 0.39444444444444443 0.09166666666666666 0.05333333333333334 0.085
0 0.47333333333333333 0.0525 0.10222222222222223 0.105
0 0.33555555555555555 0.0225 0.06444444444444444 0.045
0 0.28 0.09416666666666666 0.06888888888888889 0.10333333333333333
0 0.33555555555555555 0.19583333333333333 0.12555555555555556 0.125
0 0.39222222222222225 0.3358333333333333 0.08222222222222222 0.14
0 0.33 0.41083333333333333 0.043333333333333335 0.07833333333333334
0 0.2761111111111111 0.2991666666666667 0.04777777777777778 0.055
0 0.22333333333333333 0.1775 0.057777777777777775 0.08833333333333333
0 0.17055555555555554 0.0725 0.04777777777777778 0.075
0 0.06722222222222222 0.055 0.05333333333333334 0.08166666666666667
0 0.11666666666666667 0.17083333333333334 0.07444444444444444 0.125
0 0.06388888888888888 0.265 0.043333333333333335 0.07166666666666667
0 0.1738888888888889 0.2833333333333333 0.03111111111111111 0.04833333333333333
0 0.23055555555555557 0.37333333333333335 0.10666666666666667 0.16833333333333333
0 0.27666666666666667 0.5041666666666667 0.06 0.08666666666666667
0 0.22333333333333333 0.5741666666666667 0.03888888888888889 0.05333333333333334
0 0.2827777777777778 0.6725 0.052222222222222225 0.07
0 0.33666666666666667 0.8116666666666666 0.051111111111111114 0.055
0 0.27111111111111114 0.8683333333333333 0.07888888888888888 0.08333333333333333
0 0.18055555555555555 0.8358333333333333 0.035555555555555556 0.045
0 0.22444444444444445 0.7641666666666667 0.057777777777777775 0.08666666666666667
0 0.17277777777777778 0.6508333333333334 0.06 0.095
0 0.17166666666666666 0.4741666666666667 0.03888888888888889 0.04666666666666667
0 0.12111111111111111 0.3675 0.04 0.07166666666666667
0 0.023333333333333334 0.3475 0.034444444444444444 0.08333333333333333
0 0.07277777777777777 0.435 0.07444444444444444 0.105
0 0.12111111111111111 0.5533333333333333 0.05555555555555555 0.08833333333333333
0 0.07777777777777778 0.6216666666666667 0.028888888888888888 0.056666666666666664
0 0.02722222222222222 0.51 0.03333333333333333 0.04833333333333333
0 0.04111111111111111 0.6825 0.06222222222222222 0.09333333333333334
0 0.010555555555555556 0.7533333333333333 0.021111111111111112 0.08
0 0.04777777777777778 0.8608333333333333 0.03 0.04
0 0.08777777777777777 0.7925 0.028888888888888888 0.043333333333333335
0 0.12555555555555556 0.7208333333333333 0.04111111111111111 0.065
0 0.13555555555555557 0.9 0.03111111111111111 0.045
0 0.38666666666666666 0.9266666666666666 0.03777777777777778 0.051666666666666666
0 0.6088888888888889 0.029166666666666667 0.043333333333333335 0.028333333333333332
0 0.7688888888888888 0.07083333333333333 0.028888888888888888 0.03333333333333333
0 0.03333333333333333 0.16666666666666666 0.01 0.02
0 0.005555555555555556 0.42583333333333334 0.011111111111111112 0.035
0 0.002777777777777778 0.5808333333333333 0.005555555555555556 0.041666666666666664
0 0.23222222222222222 0.9333333333333333 0.027777777777777776 0.023333333333333334