0 0.043333333333333335 0.018333333333333333 0.03777777777777778 0.03666666666666667
0 0.029444444444444443 0.2708333333333333 0.04 0.065
0 0.01611111111111111 0.5183333333333333 0.03222222222222222 0.05333333333333334
0 0.005 0.7308333333333333 0.01 0.065
0 0.065 0.855 0.03777777777777778 0.06833333333333333
0 0.07888888888888888 0.6266666666666667 0.06777777777777778 0.09333333333333334
0 0.11944444444444445 0.36 0.12222222222222222 0.195
0 0.12 0.16 0.09 0.15333333333333332
0 0.2222222222222222 0.075 0.08666666666666667 0.15
0 0.28888888888888886 0.1925 0.04111111111111111 0.06666666666666667
0 0.1938888888888889 0.2991666666666667 0.044444444444444446 0.06333333333333334
0 0.26555555555555554 0.42333333333333334 0.057777777777777775 0.08333333333333333
0 0.17888888888888888 0.5158333333333334 0.07666666666666666 0.09166666666666666
0 0.14722222222222223 0.7425 0.09222222222222222 0.15333333333333332
0 0.21666666666666667 0.8616666666666667 0.03777777777777778 0.058333333333333334
0 0.13444444444444445 0.9375 0.07111111111111111 0.041666666666666664
0 0.24222222222222223 0.6366666666666667 0.051111111111111114 0.08833333333333333
0 0.3438888888888889 0.5466666666666666 0.07777777777777778 0.105
0 0.35777777777777775 0.32166666666666666 0.05 0.07666666666666666
0 0.39 0.07916666666666666 0.056666666666666664 0.06666666666666667
0 0.5261111111111111 0.1125 0.04555555555555556 0.075
0 0.43333333333333335 0.20833333333333334 0.07666666666666666 0.12833333333333333
0 0.4211111111111111 0.4166666666666667 0.07444444444444444 0.09666666666666666
0 0.49 0.5291666666666667 0.12555555555555556 0.17166666666666666
0 0.5133333333333333 0.6616666666666666 0.06777777777777778 0.10333333333333333
0 0.3883333333333333 0.65 0.03888888888888889 0.07
0 0.31 0.7416666666666667 0.058888888888888886 0.08
0 0.36666666666666664 0.8616666666666667 0.04555555555555556 0.06
0 0.2772222222222222 0.9541666666666667 0.03666666666666667 0.04
0 0.415 0.9566666666666667 0.03333333333333333 0.041666666666666664
0 0.4438888888888889 0.7508333333333334 0.052222222222222225 0.08
0 0.5011111111111111 0.8566666666666667 0.09111111111111111 0.13
0 0.5677777777777778 0.7658333333333334 0.03 0.055
0 0.6405555555555555 0.6566666666666666 0.04555555555555556 0.06666666666666667
0 0.6044444444444445 0.5683333333333334 0.056666666666666664 0.10333333333333333
0 0.5522222222222222 0.45416666666666666 0.08888888888888889 0.1
0 0.49333333333333335 0.35083333333333333 0.06333333333333334 0.10833333333333334
0 0.5716666666666667 0.24916666666666668 0.07222222222222222 0.10833333333333334
0 0.6683333333333333 0.1425 0.05 0.08
0 0.5994444444444444 0.065 0.09777777777777778 0.11833333333333333
0 0.74 0.0725 0.06111111111111111 0.09166666666666666
0 0.855 0.0875 0.03333333333333333 0.06333333333333334
0 0.7788888888888889 0.18583333333333332 0.06555555555555556 0.09666666666666666
0 0.7088888888888889 0.26416666666666666 0.12222222222222222 0.11333333333333333
0 0.6311111111111111 0.38 0.07666666666666666 0.135
0 0.6794444444444444 0.475 0.04111111111111111 0.075
0 0.7494444444444445 0.38666666666666666 0.04666666666666667 0.051666666666666666
0 0.82 0.2875 0.05444444444444444 0.085
0 0.8888888888888888 0.205 0.04555555555555556 0.07166666666666667
0 0.9194444444444444 0.07333333333333333 0.07 0.04833333333333333
0 0.9611111111111111 0.12 0.03 0.045
0 0.9833333333333333 0.22416666666666665 0.03333333333333333 0.07833333333333334
0 0.925 0.31916666666666665 0.07 0.11833333333333333
0 0.9611111111111111 0.43 0.04111111111111111 0.06833333333333333
0 0.8516666666666667 0.4083333333333333 0.03 0.04666666666666667
0 0.7816666666666666 0.475 0.1 0.16
0 0.7161111111111111 0.585 0.057777777777777775 0.08166666666666667
0 0.7566666666666667 0.6725 0.03666666666666667 0.05
0 0.6833333333333333 0.7466666666666667 0.05 0.06666666666666667
0 0.6083333333333333 0.8616666666666667 0.05 0.05
0 0.6627777777777778 0.9408333333333333 0.07666666666666666 0.07666666666666666
0 0.7561111111111111 0.9416666666666667 0.034444444444444444 0.041666666666666664
0 0.725 0.8566666666666667 0.05444444444444444 0.08166666666666667
0 0.7933333333333333 0.765 0.056666666666666664 0.09
0 0.8227777777777778 0.5941666666666666 0.03666666666666667 0.043333333333333335
0 0.8894444444444445 0.5083333333333333 0.03777777777777778 0.06833333333333333
0 0.9855555555555555 0.5258333333333334 0.028888888888888888 0.08166666666666667
0 0.925 0.5925 0.07111111111111111 0.09833333333333333
0 0.8588888888888889 0.6891666666666667 0.052222222222222225 0.085
0 0.89 0.7708333333333334 0.02666666666666667 0.055
0 0.9572222222222222 0.6808333333333333 0.03111111111111111 0.045
0 0.9161111111111111 0.8441666666666666 0.058888888888888886 0.08833333333333333
0 0.945 0.9283333333333333 0.042222222222222223 0.07666666666666666
0 0.8527777777777777 0.9333333333333333 0.027777777777777776 0.041666666666666664
0 0.8277777777777777 0.85 0.03888888888888889 0.06166666666666667
0 0.5411111111111111 0.955 0.035555555555555556 0.04833333333333333
0 0.47 0.0075 0.042222222222222223 0.015
0 0.024444444444444446 0.11083333333333334 0.01 0.04833333333333333
0 0.9911111111111112 0.6075 0.01 0.035
0 0.9772222222222222 0.7625 0.021111111111111112 0.04
0 0.9672222222222222 0.9933333333333333 0.012222222222222223 0.013333333333333334