0 0.03587179487179487 0.1752142857142857 0.06148717948717949 0.08610714285714285
0 0.03207692307692308 0.35082142857142856 0.06415384615384616 0.11592857142857145
0 0.03807692307692308 0.46403571428571433 0.06076923076923077 0.07092857142857148
0 0.04548717948717948 0.79125 0.0678974358974359 0.07535714285714294
0 0.14443589743589744 0.6648928571428571 0.09143589743589743 0.11189285714285709
0 0.22943589743589746 0.2998928571428571 0.09474358974358979 0.10335714285714286
0 0.30423076923076925 0.07989285714285714 0.05974358974358977 0.059785714285714296
0 0.35261538461538466 0.14164285714285713 0.07169230769230768 0.06671428571428573
0 0.39017948717948714 0.2325357142857143 0.05297435897435904 0.09917857142857144
0 0.28371794871794875 0.5682857142857143 0.05974358974358977 0.05800000000000003
0 0.43033333333333335 0.4756785714285714 0.06530769230769223 0.07078571428571426
0 0.426076923076923 0.8178571428571428 0.06494871794871791 0.075
0 0.5804102564102565 0.6950357142857143 0.09161538461538467 0.10074999999999992
0 0.6633076923076923 0.44682142857142854 0.057743589743589695 0.09574999999999996
0 0.7181794871794871 0.2341785714285714 0.054333333333333476 0.07549999999999997
0 0.573923076923077 0.08478571428571427 0.08374358974358981 0.06953571428571427
0 0.829974358974359 0.15435714285714286 0.06764102564102563 0.07657142857142857
0 0.9016923076923078 0.025 0.06584615384615372 0.05
0 0.9647435897435898 0.30600000000000005 0.07051282051282051 0.1119642857142857
0 0.8422051282051282 0.36817857142857147 0.061333333333333226 0.05778571428571431
0 0.839948717948718 0.5911785714285714 0.067051282051282 0.07882142857142854
0 0.8413846153846154 0.8103214285714285 0.09817948717948709 0.10639285714285722
0 0.9801282051282051 0.682 0.03974358974358974 0.0889642857142858
0 0.9762820512820513 0.47860714285714284 0.047435897435897434 0.11432142857142853
0 0.6668461538461539 0.9066428571428572 0.08497435897435894 0.04903571428571435
0 0.5472051282051282 0.29964285714285716 0.060410256410256415 0.07589285714285714
0 0.20176923076923076 0.9215714285714286 0.08117948717948717 0.014035714285714106
0 0.1625128205128205 0.016142857142857143 0.05641025641025639 0.03225