0 0.0782051282051282 0.07857142857142857 0.06923076923076923 0.1
0 0.05512820512820513 0.25 0.07692307692307693 0.12857142857142856
0 0.047435897435897434 0.36428571428571427 0.06923076923076923 0.08214285714285714
0 0.026923076923076925 0.6875 0.05384615384615385 0.08928571428571429
0 0.13076923076923078 0.5857142857142857 0.10256410256410256 0.13214285714285715
0 0.2551282051282051 0.24285714285714285 0.10512820512820513 0.12142857142857143
0 0.35384615384615387 0.04285714285714286 0.06666666666666667 0.07142857142857142
0 0.39487179487179486 0.11428571428571428 0.07948717948717948 0.08214285714285714
0 0.4217948717948718 0.2125 0.0641025641025641 0.11071428571428571
0 0.2782051282051282 0.5196428571428572 0.06666666666666667 0.07142857142857142
0 0.43333333333333335 0.4607142857142857 0.07179487179487179 0.08571428571428572
0 0.391025641025641 0.7982142857142858 0.07179487179487179 0.08928571428571429
0 0.5576923076923077 0.7107142857142857 0.10256410256410256 0.11785714285714285
0 0.6666666666666666 0.48392857142857143 0.06666666666666667 0.10714285714285714
0 0.7448717948717949 0.2857142857142857 0.06153846153846154 0.08571428571428572
0 0.6192307692307693 0.10535714285714286 0.08974358974358974 0.08571428571428572
0 0.8641025641025641 0.23035714285714284 0.07435897435897436 0.08928571428571429
0 0.95 0.11785714285714285 0.07179487179487179 0.06428571428571428
0 0.9692307692307692 0.4089285714285714 0.06153846153846154 0.125
0 0.8525641025641025 0.4446428571428571 0.06666666666666667 0.07142857142857142
0 0.8256410256410256 0.6642857142857143 0.07435897435897436 0.09285714285714286
0 0.8025641025641026 0.8803571428571428 0.1076923076923077 0.125
0 0.9538461538461539 0.7839285714285714 0.04871794871794872 0.09642857142857143
0 0.9717948717948718 0.5803571428571429 0.05641025641025641 0.125
0 0.6192307692307693 0.9375 0.08974358974358974 0.06785714285714285
0 0.5692307692307692 0.3125 0.06923076923076923 0.08928571428571429
0 0.1576923076923077 0.8517857142857143 0.08205128205128205 0.03214285714285714