0 0.028205128205128206 0.20892857142857144 0.05641025641025641 0.08928571428571429
0 0.03076923076923077 0.38571428571428573 0.06153846153846154 0.12142857142857143
0 0.03717948717948718 0.4982142857142857 0.0641025641025641 0.075
0 0.057692307692307696 0.8232142857142857 0.07179487179487179 0.07857142857142857
0 0.15128205128205127 0.6910714285714286 0.09487179487179487 0.11785714285714285
0 0.22179487179487178 0.3196428571428571 0.09743589743589744 0.11071428571428571
0 0.28846153846153844 0.09464285714285714 0.06153846153846154 0.06428571428571428
0 0.33974358974358976 0.15357142857142858 0.07435897435897436 0.07142857142857142
0 0.38076923076923075 0.24107142857142858 0.05641025641025641 0.10357142857142858
0 0.28717948717948716 0.5839285714285715 0.06153846153846154 0.060714285714285714
0 0.42948717948717946 0.48035714285714287 0.06666666666666667 0.075
0 0.43846153846153846 0.8232142857142857 0.06666666666666667 0.07857142857142857
0 0.5871794871794872 0.6892857142857143 0.09487179487179487 0.10714285714285714
0 0.6615384615384615 0.4357142857142857 0.06153846153846154 0.1
0 0.7076923076923077 0.21785714285714286 0.05641025641025641 0.07857142857142857
0 0.5576923076923077 0.08035714285714286 0.08717948717948718 0.075
0 0.8166666666666667 0.13035714285714287 0.06923076923076923 0.08214285714285714
0 0.882051282051282 0.010714285714285714 0.06666666666666667 0.02142857142857143
0 0.9564102564102565 0.2732142857142857 0.07435897435897436 0.11785714285714285
0 0.8371794871794872 0.34285714285714286 0.0641025641025641 0.060714285714285714
0 0.8423076923076923 0.5660714285714286 0.06923076923076923 0.08214285714285714
0 0.8525641025641025 0.7857142857142857 0.10256410256410256 0.11428571428571428
0 0.982051282051282 0.6464285714285715 0.035897435897435895 0.09285714285714286
0 0.9743589743589743 0.4446428571428571 0.05128205128205128 0.11785714285714285
0 0.6820512820512821 0.8946428571428572 0.08717948717948718 0.05357142857142857
0 0.5397435897435897 0.29642857142857143 0.0641025641025641 0.07857142857142857
0 0.21794871794871795 0.9428571428571428 0.08205128205128205 0.02142857142857143
0 0.14487179487179488 0.04107142857142857 0.05641025641025641 0.03571428571428571