0 0.17748000000000003 0.47432291666666665 0.10278666666666669 0.1863020833333334
0 0.13488 0.07221354166666666 0.06854666666666666 0.14440104166666667
0 0.029586666666666667 0.39291666666666664 0.03068 0.045442708333333304
0 0.10648 0.9362499999999999 0.12109333333333333 0.1253645833333333
0 0.19413333333333332 0.7888281250000001 0.103 0.1682031250000001
0 0.3077066666666667 0.9753124999999999 0.031173333333333327 0.04934895833333345
0 0.30716 0.6472916666666667 0.12219999999999998 0.22453125000000007
0 0.25168 0.230546875 0.11064000000000003 0.24330729166666668
0 0.37589333333333336 0.42046875 0.09239999999999998 0.26328124999999997
0 0.4018933333333334 0.11346354166666665 0.12016 0.17481770833333332
0 0.5227466666666667 0.6846354166666666 0.19942666666666672 0.43057291666666675
0 0.7238933333333333 0.3983072916666666 0.02711999999999989 0.07156250000000004
0 0.7235199999999999 0.5146354166666667 0.019920000000000073 0.04804687499999997
0 0.82068 0.290546875 0.06420000000000012 0.28640625000000003
0 0.915 0.8070833333333334 0.0336266666666667 0.07924479166666654
0 0.9239866666666667 0.9009375 0.09579999999999989 0.1981250000000001
0 0.8379866666666667 0.017499999999999998 0.04869333333333331 0.03497395833333333
1 0.8812933333333334 0.15864583333333335 0.12771999999999994 0.31726562500000005
1 0.04766666666666667 0.14479166666666665 0.09532000000000002 0.28955729166666666
1 0.7271733333333333 0.9314583333333334 0.0837466666666666 0.1370833333333333