0 0.17733333333333334 0.5078125 0.108 0.1953125
0 0.124 0.11067708333333333 0.072 0.15104166666666666
0 0.027333333333333334 0.44140625 0.032 0.049479166666666664
0 0.118 0.953125 0.124 0.09375
0 0.202 0.8203125 0.108 0.1796875
0 0.32 0.984375 0.032 0.03125
0 0.31133333333333335 0.6666666666666666 0.128 0.23697916666666666
0 0.24466666666666667 0.2565104166666667 0.11733333333333333 0.2552083333333333
0 0.374 0.43359375 0.09866666666666667 0.2734375
0 0.392 0.12369791666666667 0.12533333333333332 0.1875
0 0.5273333333333333 0.6822916666666666 0.21066666666666667 0.4505208333333333
0 0.7206666666666667 0.375 0.029333333333333333 0.07552083333333333
0 0.7233333333333334 0.4921875 0.021333333333333333 0.049479166666666664
0 0.8146666666666667 0.2578125 0.072 0.2916666666666667
0 0.9226666666666666 0.7643229166666666 0.036 0.08333333333333333
0 0.934 0.8567708333333334 0.10133333333333333 0.20833333333333334
1 0.8706666666666667 0.14192708333333334 0.136 0.2838541666666667
1 0.04466666666666667 0.19140625 0.08933333333333333 0.2994791666666667
1 0.7386666666666667 0.9075520833333334 0.08666666666666667 0.14583333333333334