0 0.8226666666666667 0.5299479166666666 0.11066666666666666 0.203125
0 0.8826666666666667 0.13541666666666666 0.07466666666666667 0.15625
0 0.9733333333333334 0.4739583333333333 0.032 0.049479166666666664
0 0.8726666666666667 0.9635416666666666 0.12666666666666668 0.07291666666666667
0 0.792 0.83984375 0.11066666666666666 0.18489583333333334
0 0.67 0.9895833333333334 0.03333333333333333 0.020833333333333332
0 0.6853333333333333 0.6796875 0.132 0.24479166666666666
0 0.7593333333333333 0.2734375 0.12133333333333333 0.2604166666666667
0 0.6273333333333333 0.44140625 0.104 0.2786458333333333
0 0.6146666666666667 0.13151041666666666 0.128 0.1953125
0 0.4693333333333333 0.6796875 0.21733333333333332 0.4635416666666667
0 0.2813333333333333 0.3606770833333333 0.030666666666666665 0.07552083333333333
0 0.27666666666666667 0.4765625 0.021333333333333333 0.052083333333333336
0 0.19 0.23697916666666666 0.07733333333333334 0.296875
0 0.07266666666666667 0.7356770833333334 0.037333333333333336 0.0859375
0 0.06 0.8268229166666666 0.104 0.21354166666666666
1 0.13466666666666666 0.13151041666666666 0.14133333333333334 0.2630208333333333
1 0.956 0.22265625 0.088 0.3046875
1 0.25466666666666665 0.890625 0.08933333333333333 0.15104166666666666