0 0.905517578125 0.006103515625 0.03759765625 0.01220703125
0 0.757080078125 0.10791015625 0.09619140625 0.072265625
0 0.7626953125 0.185302734375 0.0478515625 0.03662109375
0 0.848388671875 0.1640625 0.04638671875 0.04638671875
0 0.860107421875 0.253662109375 0.0419921875 0.04833984375
0 0.847412109375 0.388427734375 0.04541015625 0.05126953125
0 0.935302734375 0.375 0.0615234375 0.06494140625
0 0.9501953125 0.460693359375 0.03271484375 0.0556640625
0 0.960693359375 0.54638671875 0.03564453125 0.05126953125
0 0.68408203125 0.431640625 0.22509765625 0.2138671875
0 0.80517578125 0.60888671875 0.2646484375 0.259765625
0 0.981201171875 0.73828125 0.04248046875 0.0341796875
0 0.8876953125 0.74072265625 0.068359375 0.04736328125
0 0.895751953125 0.830322265625 0.12890625 0.09130859375
0 0.901611328125 0.92431640625 0.02392578125 0.02294921875
0 0.7919921875 0.98388671875 0.0498046875 0.0283203125
0 0.639404296875 0.99755859375 0.15576171875 0.04443359375
0 0.683349609375 0.94921875 0.05419921875 0.0576171875
0 0.555908203125 0.511474609375 0.0390625 0.02490234375
0 0.54443359375 0.43115234375 0.0234375 0.02294921875
0 0.46533203125 0.396728515625 0.048828125 0.0517578125
0 0.535400390625 0.32080078125 0.0673828125 0.05712890625
0 0.42431640625 0.062255859375 0.16162109375 0.08203125
0 0.232666015625 0.0859375 0.05615234375 0.07763671875
0 0.195556640625 0.153564453125 0.0693359375 0.068359375
0 0.304443359375 0.152099609375 0.0654296875 0.0810546875
0 0.312744140625 0.221923828125 0.06982421875 0.08837890625
0 0.25537109375 0.301025390625 0.05810546875 0.07666015625
0 0.15234375 0.385009765625 0.17822265625 0.1630859375
0 0.410400390625 0.54736328125 0.0771484375 0.08349609375
0 0.3037109375 0.677001953125 0.02978515625 0.03369140625
0 0.1953125 0.73974609375 0.03759765625 0.05224609375
0 0.190673828125 0.81640625 0.03271484375 0.04345703125
0 0.255859375 0.88525390625 0.0322265625 0.0439453125
0 0.509521484375 0.962158203125 0.05029296875 0.0341796875
0 0.139404296875 1.00146484375 0.08251953125 0.1103515625
0 0.12451171875 0.589111328125 0.03759765625 0.041015625