0 0.509755291005291 0.07291666666666667 0.06712962962962964 0.051587301587301584
0 0.5031415343915344 0.12516534391534392 0.0333994708994709 0.026455026455026454
0 0.4459325396825397 0.1078042328042328 0.032407407407407406 0.032407407407407406
0 0.43468915343915343 0.167989417989418 0.02976190476190476 0.03373015873015873
0 0.4386574074074074 0.2595899470899471 0.03207671957671958 0.036044973544973546
0 0.37962962962962965 0.24718915343915343 0.04365079365079365 0.04563492063492063
0 0.3665674603174603 0.304728835978836 0.023809523809523808 0.03835978835978836
0 0.35631613756613756 0.36243386243386244 0.025793650793650792 0.03571428571428571
0 0.5476190476190477 0.29464285714285715 0.1583994708994709 0.15112433862433863
0 0.4593253968253968 0.41021825396825395 0.18617724867724866 0.1832010582010582
0 0.33564814814814814 0.4914021164021164 0.02976190476190476 0.02447089947089947
0 0.39880952380952384 0.49636243386243384 0.047619047619047616 0.03439153439153439
0 0.39021164021164023 0.5565476190476191 0.08928571428571429 0.06580687830687831
0 0.38293650793650796 0.6200396825396826 0.016865079365079364 0.016534391534391533
0 0.4548611111111111 0.6643518518518519 0.03439153439153439 0.020833333333333332
0 0.5577050264550265 0.6789021164021164 0.10582010582010581 0.035383597883597885
0 0.5295965608465608 0.6446759259259259 0.03835978835978836 0.04034391534391534
0 0.6314484126984127 0.35300925925925924 0.027116402116402115 0.017857142857142856
0 0.6420304232804233 0.29910714285714285 0.016534391534391533 0.016203703703703703
0 0.6967592592592593 0.2787698412698413 0.03439153439153439 0.036375661375661374
0 0.6521164021164021 0.22470238095238096 0.04728835978835979 0.040674603174603176
0 0.736441798941799 0.0539021164021164 0.1111111111111111 0.060515873015873016
0 0.8650793650793651 0.07671957671957672 0.04034391534391534 0.0539021164021164
0 0.8877314814814815 0.12384259259259259 0.04861111111111111 0.04828042328042328
0 0.8141534391534392 0.11888227513227513 0.046957671957671955 0.05654761904761905
0 0.8060515873015873 0.1658399470899471 0.049933862433862435 0.06183862433862434
0 0.8420965608465608 0.22139550264550265 0.041666666666666664 0.05324074074074074
0 0.9088955026455027 0.28191137566137564 0.125 0.11574074074074074
0 0.728505291005291 0.38244047619047616 0.054563492063492064 0.05853174603174603
0 0.7961309523809523 0.4738756613756614 0.021164021164021163 0.023809523809523808
0 0.8670634920634921 0.5203373015873016 0.027116402116402115 0.036375661375661374
0 0.8675595238095238 0.572255291005291 0.023478835978835978 0.03009259259259259
0 0.8210978835978836 0.6164021164021164 0.023148148148148147 0.030753968253968252
0 0.6468253968253969 0.6595568783068783 0.034722222222222224 0.02447089947089947
0 0.8956679894179894 0.699239417989418 0.05919312169312169 0.07705026455026455
0 0.9203042328042328 0.4209656084656085 0.026455026455026454 0.028769841269841268