0 0.14138817480719795 0.3178294573643411 0.16452442159383032 0.4186046511627907
0 0.14138817480719795 0.7015503875968992 0.2827763496143959 0.5968992248062015
0 0.29562982005141386 0.7751937984496124 0.23136246786632392 0.4496124031007752
0 0.2699228791773779 0.25193798449612403 0.13367609254498714 0.3798449612403101
0 0.39974293059125965 0.21705426356589147 0.20822622107969152 0.43410852713178294
0 0.35732647814910024 0.5658914728682171 0.20308483290488433 0.4728682170542636
0 0.5115681233933161 0.7868217054263565 0.21079691516709512 0.4263565891472868
0 0.5488431876606684 0.38372093023255816 0.2467866323907455 0.4496124031007752
0 0.7737789203084833 0.6395348837209303 0.2390745501285347 0.5891472868217055
0 0.6311053984575835 0.7054263565891473 0.20051413881748073 0.5503875968992248
0 0.7172236503856041 0.2868217054263566 0.13367609254498714 0.3488372093023256
0 0.7519280205655527 0.13178294573643412 0.20308483290488433 0.26356589147286824
0 0.8676092544987146 0.29844961240310075 0.20565552699228792 0.4263565891472868
0 0.8958868894601543 0.5116279069767442 0.20822622107969152 0.5426356589147286
0 0.5578406169665809 0.1434108527131783 0.15424164524421594 0.2868217054263566