0 0.14267352185089974 0.29844961240310075 0.16195372750642673 0.4108527131782946
0 0.14010282776349614 0.6937984496124031 0.2802056555269923 0.6124031007751938
0 0.2917737789203085 0.7751937984496124 0.22879177377892032 0.4496124031007752
0 0.27249357326478146 0.24031007751937986 0.13367609254498714 0.37209302325581395
0 0.4023136246786632 0.2131782945736434 0.20565552699228792 0.4263565891472868
0 0.3560411311053985 0.5581395348837209 0.20308483290488433 0.4573643410852713
0 0.5102827763496144 0.7906976744186046 0.20822622107969152 0.4186046511627907
0 0.5488431876606684 0.3875968992248062 0.2442159383033419 0.43410852713178294
0 0.7737789203084833 0.6550387596899225 0.2365038560411311 0.5813953488372093
0 0.6298200514138818 0.7131782945736435 0.19794344473007713 0.5348837209302325
0 0.718508997429306 0.29844961240310075 0.13110539845758354 0.34108527131782945
0 0.7532133676092545 0.13565891472868216 0.20051413881748073 0.2713178294573643
0 0.8676092544987146 0.3178294573643411 0.20308483290488433 0.4186046511627907
0 0.8958868894601543 0.5348837209302325 0.20822622107969152 0.5271317829457365
0 0.5604113110539846 0.1434108527131783 0.15424164524421594 0.2868217054263566