0 0.1519280205655527 0.18674418604651166 0.14961439588688946 0.36604651162790697
0 0.13244215938303341 0.6253488372093023 0.2648586118251928 0.6231007751937984
0 0.28347043701799485 0.7570542635658914 0.21408740359897172 0.47930232558139524
0 0.2823136246786632 0.16798449612403102 0.12151670951156811 0.335891472868217
0 0.4129305912596401 0.1845736434108527 0.19506426735218507 0.3691472868217054
0 0.35519280205655523 0.5116279069767442 0.1888946015424165 0.40310077519379844
0 0.4990231362467866 0.8075968992248063 0.19670951156812336 0.3847286821705426
0 0.5525192802056555 0.4037209302325581 0.23347043701799491 0.36449612403100784
0 0.7665809768637531 0.7388372093023255 0.21979434447300772 0.515736434108527
0 0.6218251928020565 0.7513953488372094 0.18107969151670958 0.48395348837209307
0 0.7239588688946016 0.368062015503876 0.1209254498714652 0.3079069767441861
0 0.7676349614395888 0.16891472868217053 0.19115681233933166 0.3156589147286822
0 0.8723650385604114 0.4352713178294574 0.19182519280205657 0.36240310077519383
0 0.8985347043701799 0.6630232558139535 0.20290488431876624 0.4679069767441861
0 0.5744215938303342 0.1458139534883721 0.14383033419023133 0.2916279069767442