0 0.3939285714285714 0.3723175965665236 0.16071428571428573 0.22746781115879827
0 0.33321428571428574 0.5241416309012875 0.07928571428571428 0.09871244635193133
0 0.3510714285714286 0.006437768240343348 0.09785714285714285 0.012875536480686695
0 0.8414285714285714 0.08100858369098712 0.06142857142857143 0.0536480686695279
0 0.6189285714285714 0.29130901287553645 0.15928571428571428 0.22854077253218885
0 0.7253571428571428 0.2703862660944206 0.07571428571428572 0.1276824034334764
0 0.8967857142857143 0.3792918454935622 0.09428571428571429 0.1405579399141631
0 0.8378571428571429 0.6158798283261803 0.09642857142857143 0.15021459227467812
0 0.0175 0.398068669527897 0.02 0.023605150214592276
1 0.008571428571428572 0.6357296137339056 0.017142857142857144 0.09549356223175966
1 0.0035714285714285713 0.6754291845493562 0.007142857142857143 0.046137339055793994
1 0.22107142857142856 0.6121244635193133 0.035 0.04184549356223176
1 0.14 0.6223175965665236 0.06714285714285714 0.07832618025751073
1 0.13607142857142857 0.6689914163090128 0.06285714285714286 0.06223175965665236