0 0.38449285714285714 0.3923927038626609 0.14505714285714286 0.20266094420600858
0 0.3362428571428572 0.5544742489270386 0.07300714285714288 0.08606223175965669
0 0.31102142857142856 0.01742489270386266 0.09586428571428574 0.03484978540772532
0 0.805 0.02145922746781116 0.05857142857142857 0.04291845493562232
0 0.6012571428571428 0.2709442060085837 0.14420000000000008 0.20344420600858373
0 0.7051999999999999 0.2305901287553648 0.06682857142857139 0.11646995708154508
0 0.8839285714285714 0.30781115879828325 0.08456428571428562 0.12623390557939912
0 0.8447214285714285 0.553197424892704 0.08625714285714302 0.1356974248927039
0 0.012735714285714284 0.4873927038626609 0.01866428571428571 0.01984978540772532
1 0.014307142857142859 0.7271351931330473 0.028614285714285717 0.0904184549356223
1 0.011785714285714287 0.7666309012875536 0.023571428571428573 0.04184549356223176
1 0.23209285714285716 0.6624785407725321 0.031999999999999966 0.03675965665236051
1 0.1525 0.687381974248927 0.06185000000000002 0.06727467811158803
1 0.1525 0.7343025751072961 0.059364285714285724 0.05187768240343338