0 0.3796428571428571 0.40450643776824036 0.15428571428571428 0.21781115879828325
0 0.3392857142857143 0.5713519313304721 0.07714285714285714 0.09334763948497854
0 0.2889285714285714 0.03862660944206009 0.09714285714285714 0.045064377682403435
0 0.7817857142857143 0.0075107296137339056 0.060714285714285714 0.015021459227467811
0 0.5903571428571428 0.2607296137339056 0.15357142857142858 0.21781115879828325
0 0.6921428571428572 0.20976394849785407 0.07214285714285715 0.12339055793991416
0 0.8739285714285714 0.26824034334763946 0.09 0.1351931330472103
0 0.8464285714285714 0.5171673819742489 0.09214285714285714 0.14484978540772533
0 0.013214285714285715 0.5386266094420601 0.019285714285714285 0.02145922746781116
1 0.026071428571428572 0.7773605150214592 0.032857142857142856 0.09334763948497854
1 0.025357142857142856 0.8170600858369099 0.025714285714285714 0.043991416309012876
1 0.24035714285714285 0.6899141630901288 0.03357142857142857 0.03969957081545064
1 0.16214285714285714 0.723175965665236 0.065 0.0740343347639485
1 0.16428571428571428 0.7703862660944206 0.06142857142857143 0.05793991416309013