0 0.938720703125 0.8836869056327725 0.021484375 0.029992684711046085
0 0.57861328125 0.6174103877103145 0.00927734375 0.010241404535479151
0 0.373291015625 0.5424286759326994 0.06884765625 0.13533284564740308
0 0.3916015625 0.26335040234089246 0.013671875 0.023408924652523776
0 0.512451171875 0.25932699341623994 0.07177734375 0.27359180687637163
0 0.69873046875 0.008412582297000731 0.0244140625 0.016825164594001463
0 0.801025390625 0.380760790051207 0.12548828125 0.29261155815654716
0 0.159423828125 0.3690563277249451 0.02294921875 0.027798098024871983
0 0.15234375 0.541697147037308 0.0234375 0.03218727139722019
0 0.07373046875 0.5929041697147037 0.01171875 0.038039502560351136
0 0.0771484375 0.7926115581565472 0.01708984375 0.025603511338697878
0 0.043701171875 0.9495245062179956 0.0166015625 0.05267008046817849
0 0.257080078125 0.46049743964886614 0.06640625 0.1346013167520117
0 0.18994140625 0.3174835405998537 0.0810546875 0.12728602779809803
0 0.119140625 0.14996342355523043 0.033203125 0.04901243599122165
0 0.037841796875 0.11960497439648866 0.0498046875 0.05779078273591807
0 0.01171875 0.3043160204828091 0.0234375 0.08485735186539868
0 0.270263671875 0.05815654718361375 0.03466796875 0.03511338697878566
0 0.298583984375 0.1755669348939283 0.03759765625 0.07607900512070227
0 0.260986328125 0.7849305047549379 0.01220703125 0.019751280175566936
0 0.388671875 0.7223847841989759 0.01123046875 0.019751280175566936
0 0.348388671875 0.8920994879297732 0.0146484375 0.025603511338697878
0 0.457275390625 0.9762253108997806 0.015625 0.027066569129480616
0 0.596923828125 0.787125091441112 0.01513671875 0.02267739575713241
0 0.624267578125 0.8200438917337235 0.01611328125 0.023408924652523776
0 0.80615234375 0.846013167520117 0.017578125 0.02267739575713241