0 0.55224609375 0.6466715435259692 0.00927734375 0.010972933430870519
0 0.37060546875 0.48536942209217265 0.06982421875 0.13606437454279444
0 0.4423828125 0.2260424286759327 0.013671875 0.023408924652523776
0 0.558837890625 0.27505486466715434 0.07470703125 0.274323335771763
0 0.79052734375 0.09400146305779078 0.025390625 0.06510607168983175
0 0.81103515625 0.5179224579370885 0.12841796875 0.2948061448427213
0 0.19970703125 0.22531089978054133 0.02294921875 0.027798098024871983
0 0.159423828125 0.387710314557425 0.0234375 0.03218727139722019
0 0.07421875 0.4023408924652524 0.01220703125 0.038039502560351136
0 0.03857421875 0.5947329919531822 0.01708984375 0.025603511338697878
0 0.275390625 0.35588880760790054 0.0673828125 0.13606437454279444
0 0.2392578125 0.1894659839063643 0.08203125 0.12874908558888076
0 0.2041015625 0.011338697878566204 0.033203125 0.02267739575713241
0 0.067138671875 0.09692757863935625 0.033203125 0.08558888076079005
0 0.37060546875 0.10168251645940014 0.0380859375 0.07681053401609364
0 0.2158203125 0.667885881492319 0.01220703125 0.019751280175566936
0 0.35009765625 0.6642282370153622 0.01171875 0.019751280175566936
0 0.278564453125 0.8083394294074616 0.01513671875 0.026335040234089245
0 0.3662109375 0.9367227505486466 0.01611328125 0.027066569129480616
0 0.53662109375 0.817117776152158 0.01513671875 0.023408924652523776
0 0.556396484375 0.8602779809802488 0.01611328125 0.023408924652523776
0 0.725341796875 0.9648866130212144 0.01806640625 0.023408924652523776