0 0.951063829787234 0.4064814814814815 0.09787234042553192 0.2388888888888889
0 0.9388297872340425 0.1175925925925926 0.07446808510638298 0.11296296296296296
0 0.8329787234042553 0.09444444444444444 0.05851063829787234 0.08703703703703704
0 0.7223404255319149 0.09166666666666666 0.11595744680851064 0.13518518518518519
0 0.5484042553191489 0.05 0.06914893617021277 0.09814814814814815
0 0.3696808510638298 0.03333333333333333 0.06489361702127659 0.06666666666666667
0 0.18138297872340425 0.08796296296296297 0.0574468085106383 0.09814814814814815
0 0.11436170212765957 0.0712962962962963 0.10531914893617021 0.1425925925925926
0 0.30159574468085104 0.10555555555555556 0.0851063829787234 0.13518518518518519
0 0.42606382978723406 0.12962962962962962 0.06595744680851064 0.09444444444444444
0 0.30106382978723406 0.3175925925925926 0.0627659574468085 0.09814814814814815
0 0.125531914893617 0.2759259259259259 0.07234042553191489 0.14074074074074075
0 0.029787234042553193 0.27314814814814814 0.04680851063829787 0.12777777777777777
0 0.17446808510638298 0.39351851851851855 0.05638297872340425 0.08518518518518518
0 0.11648936170212766 0.39537037037037037 0.07234042553191489 0.10740740740740741
0 0.05531914893617021 0.4861111111111111 0.0851063829787234 0.15555555555555556
0 0.17606382978723403 0.6027777777777777 0.13617021276595745 0.13148148148148148
0 0.05638297872340425 0.7703703703703704 0.10212765957446808 0.17592592592592593
0 0.1696808510638298 0.7851851851851852 0.043617021276595745 0.06666666666666667
0 0.16914893617021276 0.8787037037037037 0.05 0.07037037037037037
0 0.11861702127659575 0.8731481481481481 0.05319148936170213 0.06296296296296296
0 0.2271276595744681 0.9222222222222223 0.027659574468085105 0.040740740740740744
0 0.27925531914893614 0.8018518518518518 0.08617021276595745 0.09074074074074075
0 0.39095744680851063 0.9138888888888889 0.08404255319148936 0.11851851851851852
0 0.3962765957446808 0.8166666666666667 0.06170212765957447 0.08518518518518518
0 0.40585106382978725 0.6194444444444445 0.04893617021276596 0.07222222222222222
0 0.2898936170212766 0.612037037037037 0.05 0.10185185185185185
0 0.350531914893617 0.5194444444444445 0.08936170212765958 0.15
0 0.4095744680851064 0.5222222222222223 0.04680851063829787 0.09074074074074075
0 0.4127659574468085 0.43425925925925923 0.06808510638297872 0.07592592592592592
0 0.47127659574468084 0.33796296296296297 0.08829787234042553 0.17222222222222222
0 0.5835106382978723 0.3592592592592593 0.05531914893617021 0.08148148148148149
0 0.6430851063829788 0.3731481481481482 0.05425531914893617 0.08333333333333333
0 0.6398936170212766 0.4777777777777778 0.11808510638297873 0.11666666666666667
0 0.5191489361702127 0.5462962962962963 0.06063829787234042 0.10185185185185185
0 0.5117021276595745 0.7351851851851852 0.11702127659574468 0.1425925925925926
0 0.5563829787234043 0.8305555555555556 0.059574468085106386 0.09259259259259259
0 0.4978723404255319 0.9101851851851852 0.059574468085106386 0.09814814814814815
0 0.600531914893617 0.9879629629629629 0.05851063829787234 0.024074074074074074
0 0.6563829787234042 0.7675925925925926 0.08617021276595745 0.12407407407407407
0 0.625 0.6555555555555556 0.0627659574468085 0.08148148148148149
0 0.574468085106383 0.5370370370370371 0.07659574468085106 0.13148148148148148
0 0.7728723404255319 0.6092592592592593 0.029787234042553193 0.06666666666666667
0 0.8202127659574469 0.9731481481481481 0.0574468085106383 0.053703703703703705
0 0.7569148936170212 0.9555555555555556 0.06914893617021277 0.07962962962962963
0 0.7058510638297872 0.387037037037037 0.07340425531914893 0.0962962962962963
0 0.8079787234042554 0.39537037037037037 0.12127659574468085 0.18518518518518517
0 0.7686170212765957 0.18796296296296297 0.1351063829787234 0.14444444444444443
0 0.600531914893617 0.1527777777777778 0.0574468085106383 0.1037037037037037
0 0.1324468085106383 0.262037037037037 0.02872340425531915 0.06666666666666667