0 0.951063829787234 0.43425925925925923 0.09787234042553192 0.24259259259259258
0 0.9462765957446808 0.14444444444444443 0.07553191489361702 0.11666666666666667
0 0.8404255319148937 0.11574074074074074 0.059574468085106386 0.09074074074074075
0 0.7303191489361702 0.10555555555555556 0.11808510638297873 0.14074074074074075
0 0.5574468085106383 0.053703703703703705 0.07127659574468086 0.10185185185185185
0 0.3792553191489362 0.02962962962962963 0.06702127659574468 0.05925925925925926
0 0.1898936170212766 0.06851851851851852 0.05851063829787234 0.1
0 0.12340425531914893 0.06111111111111111 0.10851063829787234 0.12222222222222222
0 0.30957446808510636 0.09351851851851851 0.08723404255319149 0.1388888888888889
0 0.43351063829787234 0.1259259259259259 0.06702127659574468 0.09814814814814815
0 0.3047872340425532 0.3055555555555556 0.06489361702127659 0.10185185185185185
0 0.13031914893617022 0.2537037037037037 0.07446808510638298 0.14444444444444443
0 0.034574468085106384 0.24537037037037038 0.04893617021276596 0.12962962962962962
0 0.17659574468085107 0.37407407407407406 0.0574468085106383 0.08888888888888889
0 0.11861702127659575 0.37222222222222223 0.07446808510638298 0.1111111111111111
0 0.05585106382978723 0.4583333333333333 0.08829787234042553 0.16111111111111112
0 0.17446808510638298 0.5824074074074074 0.13829787234042554 0.1388888888888889
0 0.052127659574468084 0.7435185185185185 0.10425531914893617 0.17962962962962964
0 0.16436170212765958 0.7648148148148148 0.04468085106382979 0.06851851851851852
0 0.16170212765957448 0.8583333333333333 0.05106382978723404 0.07407407407407407
0 0.11117021276595744 0.85 0.05425531914893617 0.06666666666666667
0 0.21914893617021278 0.9046296296296297 0.02872340425531915 0.040740740740740744
0 0.2734042553191489 0.787962962962963 0.08723404255319149 0.09444444444444444
0 0.3824468085106383 0.9064814814814814 0.08617021276595745 0.12222222222222222
0 0.3898936170212766 0.8101851851851852 0.06382978723404255 0.08888888888888889
0 0.40372340425531916 0.6138888888888889 0.05 0.07407407407407407
0 0.2877659574468085 0.5990740740740741 0.05106382978723404 0.1037037037037037
0 0.35 0.5101851851851852 0.09148936170212765 0.1537037037037037
0 0.40904255319148936 0.5166666666666667 0.047872340425531915 0.09259259259259259
0 0.41382978723404257 0.4287037037037037 0.06914893617021277 0.07962962962962963
0 0.475 0.337037037037037 0.09148936170212765 0.17592592592592593
0 0.5861702127659575 0.3638888888888889 0.0574468085106383 0.08518518518518518
0 0.6457446808510638 0.3814814814814815 0.05531914893617021 0.08518518518518518
0 0.6398936170212766 0.4861111111111111 0.11914893617021277 0.12407407407407407
0 0.5180851063829788 0.5472222222222223 0.0627659574468085 0.1037037037037037
0 0.5069148936170212 0.7361111111111112 0.11914893617021277 0.15
0 0.55 0.8333333333333334 0.06063829787234042 0.0962962962962963
0 0.4898936170212766 0.9101851851851852 0.06170212765957447 0.1
0 0.5898936170212766 0.9898148148148148 0.05851063829787234 0.020370370370370372
0 0.6510638297872341 0.7768518518518519 0.08829787234042553 0.12962962962962962
0 0.6218085106382979 0.662962962962963 0.06382978723404255 0.08518518518518518
0 0.573936170212766 0.5416666666666666 0.07872340425531915 0.13518518518518519
0 0.7702127659574468 0.6259259259259259 0.030851063829787233 0.06666666666666667
0 0.8101063829787234 0.9824074074074074 0.05851063829787234 0.03518518518518519
0 0.747872340425532 0.9648148148148148 0.07021276595744681 0.07037037037037037
0 0.7079787234042553 0.4 0.07446808510638298 0.1
0 0.8101063829787234 0.41388888888888886 0.12340425531914893 0.1925925925925926
0 0.774468085106383 0.20462962962962963 0.13617021276595745 0.15185185185185185
0 0.6074468085106383 0.15833333333333333 0.059574468085106386 0.10740740740740741
0 0.1377659574468085 0.23981481481481481 0.029787234042553193 0.06851851851851852