0 0.04920212765957447 0.33744444444444444 0.09840425531914894 0.22392592592592594
0 0.08191489361702127 0.052055555555555556 0.06929787234042552 0.10207407407407408
0 0.18882978723404256 0.04592592592592592 0.05440425531914892 0.07968518518518519
0 0.298936170212766 0.05925925925925926 0.11063829787234042 0.11851851851851852
0 0.4743404255319149 0.04446296296296297 0.06527659574468087 0.08892592592592594
0 0.6532765957446809 0.042370370370370364 0.06139361702127664 0.0827037037037037
0 0.8381170212765958 0.13751851851851854 0.052989361702127605 0.09016666666666666
0 0.9062659574468085 0.11735185185185186 0.09825531914893607 0.15751851851851853
0 0.9627765957446809 0.03707407407407407 0.06529787234042565 0.07414814814814814
0 0.7175851063829787 0.13696296296296295 0.07914893617021286 0.12361111111111112
0 0.5920851063829786 0.14240740740740743 0.06155319148936159 0.08572222222222221
0 0.7072872340425532 0.34868518518518515 0.05855319148936167 0.08998148148148144
0 0.8842978723404256 0.33405555555555555 0.06599999999999996 0.13183333333333333
0 0.9796276595744681 0.3457777777777778 0.04074468085106378 0.1227777777777778
0 0.8296489361702127 0.4432592592592593 0.052393617021276595 0.07801851851851851
0 0.8872021276595745 0.45437037037037037 0.0682340425531916 0.09679629629629627
0 0.9439361702127659 0.5533518518518519 0.07846808510638296 0.14462962962962966
0 0.8175638297872341 0.6513148148148148 0.1309042553191489 0.11224074074074077
0 0.9281808510638297 0.8364999999999999 0.09424468085106374 0.16166666666666657
0 0.8147446808510639 0.8338888888888889 0.04124468085106381 0.060962962962962886
0 0.8107553191489362 0.9278148148148148 0.04726595744680858 0.06394444444444439
0 0.8614574468085107 0.9299259259259259 0.05088297872340418 0.055740740740740785
0 0.7506595744680851 0.961574074074074 0.0262765957446809 0.0360000000000001
0 0.7048723404255319 0.8341296296296297 0.08289361702127668 0.07766666666666655
0 0.588095744680851 0.9285555555555557 0.07924468085106384 0.10605555555555563
0 0.587659574468085 0.8315925925925925 0.058531914893617004 0.07666666666666662
0 0.5876063829787235 0.6331666666666668 0.04559574468085096 0.06577777777777774
0 0.7035638297872341 0.6437407407407407 0.04527659574468079 0.09505555555555563
0 0.6481595744680851 0.5422777777777777 0.08267021276595748 0.13792592592592595
0 0.5891063829787234 0.5357407407407407 0.0427446808510639 0.08420370370370375
0 0.5903829787234043 0.4474074074074075 0.06513829787234045 0.06601851851851853
0 0.536468085106383 0.3432222222222222 0.0810212765957447 0.1602962962962963
0 0.42401063829787233 0.34703703703703703 0.052138297872340415 0.07451851851851854
0 0.3637659574468085 0.3514629629629629 0.050691489361702105 0.07522222222222223
0 0.36190425531914894 0.4565185185185186 0.11347872340425527 0.10048148148148152
0 0.47855319148936165 0.5431481481481482 0.05621276595744684 0.09294444444444433
0 0.47672340425531917 0.7328333333333333 0.1108936170212766 0.12696296296296286
0 0.42727659574468085 0.8202962962962963 0.05518085106382979 0.0845555555555555
0 0.48158510638297874 0.9089074074074074 0.05559574468085105 0.08966666666666659
0 0.3747553191489362 0.9814444444444445 0.056340425531914935 0.037111111111111046
0 0.3306276595744681 0.742925925925926 0.08126595744680849 0.11262962962962972
0 0.3675851063829787 0.635962962962963 0.05948936170212762 0.07342592592592588
0 0.4238297872340425 0.5259814814814814 0.07044680851063832 0.12157407407407403
0 0.22282978723404256 0.5672777777777778 0.026723404255319154 0.06196296296296303
0 0.15702127659574466 0.9266111111111112 0.054978723404255324 0.05138888888888889
0 0.2209787234042553 0.9150555555555555 0.06567021276595747 0.06922222222222232
0 0.3006063829787234 0.35664814814814816 0.0690851063829787 0.08561111111111115
0 0.19824468085106384 0.34857407407407404 0.11291489361702126 0.16898148148148148
0 0.24820212765957447 0.14875925925925926 0.12881914893617025 0.12485185185185182
0 0.41731914893617017 0.1385 0.05277659574468087 0.09622222222222224
0 0.8779255319148936 0.3184814814814815 0.025212765957446856 0.06316666666666669