0 0.11172161172161173 0.06477139507620164 0.03663003663003663 0.0369284876905041
0 0.2304029304029304 0.12954279015240328 0.02857142857142857 0.029308323563892145
0 0.15457875457875458 0.20662368112543963 0.026373626373626374 0.02637749120750293
0 0.10476190476190476 0.2640679953106682 0.07692307692307693 0.08264947245017586
0 0.13003663003663005 0.32209847596717467 0.07179487179487179 0.05627198124267292
0 0.2164835164835165 0.27667057444314186 0.03736263736263736 0.03341148886283705
0 0.20146520146520147 0.2998241500586166 0.02490842490842491 0.022860492379835874
0 0.2523809523809524 0.30275498241500587 0.021245421245421246 0.015240328253223915
0 0.28315018315018314 0.28223915592028137 0.07032967032967033 0.04337631887456037
0 0.3080586080586081 0.18698710433763188 0.047619047619047616 0.032825322391559206
0 0.2956043956043956 0.2335873388042204 0.054212454212454214 0.041617819460726846
0 0.36996336996337 0.10375146541617819 0.10695970695970695 0.07502930832356389
0 0.47912087912087914 0.08440797186400938 0.14652014652014653 0.0697538100820633
0 0.5102564102564102 0.06477139507620164 0.046886446886446886 0.04337631887456037
0 0.5747252747252747 0.07297772567409144 0.07472527472527472 0.06506447831184056
0 0.5963369963369963 0.11723329425556858 0.06813186813186813 0.047479484173505275
0 0.6293040293040293 0.08675263774912075 0.035897435897435895 0.031652989449003514
0 0.6534798534798535 0.11781946072684643 0.05347985347985348 0.031066822977725676
0 0.6941391941391941 0.13335287221570927 0.03076923076923077 0.02637749120750293
0 0.7347985347985349 0.15445486518171161 0.05934065934065934 0.06858147713950762
0 0.672893772893773 0.16207502930832357 0.12087912087912088 0.05158264947245018
0 0.7256410256410256 0.20867526377491208 0.09597069597069598 0.08089097303634232
0 0.6996336996336996 0.24794841735052756 0.05714285714285714 0.03575615474794842
0 0.6267399267399267 0.1884525205158265 0.10476190476190476 0.07151230949589683
0 0.571062271062271 0.1462485345838218 0.07179487179487179 0.04044548651817116
0 0.5311355311355311 0.14742086752637748 0.04249084249084249 0.04220398593200469
0 0.5527472527472528 0.1855216881594373 0.060805860805860805 0.05275498241500586
0 0.4926739926739927 0.16441969519343494 0.029304029304029304 0.025205158264947247
0 0.5142857142857142 0.20105509964830012 0.021245421245421246 0.019343493552168817
0 0.45054945054945056 0.2007620164126612 0.05201465201465202 0.028722157092614303
0 0.4318681318681319 0.15562719812426729 0.04542124542124542 0.035169988276670575
0 0.4673992673992674 0.12954279015240328 0.10915750915750916 0.056858147713950764
0 0.3747252747252747 0.14859320046893318 0.054945054945054944 0.041617819460726846
0 0.3362637362637363 0.16705744431418523 0.035164835164835165 0.03751465416178194
0 0.3274725274725275 0.21629542790152403 0.03663003663003663 0.02637749120750293
0 0.32051282051282054 0.26436107854630714 0.0652014652014652 0.04630715123094959
0 0.37875457875457874 0.27227432590855805 0.0315018315018315 0.01817116060961313
0 0.4289377289377289 0.28839390386869873 0.02783882783882784 0.016998827667057445
0 0.46996336996336996 0.2640679953106682 0.05201465201465202 0.03927315357561548
0 0.5051282051282051 0.24384525205158264 0.03736263736263736 0.032825322391559206
0 0.48315018315018315 0.20984759671746775 0.041758241758241756 0.029308323563892145
0 0.45787545787545786 0.2335873388042204 0.02857142857142857 0.0246189917936694
0 0.40402930402930404 0.20457209847596716 0.03223443223443224 0.028722157092614303
0 0.39377289377289376 0.22655334114888628 0.04908424908424908 0.03458382180539273
0 0.4098901098901099 0.26025791324736225 0.08498168498168499 0.04044548651817116
0 0.36336996336996336 0.2116060961313013 0.06153846153846154 0.08792497069167643
0 0.40183150183150185 0.17145369284876905 0.05128205128205128 0.03458382180539273
0 0.5358974358974359 0.2227432590855803 0.03882783882783883 0.01875732708089097
0 0.5747252747252747 0.21101992966002345 0.026373626373626374 0.025205158264947247
0 0.6010989010989011 0.23007033997655335 0.04542124542124542 0.03341148886283705
0 0.5666666666666667 0.22977725674091443 0.03223443223443224 0.023446658851113716
0 0.5648351648351648 0.25498241500586166 0.03882783882783883 0.031066822977725676
0 0.5498767794871795 0.28226823388042205 0.5570790153846155 0.261250478898007 0.5483835443223444 0.25245982590855803 0.5238771010989012 0.25190282883939036 0.5052702336996336 0.26313117350527554 0.4622893941391942 0.28070368288393904 0.4349080989010989 0.29204096600234464 0.42809751941391944 0.30473818464243846 0.43536869010989016 0.31648071219226265 0.4596235934065934 0.32188148241500586 0.4859820622710622 0.32417075263774914 0.5053447597069597 0.31552300996483 0.5304770739926741 0.3017408739742087 0.5498767794871795 0.28226823388042205
0 0.5886446886446887 0.27637749120750293 0.09010989010989011 0.06858147713950762
0 0.6069597069597069 0.305978898007034 0.041758241758241756 0.027549824150058615
0 0.6457875457875458 0.23593200468933176 0.06593406593406594 0.059788980070339975
0 0.6395604395604395 0.28634232121922626 0.02857142857142857 0.01992966002344666
0 0.6399267399267399 0.3103751465416178 0.034432234432234435 0.0246189917936694
0 0.6282051282051282 0.332063305978898 0.047619047619047616 0.026963657678780773
0 0.6604395604395604 0.3669402110199297 0.030036630036630037 0.016412661195779603
0 0.7168498168498169 0.3235638921453693 0.07326007326007326 0.04630715123094959
0 0.7003663003663003 0.2757913247362251 0.09230769230769231 0.06447831184056271
0 0.7542124542124542 0.37514654161781946 0.02271062271062271 0.01817116060961313
0 0.7252747252747253 0.27549824150058616 0.02857142857142857 0.021101992966002344
0 0.40293040293040294 0.29923798358733883 0.046886446886446886 0.0246189917936694
0 0.34908424908424907 0.29161781946072685 0.060805860805860805 0.050996483001172335
0 0.32161172161172163 0.3417350527549824 0.12234432234432234 0.08909730363423213
0 0.2802197802197802 0.3156506447831184 0.04249084249084249 0.021101992966002344
0 0.24395604395604395 0.34906213364595545 0.01904761904761905 0.016412661195779603
0 0.2347985347985348 0.39419695193434934 0.01978021978021978 0.017584994138335287
0 0.2663003663003663 0.37485345838218054 0.024175824175824177 0.015826494724501757
0 0.36725796776556774 0.36882018874560374 0.27718923076923074 0.3829409683470105 0.2768526366300366 0.38470087866354047 0.2846150432234432 0.39619459613130126 0.2991808673992674 0.3982293839390387 0.3299304908424908 0.3930551729191091 0.3588714197802198 0.3892721078546307 0.37045147326007327 0.37685957268464243 0.36725796776556774 0.36882018874560374
0 0.5078954813186813 0.3692481248534584 0.506481443956044 0.36442348475967173 0.5011847714285714 0.36645530597889797 0.4682315648351648 0.4380237262602579 0.46706619487179485 0.4426624109026963 0.4757010622710623 0.44526489038686984 0.5007219289377289 0.4486942203985932 0.5040840197802198 0.44299945545134817 0.5080318534798535 0.41430127315357557 0.5094504622710623 0.38870503048065647 0.5078954813186813 0.3692481248534584
0 0.4676835956043956 0.3742540445486518 0.46402454212454214 0.3758599554513482 0.4573686417582417 0.37539214185228603 0.45769219853479853 0.37783125439624854 0.4612687743589744 0.38509017233294257 0.4707766564102564 0.38924131242672916 0.4820278 0.39027610609613134 0.4821934153846154 0.39140408968347007 0.4876016183150183 0.3857084325908558 0.4886953501831502 0.38196240562719813 0.4843843274725275 0.378031101992966 0.48313457216117217 0.37692174912075027 0.47695612454212455 0.373240837045721 0.4676835956043956 0.3742540445486518
0 0.44981684981684983 0.3540445486518171 0.026373626373626374 0.020515826494724502
0 0.4937728937728938 0.35463071512309496 0.06373626373626373 0.03223915592028136
0 0.5157509157509158 0.32415005861664714 0.03296703296703297 0.029308323563892145
0 0.5421245421245421 0.34378663540445487 0.04542124542124542 0.02403282532239156
0 0.46996336996336996 0.3303048065650645 0.06373626373626373 0.029894490035169988
0 0.4230769230769231 0.373094958968347 0.06373626373626373 0.044548651817116064
0 0.44285714285714284 0.4194021101992966 0.054945054945054944 0.06623681125439625
0 0.40805860805860805 0.41500586166471276 0.03956043956043956 0.041617819460726846
0 0.4633699633699634 0.42057444314185227 0.02490842490842491 0.012895662368112544
0 0.4838827838827839 0.45398593200468934 0.027106227106227107 0.021101992966002344
0 0.5212454212454213 0.43874560375146543 0.03296703296703297 0.02637749120750293
0 0.552014652014652 0.41588511137162953 0.03663003663003663 0.020515826494724502
0 0.5271062271062271 0.3892145369284877 0.030036630036630037 0.019343493552168817
0 0.5615384615384615 0.3713364595545135 0.02490842490842491 0.01875732708089097
0 0.5304029304029304 0.3686987104337632 0.041025641025641026 0.027549824150058615
0 0.3838827838827839 0.3839390386869871 0.03882783882783883 0.03575615474794842
0 0.38864468864468865 0.34114888628370454 0.041758241758241756 0.04865181711606096
0 0.42417582417582417 0.3291324736225088 0.041025641025641026 0.056858147713950764
0 0.550915750915751 0.43903868698710435 0.03076923076923077 0.029894490035169988
0 0.5732600732600732 0.44109026963657677 0.03223443223443224 0.022860492379835874
0 0.6054945054945055 0.4243845252051583 0.046886446886446886 0.020515826494724502
0 0.580952380952381 0.40416178194607266 0.08205128205128205 0.03634232121922626
0 0.6659340659340659 0.4199882766705744 0.046153846153846156 0.028722157092614303
0 0.6157509157509158 0.3783704572098476 0.047619047619047616 0.0369284876905041
0 0.5923076923076923 0.34906213364595545 0.04981684981684982 0.050996483001172335
0 0.5666666666666667 0.32708089097303633 0.04908424908424908 0.04337631887456037
0 0.7417582417582418 0.4199882766705744 0.018315018315018316 0.014654161781946073
0 0.664807791941392 0.2648710715123095 0.6492469326007326 0.2629114912075029 0.6434630065934066 0.26671852110199296 0.7020664476190476 0.42227293610785466 0.7143861326007326 0.42964988862837045 0.7228829948717949 0.42775792321219225 0.7229626886446886 0.40738598886283706 0.7095601018315019 0.37015921864009377 0.6914865692307692 0.3234725334114889 0.6762751465201465 0.2893864753810082 0.664807791941392 0.2648710715123095
0 0.6937793772893773 0.4247708815943728 0.7029184051282051 0.43024952344665884 0.7031016981684982 0.42156258733880425 0.6964845003663004 0.4001082268464244 0.6886689128205128 0.38123315826494725 0.6826419926739927 0.3758709349355217 0.6800002373626374 0.39086626025791327 0.6937793772893773 0.4247708815943728
0 0.7289377289377289 0.4633645955451348 0.01611721611721612 0.014654161781946073
0 0.7186813186813187 0.5064478311840562 0.015384615384615385 0.014654161781946073
0 0.689010989010989 0.4695193434935522 0.05054945054945055 0.041031652989449004
0 0.6454212454212455 0.48182883939038684 0.06373626373626373 0.045134818288393906
0 0.6315018315018315 0.44607268464243843 0.034432234432234435 0.031066822977725676
0 0.6703296703296703 0.5199296600234466 0.02197802197802198 0.016998827667057445
0 0.6887514051282051 0.50245698007034 0.6892399435897436 0.4913878341148886 0.6867481978021978 0.4850218985932005 0.6788792695970696 0.48381429191090275 0.6715679384615385 0.49335422801875733 0.6570883663003663 0.5006675029308324 0.6257354967032968 0.4981345527549824 0.6186392461538461 0.5039455175849942 0.6167633772893774 0.5090593177022275 0.6278327201465201 0.5144109765533411 0.6459422578754579 0.5156399759671747 0.6664121582417583 0.5112570058616647 0.6816171802197802 0.50762251992966 0.6887514051282051 0.50245698007034
0 0.5937728937728938 0.4671746776084408 0.05347985347985348 0.03048065650644783
0 0.6131868131868132 0.492379835873388 0.020512820512820513 0.01406799531066823
0 0.5677655677655677 0.5008792497069168 0.12161172161172161 0.10433763188745604
0 0.638095238095238 0.5548065650644783 0.026373626373626374 0.017584994138335287
0 0.6351648351648351 0.5524618991793669 0.09157509157509157 0.07033997655334115
0 0.6945054945054945 0.5899765533411488 0.017582417582417582 0.015240328253223915
0 0.7058608058608059 0.5480656506447831 0.020512820512820513 0.015826494724501757
0 0.47509157509157507 0.47450175849941384 0.08571428571428572 0.05568581477139507
0 0.45384615384615384 0.5011723329425557 0.05274725274725275 0.04279015240328253
0 0.49413919413919416 0.4997069167643611 0.05641025641025641 0.03751465416178194
0 0.42014652014652015 0.4915005861664713 0.029304029304029304 0.03575615474794842
0 0.38534798534798537 0.5082063305978898 0.030036630036630037 0.029308323563892145
0 0.33076923076923076 0.4765533411488863 0.06373626373626373 0.02813599062133646
0 0.3344322344322344 0.44958968347010553 0.04322344322344322 0.038686987104337635
0 0.37252747252747254 0.43464243845252054 0.04395604395604396 0.041031652989449004
0 0.3934065934065934 0.45720984759671746 0.06813186813186813 0.05216881594372802
0 0.4967032967032967 0.5208089097303634 0.03223443223443224 0.03399765533411489
0 0.5274725274725275 0.5023446658851114 0.02490842490842491 0.022860492379835874
0 0.5238095238095238 0.5404454865181711 0.03956043956043956 0.03048065650644783
0 0.5402930402930403 0.5694607268464243 0.02783882783882784 0.022274325908558032
0 0.5743589743589743 0.567409144196952 0.041025641025641026 0.029308323563892145
0 0.6289377289377289 0.6055099648300117 0.08498168498168499 0.053927315357561546
0 0.5860805860805861 0.6151817116060961 0.04542124542124542 0.04630715123094959
0 0.563003663003663 0.5920281359906213 0.034432234432234435 0.022860492379835874
0 0.5263736263736264 0.6122508792497069 0.046153846153846156 0.03341148886283705
0 0.47619047619047616 0.60052754982415 0.04542124542124542 0.03575615474794842
0 0.4542124542124542 0.5797186400937866 0.03663003663003663 0.021101992966002344
0 0.48827838827838826 0.5603751465416178 0.09230769230769231 0.06916764361078546
0 0.4468864468864469 0.5316529894490035 0.035897435897435895 0.031066822977725676
0 0.4318681318681319 0.5600820633059789 0.035164835164835165 0.026963657678780773
0 0.40073260073260075 0.5726846424384525 0.06373626373626373 0.031652989449003514
0 0.4238095238095238 0.5981828839390387 0.040293040293040296 0.03399765533411489
0 0.3663003663003663 0.5908558030480656 0.05128205128205128 0.029894490035169988
0 0.31245421245421245 0.5849941383352872 0.05201465201465202 0.01875732708089097
0 0.3650480380952381 0.5760066723329426 0.36670176336996335 0.5665917983587339 0.36766802564102563 0.5586009132473623 0.3708005164835165 0.5525880656506448 0.38134034432234437 0.5536262198124267 0.38892000805860805 0.5460452883939039 0.39594639047619046 0.5338691078546307 0.39371058315018315 0.5255061201641266 0.38199612454212456 0.5243542983587339 0.36800759194139193 0.5271370193434936 0.36530306813186814 0.5333447784290739 0.35354878754578756 0.5384137045720985 0.348685073992674 0.5332520890973036 0.33955998974358975 0.5305924273153576 0.3312514747252747 0.5318762221570926 0.32674911648351646 0.5422097549824151 0.3255226915750916 0.5568332057444314 0.3351483816849817 0.5688879665885112 0.35781272380952384 0.5804806406799531 0.3650480380952381 0.5760066723329426
0 0.35384615384615387 0.5228604923798359 0.02857142857142857 0.021688159437280186
0 0.3007326007326007 0.518464243845252 0.024175824175824177 0.019343493552168817
0 0.29633699633699634 0.5175849941383353 0.09230769230769231 0.06858147713950762
0 0.263003663003663 0.5169988276670574 0.018315018315018316 0.017584994138335287
0 0.29633699633699634 0.5612543962485346 0.0695970695970696 0.03458382180539273
0 0.4139194139194139 0.5316529894490035 0.04468864468864469 0.041031652989449004
0 0.3087912087912088 0.4284876905041032 0.047619047619047616 0.0246189917936694
0 0.37655677655677655 0.40855803048065653 0.027106227106227107 0.015826494724501757
0 0.3457875457875458 0.4059202813599062 0.03882783882783883 0.032825322391559206
0 0.26666666666666666 0.4199882766705744 0.04981684981684982 0.0615474794841735
0 0.22783882783882783 0.44021101992966 0.017582417582417582 0.013481828839390387
0 0.25457875457875456 0.466295427901524 0.07326007326007326 0.05803048065650645
0 0.2194139194139194 0.48300117233294254 0.01684981684981685 0.015826494724501757
0 0.24102564102564103 0.5102579132473622 0.03076923076923077 0.021101992966002344
0 0.2128205128205128 0.5272567409144197 0.01978021978021978 0.015826494724501757
0 0.23113553113553115 0.5548065650644783 0.07985347985347985 0.05275498241500586
0 0.3838827838827839 0.6356975381008206 0.014652014652014652 0.011137162954279016
0 0.432967032967033 0.6620750293083235 0.027106227106227107 0.01875732708089097
0 0.49743589743589745 0.64947245017585 0.014652014652014652 0.008792497069167644
0 0.5663003663003663 0.6784876905041032 0.014652014652014652 0.0123094958968347
0 0.6501831501831502 0.6699882766705745 0.01611721611721612 0.011723329425556858
0 0.6102564102564103 0.701641266119578 0.021245421245421246 0.01406799531066823
0 0.6333333333333333 0.7230363423212193 0.05128205128205128 0.03458382180539273
0 0.5813186813186814 0.7192262602579133 0.01684981684981685 0.011723329425556858
0 0.6007326007326007 0.7403282532239156 0.018315018315018316 0.0123094958968347
0 0.5501831501831502 0.735052754982415 0.015384615384615385 0.011723329425556858
0 0.53003663003663 0.712778429073857 0.01978021978021978 0.014654161781946073
0 0.4783882783882784 0.7077960140679953 0.021245421245421246 0.01406799531066823
0 0.42637362637362636 0.7004689331770223 0.06373626373626373 0.031652989449003514
0 0.447985347985348 0.7233294255568582 0.01611721611721612 0.012895662368112544
0 0.46813186813186813 0.7464830011723329 0.01978021978021978 0.01406799531066823
0 0.5208791208791209 0.7532239155920282 0.063003663003663 0.027549824150058615
0 0.41684981684981687 0.7406213364595545 0.01978021978021978 0.013481828839390387
0 0.3956043956043956 0.7189331770222743 0.01978021978021978 0.015240328253223915
0 0.37252747252747254 0.6960726846424384 0.02271062271062271 0.016998827667057445
0 0.3652014652014652 0.7353458382180539 0.02271062271062271 0.015240328253223915
0 0.31465201465201464 0.7303634232121923 0.05934065934065934 0.031066822977725676
0 0.289010989010989 0.7060375146541618 0.01684981684981685 0.013481828839390387
0 0.31978021978021975 0.6893317702227433 0.02271062271062271 0.014654161781946073
0 0.26776556776556776 0.6837631887456037 0.01611721611721612 0.012895662368112544
0 0.23663003663003662 0.6995896834701055 0.01611721611721612 0.0123094958968347
0 0.2043956043956044 0.7154161781946072 0.01904761904761905 0.011137162954279016
0 0.226007326007326 0.6840562719812426 0.02197802197802198 0.023446658851113716
0 0.24285714285714285 0.660609613130129 0.021245421245421246 0.016412661195779603
0 0.3018315018315018 0.6474208675263775 0.015384615384615385 0.011723329425556858
0 0.6201465201465202 0.7628956623681126 0.01391941391941392 0.013481828839390387
0 0.10073260073260074 0.5697538100820633 0.01684981684981685 0.012895662368112544
0 0.12161172161172161 0.5498241500586166 0.017582417582417582 0.015240328253223915
0 0.12490842490842491 0.5070339976553341 0.01978021978021978 0.01817116060961313
0 0.12747252747252746 0.4577960140679953 0.054212454212454214 0.05275498241500586
0 0.08095238095238096 0.503810082063306 0.047619047619047616 0.038100820633059786
0 0.02600732600732601 0.5398593200468933 0.05201465201465202 0.06213364595545135
0 0.014285714285714285 0.4686400937866354 0.02857142857142857 0.05451348182883939
0 0.03772893772893773 0.3388042203985932 0.02857142857142857 0.032825322391559206
0 0.08205128205128205 0.37192262602579135 0.04542124542124542 0.047479484173505275
0 0.4293040293040293 0.0914419695193435 0.03223443223443224 0.0246189917936694
1 0.4787545787545788 0.20926143024618993 0.13846153846153847 0.09202813599062133
1 0.0380952380952381 0.33528722157092616 0.060073260073260075 0.1858147713950762
1 0.6846153846153846 0.39243845252051585 0.126007326007326 0.15885111371629543
0 0.8732600732600733 0.3909730363423212 0.013186813186813187 0.015240328253223915
1 0.32857142857142857 0.4674677608440797 0.11062271062271062 0.10375146541617819