0 0.15774545454545455 0.4739344262295082 0.10698181818181819 0.12087431693989073
0 0.1012 0.6663387978142077 0.08116363636363635 0.16693989071038257
0 0.19327272727272726 0.7513114754098361 0.1271272727272727 0.1585245901639344
0 0.21927272727272726 0.5703825136612022 0.11130909090909089 0.1488524590163935
0 0.35403636363636365 0.3046448087431694 0.27898181818181816 0.3106010928961749
0 0.33294545454545454 0.573551912568306 0.12770909090909094 0.35743169398907104
0 0.5682909090909091 0.25169398907103824 0.12567272727272727 0.15000000000000002
0 0.6956727272727273 0.33016393442622954 0.11618181818181814 0.10836065573770495
0 0.8066545454545455 0.3637158469945355 0.09821818181818179 0.17606557377049178
0 0.5148727272727273 0.38912568306010925 0.09400000000000008 0.07147540983606564
0 0.6117090909090909 0.4453005464480874 0.06629090909090915 0.09661202185792353
0 0.4432 0.45814207650273225 0.05974545454545457 0.10754098360655741
0 0.5052363636363636 0.4563934426229508 0.06589090909090911 0.08169398907103818
0 0.5801818181818182 0.49983606557377047 0.07116363636363635 0.12601092896174865
0 0.5040363636363637 0.5418579234972677 0.07229090909090907 0.08918032786885242
0 0.4376363636363636 0.5530601092896175 0.053454545454545414 0.08879781420765027
0 0.4156727272727273 0.6791803278688525 0.030290909090909136 0.0383060109289617
0 0.44887272727272726 0.6794535519125683 0.03490909090909094 0.03934426229508191
0 0.4080363636363636 0.7242076502732241 0.0349818181818182 0.04846994535519128
0 0.4457090909090909 0.7305464480874316 0.035745454545454594 0.04191256830601102
0 0.48112727272727274 0.7223497267759563 0.02799999999999996 0.049999999999999954
0 0.4944 0.7806010928961749 0.02578181818181809 0.06311475409836072
0 0.46236363636363637 0.7980327868852458 0.029636363636363607 0.05983606557377043
0 0.4329454545454546 0.7861202185792351 0.0317090909090909 0.06207650273224051
0 0.38941818181818183 0.7681967213114754 0.02981818181818178 0.04333333333333337
0 0.40396363636363636 0.8149726775956283 0.025745454545454592 0.05267759562841522
0 0.5301818181818182 0.6856284153005464 0.05018181818181822 0.11601092896174865
0 0.5822545454545455 0.7925683060109289 0.06145454545454537 0.09409836065573754
0 0.5886181818181818 0.6800546448087432 0.06643636363636357 0.1397267759562842
0 0.6481818181818182 0.6805464480874317 0.06116363636363634 0.09371584699453556
0 0.6577454545454545 0.5959562841530055 0.07520000000000003 0.05967213114754091
0 0.7168 0.6752459016393442 0.05723636363636367 0.08928961748633873
0 0.7271272727272727 0.7642622950819673 0.060181818181818225 0.07759562841530049
0 0.6553818181818182 0.7865573770491803 0.06716363636363626 0.09508196721311463
0 0.7574545454545455 0.4696174863387978 0.1108727272727273 0.1577595628415301
0 0.7899636363636364 0.6432786885245901 0.0774545454545455 0.13606557377049175
0 0.8739272727272728 0.5967213114754099 0.09981818181818178 0.12005464480874316
0 0.859890909090909 0.7542622950819672 0.08341818181818181 0.12693989071038253