0 0.8868131868131868 0.20310668229777257 0.02857142857142857 0.029308323563892145
0 0.932967032967033 0.29425556858147717 0.026373626373626374 0.02637749120750293
0 0.9611721611721612 0.3604923798358734 0.07692307692307693 0.08264947245017586
0 0.9168498168498168 0.41060961313012895 0.07179487179487179 0.05627198124267292
0 0.8494505494505494 0.34788980070339975 0.03736263736263736 0.03341148886283705
0 0.856043956043956 0.3733880422039859 0.02490842490842491 0.022860492379835874
0 0.8058608058608059 0.3648886283704572 0.021245421245421246 0.015240328253223915
0 0.7835164835164835 0.3385111371629543 0.07032967032967033 0.04337631887456037
0 0.7923076923076923 0.24150058616647127 0.047619047619047616 0.032825322391559206
0 0.7882783882783883 0.28927315357561545 0.054212454212454214 0.041617819460726846
0 0.7615384615384615 0.1477139507620164 0.10695970695970695 0.07502930832356389
0 0.6633699633699633 0.1052168815943728 0.14652014652014653 0.0697538100820633
0 0.6399267399267399 0.07942555685814771 0.046886446886446886 0.04337631887456037
0 0.5754578754578754 0.07297772567409144 0.07472527472527472 0.06506447831184056
0 0.5391941391941392 0.11078546307151231 0.06813186813186813 0.047479484173505275
0 0.517948717948718 0.07444314185228605 0.035897435897435895 0.031652989449003514
0 0.48424908424908425 0.09876905041031653 0.05347985347985348 0.031066822977725676
0 0.43956043956043955 0.10492379835873387 0.03076923076923077 0.02637749120750293
0 0.39304029304029303 0.1160609613130129 0.05934065934065934 0.06858147713950762
0 0.4501831501831502 0.13716295427901523 0.12087912087912088 0.05158264947245018
0 0.3831501831501832 0.17028135990621338 0.09597069597069598 0.08089097303634232
0 0.39487179487179486 0.21365767878077374 0.05714285714285714 0.03575615474794842
0 0.48534798534798534 0.17262602579132474 0.10476190476190476 0.07151230949589683
0 0.5534798534798535 0.14419695193434937 0.07179487179487179 0.04044548651817116
0 0.5915750915750916 0.1541617819460727 0.04249084249084249 0.04220398593200469
0 0.5578754578754579 0.18610785463071514 0.060805860805860805 0.05275498241500586
0 0.6227106227106227 0.179073856975381 0.029304029304029304 0.025205158264947247
0 0.589010989010989 0.20926143024618993 0.021245421245421246 0.019343493552168817
0 0.6509157509157509 0.22332942555685814 0.05201465201465202 0.028722157092614303
0 0.6842490842490843 0.18405627198124266 0.04542124542124542 0.035169988276670575
0 0.658974358974359 0.15093786635404455 0.10915750915750916 0.056858147713950764
0 0.7413919413919414 0.1899179366940211 0.054945054945054944 0.041617819460726846
0 0.7717948717948718 0.2160023446658851 0.035164835164835165 0.03751465416178194
0 0.7633699633699633 0.2652403282532239 0.03663003663003663 0.02637749120750293
0 0.7534798534798535 0.3130128956623681 0.0652014652014652 0.04630715123094959
0 0.6948717948717948 0.30773739742086753 0.0315018315018315 0.01817116060961313
0 0.6410256410256411 0.31213364595545134 0.02783882783882784 0.016998827667057445
0 0.6098901098901099 0.27989449003517 0.05201465201465202 0.03927315357561548
0 0.5835164835164836 0.25263774912075027 0.03736263736263736 0.032825322391559206
0 0.6161172161172161 0.22479484173505276 0.041758241758241756 0.029308323563892145
0 0.6322344322344322 0.2532239155920281 0.02857142857142857 0.0246189917936694
0 0.6941391941391941 0.23710433763188746 0.03223443223443224 0.028722157092614303
0 0.6963369963369963 0.2605509964830012 0.04908424908424908 0.03458382180539273
0 0.6692307692307692 0.28927315357561545 0.08498168498168499 0.04044548651817116
0 0.7307692307692307 0.2529308323563892 0.06153846153846154 0.08792497069167643
0 0.7073260073260074 0.20574443141852286 0.05128205128205128 0.03458382180539273
0 0.5611721611721612 0.22538100820633059 0.03882783882783883 0.01875732708089097
0 0.5278388278388279 0.20574443141852286 0.026373626373626374 0.025205158264947247
0 0.495970695970696 0.21834701055099648 0.04542124542124542 0.03341148886283705
0 0.528937728937729 0.2256740914419695 0.03223443223443224 0.023446658851113716
0 0.521978021978022 0.25 0.03882783882783883 0.031066822977725676
0 0.5270631304029304 0.2797028587338804 0.539003073992674 0.30269961547479485 0.5584139113553114 0.32149059085580306 0.5740474161172161 0.3340736260257913 0.6001734476190477 0.3376861934349355 0.6253493018315018 0.33784386928487686 0.6363840556776557 0.3281598276670575 0.6342114512820513 0.31445245720984755 0.6117965113553114 0.2975156307151231 0.5765343391941392 0.2711447614302462 0.5625163934065934 0.2562477842907386 0.5387674043956044 0.25137849941383356 0.5273804344322344 0.25791089917936694 0.5270631304029304 0.2797028587338804
0 0.4919413919413919 0.26553341148886284 0.09010989010989011 0.06858147713950762
0 0.4641025641025641 0.2898593200468933 0.041758241758241756 0.027549824150058615
0 0.45054945054945056 0.21395076201641267 0.06593406593406594 0.059788980070339975
0 0.4391941391941392 0.2637749120750293 0.02857142857142857 0.01992966002344666
0 0.4307692307692308 0.2866354044548652 0.034432234432234435 0.0246189917936694
0 0.4347985347985348 0.31008206330597887 0.047619047619047616 0.026963657678780773
0 0.39157509157509157 0.33675263774912073 0.030036630036630037 0.016412661195779603
0 0.3523809523809524 0.2825322391559203 0.07326007326007326 0.04630715123094959
0 0.38461538461538464 0.2403282532239156 0.09230769230769231 0.06447831184056271
0 0.29853479853479853 0.32415005861664714 0.02271062271062271 0.01817116060961313
0 0.3608058608058608 0.23446658851113716 0.02857142857142857 0.021101992966002344
0 0.6622710622710622 0.32825322391559203 0.046886446886446886 0.0246189917936694
0 0.7168498168498169 0.3332356389214537 0.060805860805860805 0.050996483001172335
0 0.726007326007326 0.38716295427901526 0.12234432234432234 0.08909730363423213
0 0.7747252747252747 0.3713364595545135 0.04249084249084249 0.021101992966002344
0 0.7981684981684982 0.4114888628370457 0.01904761904761905 0.016412661195779603
0 0.7912087912087912 0.4566236811254396 0.01978021978021978 0.017584994138335287
0 0.7677655677655678 0.43112543962485345 0.024175824175824177 0.015826494724501757
0 0.742801876923077 0.44771731359906214 0.7542231230769231 0.4383807813599062 0.7545058512820514 0.4366148135990621 0.6727907787545788 0.40317709202813595 0.6669514476190477 0.4102007409144197 0.6738068380952381 0.4246863264947245 0.7003233926739927 0.4347055375146542 0.7280993311355312 0.446460898007034 0.742801876923077 0.44771731359906214
0 0.5157106593406594 0.44430686107854633 0.5169806842490843 0.45052250351699885 0.5422136761904762 0.4527441770222743 0.5514105875457875 0.4521468657678781 0.5518883714285714 0.44743086225087925 0.5448667655677656 0.37136730890973035 0.5404752322344323 0.36824605744431416 0.5374539018315019 0.3725719437280188 0.5292563282051282 0.3909321834701055 0.5218021736263736 0.41584973388042207 0.5157106593406594 0.44430686107854633
0 0.5743835274725274 0.3862523604923798 0.5658192461538462 0.3832334191090269 0.5586120805860806 0.3854091301289566 0.5570285706959708 0.38619988452520515 0.5515302315018314 0.38902813423212196 0.5512911018315018 0.3928702602579133 0.5545276673992674 0.39953801406799533 0.5550754527472528 0.39849025205158267 0.5662472285714285 0.3999768962485346 0.5768168439560439 0.39808345369284875 0.5827555391941392 0.39189451992966 0.5839068263736263 0.3896212526377491 0.5773476043956044 0.3886030369284877 0.5743835274725274 0.3862523604923798
0 0.5985347985347985 0.37075029308323565 0.026373626373626374 0.020515826494724502
0 0.5560439560439561 0.3616647127784291 0.06373626373626373 0.03223915592028136
0 0.5454212454212454 0.3276670574443142 0.03296703296703297 0.029308323563892145
0 0.5131868131868131 0.34056271981242675 0.04542124542124542 0.02403282532239156
0 0.5875457875457876 0.34349355216881594 0.06373626373626373 0.029894490035169988
0 0.617948717948718 0.3950762016412661 0.06373626373626373 0.044548651817116064
0 0.5827838827838828 0.43522860492379833 0.054945054945054944 0.06623681125439625
0 0.6175824175824176 0.43874560375146543 0.03956043956043956 0.041617819460726846
0 0.5622710622710623 0.4317116060961313 0.02490842490842491 0.012895662368112544
0 0.5315018315018315 0.45926143024618993 0.027106227106227107 0.021101992966002344
0 0.5007326007326007 0.43640093786635403 0.03296703296703297 0.02637749120750293
0 0.47912087912087914 0.40767878077373976 0.03663003663003663 0.020515826494724502
0 0.512087912087912 0.3874560375146542 0.030036630036630037 0.019343493552168817
0 0.484981684981685 0.3625439624853458 0.02490842490842491 0.01875732708089097
0 0.5161172161172162 0.36723329425556855 0.041025641025641026 0.027549824150058615
0 0.6516483516483517 0.414126611957796 0.03882783882783883 0.03575615474794842
0 0.6619047619047619 0.37192262602579135 0.041758241758241756 0.04865181711606096
0 0.6318681318681318 0.35228604923798357 0.041025641025641026 0.056858147713950764
0 0.4717948717948718 0.42995310668229775 0.03076923076923077 0.029894490035169988
0 0.44981684981684983 0.4273153575615475 0.03223443223443224 0.022860492379835874
0 0.42454212454212453 0.40386869871043374 0.046886446886446886 0.020515826494724502
0 0.45494505494505494 0.39009378663540445 0.08205128205128205 0.03634232121922626
0 0.36813186813186816 0.3865767878077374 0.046153846153846156 0.028722157092614303
0 0.43040293040293043 0.35756154747948415 0.047619047619047616 0.0369284876905041
0 0.4633699633699634 0.3344079718640094 0.04981684981684982 0.050996483001172335
0 0.4956043956043956 0.3191676436107855 0.04908424908424908 0.04337631887456037
0 0.29523809523809524 0.36957796014067995 0.018315018315018316 0.014654161781946073
0 0.343287558974359 0.32897218464243844 0.3175796835164835 0.36180101699882766 0.3106382358974359 0.3814013528722157 0.3181541692307692 0.3850939431418523 0.33253794285714283 0.3807197719812427 0.44245909304029307 0.24411580304806565 0.4382107333333333 0.2391806512309496 0.42257760732600735 0.2376324941383353 0.4031090146520146 0.2586691776084408 0.3767443391941392 0.28808003927315357 0.343287558974359 0.32897218464243844
0 0.3289710842490842 0.3881994677608441 0.3396434534798535 0.3849486002344666 0.36456882637362636 0.3553962678780773 0.367195241025641 0.3403992180539273 0.3595545274725275 0.34422452754982413 0.34553931355311357 0.36064474091441967 0.33178750842490845 0.3798086248534584 0.3289710842490842 0.3881994677608441
0 0.2926739926739927 0.4144196951934349 0.01611721611721612 0.014654161781946073
0 0.2875457875457875 0.45808909730363423 0.015384615384615385 0.014654161781946073
0 0.32857142857142857 0.42907385697538103 0.05054945054945055 0.041031652989449004
0 0.3663003663003663 0.4504689331770223 0.06373626373626373 0.045134818288393906
0 0.3923076923076923 0.4191090269636577 0.034432234432234435 0.031066822977725676
0 0.32967032967032966 0.481535756154748 0.02197802197802198 0.016998827667057445
0 0.31771408424908426 0.46073415123094963 0.3227924322344322 0.4672729841735053 0.3361563706959707 0.4741200252051582 0.35432338534798535 0.48284768347010554 0.37215477582417583 0.48566021043376323 0.384638936996337 0.4829571236811254 0.3845974205128205 0.47762771453692854 0.3797779223443224 0.4704768341148886 0.34876701831501833 0.465997031066823 0.3373677553113553 0.45577370339976553 0.33362612527472524 0.4449908716295428 0.3256460095238095 0.44441626670574447 0.32105774945054943 0.4499860615474795 0.31771408424908426 0.46073415123094963
0 0.42124542124542125 0.447831184056272 0.05347985347985348 0.03048065650644783
0 0.39377289377289376 0.46776084407971863 0.020512820512820513 0.01406799531066823
0 0.4347985347985348 0.4859320046893318 0.12161172161172161 0.10433763188745604
0 0.34835164835164834 0.522274325908558 0.026373626373626374 0.017584994138335287
0 0.3516483516483517 0.5205158264947245 0.09157509157509157 0.07033997655334115
0 0.28205128205128205 0.5433763188745604 0.017582417582417582 0.015240328253223915
0 0.28534798534798533 0.5005861664712778 0.020512820512820513 0.015826494724501757
0 0.5326007326007326 0.48124267291910905 0.08571428571428572 0.05568581477139507
0 0.5439560439560439 0.511430246189918 0.05274725274725275 0.04279015240328253
0 0.5054945054945055 0.5008792497069168 0.05641025641025641 0.03751465416178194
0 0.5794871794871795 0.5096717467760844 0.029304029304029304 0.03575615474794842
0 0.6073260073260073 0.5331184056271981 0.030036630036630037 0.029308323563892145
0 0.6706959706959706 0.5146541617819461 0.06373626373626373 0.02813599062133646
0 0.6765567765567766 0.4879835873388042 0.04322344322344322 0.038686987104337635
0 0.6450549450549451 0.4654161781946073 0.04395604395604396 0.041031652989449004
0 0.6172161172161172 0.4824150058616647 0.06813186813186813 0.05216881594372802
0 0.495970695970696 0.5208089097303634 0.03223443223443224 0.03399765533411489
0 0.4728937728937729 0.49618991793669404 0.02490842490842491 0.022860492379835874
0 0.463003663003663 0.5334114888628371 0.03956043956043956 0.03048065650644783
0 0.43736263736263736 0.5580304806565064 0.02783882783882784 0.022274325908558032
0 0.40512820512820513 0.548358733880422 0.041025641025641026 0.029308323563892145
0 0.3395604395604396 0.5729777256740914 0.08498168498168499 0.053927315357561546
0 0.37765567765567765 0.5917350527549824 0.04542124542124542 0.04630715123094959
0 0.4076923076923077 0.5744431418522861 0.034432234432234435 0.022860492379835874
0 0.4358974358974359 0.6022860492379836 0.046153846153846156 0.03341148886283705
0 0.4879120879120879 0.6019929660023446 0.04542124542124542 0.03575615474794842
0 0.5164835164835165 0.5867526377491208 0.03663003663003663 0.021101992966002344
0 0.49047619047619045 0.5606682297772567 0.09230769230769231 0.06916764361078546
0 0.5399267399267399 0.5422039859320047 0.035897435897435895 0.031066822977725676
0 0.545054945054945 0.5726846424384525 0.035164835164835165 0.026963657678780773
0 0.5703296703296703 0.5920281359906213 0.06373626373626373 0.031652989449003514
0 0.5395604395604395 0.6110785463071512 0.040293040293040296 0.03399765533411489
0 0.5974358974358974 0.6166471277842908 0.05128205128205128 0.029894490035169988
0 0.6509157509157509 0.623094958968347 0.05201465201465202 0.01875732708089097
0 0.5883549699633699 0.5555052878077373 0.5909145142857143 0.568759398007034 0.5955889523809524 0.5777182919109027 0.6060781252747253 0.5790448311840563 0.6070178652014652 0.5855155978898007 0.6051938666666666 0.593410031066823 0.6035401413919415 0.6028249050410317 0.6089539062271062 0.6087212514654161 0.6347339025641026 0.6025761019929661 0.6481395296703297 0.5931111928487691 0.6519983369963369 0.5787837514654162 0.6512302564102564 0.5678575621336459 0.6436858608058609 0.564791120750293 0.6339980234432234 0.565335286049238 0.6275445648351649 0.569224294841735 0.6179918512820514 0.5617594155920281 0.6175306461538462 0.555195672919109 0.6050426417582417 0.5494356881594372 0.5933851838827838 0.5479593581477139 0.5883549699633699 0.5555052878077373
0 0.6326007326007326 0.5542203985932005 0.02857142857142857 0.021688159437280186
0 0.684981684981685 0.5618405627198124 0.024175824175824177 0.019343493552168817
0 0.6897435897435897 0.5618405627198124 0.09230769230769231 0.06858147713950762
0 0.721978021978022 0.5685814771395076 0.018315018315018316 0.017584994138335287
0 0.6747252747252748 0.6040445486518171 0.0695970695970696 0.03458382180539273
0 0.5717948717948718 0.5495310668229777 0.04468864468864469 0.041031652989449004
0 0.7084249084249085 0.47332942555685814 0.047619047619047616 0.0246189917936694
0 0.6501831501831502 0.4393317702227433 0.027106227106227107 0.015826494724501757
0 0.6805860805860806 0.4437280187573271 0.03882783882783883 0.032825322391559206
0 0.752014652014652 0.47479484173505276 0.04981684981684982 0.0615474794841735
0 0.782051282051282 0.5026377491207503 0.017582417582417582 0.013481828839390387
0 0.7476190476190476 0.5216881594372802 0.07326007326007326 0.05803048065650645
0 0.7754578754578755 0.5457209847596718 0.01684981684981685 0.015826494724501757
0 0.7454212454212454 0.5671160609613131 0.03076923076923077 0.021101992966002344
0 0.7666666666666667 0.589390386869871 0.01978021978021978 0.015826494724501757
0 0.7395604395604396 0.611957796014068 0.07985347985347985 0.05275498241500586
0 0.5648351648351648 0.6559202813599062 0.014652014652014652 0.011137162954279016
0 0.5084249084249084 0.6705744431418523 0.027106227106227107 0.01875732708089097
0 0.4509157509157509 0.6441969519343493 0.014652014652014652 0.008792497069167644
0 0.3747252747252747 0.656799531066823 0.014652014652014652 0.0123094958968347
0 0.29706959706959707 0.63042203985932 0.01611721611721612 0.011723329425556858
0 0.32454212454212455 0.6694021101992966 0.021245421245421246 0.01406799531066823
0 0.2948717948717949 0.6849355216881594 0.05128205128205128 0.03458382180539273
0 0.34615384615384615 0.6928487690504103 0.01684981684981685 0.011723329425556858
0 0.32051282051282054 0.708968347010551 0.018315018315018316 0.0123094958968347
0 0.3706959706959707 0.7148300117233294 0.015384615384615385 0.011723329425556858
0 0.3978021978021978 0.6981242672919109 0.01978021978021978 0.014654161781946073
0 0.4490842490842491 0.7045720984759671 0.021245421245421246 0.01406799531066823
0 0.5018315018315018 0.708968347010551 0.06373626373626373 0.031652989449003514
0 0.47326007326007324 0.7262602579132473 0.01611721611721612 0.012895662368112544
0 0.4457875457875458 0.7438452520515827 0.01978021978021978 0.01406799531066823
0 0.39267399267399267 0.738862837045721 0.063003663003663 0.027549824150058615
0 0.4970695970695971 0.7494138335287222 0.01978021978021978 0.013481828839390387
0 0.5249084249084249 0.7335873388042204 0.01978021978021978 0.015240328253223915
0 0.554945054945055 0.7165885111371629 0.02271062271062271 0.016998827667057445
0 0.5483516483516484 0.7558616647127784 0.02271062271062271 0.015240328253223915
0 0.5989010989010989 0.7623094958968347 0.05934065934065934 0.031066822977725676
0 0.6315018315018315 0.7447245017584995 0.01684981684981685 0.013481828839390387
0 0.608058608058608 0.7215709261430246 0.02271062271062271 0.014654161781946073
0 0.6600732600732601 0.727725674091442 0.01611721611721612 0.012895662368112544
0 0.6846153846153846 0.75 0.01611721611721612 0.0123094958968347
0 0.7098901098901099 0.772274325908558 0.01904761904761905 0.011137162954279016
0 0.7 0.7371043376318874 0.02197802197802198 0.023446658851113716
0 0.6919413919413919 0.7110199296600235 0.021245421245421246 0.016412661195779603
0 0.6395604395604395 0.6855216881594373 0.015384615384615385 0.011723329425556858
0 0.2937728937728938 0.7262602579132473 0.01391941391941392 0.013481828839390387
0 0.8597069597069598 0.6550410316529894 0.01684981684981685 0.012895662368112544
0 0.8465201465201465 0.6313012895662368 0.017582417582417582 0.015240328253223915
0 0.8578754578754578 0.589390386869871 0.01978021978021978 0.01817116060961313
0 0.8725274725274725 0.5416178194607268 0.054212454212454214 0.05275498241500586
0 0.9014652014652015 0.5961313012895663 0.047619047619047616 0.038100820633059786
0 0.9494505494505494 0.6447831184056272 0.06886446886446887 0.06213364595545135
0 0.9578754578754579 0.7517584994138335 0.008791208791208791 0.017584994138335287
0 0.9794871794871794 0.5773739742086753 0.03223443223443224 0.05451348182883939
0 0.9926739926739927 0.4466588511137163 0.014652014652014652 0.032825322391559206
0 0.9457875457875458 0.46893317702227433 0.04542124542124542 0.047479484173505275
0 0.7087912087912088 0.1228018757327081 0.03223443223443224 0.0246189917936694
1 0.6205128205128205 0.2250879249706917 0.13846153846153847 0.09202813599062133
1 0.9853479853479854 0.44343493552168817 0.029304029304029304 0.1858147713950762
1 0.3597069597069597 0.35580304806565066 0.126007326007326 0.15885111371629543
0 0.1783882783882784 0.3130128956623681 0.013186813186813187 0.015240328253223915
1 0.6758241758241759 0.5067409144196952 0.11062271062271062 0.10375146541617819