0 0.02727272727272727 0.5737704918032787 0.05454545454545454 0.10382513661202186
0 0.12545454545454546 0.3551912568306011 0.13454545454545455 0.15300546448087432
0 0.23454545454545456 0.13934426229508196 0.10181818181818182 0.16939890710382513
0 0.39636363636363636 0.15027322404371585 0.10181818181818182 0.18579234972677597
0 0.5309090909090909 0.12295081967213115 0.09454545454545454 0.18032786885245902
0 0.6781818181818182 0.10109289617486339 0.08727272727272728 0.09836065573770492
0 0.8527272727272728 0.09289617486338798 0.09454545454545454 0.18579234972677597
0 0.9763636363636363 0.08743169398907104 0.02909090909090909 0.12568306010928962
0 0.9636363636363636 0.3251366120218579 0.06545454545454546 0.08743169398907104
0 0.8254545454545454 0.3360655737704918 0.07636363636363637 0.10382513661202186
0 0.6981818181818182 0.3551912568306011 0.09454545454545454 0.20218579234972678
0 0.8127272727272727 0.5327868852459017 0.07636363636363637 0.12568306010928962
0 0.9490909090909091 0.5245901639344263 0.08363636363636363 0.08743169398907104
0 0.9181818181818182 0.726775956284153 0.09090909090909091 0.13114754098360656
0 0.9836363636363636 0.860655737704918 0.03272727272727273 0.10382513661202186
0 0.7963636363636364 0.7240437158469946 0.08363636363636363 0.11475409836065574
0 0.6872727272727273 0.7213114754098361 0.08363636363636363 0.09289617486338798
0 0.6636363636363637 0.8852459016393442 0.07636363636363637 0.09289617486338798
0 0.5490909090909091 0.8989071038251366 0.06909090909090909 0.07650273224043716
0 0.43636363636363634 0.8989071038251366 0.06545454545454546 0.08196721311475409
0 0.5436363636363636 0.7295081967213115 0.06545454545454546 0.07650273224043716
0 0.54 0.5628415300546448 0.14181818181818182 0.18032786885245902
0 0.5309090909090909 0.3469945355191257 0.08 0.13114754098360656
0 0.4018181818181818 0.5792349726775956 0.08 0.1092896174863388
0 0.38727272727272727 0.3743169398907104 0.07636363636363637 0.1092896174863388
0 0.27090909090909093 0.5573770491803278 0.07272727272727272 0.11475409836065574
0 0.29818181818181816 0.7404371584699454 0.08363636363636363 0.08196721311475409
0 0.18 0.7540983606557377 0.07636363636363637 0.08743169398907104
0 0.32181818181818184 0.912568306010929 0.08 0.07103825136612021
0 0.08727272727272728 0.907103825136612 0.07636363636363637 0.08743169398907104