0 0.02527272727272727 0.5481967213114753 0.05050909090909091 0.10060109289617485
0 0.12876363636363636 0.3357377049180328 0.1296 0.1487431693989071
0 0.2428727272727273 0.1266120218579235 0.09767272727272724 0.16256830601092895
0 0.4042181818181818 0.14508196721311473 0.0983636363636364 0.1821857923497268
0 0.5394545454545454 0.12562841530054641 0.09 0.1734972677595628
0 0.6872363636363636 0.10961748633879781 0.08520000000000003 0.09393442622950822
0 0.8614545454545455 0.11027322404371584 0.08865454545454544 0.17945355191256832
0 0.9865454545454546 0.11180327868852459 0.026909090909090827 0.12431693989071038
0 0.9678545454545455 0.3494535519125683 0.06429090909090891 0.08338797814207649
0 0.8289454545454545 0.354207650273224 0.07389090909090906 0.099344262295082
0 0.7017454545454546 0.3669398907103825 0.0882909090909092 0.19819672131147548
0 0.8123636363636364 0.5499453551912569 0.07527272727272723 0.12147540983606551
0 0.9484 0.5484699453551913 0.08283636363636354 0.08393442622950827
0 0.912290909090909 0.7492896174863388 0.08970909090909086 0.1291803278688524
0 0.98 0.8879781420765027 0.04 0.10382513661202186
0 0.7913454545454546 0.7387978142076502 0.08210909090909085 0.11038251366120212
0 0.6818181818181818 0.7310928961748634 0.08298181818181816 0.08846994535519125
0 0.6546181818181819 0.8947540983606558 0.07599999999999991 0.08956284153005457
0 0.5398909090909091 0.8999999999999999 0.06647272727272738 0.0720218579234973
0 0.4278181818181818 0.8951912568306011 0.06509090909090912 0.07754098360655737
0 0.5385818181818183 0.7323497267759563 0.06381818181818186 0.07371584699453557
0 0.5393454545454546 0.5650273224043716 0.13723636363636366 0.17530054644808735
0 0.5343636363636364 0.3489071038251366 0.07698181818181823 0.1254644808743169
0 0.4007636363636363 0.5732786885245902 0.07709090909090904 0.1032786885245902
0 0.39083636363636365 0.3691256830601093 0.07305454545454547 0.10322404371584704
0 0.2696363636363637 0.5466666666666667 0.06927272727272732 0.11049180327868852
0 0.29207272727272726 0.7301092896174864 0.0824727272727273 0.07999999999999993
0 0.17447272727272725 0.7362841530054646 0.07585454545454545 0.08377049180327868
0 0.3130545454545455 0.9043715846994536 0.07705454545454545 0.06568306010928952
0 0.07821818181818183 0.8859016393442624 0.07454545454545454 0.08486338797814193