0 0.039765567765567764 0.1123388042203986 0.03128937728937729 0.03381594372801876
0 0.16873992673992674 0.1630715123094959 0.0238827838827839 0.026981242672919094
0 0.10691575091575091 0.2480773739742087 0.022197802197802208 0.02434935521688157
0 0.06748717948717949 0.3104161781946073 0.06394139194139194 0.07611371629542789
0 0.10287179487179486 0.3650703399765533 0.06369230769230769 0.04941969519343491
0 0.18032967032967032 0.31052754982415004 0.03232234432234431 0.030222743259085548
0 0.16964102564102565 0.3348827667057444 0.02166300366300366 0.02078546307151233
0 0.22044688644688645 0.3321219226260258 0.01874725274725277 0.013440797186400975
0 0.2473040293040293 0.3084232121922626 0.06441025641025638 0.036740914419695195
0 0.25558241758241756 0.21139507620164125 0.04345054945054941 0.028194607268464258
0 0.25123076923076926 0.25908558030480655 0.04814652014652017 0.03671746776084407
0 0.30241025641025643 0.12203985932004689 0.09690109890109888 0.06500586166471277
0 0.40687912087912087 0.09072684642438453 0.13831501831501827 0.05492379835873387
0 0.43445421245421245 0.06799531066822978 0.04068131868131866 0.03949003516998828
0 0.49961904761904763 0.06879835873388042 0.0651501831501832 0.058253223915592026
0 0.5287399267399268 0.11018171160609613 0.061743589743589726 0.04127198124267294
0 0.5562490842490843 0.07647127784290739 0.030981684981684954 0.028563892145369287
0 0.5854285714285714 0.10442555685814772 0.04914285714285709 0.025984759671746765
0 0.6284468864468865 0.11538686987104338 0.02662271062271056 0.0238276670574443
0 0.6725421245421245 0.13174677608440796 0.04869597069597072 0.06355216881594372
0 0.6124908424908424 0.14620750293083237 0.11531868131868138 0.039355216881594365
0 0.6729377289377289 0.18648886283704572 0.08407326007326006 0.07202227432590856
0 0.6539560439560439 0.22827080890973037 0.05235897435897438 0.030281359906213345
0 0.5713553113553114 0.17732708089097302 0.0947106227106227 0.0613892145369285
0 0.508989010989011 0.14166471277842907 0.06646886446886448 0.03348769050410316
0 0.4695164835164835 0.14746189917936695 0.035758241758241716 0.03864595545134817
0 0.49742857142857144 0.1826963657678781 0.05271794871794874 0.04744431418522857
0 0.4341831501831502 0.16840562719812427 0.02540659340659345 0.022637749120750297
0 0.4622637362637363 0.202274325908558 0.018571428571428506 0.017450175849941373
0 0.3988644688644689 0.20915005861664712 0.048571428571428536 0.023692848769050385
0 0.37263003663003663 0.1666881594372802 0.0403369963369963 0.030990621336459558
0 0.4034212454212454 0.13666471277842906 0.10191941391941396 0.04600820633059788
0 0.3147912087912088 0.16607268464243846 0.04928937728937727 0.0361957796014068
0 0.2801098901098901 0.18841735052754982 0.02951648351648349 0.03477725674091444
0 0.2798901098901099 0.2382063305978898 0.033091575091575065 0.022837045720984783
0 0.2814139194139194 0.2864888628370457 0.05893040293040297 0.040052754982415
0 0.3403663003663004 0.28794841735052756 0.0294139194139194 0.015093786635404454
0 0.39284249084249084 0.29826494724501756 0.025816849816849823 0.014279015240328262
0 0.4293479853479853 0.2696424384525205 0.04655677655677652 0.034232121922626015
0 0.46041025641025646 0.24572098475967175 0.03230036630036624 0.029284876905041054
0 0.4328498168498169 0.2146776084407972 0.03752380952380954 0.025099648300117263
0 0.4117948717948718 0.24102579132473623 0.024857142857142904 0.022039859320046908
0 0.3536410256410257 0.21816529894490036 0.027809523809523836 0.025644783118405626
0 0.34713553113553114 0.241137162954279 0.04429304029304032 0.02977139507620162
0 0.36921611721611725 0.2725322391559203 0.08040293040293041 0.03182297772567407
0 0.31443223443223445 0.22950175849941382 0.04723809523809525 0.08370457209847594
0 0.34572161172161175 0.1854689331770223 0.0468278388278388 0.029953106682297784
0 0.48728205128205127 0.22138335287221572 0.03644688644688645 0.014923798358733902
0 0.5237728937728938 0.20548065650644784 0.022322344322344343 0.022796014067995304
0 0.5530695970695971 0.22147713950762016 0.041040293040293024 0.028856975381008218
0 0.5190402930402931 0.2250820633059789 0.028930402930402936 0.020175849941383328
0 0.5216556776556777 0.2500293083235639 0.03419047619047624 0.02750879249706914
0 0.3948332564102564 0.3146451453692849 0.40407616996337 0.3254637157092614 0.42903444102564103 0.32811102637749123 0.455534589010989 0.3274428751465416 0.47320465347985347 0.316723162954279 0.49569510476190476 0.3002765498241501 0.5115189260073261 0.27883316588511137 0.5149952227106227 0.2572179507620164 0.5048553216117216 0.24948113012895662 0.48049048864468863 0.2516584636576788 0.4640177706959707 0.26484949882766706 0.4245117956043956 0.2870371166471278 0.39936898974358975 0.3013131043376319 0.3948332564102564 0.3146451453692849
0 0.5488131868131868 0.26871629542790154 0.08043956043956041 0.06026377491207507
0 0.5720293040293041 0.29590855803048066 0.037963369963369915 0.02368112543962484
0 0.5986153846153847 0.22229191090269637 0.056754578754578774 0.054267291910902724
0 0.6011501831501832 0.2729660023446659 0.02563369963369964 0.01729777256740914
0 0.6055091575091575 0.2965240328253224 0.03131868131868132 0.021377491207502947
0 0.5976043956043956 0.31931418522860494 0.04399999999999996 0.022063305978898065
0 0.6358754578754579 0.35031066822977724 0.028205128205128206 0.013528722157092572
0 0.6841098901098901 0.30123094958968344 0.06691575091575086 0.03950762016412663
0 0.6594871794871795 0.25572098475967175 0.08334065934065933 0.05571512309495894
0 0.729956043956044 0.3481711606096131 0.020278388278388324 0.016090269636576813
0 0.6841538461538461 0.25250879249706915 0.025465201465201457 0.01825908558030479
0 0.36909157509157514 0.31185814771395076 0.043985347985348 0.02002344665885116
0 0.3141684981684981 0.31060961313012897 0.05339926739926739 0.045404454865181736
0 0.2956996336996337 0.363042203985932 0.11027838827838826 0.07735638921453694
0 0.25043956043956045 0.3418991793669402 0.03986813186813184 0.016834701055099665
0 0.220014652014652 0.3790328253223916 0.016542124542124573 0.014964830011723313
0 0.21904761904761905 0.4246365767878077 0.017282051282051306 0.01610199296600236
0 0.2468717948717949 0.40194607268464244 0.02200732600732598 0.013616647127784301
0 0.2589690600732601 0.4106714912075029 0.26865515091575093 0.42118897127784294 0.28343315457875456 0.42158198241500583 0.3129835172161172 0.4130340082063306 0.3409847655677656 0.40606504865181714 0.35029307545787547 0.3924838165298945 0.3457322717948718 0.3848782837045721 0.2589962578754579 0.4088912268464244 0.2589690600732601 0.4106714912075029
0 0.45741335311355313 0.44688775381008206 0.4664168644688645 0.44850337221570924 0.4917907304029304 0.4491131342321219 0.4941295494505495 0.44309940562719813 0.49304717582417584 0.4142409021101993 0.48999974505494504 0.38873579132473624 0.48507554578754575 0.3696413933177022 0.48283606739926743 0.3650211664712778 0.477944358974359 0.3676230240328254 0.45776052527472527 0.4421644425556858 0.45741335311355313 0.44688775381008206
0 0.4634774388278388 0.394443786049238 0.46784230183150183 0.38820132942555685 0.46827380219780224 0.3843699665885111 0.4633209201465201 0.38095697479484175 0.4618903655677656 0.3799975844079719 0.45513178461538467 0.37704049472450174 0.44612573333333333 0.37907638218053924 0.44278162344322347 0.3810741178194607 0.436109126007326 0.38135202344665886 0.4368537948717949 0.38373136869871044 0.4416581868131868 0.39052137456037517 0.4517955919413919 0.39357336752637745 0.463117232967033 0.3933452221570926 0.4634774388278388 0.394443786049238
0 0.4247985347985348 0.3609964830011723 0.02355311355311362 0.017977725674091484
0 0.4685860805860806 0.3567702227432591 0.06019047619047625 0.02572098475967181
0 0.484989010989011 0.32414419695193436 0.028893772893772932 0.026524032825322393
0 0.5146446886446886 0.3407209847596717 0.04272527472527468 0.019630715123094965
0 0.44068131868131866 0.3352227432590856 0.06009523809523808 0.023710433763188772
0 0.40161904761904765 0.3828898007033998 0.05735531135531133 0.03876318874560382
0 0.4293772893772894 0.42652989449003514 0.044380952380952327 0.061963657678780794
0 0.39406593406593404 0.4261664712778429 0.033062271062271144 0.03816529894490029
0 0.4500586080586081 0.42541031652989447 0.023216117216117257 0.01034583821805398
0 0.47588278388278393 0.45620164126611956 0.024146520146520172 0.018434935521688185
0 0.5104175824175824 0.43691676436107857 0.02897435897435894 0.02356389214536931
0 0.5368351648351648 0.4109202813599062 0.03408058608058607 0.016975381008206353
0 0.5077582417582418 0.3873094958968347 0.027326007326007293 0.01626611957796014
0 0.5385860805860806 0.36561547479484174 0.02229304029304034 0.01644783118405624
0 0.5072307692307693 0.3666881594372802 0.037289377289377354 0.023481828839390356
0 0.36465934065934064 0.3979718640093787 0.033604395604395564 0.03219812426729195
0 0.36214652014652016 0.3550586166471278 0.034087912087912106 0.04536342321219232
0 0.3952161172161172 0.3391207502930832 0.03231501831501824 0.0535463071512309
0 0.5399487179487179 0.43390386869871045 0.026234432234432194 0.027203985932004737
0 0.5621978021978021 0.4335521688159437 0.029010989010988943 0.020005861664712844
0 0.5912600732600733 0.41332356389214536 0.044424908424908496 0.015515826494724518
0 0.5636849816849816 0.39617819460726844 0.07798534798534802 0.02811840562719814
0 0.6502490842490842 0.4022684642438452 0.04246886446886449 0.024150058616647156
0 0.5935457875457876 0.3666822977725674 0.042256410256410304 0.03228604923798355
0 0.564974358974359 0.34023446658851114 0.04202197802197795 0.04695779601406794
0 0.535978021978022 0.3214067995310669 0.04276923076923085 0.03915592028135988
0 0.7254798534798534 0.3937221570926143 0.01583882783882776 0.013135990621336507
0 0.700062980952381 0.40646160668229775 0.7081480622710623 0.4036418874560375 0.7046834681318681 0.383459337045721 0.6849360564102565 0.3480872977725674 0.6589176908424909 0.30386753868698707 0.6379253457875458 0.27180706858147713 0.6223053597069598 0.2488071916764361 0.6065550864468864 0.24859945838218053 0.6014896468864469 0.2530135064478312 0.6865800366300366 0.4005283024618992 0.700062980952381 0.40646160668229775
0 0.6888111575091574 0.4083323927315357 0.6874816534798535 0.39970958675263774 0.677197063003663 0.3792008751465416 0.6661743904761904 0.3613798007033998 0.659273413919414 0.35674088862837045 0.6592656681318682 0.37188445252051583 0.6788081098901099 0.40392474325908556 0.6888111575091574 0.4083323927315357
0 0.7203369963369963 0.43835873388042207 0.013816849816849743 0.013247362250879196
0 0.7175531135531136 0.482063305978898 0.013406593406593373 0.0131594372801876
0 0.6819706959706959 0.4487983587338804 0.044373626373626324 0.036606096131301315
0 0.6409084249084249 0.46587924970691674 0.05716483516483514 0.03940211019929662
0 0.6207032967032967 0.43199296600234466 0.030168498168498214 0.027760844079718582
0 0.6720366300366301 0.5008323563892145 0.01935531135531141 0.015199296600234504
0 0.6181709443223443 0.490696070926143 0.61720283003663 0.49596899120750293 0.6290953186813186 0.5000359431418523 0.647242389010989 0.4992363985932005 0.6667507003663004 0.4926166611957796 0.6811755619047619 0.48732439390386867 0.6873418586080586 0.48141469460726843 0.685900265934066 0.4703988716295428 0.6823254732600733 0.46437235697538104 0.6743230725274726 0.4640527456037515 0.6687422798534799 0.47431399120750295 0.6556756989010989 0.4831684636576788 0.62418736996337 0.48415145662368114 0.6181709443223443 0.490696070926143
0 0.5871428571428572 0.4571629542790152 0.049721611721611644 0.025269636576787748
0 0.6106520146520146 0.47976553341148886 0.01882051282051286 0.012069167643610738
0 0.5671355311355312 0.49340562719812425 0.1066886446886446 0.09362250879249709
0 0.6464102564102564 0.5388921453692849 0.023641025641025628 0.015164126611957733
0 0.6431648351648351 0.536957796014068 0.08128937728937731 0.06186400937866352
0 0.7082271062271063 0.5673388042203986 0.015384615384615385 0.013657678780773713
0 0.7123369963369963 0.5245896834701055 0.018446886446886492 0.014009378663540498
0 0.4708278388278388 0.4776436107854631 0.0781098901098902 0.047250879249706855
0 0.4543443223443223 0.5064067995310668 0.0466813186813187 0.03803634232121929
0 0.4942564102564102 0.5002227432590856 0.05145787545787547 0.032139507620164084
0 0.4194798534798535 0.5005685814771396 0.023897435897435818 0.03365767878077378
0 0.3878021978021978 0.5209437280187573 0.025545787545787506 0.026529894490035164
0 0.3284029304029304 0.49551582649472453 0.060468864468864444 0.021905041031652927
0 0.3272014652014652 0.46841148886283707 0.03743589743589745 0.03456623681125441
0 0.36241025641025637 0.44952520515826494 0.03770695970695968 0.03723329425556857
0 0.386959706959707 0.46953692848769046 0.06100366300366299 0.045732708089097296
0 0.5003150183150182 0.5209495896834702 0.026688644688644736 0.03148886283704574
0 0.5276336996336997 0.499126611957796 0.0218461538461538 0.02040445486518168
0 0.5306520146520147 0.5373153575615475 0.035406593406593356 0.02657678780773735
0 0.5520512820512821 0.5644079718640094 0.024593406593406548 0.019443141852286093
0 0.5853772893772894 0.5584642438452521 0.03690109890109882 0.025621336459554535
0 0.646021978021978 0.5902520515826495 0.07771428571428567 0.04545134818288392
0 0.6052747252747253 0.6044548651817117 0.038520146520146466 0.042485345838218065
0 0.5784688644688645 0.5840445486518171 0.03133333333333332 0.01982415005861661
0 0.5457362637362637 0.6083528722157092 0.041186813186813206 0.028827667057444283
0 0.49408791208791203 0.6021864009378664 0.040036630036630105 0.03134818288393905
0 0.4684029304029304 0.5840914419695193 0.03405860805860807 0.0174443141852286
0 0.49873260073260073 0.5610257913247362 0.08232967032967041 0.06046893317702232
0 0.452996336996337 0.5372508792497069 0.031098901098901132 0.02777256740914426
0 0.44284249084249083 0.5670339976553341 0.03142857142857149 0.023774912075029277
0 0.4143736263736264 0.5831594372801876 0.06011721611721608 0.02548651817116062
0 0.44165567765567765 0.605609613130129 0.035245421245421175 0.03032825322391553
0 0.3833772893772893 0.6047713950762017 0.04764835164835162 0.02495896834701051
0 0.329010989010989 0.6051406799531066 0.05033699633699636 0.013311840562719834
0 0.34644265494505494 0.5481604683470105 0.3384383018315018 0.5503569624853458 0.3357771846153846 0.5610912895662368 0.3371063106227106 0.5757089941383353 0.34873514065934064 0.586574572098476 0.3731953545787546 0.5955306436107854 0.3795820490842491 0.590294528722157 0.3795820490842491 0.5807871295427902 0.37914896630036626 0.5727664132473622 0.3812050915750916 0.5664632643610785 0.3918229238095238 0.5663176547479484 0.398010189010989 0.557966468933177 0.40285025567765564 0.5451263645955452 0.39918154139194134 0.5370937327080891 0.3873807384615385 0.5372575814771395 0.37401236996336995 0.5415709114888628 0.37241394945054945 0.5480194185228605 0.3616557545787546 0.5543479097303634 0.35594155824175827 0.5497781248534583 0.34644265494505494 0.5481604683470105
0 0.35932600732600734 0.5390445486518172 0.025340659340659363 0.018985932004689392
0 0.305948717948718 0.5404865181711607 0.02175091575091579 0.016910902696365714
0 0.30147252747252745 0.5400410316529894 0.08296703296703296 0.05977725674091443
0 0.2683663003663004 0.5433294255568581 0.01572161172161175 0.01599648300117231
0 0.3088205128205128 0.5834642438452521 0.06567765567765566 0.027749120750293035
0 0.42024908424908425 0.5410785463071512 0.03884981684981683 0.03708675263774911
0 0.2981391941391941 0.45042203985932 0.04430769230769232 0.020046893317702253
0 0.3617509157509158 0.42317116060961313 0.025040293040293003 0.013423212192262656
0 0.33077655677655676 0.42416764361078546 0.03426373626373625 0.02944314185228606
0 0.25495970695970693 0.4468991793669402 0.040483516483516474 0.05757327080890975
0 0.22024175824175823 0.47110785463071514 0.015413919413919386 0.011893317702227412
0 0.25106959706959703 0.4938569753810082 0.06469597069597074 0.051576787807737404
0 0.21929670329670328 0.5145427901524032 0.01456410256410256 0.014554513481828797
0 0.24546520146520145 0.539126611957796 0.027699633699633745 0.018323563892145366
0 0.22029304029304028 0.5589624853458383 0.017582417582417582 0.014243845252051556
0 0.24337728937728936 0.5842790152403282 0.073032967032967 0.044917936694021166
0 0.40875457875457877 0.6471922626025791 0.012776556776556817 0.009923798358733785
0 0.461956043956044 0.6679660023446659 0.024732600732600727 0.015885111371629488
0 0.5234871794871795 0.6483411488862837 0.013435897435897376 0.007485345838218044
0 0.5968131868131868 0.669232121922626 0.01268131868131864 0.010709261430246178
0 0.6784102564102564 0.6516881594372802 0.014293040293040286 0.010093786635404337
0 0.6444029304029304 0.6872567409144197 0.019413919413919414 0.012286049237983609
0 0.670930402930403 0.7058851113716296 0.04639560439560434 0.029847596717467804
0 0.6187765567765567 0.7080890973036342 0.015208791208791202 0.010392731535756166
0 0.6415018315018315 0.7268933177022274 0.01644688644688648 0.010814771395076094
0 0.5906813186813187 0.727250879249707 0.013457875457875378 0.01061547479484181
0 0.5668717948717948 0.707461899179367 0.0174285714285714 0.012778429073857083
0 0.5149010989010989 0.7081535756154748 0.01893772893772887 0.01234466588511134
0 0.4618461538461538 0.7067995310668229 0.0596630036630037 0.02551582649472462
0 0.48716483516483516 0.7269167643610784 0.01391941391941392 0.011377491207502845
0 0.5112600732600733 0.7475205158264947 0.017890109890109942 0.012145369284876788
0 0.5646227106227106 0.7485580304806565 0.05998534798534807 0.02101992966002352
0 0.45958241758241763 0.747461899179367 0.018293040293040314 0.01157092614302449
0 0.43462271062271063 0.7285228604923798 0.01769230769230776 0.013616647127784301
0 0.40795604395604396 0.708358733880422 0.020483516483516512 0.014572098475967249
0 0.4076117216117216 0.7481008206330598 0.020923076923076885 0.013311840562719834
0 0.3566153846153846 0.7486166471277843 0.05556776556776554 0.025222743259085696
0 0.32707692307692304 0.7275381008206331 0.015208791208791202 0.012098475967174603
0 0.35427838827838826 0.7074443141852287 0.020849816849816877 0.01273153575615463
0 0.3018095238095238 0.7077373974208676 0.01455677655677656 0.011506447831184121
0 0.27379487179487183 0.727116060961313 0.014095238095238102 0.010797186400937908
0 0.24478388278388277 0.7462133645955451 0.017296703296703308 0.009073856975381019
0 0.26076923076923075 0.7126611957796014 0.01819780219780222 0.021735052754982373
0 0.2733186813186813 0.6876729191090271 0.01860805860805859 0.014560375146541703
0 0.3293626373626374 0.6681066822977726 0.013677655677655647 0.01014654161781943
0 0.6647472527472528 0.7470984759671746 0.012146520146520094 0.012297772567409155
0 0.11676190476190476 0.6135932004689332 0.015010989010989018 0.011101992966002377
0 0.13387545787545788 0.5914419695193435 0.015479853479853476 0.013716295427901577
0 0.12995604395604396 0.5487280187573271 0.0173992673992674 0.016412661195779603
0 0.12381684981684982 0.4998124267291911 0.04598534798534797 0.047936694021101976
0 0.08586813186813187 0.5504337631887456 0.042036630036630045 0.0340386869871043
0 0.02967032967032967 0.593200468933177 0.05934065934065934 0.05627198124267292
0 0.0028498168498168504 0.698388042203986 0.005692307692307692 0.01722743259085573
0 0.01158974358974359 0.5231535756154748 0.02317948717948718 0.052684642438452584
0 0.01421978021978022 0.39174091441969516 0.023113553113553117 0.03080890973036339
0 0.06378754578754578 0.41958968347010556 0.03785347985347986 0.04356975381008202
0 0.3588351648351648 0.10315943728018757 0.028498168498168483 0.021881594372801867
1 0.42850549450549447 0.21436107854630715 0.12585347985347983 0.0785345838218054
1 0.014036630036630037 0.38822977725674096 0.028073260073260074 0.18420281359906213
1 0.6639413919413919 0.37280187573270807 0.10087912087912092 0.1488159437280188
0 0.8508498168498169 0.3505803048065651 0.011076923076922996 0.014085580304806548
1 0.32458608058608057 0.4869812426729191 0.09493772893772896 0.09415592028135997