0 0.16545454545454547 0.38524590163934425 0.12 0.14754098360655737
0 0.08727272727272728 0.5601092896174863 0.09818181818181818 0.18579234972677597
0 0.1690909090909091 0.6666666666666666 0.14181818181818182 0.1912568306010929
0 0.21454545454545454 0.4972677595628415 0.12727272727272726 0.17486338797814208
0 0.3781818181818182 0.27049180327868855 0.3090909090909091 0.3770491803278688
0 0.32727272727272727 0.5300546448087432 0.16727272727272727 0.3879781420765027
0 0.5963636363636363 0.273224043715847 0.14181818181818182 0.18032786885245902
0 0.7127272727272728 0.3825136612021858 0.12727272727272726 0.1366120218579235
0 0.8181818181818182 0.4453551912568306 0.11636363636363636 0.19672131147540983
0 0.5272727272727272 0.39344262295081966 0.10181818181818182 0.09289617486338798
0 0.6163636363636363 0.47540983606557374 0.07636363636363637 0.11475409836065574
0 0.4490909090909091 0.4426229508196721 0.07272727272727272 0.12021857923497267
0 0.5109090909090909 0.45901639344262296 0.07272727272727272 0.09836065573770492
0 0.5781818181818181 0.5218579234972678 0.08363636363636363 0.14207650273224043
0 0.5 0.5409836065573771 0.08 0.1092896174863388
0 0.43272727272727274 0.5355191256830601 0.06181818181818182 0.10382513661202186
0 0.39636363636363636 0.6557377049180327 0.03272727272727273 0.04371584699453552
0 0.4290909090909091 0.6639344262295082 0.04 0.04918032786885246
0 0.3836363636363636 0.6967213114754098 0.04 0.0546448087431694
0 0.42 0.7131147540983607 0.04 0.04918032786885246
0 0.45636363636363636 0.7131147540983607 0.03272727272727273 0.0546448087431694
0 0.4618181818181818 0.7759562841530054 0.03272727272727273 0.07103825136612021
0 0.4290909090909091 0.7841530054644809 0.03636363636363636 0.06557377049180328
0 0.4 0.7650273224043715 0.04 0.07103825136612021
0 0.36 0.7349726775956285 0.03272727272727273 0.04918032786885246
0 0.3690909090909091 0.7841530054644809 0.03272727272727273 0.060109289617486336
0 0.509090909090909 0.6912568306010929 0.06181818181818182 0.12568306010928962
0 0.5472727272727272 0.8087431693989071 0.07272727272727272 0.1092896174863388
0 0.5672727272727273 0.6994535519125683 0.08 0.15300546448087432
0 0.6254545454545455 0.7158469945355191 0.07272727272727272 0.1092896174863388
0 0.6436363636363637 0.6366120218579235 0.08 0.07650273224043716
0 0.6927272727272727 0.7295081967213115 0.06545454545454546 0.10382513661202186
0 0.6927272727272727 0.819672131147541 0.06909090909090909 0.09289617486338798
0 0.62 0.8224043715846995 0.07636363636363637 0.1092896174863388
0 0.7563636363636363 0.5382513661202186 0.12727272727272726 0.18579234972677597
0 0.769090909090909 0.7158469945355191 0.09090909090909091 0.15300546448087432
0 0.8563636363636363 0.6939890710382514 0.11272727272727273 0.14207650273224043
0 0.8254545454545454 0.8442622950819673 0.09818181818181818 0.14754098360655737