0 0.16545454545454547 0.39344262295081966 0.12 0.14207650273224043
0 0.0890909090909091 0.5710382513661202 0.09818181818181818 0.18579234972677597
0 0.1709090909090909 0.674863387978142 0.14181818181818182 0.18579234972677597
0 0.21454545454545454 0.5027322404371585 0.12363636363636364 0.17486338797814208
0 0.37636363636363634 0.273224043715847 0.3090909090909091 0.37158469945355194
0 0.32727272727272727 0.5327868852459017 0.16363636363636364 0.3825136612021858
0 0.5927272727272728 0.27049180327868855 0.13818181818181818 0.18032786885245902
0 0.7109090909090909 0.3770491803278688 0.12727272727272726 0.1366120218579235
0 0.8163636363636364 0.4371584699453552 0.11636363636363636 0.19672131147540983
0 0.5254545454545455 0.39344262295081966 0.10181818181818182 0.09289617486338798
0 0.6163636363636363 0.4726775956284153 0.07636363636363637 0.1092896174863388
0 0.4490909090909091 0.4453551912568306 0.06909090909090909 0.12021857923497267
0 0.509090909090909 0.45901639344262296 0.07272727272727272 0.09836065573770492
0 0.58 0.5191256830601093 0.08363636363636363 0.14207650273224043
0 0.5 0.5409836065573771 0.08 0.10382513661202186
0 0.43272727272727274 0.5382513661202186 0.06181818181818182 0.09836065573770492
0 0.3981818181818182 0.6584699453551912 0.03272727272727273 0.04371584699453552
0 0.4309090909090909 0.6639344262295082 0.04 0.04918032786885246
0 0.38545454545454544 0.6994535519125683 0.04 0.0546448087431694
0 0.4218181818181818 0.7158469945355191 0.04 0.04918032786885246
0 0.4581818181818182 0.7158469945355191 0.03272727272727273 0.0546448087431694
0 0.46545454545454545 0.7759562841530054 0.03272727272727273 0.07103825136612021
0 0.4309090909090909 0.7841530054644809 0.03636363636363636 0.06557377049180328
0 0.4036363636363636 0.76775956284153 0.03636363636363636 0.07103825136612021
0 0.36363636363636365 0.7377049180327869 0.03272727272727273 0.04918032786885246
0 0.37272727272727274 0.7896174863387978 0.03272727272727273 0.060109289617486336
0 0.5109090909090909 0.6912568306010929 0.06181818181818182 0.12568306010928962
0 0.5509090909090909 0.8087431693989071 0.06909090909090909 0.1092896174863388
0 0.5690909090909091 0.6994535519125683 0.08 0.15300546448087432
0 0.6272727272727273 0.7131147540983607 0.06909090909090909 0.1092896174863388
0 0.6454545454545455 0.6311475409836066 0.08 0.07650273224043716
0 0.6963636363636364 0.7240437158469946 0.06545454545454546 0.10382513661202186
0 0.6963636363636364 0.8142076502732241 0.06909090909090909 0.09289617486338798
0 0.6236363636363637 0.819672131147541 0.07636363636363637 0.1092896174863388
0 0.7581818181818182 0.5300546448087432 0.12727272727272726 0.18032786885245902
0 0.7709090909090909 0.7103825136612022 0.09090909090909091 0.15300546448087432
0 0.86 0.6830601092896175 0.11272727272727273 0.14207650273224043
0 0.8290909090909091 0.8360655737704918 0.09454545454545454 0.14754098360655737