0 0.9357638888888888 0.21712962962962962 0.052083333333333336 0.022222222222222223
0 0.6875 0.22453703703703703 0.03819444444444445 0.016666666666666666
0 0.1484375 0.2013888888888889 0.1371527777777778 0.062037037037037036
0 0.3576388888888889 0.21944444444444444 0.043402777777777776 0.023148148148148147
0 0.5963541666666666 0.24074074074074073 0.05555555555555555 0.023148148148148147
0 0.5078125 0.2490740740740741 0.026041666666666668 0.013888888888888888
0 0.3741319444444444 0.2657407407407407 0.052083333333333336 0.025
0 0.3038194444444444 0.2712962962962963 0.050347222222222224 0.022222222222222223
0 0.11631944444444445 0.2625 0.043402777777777776 0.017592592592592594
0 0.4296875 0.29212962962962963 0.022569444444444444 0.012037037037037037
0 0.3472222222222222 0.3175925925925926 0.05381944444444445 0.025
0 0.10416666666666667 0.30787037037037035 0.043402777777777776 0.018518518518518517
0 0.5373263888888888 0.34305555555555556 0.027777777777777776 0.014814814814814815
0 0.8116319444444444 0.37222222222222223 0.15625 0.12129629629629629
0 0.3185763888888889 0.37037037037037035 0.05381944444444445 0.025
0 0.3984375 0.3851851851851852 0.020833333333333332 0.012962962962962963
0 0.625 0.4199074074074074 0.22916666666666666 0.06481481481481481
0 0.0798611111111111 0.40046296296296297 0.05381944444444445 0.053703703703703705
0 0.07465277777777778 0.449537037037037 0.019097222222222224 0.010185185185185186
0 0.2881944444444444 0.4726851851851852 0.08333333333333333 0.03148148148148148
0 0.8967013888888888 0.5231481481481481 0.08506944444444445 0.03981481481481482
0 0.7725694444444444 0.525 0.1423611111111111 0.13425925925925927
0 0.5190972222222222 0.5111111111111111 0.019097222222222224 0.011111111111111112
0 0.2404513888888889 0.5296296296296297 0.12152777777777778 0.06759259259259259
0 0.6449652777777778 0.5615740740740741 0.046875 0.022222222222222223
0 0.4053819444444444 0.5555555555555556 0.019097222222222224 0.010185185185185186
0 0.18055555555555555 0.5925925925925926 0.043402777777777776 0.022222222222222223
0 0.5 0.6259259259259259 0.020833333333333332 0.012037037037037037
0 0.18489583333333334 0.625 0.04513888888888889 0.028703703703703703
0 0.10069444444444445 0.6259259259259259 0.03993055555555555 0.017592592592592594
0 0.9192708333333334 0.6907407407407408 0.06770833333333333 0.03888888888888889
0 0.2881944444444444 0.6587962962962963 0.109375 0.05925925925925926
0 0.7317708333333334 0.7 0.22916666666666666 0.09814814814814815
1 0.5112847222222222 0.7388888888888889 0.10243055555555555 0.04351851851851852
1 0.1675347222222222 0.7046296296296296 0.1545138888888889 0.09907407407407408
1 0.11979166666666667 0.6097222222222223 0.2361111111111111 0.125
1 0.078125 0.5314814814814814 0.0954861111111111 0.08055555555555556
1 0.3168402777777778 0.425462962962963 0.2864583333333333 0.1712962962962963
1 0.4522569444444444 0.6296296296296297 0.1579861111111111 0.06388888888888888
1 0.8897569444444444 0.24027777777777778 0.08506944444444445 0.09074074074074075
1 0.9279513888888888 0.21666666666666667 0.1440972222222222 0.06481481481481481
1 0.2951388888888889 0.2625 0.0920138888888889 0.07592592592592592