0 0.2631076388888889 0.22243518518518518 0.09565972222222224 0.08375925925925924
0 0.4708854166666667 0.23053703703703704 0.09802083333333335 0.04811111111111109
0 0.38265625 0.23587962962962963 0.0500520833333333 0.02360185185185186
0 0.3351736111111111 0.2874351851851852 0.04883680555555555 0.02300925925925928
0 0.1806076388888889 0.3038796296296296 0.13899305555555555 0.07628703703703703
0 0.28885416666666663 0.33952777777777776 0.04993055555555554 0.021657407407407396
0 0.5533854166666666 0.34814814814814815 0.026909722222222224 0.018509259259259267
0 0.15225694444444446 0.3669259259259259 0.030208333333333344 0.02088888888888884
0 0.2414236111111111 0.3905 0.04880208333333336 0.02174074074074076
0 0.04600694444444445 0.39861111111111114 0.0920138888888889 0.09351851851851851
0 0.10145833333333333 0.45322222222222225 0.17859375 0.08976851851851857
0 0.34796875 0.46925925925925926 0.11607638888888891 0.06259259259259262
0 0.48086805555555556 0.47187962962962965 0.14229166666666668 0.0863425925925926
0 0.07145833333333333 0.5138981481481482 0.05956597222222223 0.029657407407407382
0 0.043923611111111115 0.5379166666666667 0.05659722222222222 0.03323148148148158
0 0.1670486111111111 0.5424444444444445 0.025086805555555536 0.010814814814814874
0 0.14989583333333334 0.5469537037037038 0.011597222222222234 0.010564814814814891
0 0.4609548611111111 0.5622962962962963 0.16151041666666663 0.0746018518518518
0 0.23256944444444447 0.5662499999999999 0.05192708333333335 0.028805555555555463
0 0.046875 0.6458333333333334 0.09375 0.06574074074074074
0 0.31666666666666665 0.7212314814814814 0.09861111111111114 0.07394444444444435
1 0.1449652777777778 0.7111111111111111 0.2899305555555556 0.07592592592592592
1 0.17842013888888889 0.533037037037037 0.08319444444444442 0.09487037037037041
1 0.5747916666666666 0.5790555555555555 0.11461805555555553 0.19407407407407398
1 0.5322048611111111 0.36083333333333334 0.07203125000000002 0.09632407407407405