0 0.6796875 0.10138888888888889 0.16319444444444445 0.10185185185185185
0 0.0920138888888889 0.0837962962962963 0.08159722222222222 0.041666666666666664
0 0.7734375 0.12453703703703704 0.036458333333333336 0.024074074074074074
0 0.4348958333333333 0.11388888888888889 0.13194444444444445 0.07222222222222222
0 0.23958333333333334 0.11203703703703703 0.08506944444444445 0.044444444444444446
0 0.8185763888888888 0.13472222222222222 0.05555555555555555 0.03148148148148148
0 0.9522569444444444 0.14351851851851852 0.0954861111111111 0.11666666666666667
0 0.16319444444444445 0.15925925925925927 0.08159722222222222 0.046296296296296294
0 0.052083333333333336 0.15648148148148147 0.019097222222222224 0.019444444444444445
0 0.8880208333333334 0.18935185185185185 0.03298611111111111 0.021296296296296296
0 0.4722222222222222 0.01898148148148148 0.11458333333333333 0.03796296296296296
0 0.8064236111111112 0.20555555555555555 0.059027777777777776 0.028703703703703703
0 0.05295138888888889 0.18472222222222223 0.027777777777777776 0.016666666666666666
0 0.5190972222222222 0.21203703703703702 0.1267361111111111 0.12037037037037036
0 0.8654513888888888 0.03425925925925926 0.06770833333333333 0.04537037037037037
0 0.2708333333333333 0.20601851851851852 0.0625 0.030555555555555555
0 0.3984375 0.2162037037037037 0.06076388888888889 0.03425925925925926
0 0.2109375 0.21712962962962962 0.0625 0.03148148148148148
0 0.9088541666666666 0.25601851851851853 0.03298611111111111 0.017592592592592594
0 0.15104166666666666 0.22962962962962963 0.059027777777777776 0.025925925925925925
0 0.057291666666666664 0.23287037037037037 0.052083333333333336 0.040740740740740744
0 0.8376736111111112 0.27685185185185185 0.07291666666666667 0.058333333333333334
0 0.21961805555555555 0.2912037037037037 0.027777777777777776 0.018518518518518517
0 0.6996527777777778 0.3162037037037037 0.036458333333333336 0.017592592592592594
0 0.046875 0.29259259259259257 0.04513888888888889 0.03333333333333333
0 0.34375 0.3162037037037037 0.041666666666666664 0.018518518518518517
0 0.2847222222222222 0.3148148148148148 0.034722222222222224 0.019444444444444445
0 0.5486111111111112 0.3347222222222222 0.059027777777777776 0.023148148148148147
0 0.4123263888888889 0.33240740740740743 0.1527777777777778 0.09259259259259259
0 0.0798611111111111 0.018055555555555554 0.03993055555555555 0.025925925925925925
0 0.8515625 0.3638888888888889 0.07291666666666667 0.041666666666666664
0 0.13368055555555555 0.3476851851851852 0.16666666666666666 0.09166666666666666
0 0.25 0.3574074074074074 0.0625 0.03981481481481482
0 0.6493055555555556 0.37592592592592594 0.10069444444444445 0.053703703703703705
0 0.035590277777777776 0.3560185185185185 0.03993055555555555 0.024074074074074074
0 0.96875 0.39675925925925926 0.036458333333333336 0.011111111111111112
0 0.8932291666666666 0.3902777777777778 0.14930555555555555 0.07314814814814814
0 0.4661458333333333 0.3837962962962963 0.057291666666666664 0.025925925925925925
0 0.7335069444444444 0.40370370370370373 0.09722222222222222 0.09351851851851851
0 0.2751736111111111 0.39444444444444443 0.03819444444444445 0.02962962962962963
0 0.5355902777777778 0.40879629629629627 0.1440972222222222 0.08148148148148149
0 0.8932291666666666 0.42268518518518516 0.019097222222222224 0.006481481481481481
0 0.9175347222222222 0.4273148148148148 0.03993055555555555 0.021296296296296296
0 0.8888888888888888 0.42777777777777776 0.020833333333333332 0.008333333333333333
0 0.8029513888888888 0.05416666666666667 0.059027777777777776 0.03333333333333333
0 0.08680555555555555 0.41064814814814815 0.06944444444444445 0.03518518518518519
0 0.7109375 0.44305555555555554 0.1527777777777778 0.06481481481481481
0 0.2074652777777778 0.4375 0.07465277777777778 0.03333333333333333
0 0.8072916666666666 0.4597222222222222 0.1440972222222222 0.07407407407407407
0 0.3107638888888889 0.45601851851851855 0.06597222222222222 0.03148148148148148
0 0.40625 0.462037037037037 0.0642361111111111 0.03518518518518519
0 0.1232638888888889 0.46805555555555556 0.029513888888888888 0.014814814814814815
0 0.25 0.487962962962963 0.0798611111111111 0.02962962962962963
0 0.4826388888888889 0.49675925925925923 0.10069444444444445 0.05
0 0.1814236111111111 0.49074074074074076 0.041666666666666664 0.05092592592592592
0 0.6293402777777778 0.5115740740740741 0.078125 0.04537037037037037
0 0.375 0.5101851851851852 0.05555555555555555 0.022222222222222223
0 0.6684027777777778 0.5324074074074074 0.1597222222222222 0.07222222222222222
0 0.043402777777777776 0.5148148148148148 0.08680555555555555 0.05740740740740741
0 0.53125 0.5347222222222222 0.03993055555555555 0.020370370370370372
0 0.15364583333333334 0.5236111111111111 0.029513888888888888 0.014814814814814815
0 0.3029513888888889 0.5439814814814815 0.04861111111111111 0.026851851851851852
0 0.1970486111111111 0.04351851851851852 0.036458333333333336 0.020370370370370372
0 0.4713541666666667 0.5564814814814815 0.024305555555555556 0.011111111111111112
0 0.5651041666666666 0.5643518518518519 0.03125 0.012037037037037037
0 0.2899305555555556 0.5578703703703703 0.020833333333333332 0.010185185185185186
0 0.20225694444444445 0.5550925925925926 0.059027777777777776 0.03611111111111111
0 0.12586805555555555 0.5523148148148148 0.07465277777777778 0.046296296296296294
0 0.049479166666666664 0.5574074074074075 0.027777777777777776 0.01574074074074074
0 0.4800347222222222 0.5944444444444444 0.057291666666666664 0.032407407407407406
0 0.0234375 0.5833333333333334 0.020833333333333332 0.013888888888888888
0 0.2204861111111111 0.5981481481481481 0.029513888888888888 0.012037037037037037
0 0.11024305555555555 0.6074074074074074 0.04513888888888889 0.027777777777777776
0 0.2517361111111111 0.6162037037037037 0.07291666666666667 0.032407407407407406
0 0.3845486111111111 0.6212962962962963 0.026041666666666668 0.012037037037037037
0 0.4331597222222222 0.6370370370370371 0.057291666666666664 0.04537037037037037
0 0.4574652777777778 0.6421296296296296 0.034722222222222224 0.019444444444444445
0 0.2699652777777778 0.6555555555555556 0.07118055555555555 0.03148148148148148
0 0.05555555555555555 0.6578703703703703 0.08854166666666667 0.06388888888888888
0 0.16145833333333334 0.6638888888888889 0.0642361111111111 0.05092592592592592
0 0.7881944444444444 0.08935185185185185 0.052083333333333336 0.03333333333333333
1 0.3359375 0.5745370370370371 0.296875 0.14444444444444443
0 0.5598958333333334 0.5888888888888889 0.05555555555555555 0.03148148148148148
0 0.9340277777777778 0.41759259259259257 0.13194444444444445 0.07777777777777778
1 0.9895833333333334 0.2828703703703704 0.020833333333333332 0.1527777777777778
1 0.2508680555555556 0.1111111111111111 0.2569444444444444 0.19444444444444445
1 0.6996527777777778 0.2652777777777778 0.1267361111111111 0.16111111111111112
0 0.04861111111111111 0.3578703703703704 0.06944444444444445 0.058333333333333334