0 0.13197916666666665 0.19092592592592592 0.04880208333333332 0.018925925925925922
0 0.3768402777777778 0.21462037037037035 0.03494791666666666 0.014435185185185162
0 0.9172916666666667 0.22625 0.12623263888888894 0.05435185185185184
0 0.7049826388888889 0.2309074074074074 0.03843749999999998 0.021064814814814814
0 0.46388888888888885 0.2365 0.05145833333333331 0.02006481481481483
0 0.5492708333333334 0.25044444444444447 0.022951388888888938 0.012425925925925887
0 0.6782118055555555 0.2757037037037037 0.047395833333333255 0.02177777777777776
0 0.7474305555555555 0.2856666666666666 0.04696180555555548 0.019481481481481447
0 0.9348263888888889 0.28907407407407404 0.039774305555555695 0.015194444444444415
0 0.022569444444444444 0.29074074074074074 0.04513888888888889 0.03518518518518519
0 0.6173263888888889 0.29808333333333337 0.02010416666666674 0.010972222222222243
0 0.6931076388888889 0.3286574074074074 0.04939236111111119 0.02213888888888886
0 0.9369444444444444 0.33499074074074076 0.04057291666666648 0.016268518518518564
0 0.4988194444444444 0.34191666666666665 0.02543402777777774 0.01347222222222218
0 0.21996527777777777 0.3531388888888889 0.1308854166666667 0.11368518518518515
0 0.7100694444444444 0.3830740740740741 0.04859375000000002 0.021703703703703753
0 0.6270833333333333 0.39275 0.018055555555555516 0.011416666666666705
0 0.3946354166666667 0.4124814814814815 0.2198263888888889 0.05088888888888892
0 0.9396354166666667 0.42853703703703705 0.042447916666666745 0.051527777777777756
0 0.9336631944444443 0.4774722222222222 0.01729166666666673 0.009000000000000025
0 0.7161458333333334 0.4865 0.078125 0.02671296296296293
0 0.10135416666666666 0.4972685185185185 0.07769097222222221 0.03528703703703694
0 0.2234201388888889 0.507287037037037 0.11350694444444444 0.1275277777777778
0 0.47880208333333335 0.5098796296296296 0.01609374999999997 0.010194444444444437
0 0.7504340277777778 0.5464166666666667 0.10848958333333335 0.061342592592592594
0 0.3422395833333333 0.5516018518518518 0.042135416666666634 0.019861111111111152
0 0.5814756944444445 0.5612037037037038 0.01711805555555558 0.009435185185185236
0 0.7956597222222223 0.612787037037037 0.03921875000000005 0.020018518518518418
0 0.4711284722222222 0.6250277777777777 0.01885416666666669 0.010629629629629647
0 0.7838368055555556 0.6446851851851851 0.039895833333333366 0.02640740740740739
0 0.8672222222222222 0.6510185185185186 0.03654513888888881 0.01499074074074079
0 0.04012152777777778 0.6622407407407408 0.05940972222222222 0.03558333333333339
0 0.6742708333333334 0.6712222222222222 0.09854166666666665 0.05355555555555548
0 0.22385416666666666 0.6833055555555556 0.2116145833333333 0.08512037037037043
1 0.4340104166666667 0.7362314814814814 0.0949652777777778 0.03761111111111101
1 0.7828645833333333 0.7245833333333332 0.13430555555555557 0.09097222222222222
1 0.8521527777777778 0.6334351851851852 0.2119965277777778 0.11198148148148153
1 0.9112152777777778 0.5588611111111111 0.078125 0.07598148148148143
1 0.6983854166666666 0.43807407407407406 0.25274305555555565 0.1562314814814815
1 0.5175 0.6315185185185185 0.1461458333333333 0.0551481481481481
1 0.17208333333333334 0.21685185185185185 0.06616319444444446 0.08662962962962965
1 0.12038194444444444 0.18981481481481483 0.1723090277777778 0.05441666666666665
1 0.7577083333333333 0.27775925925925926 0.0766840277777777 0.07172222222222226