0 0.5043402777777778 0.16712962962962963 0.13368055555555555 0.10833333333333334
0 0.6666666666666666 0.19074074074074074 0.1996527777777778 0.06018518518518518
0 0.953125 0.19074074074074074 0.03298611111111111 0.026851851851851852
0 0.6050347222222222 0.2337962962962963 0.05555555555555555 0.025925925925925925
0 0.9019097222222222 0.2569444444444444 0.059027777777777776 0.025925925925925925
0 0.5364583333333334 0.27870370370370373 0.05555555555555555 0.025925925925925925
0 0.7135416666666666 0.3194444444444444 0.036458333333333336 0.011111111111111112
0 0.7421875 0.32314814814814813 0.020833333333333332 0.021296296296296296
0 0.5225694444444444 0.33240740740740743 0.05555555555555555 0.025925925925925925
0 0.8776041666666666 0.3824074074074074 0.2309027777777778 0.13796296296296295
0 0.4348958333333333 0.4064814814814815 0.13541666666666666 0.09259259259259259
0 0.4184027777777778 0.4648148148148148 0.03819444444444445 0.028703703703703703
0 0.7517361111111112 0.5032407407407408 0.11284722222222222 0.075
0 0.8862847222222222 0.5361111111111111 0.1423611111111111 0.10462962962962963
0 0.3671875 0.6185185185185185 0.06076388888888889 0.058333333333333334
0 0.4878472222222222 0.6259259259259259 0.027777777777777776 0.016666666666666666
0 0.4340277777777778 0.6527777777777778 0.027777777777777776 0.014814814814814815
0 0.4027777777777778 0.7083333333333334 0.017361111111111112 0.018518518518518517
0 0.5121527777777778 0.7277777777777777 0.1076388888888889 0.0712962962962963
1 0.5060763888888888 0.8097222222222222 0.1545138888888889 0.10185185185185185
1 0.6354166666666666 0.7587962962962963 0.1545138888888889 0.11574074074074074
1 0.7152777777777778 0.30324074074074076 0.125 0.09814814814814815
0 0.4045138888888889 0.5819444444444445 0.017361111111111112 0.01574074074074074