0 0.3203125 0.1162037037037037 0.16666666666666666 0.11296296296296296
0 0.4392361111111111 0.1375 0.03993055555555555 0.025925925925925925
0 0.2543402777777778 0.1648148148148148 0.04513888888888889 0.032407407407407406
0 0.9817708333333334 0.21157407407407408 0.036458333333333336 0.0712962962962963
0 0.7057291666666666 0.22546296296296298 0.06944444444444445 0.03333333333333333
0 0.6180555555555556 0.22870370370370371 0.03298611111111111 0.023148148148148147
0 0.8359375 0.24259259259259258 0.06770833333333333 0.04259259259259259
0 0.3993055555555556 0.23935185185185184 0.04861111111111111 0.03981481481481482
0 0.5243055555555556 0.2800925925925926 0.1371527777777778 0.1111111111111111
0 0.9166666666666666 0.3055555555555556 0.09722222222222222 0.04351851851851852
0 0.12152777777777778 0.2763888888888889 0.057291666666666664 0.06018518518518518
0 0.7222222222222222 0.31805555555555554 0.046875 0.03518518518518519
0 0.06684027777777778 0.31574074074074077 0.06597222222222222 0.024074074074074074
0 0.953125 0.3611111111111111 0.08506944444444445 0.03888888888888889
0 0.9479166666666666 0.37407407407407406 0.05555555555555555 0.028703703703703703
0 0.6519097222222222 0.3699074074074074 0.036458333333333336 0.024074074074074074
0 0.4722222222222222 0.3819444444444444 0.0625 0.049074074074074076
0 0.024305555555555556 0.39861111111111114 0.022569444444444444 0.019444444444444445
0 0.2708333333333333 0.43287037037037035 0.0798611111111111 0.046296296296296294
0 0.5815972222222222 0.46944444444444444 0.050347222222222224 0.02962962962962963
0 0.2465277777777778 0.48055555555555557 0.03125 0.017592592592592594
0 0.8394097222222222 0.5180555555555556 0.03298611111111111 0.019444444444444445
0 0.3498263888888889 0.4976851851851852 0.07465277777777778 0.04537037037037037
0 0.8446180555555556 0.5226851851851851 0.019097222222222224 0.012037037037037037
0 0.8611111111111112 0.5259259259259259 0.020833333333333332 0.012962962962962963
0 0.4765625 0.5467592592592593 0.08159722222222222 0.03611111111111111
0 0.8324652777777778 0.575925925925926 0.05555555555555555 0.028703703703703703
0 0.14583333333333334 0.5444444444444444 0.16145833333333334 0.1037037037037037
0 0.11979166666666667 0.03981481481481482 0.10069444444444445 0.07962962962962963
0 0.2126736111111111 0.5578703703703703 0.03125 0.017592592592592594
0 0.3420138888888889 0.5671296296296297 0.06944444444444445 0.03611111111111111
0 0.2821180555555556 0.5782407407407407 0.052083333333333336 0.028703703703703703
0 0.625 0.6083333333333333 0.13194444444444445 0.07037037037037037
0 0.9166666666666666 0.6324074074074074 0.050347222222222224 0.025
0 0.4409722222222222 0.6175925925925926 0.078125 0.03888888888888889
0 0.9201388888888888 0.6513888888888889 0.0642361111111111 0.023148148148148147
0 0.18055555555555555 0.6342592592592593 0.029513888888888888 0.016666666666666666
0 0.2534722222222222 0.6597222222222222 0.11979166666666667 0.05925925925925926
0 0.4730902777777778 0.7078703703703704 0.06597222222222222 0.028703703703703703
0 0.3871527777777778 0.762962962962963 0.0954861111111111 0.05277777777777778
0 0.5494791666666666 0.7717592592592593 0.050347222222222224 0.03148148148148148
1 0.8177083333333334 0.5958333333333333 0.359375 0.175
1 0.9053819444444444 0.37222222222222223 0.1892361111111111 0.06851851851851852
1 0.9036458333333334 0.31203703703703706 0.19270833333333334 0.07037037037037037
1 0.09288194444444445 0.26481481481481484 0.140625 0.1814814814814815