0 0.671875 0.20925925925925926 0.11458333333333333 0.08981481481481482
0 0.4670138888888889 0.23055555555555557 0.1076388888888889 0.053703703703703705
0 0.5564236111111112 0.2300925925925926 0.05555555555555555 0.026851851851851852
0 0.6154513888888888 0.27824074074074073 0.05381944444444445 0.025925925925925925
0 0.7725694444444444 0.2847222222222222 0.15625 0.08518518518518518
0 0.6727430555555556 0.32685185185185184 0.05381944444444445 0.025
0 0.4123263888888889 0.3527777777777778 0.03125 0.020370370370370372
0 0.8151041666666666 0.3453703703703704 0.034722222222222224 0.023148148148148147
0 0.7317708333333334 0.37453703703703706 0.05381944444444445 0.025
0 0.9270833333333334 0.3699074074074074 0.11284722222222222 0.09907407407407408
0 0.8845486111111112 0.42777777777777776 0.19791666666666666 0.10092592592592593
0 0.6440972222222222 0.4597222222222222 0.13020833333333334 0.06944444444444445
0 0.5121527777777778 0.4708333333333333 0.16145833333333334 0.09537037037037037
0 0.9288194444444444 0.4861111111111111 0.06597222222222222 0.03333333333333333
0 0.9609375 0.5078703703703704 0.0642361111111111 0.037037037037037035
0 0.8402777777777778 0.5203703703703704 0.027777777777777776 0.012037037037037037
0 0.8585069444444444 0.524074074074074 0.013888888888888888 0.011111111111111112
0 0.5529513888888888 0.5592592592592592 0.17708333333333334 0.08425925925925926
0 0.7803819444444444 0.5481481481481482 0.057291666666666664 0.032407407407407406
0 0.9644097222222222 0.6152777777777778 0.07118055555555555 0.0712962962962963
0 0.7326388888888888 0.7078703703703704 0.11458333333333333 0.07962962962962963
1 0.8741319444444444 0.6861111111111111 0.2517361111111111 0.09444444444444444
1 0.8263888888888888 0.5120370370370371 0.10416666666666667 0.1
1 0.4435763888888889 0.5833333333333334 0.1579861111111111 0.2
1 0.4366319444444444 0.3638888888888889 0.09375 0.1