0 0.6273784722222222 0.0955462962962963 0.15059027777777778 0.09664814814814815
0 0.03819444444444445 0.1 0.0763888888888889 0.03888888888888889
0 0.7234027777777778 0.11533333333333333 0.03359375000000004 0.023250000000000014
0 0.3844791666666667 0.11744444444444445 0.12312500000000003 0.06821296296296298
0 0.1892013888888889 0.12284259259259259 0.07980902777777778 0.041981481481481474
0 0.7699131944444445 0.12360185185185187 0.052395833333333246 0.029481481481481473
0 0.9263368055555556 0.1272962962962963 0.12350694444444452 0.11199999999999997
0 0.11951388888888889 0.17263888888888887 0.07585069444444444 0.0434259259259259
0 0.008680555555555556 0.17407407407407408 0.017361111111111112 0.018518518518518517
0 0.8465972222222222 0.17580555555555555 0.029999999999999954 0.02012962962962964
0 0.4088541666666667 0.019444444444444445 0.109375 0.03888888888888889
0 0.7670486111111111 0.195 0.05493055555555553 0.027037037037037026
0 0.013020833333333334 0.2023148148148148 0.026041666666666668 0.01574074074074074
0 0.4815451388888889 0.21191666666666667 0.11239583333333335 0.11641666666666668
0 0.8040625 0.02171296296296296 0.06298611111111106 0.04342592592592592
0 0.23291666666666666 0.21525 0.05958333333333332 0.028657407407407395
0 0.36196180555555557 0.2205462962962963 0.05725694444444448 0.03184259259259258
0 0.1748611111111111 0.22873148148148148 0.058038194444444455 0.029675925925925935
0 0.8762500000000001 0.2414351851851852 0.030277777777777872 0.016194444444444452
0 0.11623263888888889 0.24334259259259258 0.05536458333333335 0.02373148148148148
0 0.0234375 0.25 0.046875 0.03888888888888889
0 0.8076041666666667 0.2650092592592592 0.06657986111111115 0.055953703703703686
0 0.9878472222222222 0.30498148148148146 0.024305555555555556 0.03204629629629631
0 0.19309027777777776 0.30229629629629634 0.025052083333333346 0.017555555555555588
0 0.6751736111111111 0.3090277777777778 0.03439236111111102 0.016203703703703703
0 0.020833333333333332 0.3101851851851852 0.041666666666666664 0.03148148148148148
0 0.3202083333333333 0.3223240740740741 0.03973958333333331 0.016870370370370397
0 0.26069444444444445 0.32310185185185186 0.03182291666666664 0.018435185185185155
0 0.52671875 0.33349074074074075 0.056909722222222174 0.020685185185185216
0 0.39057291666666666 0.33616666666666667 0.14223958333333334 0.0871203703703704
0 0.018229166666666668 0.034722222222222224 0.036458333333333336 0.025
0 0.9872395833333333 0.34921296296296295 0.016163194444444348 0.018805555555555506
0 0.8326041666666666 0.35101851851851856 0.06798611111111105 0.039074074074074115
0 0.11456597222222221 0.3615185185185185 0.15621527777777777 0.08600925925925924
0 0.2318923611111111 0.3671203703703704 0.057552083333333316 0.03793518518518521
0 0.6323784722222222 0.37075 0.09463541666666665 0.0507592592592593
0 0.018229166666666668 0.3736111111111111 0.036458333333333336 0.023148148148148147
0 0.9536979166666667 0.37960185185185186 0.035868055555555695 0.009435185185185236
0 0.8778819444444445 0.3757222222222222 0.14119791666666673 0.06811111111111107
0 0.45071180555555557 0.38513888888888886 0.05420138888888894 0.02398148148148146
0 0.7200520833333334 0.39543518518518517 0.0859201388888889 0.0908796296296296
0 0.26210069444444445 0.40299074074074076 0.03463541666666665 0.028203703703703738
0 0.5235763888888889 0.40788888888888886 0.1339583333333333 0.07688888888888885
0 0.882517361111111 0.408 0.019045138888888837 0.00608333333333338
0 0.9073958333333333 0.41190740740740744 0.037031249999999974 0.020101851851851885
0 0.8785416666666667 0.41328703703703706 0.019114583333333317 0.007601851851851886
0 0.7442708333333333 0.04386111111111111 0.05453124999999995 0.031842592592592596
0 0.07619791666666667 0.42639814814814814 0.06559027777777778 0.03243518518518516
0 0.70265625 0.43530555555555556 0.1448784722222223 0.05949999999999999
0 0.20043402777777777 0.4486574074074074 0.07098958333333336 0.030638888888888917
0 0.8012152777777778 0.4485462962962963 0.13592013888888882 0.0687222222222222
0 0.3051041666666667 0.46298148148148144 0.06157986111111116 0.029675925925925883
0 0.40185763888888887 0.46549074074074076 0.060642361111111126 0.03283333333333337
0 0.11956597222222223 0.4821296296296297 0.027326388888888893 0.014250000000000092
0 0.24875 0.49749999999999994 0.07736111111111112 0.026490740740740648
0 0.4825868055555556 0.4976296296296297 0.0942708333333333 0.04651851851851853
0 0.1809201388888889 0.5027037037037037 0.035451388888888866 0.04986111111111103
0 0.6303298611111111 0.5067870370370371 0.0731597222222222 0.04319444444444453
0 0.37694444444444447 0.5148611111111111 0.05248263888888892 0.02047222222222213
0 0.6726041666666667 0.525888888888889 0.15074652777777786 0.06659259259259266
0 0.04585069444444445 0.532074074074074 0.08130208333333333 0.05489814814814811
0 0.5361284722222223 0.533425925925926 0.03751736111111113 0.018703703703703747
0 0.15765625 0.5365833333333333 0.02713541666666666 0.013907407407407391
0 0.3095659722222222 0.5510462962962963 0.04468750000000002 0.025
0 0.13821180555555557 0.05589814814814815 0.03335069444444446 0.0192037037037037
0 0.4786805555555556 0.5571944444444444 0.023333333333333428 0.010694444444444402
0 0.5737847222222222 0.5618518518518518 0.029513888888888888 0.010749999999999907
0 0.2976736111111111 0.5654907407407408 0.02020833333333331 0.009111111111111035
0 0.20984375 0.5660092592592593 0.05510416666666668 0.03387962962962955
0 0.1336111111111111 0.5662962962962963 0.06930555555555555 0.043694444444444494
0 0.05786458333333333 0.573962962962963 0.025451388888888885 0.014583333333333334
0 0.49237847222222225 0.5949907407407408 0.05420138888888894 0.030722222222222283
0 0.035243055555555555 0.6008981481481481 0.018385416666666664 0.012898148148148207
0 0.23421875 0.6082222222222222 0.027465277777777766 0.01088888888888888
0 0.1248263888888889 0.6214629629629629 0.04131944444444445 0.026268518518518417
0 0.2673611111111111 0.6250277777777777 0.06946180555555553 0.029685185185185134
0 0.4003125 0.6254444444444445 0.025416666666666643 0.010657407407407398
0 0.45157986111111115 0.6391574074074073 0.05244791666666668 0.04313888888888881
0 0.47652777777777783 0.6434166666666666 0.03289930555555563 0.01831481481481479
0 0.29085069444444445 0.6637592592592593 0.0678298611111111 0.029370370370370397
0 0.0772048611111111 0.6739166666666667 0.08149305555555555 0.06078703703703712
0 0.18381944444444442 0.6760648148148148 0.05859375 0.048425925925925886
0 0.7337152777777778 0.07958333333333334 0.04729166666666668 0.0313888888888889
1 0.34628472222222223 0.5804537037037036 0.2791666666666667 0.13443518518518524
0 0.5711805555555556 0.5862407407407407 0.051614583333333366 0.029490740740740658
0 0.9311979166666666 0.40164814814814814 0.13758680555555555 0.07306481481481479
1 0.9795486111111111 0.26430555555555557 0.040902777777777684 0.15197222222222223
0 0.9953993055555556 0.13560185185185183 0.00920138888888881 0.024962962962962944
1 0.20065972222222223 0.12142592592592591 0.2334722222222222 0.18652777777777776
1 0.6681423611111111 0.2583703703703704 0.10590277777777778 0.15784259259259262
0 0.03102430555555556 0.37513888888888886 0.06204861111111112 0.05609259259259263