0 0.2456597222222222 0.1287037037037037 0.1545138888888889 0.10740740740740741
0 0.3680555555555556 0.14305555555555555 0.036458333333333336 0.025
0 0.1892361111111111 0.18009259259259258 0.041666666666666664 0.03148148148148148
0 0.9496527777777778 0.18518518518518517 0.08159722222222222 0.06851851851851852
0 0.6510416666666666 0.2152777777777778 0.06597222222222222 0.030555555555555555
0 0.5642361111111112 0.22314814814814815 0.03125 0.022222222222222223
0 0.7829861111111112 0.22546296296296298 0.0625 0.03981481481481482
0 0.3489583333333333 0.2462962962962963 0.043402777777777776 0.03888888888888889
0 0.4809027777777778 0.2800925925925926 0.125 0.10740740740740741
0 0.8758680555555556 0.28379629629629627 0.0920138888888889 0.03981481481481482
0 0.0798611111111111 0.2986111111111111 0.050347222222222224 0.058333333333333334
0 0.6848958333333334 0.30648148148148147 0.041666666666666664 0.03333333333333333
0 0.03298611111111111 0.34120370370370373 0.0625 0.022222222222222223
0 0.9236111111111112 0.3365740740740741 0.08159722222222222 0.03611111111111111
0 0.9210069444444444 0.35 0.052083333333333336 0.026851851851851852
0 0.625 0.36203703703703705 0.03298611111111111 0.023148148148148147
0 0.4496527777777778 0.3837962962962963 0.057291666666666664 0.04722222222222222
0 0.0078125 0.42592592592592593 0.015625 0.018518518518518517
0 0.2586805555555556 0.4462962962962963 0.07465277777777778 0.04351851851851852
0 0.5755208333333334 0.4652777777777778 0.046875 0.028703703703703703
0 0.2439236111111111 0.4949074074074074 0.029513888888888888 0.016666666666666666
0 0.8411458333333334 0.49907407407407406 0.03125 0.017592592592592594
0 0.3498263888888889 0.5060185185185185 0.06944444444444445 0.04351851851851852
0 0.8472222222222222 0.5032407407407408 0.017361111111111112 0.011111111111111112
0 0.8637152777777778 0.5055555555555555 0.019097222222222224 0.012037037037037037
0 0.4861111111111111 0.5476851851851852 0.0763888888888889 0.03333333333333333
0 0.8463541666666666 0.5569444444444445 0.052083333333333336 0.026851851851851852
0 0.15711805555555555 0.5638888888888889 0.14930555555555555 0.09907407407407408
0 0.03819444444444445 0.06111111111111111 0.0763888888888889 0.08148148148148149
0 0.22569444444444445 0.5736111111111111 0.029513888888888888 0.016666666666666666
0 0.3559027777777778 0.575462962962963 0.0642361111111111 0.03425925925925926
0 0.2986111111111111 0.5898148148148148 0.04861111111111111 0.026851851851851852
0 0.6458333333333334 0.600925925925926 0.1232638888888889 0.06666666666666667
0 0.9401041666666666 0.6083333333333333 0.046875 0.023148148148148147
0 0.4644097222222222 0.6203703703703703 0.07291666666666667 0.037037037037037035
0 0.9479166666666666 0.6273148148148148 0.06076388888888889 0.021296296296296296
0 0.20833333333333334 0.6513888888888889 0.027777777777777776 0.01574074074074074
0 0.2864583333333333 0.6726851851851852 0.11458333333333333 0.05462962962962963
0 0.5138888888888888 0.7083333333333334 0.0625 0.026851851851851852
0 0.4392361111111111 0.7680555555555556 0.08854166666666667 0.05
0 0.6024305555555556 0.7675925925925926 0.046875 0.02962962962962963
0 0.034722222222222224 0.787962962962963 0.05381944444444445 0.06111111111111111
1 0.8324652777777778 0.5768518518518518 0.3350694444444444 0.16296296296296298
1 0.8914930555555556 0.35 0.20833333333333334 0.06111111111111111
1 0.8697916666666666 0.2902777777777778 0.19444444444444445 0.06296296296296296
1 0.05381944444444445 0.28888888888888886 0.1076388888888889 0.17777777777777778