0 0.4192708333333333 0.16944444444444445 0.1371527777777778 0.10925925925925926
0 0.2638888888888889 0.2037037037037037 0.2013888888888889 0.062037037037037036
0 0.3350694444444444 0.24259259259259258 0.05555555555555555 0.025925925925925925
0 0.04513888888888889 0.2851851851851852 0.059027777777777776 0.026851851851851852
0 0.4131944444444444 0.2828703703703704 0.057291666666666664 0.026851851851851852
0 0.2465277777777778 0.3347222222222222 0.036458333333333336 0.012037037037037037
0 0.21961805555555555 0.3398148148148148 0.020833333333333332 0.021296296296296296
0 0.4392361111111111 0.3351851851851852 0.057291666666666664 0.025925925925925925
0 0.1076388888888889 0.4078703703703704 0.2152777777777778 0.1398148148148148
0 0.5434027777777778 0.4027777777777778 0.1388888888888889 0.09351851851851851
0 0.5729166666666666 0.4601851851851852 0.03819444444444445 0.028703703703703703
0 0.2508680555555556 0.5194444444444445 0.11458333333333333 0.07592592592592592
0 0.12413194444444445 0.5606481481481481 0.14583333333333334 0.10555555555555556
0 0.6588541666666666 0.6092592592592593 0.0625 0.05925925925925926
0 0.5407986111111112 0.6240740740740741 0.029513888888888888 0.016666666666666666
0 0.6006944444444444 0.6472222222222223 0.027777777777777776 0.014814814814814815
0 0.6440972222222222 0.700462962962963 0.017361111111111112 0.018518518518518517
0 0.5399305555555556 0.7268518518518519 0.1111111111111111 0.07222222222222222
1 0.5651041666666666 0.8078703703703703 0.1579861111111111 0.10277777777777777
1 0.4253472222222222 0.7657407407407407 0.1579861111111111 0.11666666666666667
1 0.24131944444444445 0.3189814814814815 0.1267361111111111 0.09907407407407408
0 0.6137152777777778 0.575 0.017361111111111112 0.016666666666666666