0 0.5737847222222222 0.09166666666666666 0.16319444444444445 0.10185185185185185
0 0.013888888888888888 0.11805555555555555 0.027777777777777776 0.041666666666666664
0 0.6727430555555556 0.10787037037037037 0.036458333333333336 0.024074074074074074
0 0.3350694444444444 0.12268518518518519 0.13194444444444445 0.07222222222222222
0 0.140625 0.13518518518518519 0.08506944444444445 0.044444444444444446
0 0.7196180555555556 0.11435185185185186 0.05555555555555555 0.03148148148148148
0 0.8767361111111112 0.1125 0.1371527777777778 0.11666666666666667
0 0.07725694444444445 0.1875 0.08159722222222222 0.046296296296296294
0 0.8029513888888888 0.1638888888888889 0.03298611111111111 0.021296296296296296
0 0.3463541666666667 0.024074074074074074 0.11458333333333333 0.04259259259259259
0 0.7265625 0.18564814814814815 0.059027777777777776 0.028703703703703703
0 0.4435763888888889 0.21342592592592594 0.1267361111111111 0.12037037037037036
0 0.7404513888888888 0.01712962962962963 0.06770833333333333 0.03425925925925926
0 0.19618055555555555 0.22592592592592592 0.0625 0.030555555555555555
0 0.3255208333333333 0.2263888888888889 0.06076388888888889 0.03425925925925926
0 0.13975694444444445 0.24166666666666667 0.0625 0.03148148148148148
0 0.8411458333333334 0.22824074074074074 0.03298611111111111 0.017592592592592594
0 0.08333333333333333 0.25833333333333336 0.059027777777777776 0.025925925925925925
0 0.008680555555555556 0.26851851851851855 0.017361111111111112 0.040740740740740744
0 0.7760416666666666 0.25416666666666665 0.07291666666666667 0.058333333333333334
0 0.9609375 0.2875 0.027777777777777776 0.03333333333333333
0 0.1684027777777778 0.3143518518518518 0.027777777777777776 0.018518518518518517
0 0.6501736111111112 0.30277777777777776 0.036458333333333336 0.017592592592592594
0 0.009548611111111112 0.3287037037037037 0.019097222222222224 0.03333333333333333
0 0.2977430555555556 0.3296296296296296 0.041666666666666664 0.018518518518518517
0 0.2378472222222222 0.33240740740740743 0.034722222222222224 0.019444444444444445
0 0.5052083333333334 0.33287037037037037 0.059027777777777776 0.023148148148148147
0 0.3697916666666667 0.34074074074074073 0.1527777777777778 0.09259259259259259
0 0.9661458333333334 0.3314814814814815 0.019097222222222224 0.019444444444444445
0 0.8125 0.3388888888888889 0.07291666666666667 0.041666666666666664
0 0.09722222222222222 0.3763888888888889 0.16666666666666666 0.09166666666666666
0 0.2152777777777778 0.3773148148148148 0.0625 0.03981481481481482
0 0.6154513888888888 0.3662037037037037 0.10069444444444445 0.053703703703703705
0 0.011284722222222222 0.39166666666666666 0.022569444444444444 0.024074074074074074
0 0.9366319444444444 0.362962962962963 0.036458333333333336 0.011111111111111112
0 0.8611111111111112 0.36203703703703705 0.14930555555555555 0.07314814814814814
0 0.4357638888888889 0.387037037037037 0.057291666666666664 0.025925925925925925
0 0.7057291666666666 0.3875 0.09722222222222222 0.09351851851851851
0 0.25 0.41203703703703703 0.03819444444444445 0.02962962962962963
0 0.5112847222222222 0.4074074074074074 0.1440972222222222 0.08148148148148149
0 0.8697916666666666 0.3939814814814815 0.019097222222222224 0.006481481481481481
0 0.8949652777777778 0.39675925925925926 0.03993055555555555 0.021296296296296296
0 0.8663194444444444 0.399537037037037 0.020833333333333332 0.008333333333333333
0 0.6840277777777778 0.03611111111111111 0.059027777777777776 0.03333333333333333
0 0.06770833333333333 0.44212962962962965 0.06944444444444445 0.03518518518518519
0 0.6935763888888888 0.42777777777777776 0.1527777777777778 0.06481481481481481
0 0.19444444444444445 0.4597222222222222 0.07465277777777778 0.03333333333333333
0 0.7934027777777778 0.4375 0.1440972222222222 0.07407407407407407
0 0.3003472222222222 0.4703703703703704 0.06597222222222222 0.03148148148148148
0 0.3975694444444444 0.46944444444444444 0.0642361111111111 0.03518518518518519
0 0.11805555555555555 0.4962962962962963 0.029513888888888888 0.014814814814814815
0 0.24913194444444445 0.5069444444444444 0.0798611111111111 0.02962962962962963
0 0.4826388888888889 0.4981481481481482 0.10069444444444445 0.05
0 0.18229166666666666 0.5143518518518518 0.041666666666666664 0.05092592592592592
0 0.6310763888888888 0.5018518518518519 0.078125 0.04537037037037037
0 0.3793402777777778 0.5194444444444445 0.05555555555555555 0.022222222222222223
0 0.6753472222222222 0.5194444444444445 0.1597222222222222 0.07222222222222222
0 0.051215277777777776 0.549074074074074 0.08854166666666667 0.05740740740740741
0 0.5407986111111112 0.5319444444444444 0.03993055555555555 0.020370370370370372
0 0.16319444444444445 0.549074074074074 0.029513888888888888 0.014814814814814815
0 0.3168402777777778 0.5578703703703703 0.04861111111111111 0.026851851851851852
0 0.08072916666666667 0.07037037037037037 0.036458333333333336 0.020370370370370372
0 0.4861111111111111 0.5578703703703703 0.024305555555555556 0.011111111111111112
0 0.5815972222222222 0.5587962962962963 0.03125 0.012037037037037037
0 0.3064236111111111 0.5726851851851852 0.020833333333333332 0.010185185185185186
0 0.21961805555555555 0.5768518518518518 0.059027777777777776 0.03611111111111111
0 0.14322916666666666 0.5796296296296296 0.07465277777777778 0.046296296296296294
0 0.0685763888888889 0.5902777777777778 0.027777777777777776 0.01574074074074074
0 0.5052083333333334 0.5949074074074074 0.057291666666666664 0.032407407407407406
0 0.049479166666666664 0.6180555555555556 0.020833333333333332 0.013888888888888888
0 0.24913194444444445 0.6180555555555556 0.029513888888888888 0.012037037037037037
0 0.14149305555555555 0.6351851851851852 0.04513888888888889 0.027777777777777776
0 0.2838541666666667 0.6333333333333333 0.07291666666666667 0.032407407407407406
0 0.4166666666666667 0.6287037037037037 0.026041666666666668 0.012037037037037037
0 0.4696180555555556 0.6407407407407407 0.057291666666666664 0.04537037037037037
0 0.4956597222222222 0.6439814814814815 0.034722222222222224 0.019444444444444445
0 0.3125 0.6712962962962963 0.07118055555555555 0.03148148148148148
0 0.10069444444444445 0.6893518518518519 0.08854166666666667 0.06388888888888888
0 0.2074652777777778 0.6875 0.0642361111111111 0.05092592592592592
0 0.6779513888888888 0.07175925925925926 0.052083333333333336 0.03333333333333333
1 0.3567708333333333 0.5861111111111111 0.296875 0.14444444444444443
0 0.5824652777777778 0.5833333333333334 0.05555555555555555 0.03148148148148148
0 0.9175347222222222 0.38564814814814813 0.14756944444444445 0.07777777777777778
1 0.9479166666666666 0.24722222222222223 0.06076388888888889 0.1527777777777778
0 0.9461805555555556 0.11805555555555555 0.012152777777777778 0.025
1 0.1519097222222222 0.13333333333333333 0.2569444444444444 0.19444444444444445
1 0.6362847222222222 0.25277777777777777 0.1267361111111111 0.16111111111111112
0 0.025173611111111112 0.39305555555555555 0.050347222222222224 0.058333333333333334