0 0.8680555555555556 0.19074074074074074 0.04861111111111111 0.018518518518518517
0 0.6232638888888888 0.21481481481481482 0.034722222222222224 0.014814814814814815
0 0.08246527777777778 0.2263888888888889 0.1267361111111111 0.05462962962962963
0 0.2951388888888889 0.2310185185185185 0.03819444444444445 0.021296296296296296
0 0.5364583333333334 0.23657407407407408 0.052083333333333336 0.020370370370370372
0 0.4505208333333333 0.25046296296296294 0.022569444444444444 0.012037037037037037
0 0.3220486111111111 0.2759259259259259 0.046875 0.022222222222222223
0 0.2526041666666667 0.28564814814814815 0.046875 0.019444444444444445
0 0.06510416666666667 0.28888888888888886 0.03993055555555555 0.014814814814814815
0 0.9774305555555556 0.29074074074074074 0.04513888888888889 0.03518518518518519
0 0.3828125 0.29814814814814816 0.020833333333333332 0.011111111111111112
0 0.3072916666666667 0.3287037037037037 0.04861111111111111 0.022222222222222223
0 0.06336805555555555 0.3351851851851852 0.03993055555555555 0.016666666666666666
0 0.5008680555555556 0.3421296296296296 0.026041666666666668 0.013888888888888888
0 0.7803819444444444 0.35324074074074074 0.13020833333333334 0.11388888888888889
0 0.2899305555555556 0.38287037037037036 0.04861111111111111 0.021296296296296296
0 0.3732638888888889 0.3925925925925926 0.017361111111111112 0.011111111111111112
0 0.6050347222222222 0.4125 0.2204861111111111 0.05092592592592592
0 0.06076388888888889 0.4287037037037037 0.041666666666666664 0.05185185185185185
0 0.06597222222222222 0.4773148148148148 0.017361111111111112 0.009259259259259259
0 0.2838541666666667 0.48657407407407405 0.078125 0.026851851851851852
0 0.8984375 0.49722222222222223 0.078125 0.03518518518518519
0 0.7769097222222222 0.5074074074074074 0.11284722222222222 0.12777777777777777
0 0.5208333333333334 0.5097222222222222 0.015625 0.010185185185185186
0 0.25 0.5462962962962963 0.1076388888888889 0.06111111111111111
0 0.6579861111111112 0.5513888888888889 0.041666666666666664 0.019444444444444445
0 0.4184027777777778 0.5611111111111111 0.017361111111111112 0.009259259259259259
0 0.20399305555555555 0.6129629629629629 0.03993055555555555 0.020370370370370372
0 0.5286458333333334 0.625 0.019097222222222224 0.010185185185185186
0 0.21614583333333334 0.6449074074074074 0.03993055555555555 0.026851851851851852
0 0.1328125 0.6509259259259259 0.036458333333333336 0.014814814814814815
0 0.9600694444444444 0.6620370370370371 0.059027777777777776 0.03518518518518519
0 0.3255208333333333 0.6712962962962963 0.09895833333333333 0.053703703703703705
0 0.7760416666666666 0.6833333333333333 0.21180555555555555 0.08518518518518518
1 0.5659722222222222 0.7361111111111112 0.0954861111111111 0.03796296296296296
1 0.2170138888888889 0.7245370370370371 0.13368055555555555 0.09074074074074075
1 0.14756944444444445 0.6333333333333333 0.21180555555555555 0.11203703703703703
1 0.08854166666666667 0.5587962962962963 0.078125 0.07592592592592592
1 0.3012152777777778 0.43796296296296294 0.2534722222222222 0.15648148148148147
1 0.4826388888888889 0.6314814814814815 0.14583333333333334 0.05555555555555555
1 0.828125 0.21666666666666667 0.06597222222222222 0.08703703703703704
1 0.8793402777777778 0.18981481481481483 0.171875 0.05462962962962963
1 0.2421875 0.2777777777777778 0.0763888888888889 0.0712962962962963