0 0.537170138888889 0.16748148148148148 0.12295138888888897 0.10532407407407407
0 0.6964756944444445 0.1958240740740741 0.19501736111111118 0.05461111111111113
0 0.9826388888888888 0.2037037037037037 0.03125 0.025925925925925925
0 0.63078125 0.23705555555555555 0.05322916666666661 0.024111111111111104
0 0.9255555555555556 0.26870370370370367 0.055972222222222236 0.024453703703703675
0 0.5582638888888889 0.27996296296296297 0.05401041666666669 0.024731481481481514
0 0.7312326388888889 0.3255925925925926 0.03539930555555553 0.01045370370370367
0 0.7592013888888889 0.32995370370370375 0.018385416666666723 0.02100925925925931
0 0.5389409722222223 0.33349074074074075 0.053559027777777816 0.024388888888888918
0 0.8888888888888888 0.39305555555555555 0.21875 0.13240740740740742
0 0.4438888888888889 0.40480555555555553 0.12736111111111115 0.08923148148148148
0 0.42211805555555554 0.46278703703703705 0.035208333333333286 0.02741666666666668
0 0.7508333333333334 0.5100925925925925 0.10583333333333339 0.07204629629629625
0 0.8826041666666666 0.5466851851851852 0.13326388888888888 0.10078703703703695
0 0.3559375 0.6147222222222222 0.055625000000000036 0.05723148148148143
0 0.47531249999999997 0.625462962962963 0.027013888888888796 0.01573148148148149
0 0.4191319444444444 0.6505833333333333 0.025763888888888847 0.01412037037037037
0 0.3828125 0.7052685185185186 0.015607638888888905 0.017944444444444544
0 0.4901215277777778 0.7278055555555555 0.10175347222222225 0.06857407407407402
1 0.4754340277777778 0.8093611111111111 0.14531250000000004 0.09768518518518518
1 0.6094965277777777 0.7620833333333333 0.14458333333333329 0.1113981481481481
1 0.7346701388888889 0.3096481481481482 0.1150173611111111 0.09475000000000004
0 0.39678819444444446 0.5789537037037037 0.015069444444444456 0.015759259259259244