0 0.7419270833333333 0.12617592592592594 0.15050347222222232 0.10605555555555557
0 0.6200520833333333 0.1418888888888889 0.03526041666666657 0.024518518518518537
0 0.79984375 0.1773611111111111 0.040677083333333246 0.03064814814814817
0 0.03993055555555555 0.18935185185185185 0.0798611111111111 0.06759259259259259
0 0.3394965277777778 0.21687037037037038 0.06440972222222226 0.030037037037037036
0 0.4266145833333333 0.2240185185185185 0.030312499999999964 0.022101851851851855
0 0.20769097222222221 0.2280648148148148 0.061197916666666664 0.03947222222222222
0 0.6426041666666666 0.24496296296296297 0.042152777777777733 0.03806481481481483
0 0.5118923611111111 0.27997222222222223 0.12100694444444453 0.10624074074074075
0 0.11692708333333332 0.2871388888888889 0.09149305555555555 0.039083333333333366
0 0.9133506944444445 0.2946018518518519 0.04890625000000012 0.05772222222222225
0 0.30859375 0.30834259259259256 0.04078125000000002 0.033351851851851834
0 0.9618576388888889 0.33675 0.06262152777777767 0.021657407407407396
0 0.07135416666666666 0.34074074074074073 0.08020833333333334 0.03517592592592594
0 0.07416666666666666 0.35374074074074074 0.05109375000000001 0.026000000000000037
0 0.3703472222222222 0.36314814814814816 0.032378472222222184 0.02260185185185182
0 0.5467534722222223 0.3834444444444444 0.05531250000000002 0.04650925925925928
0 0.9904513888888888 0.4212962962962963 0.019097222222222224 0.018518518518518517
0 0.7393229166666667 0.4438333333333333 0.07239583333333341 0.043222222222222176
0 0.4237152777777778 0.46580555555555553 0.045364583333333326 0.027907407407407395
0 0.755798611111111 0.4925 0.028958333333333246 0.01648148148148144
0 0.15914930555555556 0.502361111111111 0.030121527777777768 0.017685185185185102
0 0.6500347222222222 0.5047407407407407 0.06741319444444452 0.042805555555555576
0 0.15258680555555557 0.5063888888888889 0.016996527777777763 0.010925925925925884
0 0.1362847222222222 0.508888888888889 0.019079861111111127 0.012222222222222264
0 0.5154861111111111 0.5477037037037037 0.07611111111111117 0.03244444444444441
0 0.15597222222222223 0.5602962962962963 0.05152777777777779 0.026148148148148156
0 0.8452604166666666 0.5606851851851852 0.14538194444444447 0.09730555555555548
0 0.9539930555555556 0.05694444444444444 0.08854166666666667 0.08055555555555556
0 0.7766493055555556 0.5709351851851852 0.02897569444444454 0.01594444444444447
0 0.6462847222222222 0.5741018518518518 0.06342013888888884 0.03339814814814809
0 0.7046701388888889 0.588111111111111 0.04822916666666662 0.026231481481481415
0 0.3578645833333333 0.6020740740740741 0.12197916666666665 0.06525000000000003
0 0.06335069444444445 0.6123888888888889 0.04685763888888888 0.022916666666666665
0 0.5395659722222222 0.6198703703703704 0.07218750000000007 0.036037037037037103
0 0.05628472222222222 0.6314351851851853 0.060486111111111115 0.020277777777777863
0 0.7961805555555556 0.6486018518518518 0.026579861111111016 0.015722222222222238
0 0.7192708333333333 0.6705277777777777 0.11213541666666672 0.054018518518518445
0 0.4926736111111111 0.708462962962963 0.06173611111111102 0.02618518518518516
0 0.5696701388888888 0.76725 0.08725694444444443 0.049314814814814804
0 0.40649305555555554 0.7683888888888889 0.04562499999999995 0.029361111111111143
0 0.9744965277777777 0.7837962962962963 0.050989583333333144 0.060944444444444384
1 0.16765624999999998 0.5804814814814815 0.33531249999999996 0.15969444444444447
1 0.10338541666666666 0.35344444444444445 0.20677083333333332 0.05896296296296292
1 0.12350694444444445 0.29359259259259257 0.19326388888888887 0.061351851851851845
1 0.9440624999999999 0.2847314814814815 0.111857638888889 0.17692592592592596