0 0.6527777777777778 0.20601851851851852 0.11979166666666667 0.09074074074074075
0 0.4496527777777778 0.23148148148148148 0.1111111111111111 0.05555555555555555
0 0.5381944444444444 0.22916666666666666 0.05555555555555555 0.027777777777777776
0 0.6006944444444444 0.2763888888888889 0.05555555555555555 0.026851851851851852
0 0.7578125 0.2796296296296296 0.1597222222222222 0.08703703703703704
0 0.6614583333333334 0.32407407407407407 0.05555555555555555 0.025925925925925925
0 0.4027777777777778 0.35462962962962963 0.03125 0.020370370370370372
0 0.8046875 0.33935185185185185 0.036458333333333336 0.023148148148148147
0 0.7230902777777778 0.37037037037037035 0.05381944444444445 0.025925925925925925
0 0.9184027777777778 0.36203703703703705 0.11805555555555555 0.1
0 0.8802083333333334 0.4203703703703704 0.203125 0.1037037037037037
0 0.6414930555555556 0.45694444444444443 0.13368055555555555 0.0712962962962963
0 0.5104166666666666 0.4708333333333333 0.16666666666666666 0.09722222222222222
0 0.9270833333333334 0.4777777777777778 0.06770833333333333 0.03425925925925926
0 0.9618055555555556 0.49953703703703706 0.06597222222222222 0.03796296296296296
0 0.8411458333333334 0.5143518518518518 0.027777777777777776 0.012962962962962963
0 0.859375 0.5171296296296296 0.013888888888888888 0.011111111111111112
0 0.5564236111111112 0.5583333333333333 0.18055555555555555 0.08703703703703704
0 0.7838541666666666 0.5430555555555555 0.059027777777777776 0.032407407407407406
0 0.9670138888888888 0.6060185185185185 0.06597222222222222 0.07314814814814814
0 0.7456597222222222 0.7032407407407407 0.11979166666666667 0.08148148148148149
1 0.8784722222222222 0.6782407407407407 0.24305555555555555 0.09907407407407408
1 0.8272569444444444 0.5060185185185185 0.109375 0.10092592592592593
1 0.4496527777777778 0.5842592592592593 0.1701388888888889 0.20092592592592592
1 0.4270833333333333 0.36527777777777776 0.09895833333333333 0.10092592592592593