0 0.012152777777777778 0.24212962962962964 0.024305555555555556 0.025
0 0.1684027777777778 0.2726851851851852 0.057291666666666664 0.025
0 0.5329861111111112 0.2662037037037037 0.1111111111111111 0.08796296296296297
0 0.4201388888888889 0.2824074074074074 0.1579861111111111 0.053703703703703705
0 0.1501736111111111 0.3143518518518518 0.041666666666666664 0.03425925925925926
0 0.11805555555555555 0.3337962962962963 0.05381944444444445 0.03518518518518519
0 0.4878472222222222 0.31666666666666665 0.043402777777777776 0.021296296296296296
0 0.2560763888888889 0.33101851851851855 0.05381944444444445 0.023148148148148147
0 0.5494791666666666 0.35138888888888886 0.03993055555555555 0.019444444444444445
0 0.4522569444444444 0.3819444444444444 0.013888888888888888 0.009259259259259259
0 0.4305555555555556 0.3851851851851852 0.020833333333333332 0.016666666666666666
0 0.5772569444444444 0.3925925925925926 0.03993055555555555 0.019444444444444445
0 0.1875 0.425 0.05555555555555555 0.03148148148148148
0 0.3177083333333333 0.4356481481481482 0.21354166666666666 0.1175925925925926
0 0.6553819444444444 0.4375 0.09895833333333333 0.06944444444444445
0 0.6840277777777778 0.48055555555555557 0.024305555555555556 0.018518518518518517
0 0.07291666666666667 0.5217592592592593 0.0763888888888889 0.03611111111111111
0 0.4704861111111111 0.524074074074074 0.09722222222222222 0.06018518518518518
0 0.375 0.5578703703703703 0.11979166666666667 0.08611111111111111
0 0.23177083333333334 0.5898148148148148 0.10590277777777778 0.04259259259259259
0 0.6909722222222222 0.5939814814814814 0.020833333333333332 0.012962962962962963
0 0.7309027777777778 0.6078703703703704 0.019097222222222224 0.011111111111111112
0 0.14756944444444445 0.6680555555555555 0.059027777777777776 0.032407407407407406
0 0.05295138888888889 0.6703703703703704 0.04861111111111111 0.03425925925925926
0 0.7057291666666666 0.662962962962963 0.0763888888888889 0.05092592592592592
0 0.2586805555555556 0.7564814814814815 0.052083333333333336 0.023148148148148147
1 0.7361111111111112 0.7175925925925926 0.10069444444444445 0.06759259259259259
1 0.6371527777777778 0.6958333333333333 0.11284722222222222 0.0824074074074074
1 0.4244791666666667 0.3662037037037037 0.11284722222222222 0.0824074074074074
1 0.04513888888888889 0.24212962962962964 0.09027777777777778 0.06388888888888888