0 0.9499131944444444 0.2157222222222222 0.052621527777777684 0.022194444444444416
0 0.7856076388888888 0.25555555555555554 0.053871527777777733 0.022222222222222223
0 0.4211111111111111 0.26937962962962964 0.09569444444444446 0.08319444444444446
0 0.5370138888888889 0.2791666666666667 0.15043402777777773 0.045379629629629624
0 0.8113888888888889 0.2958425925925926 0.035972222222222267 0.03243518518518516
0 0.8471527777777778 0.3135092592592592 0.04847222222222215 0.03258333333333328
0 0.47640625000000003 0.3168611111111111 0.03961805555555564 0.01891666666666662
0 0.7094618055555555 0.31833333333333336 0.05088541666666657 0.01999074074074077
0 0.9887152777777778 0.3453703703703704 0.022569444444444444 0.068712962962963
0 0.4215451388888889 0.3550185185185185 0.03753472222222223 0.017435185185185224
0 0.5239756944444445 0.38003703703703706 0.013211805555555579 0.008212962962962967
0 0.5469444444444445 0.3817685185185185 0.017482638888888975 0.015379629629629642
0 0.40225694444444443 0.39742592592592596 0.037152777777777736 0.017074074074074123
0 0.7963541666666667 0.4078611111111111 0.051059027777777724 0.028675925925925952
0 0.6682986111111111 0.42592592592592593 0.1942534722222222 0.10739814814814816
0 0.3334548611111111 0.4465277777777778 0.08706597222222218 0.06526851851851853
0 0.3128298611111111 0.49098148148148146 0.021493055555555547 0.01714814814814813
0 0.9292361111111112 0.4976388888888889 0.07026041666666671 0.03230555555555565
0 0.534375 0.5224629629629629 0.08609375000000005 0.05603703703703702
0 0.6356597222222222 0.550611111111111 0.10467013888888882 0.08086111111111105
0 0.7839583333333333 0.5742314814814814 0.09916666666666668 0.037361111111111026
0 0.3288888888888889 0.6041388888888889 0.018906249999999975 0.011972222222222282
0 0.29161458333333334 0.6200833333333334 0.017239583333333346 0.010537037037037138
0 0.8830555555555555 0.6473703703703704 0.05430555555555551 0.029935185185185117
0 0.9782986111111112 0.6445462962962963 0.043402777777777776 0.03167592592592596
0 0.3274652777777778 0.6737592592592593 0.06810763888888892 0.04751851851851846
0 0.7899131944444444 0.7417777777777778 0.04857638888888892 0.02058333333333335
1 0.3076909722222222 0.7296666666666667 0.08963541666666666 0.06278703703703699
1 0.4016145833333334 0.702462962962963 0.09833333333333336 0.07739814814814808
1 0.5487152777777777 0.36263888888888884 0.09755208333333323 0.07699074074074072
1 0.9782986111111112 0.2300925925925926 0.043402777777777776 0.058333333333333334
1 0.9303993055555555 0.21645370370370373 0.1391840277777778 0.056027777777777794