0 0.18232638888888889 0.20502777777777778 0.04171875 0.015601851851851874
0 0.7675 0.2081851851851852 0.1356944444444444 0.055250000000000014
0 0.5317881944444445 0.21736111111111112 0.04274305555555556 0.02176851851851851
0 0.2734548611111111 0.22878703703703704 0.06079861111111108 0.024240740740740747
0 0.36604166666666665 0.23975000000000002 0.027204861111111138 0.014675925925925946
0 0.9461805555555556 0.2587962962962963 0.10416666666666667 0.04722222222222222
0 0.5027083333333333 0.2661018518518518 0.05057291666666666 0.02294444444444442
0 0.5779861111111111 0.2750370370370371 0.044861111111111164 0.02043518518518523
0 0.7835590277777778 0.2755185185185185 0.04282986111111104 0.015861111111111107
0 0.4367361111111111 0.2898611111111111 0.022795138888888882 0.011194444444444474
0 0.5197048611111111 0.3214259259259259 0.049809027777777876 0.022481481481481456
0 0.7839583333333333 0.3254722222222222 0.04015624999999999 0.017611111111111095
0 0.3078298611111111 0.33654629629629634 0.025381944444444453 0.013833333333333383
0 0.04079861111111111 0.350462962962963 0.08159722222222222 0.1175925925925926
0 0.9869791666666666 0.36666666666666664 0.022569444444444444 0.07222222222222222
0 0.5372395833333333 0.37755555555555553 0.05017361111111107 0.02178703703703701
0 0.44428819444444445 0.38881481481481484 0.020538194444444418 0.010962962962962992
0 0.8866493055555555 0.40088888888888885 0.054565972222222134 0.03697222222222218
0 0.1957465277777778 0.4104814814814815 0.23524305555555555 0.05060185185185183
0 0.8822395833333334 0.4245092592592593 0.03529513888888896 0.017537037037037087
0 0.7853993055555555 0.4252222222222222 0.043020833333333286 0.05413888888888892
0 0.7782638888888889 0.4770370370370371 0.02180555555555546 0.011472222222222262
0 0.5439583333333333 0.4916018518518518 0.09486111111111109 0.03505555555555551
0 0.9802604166666666 0.4937685185185185 0.02649305555555554 0.011611111111111077
0 0.03298611111111111 0.5137129629629629 0.06597222222222222 0.12144444444444447
0 0.28227430555555555 0.5130925925925925 0.01942708333333333 0.011379629629629595
0 0.57421875 0.5508148148148148 0.11369791666666668 0.06274074074074074
0 0.12819444444444444 0.556287037037037 0.04460069444444444 0.019990740740740667
0 0.38949652777777777 0.5661759259259259 0.019583333333333286 0.010657407407407398
0 0.8601388888888889 0.5717777777777777 0.02234375000000001 0.013935185185185143
0 0.6169270833333333 0.6220648148148149 0.03592013888888898 0.021898148148148232
0 0.8917881944444443 0.6389074074074074 0.06137152777777772 0.027824074074074032
0 0.6024305555555556 0.6561111111111111 0.03819444444444445 0.02887962962962968
0 0.6870659722222222 0.6633611111111111 0.037309027777777795 0.015611111111111018
0 0.48515624999999996 0.6847870370370371 0.10574652777777772 0.054759259259259355
0 0.0546875 0.6930555555555555 0.109375 0.08611111111111111
0 0.9626736111111112 0.7263888888888889 0.07118055555555555 0.06944444444444445
1 0.5982291666666666 0.7426296296296296 0.15112847222222214 0.09959259259259254
1 0.6781770833333334 0.6433796296296297 0.22934027777777782 0.11914814814814821
1 0.7468576388888889 0.5641388888888889 0.08184027777777775 0.08476851851851848
1 0.5260937499999999 0.4368518518518518 0.27477430555555554 0.16501851851851848
1 0.5890451388888889 0.2652222222222222 0.09173611111111117 0.07741666666666668
1 0.9376736111111111 0.2236388888888889 0.1246527777777777 0.11614814814814814