0 0.1171875 0.22777777777777777 0.04513888888888889 0.018518518518518517
0 0.6987847222222222 0.19305555555555556 0.14756944444444445 0.06388888888888888
0 0.4670138888888889 0.2175925925925926 0.046875 0.024074074074074074
0 0.21354166666666666 0.24537037037037038 0.06597222222222222 0.027777777777777776
0 0.3072916666666667 0.25046296296296294 0.029513888888888888 0.016666666666666666
0 0.8880208333333334 0.23148148148148148 0.11458333333333333 0.053703703703703705
0 0.4496527777777778 0.2675925925925926 0.05555555555555555 0.025925925925925925
0 0.5260416666666666 0.27175925925925926 0.04861111111111111 0.023148148148148147
0 0.7300347222222222 0.2587962962962963 0.046875 0.018518518518518517
0 0.3888888888888889 0.2953703703703704 0.026041666666666668 0.012962962962962963
0 0.4791666666666667 0.3212962962962963 0.05381944444444445 0.025925925925925925
0 0.7421875 0.30833333333333335 0.043402777777777776 0.020370370370370372
0 0.2717013888888889 0.350462962962963 0.027777777777777776 0.01574074074074074
0 0.03211805555555555 0.3814814814814815 0.0642361111111111 0.12222222222222222
0 0.953125 0.33611111111111114 0.03819444444444445 0.07314814814814814
0 0.5086805555555556 0.37592592592592594 0.05555555555555555 0.025
0 0.4192708333333333 0.39305555555555555 0.022569444444444444 0.012037037037037037
0 0.8611111111111112 0.3763888888888889 0.0625 0.03981481481481482
0 0.1779513888888889 0.4310185185185185 0.24479166666666666 0.06574074074074074
0 0.8619791666666666 0.4 0.03819444444444445 0.019444444444444445
0 0.7664930555555556 0.4074074074074074 0.05555555555555555 0.05648148148148148
0 0.7708333333333334 0.45925925925925926 0.024305555555555556 0.012962962962962963
0 0.5416666666666666 0.4888888888888889 0.10243055555555555 0.040740740740740744
0 0.9748263888888888 0.4625 0.029513888888888888 0.012962962962962963
0 0.043402777777777776 0.5439814814814815 0.08680555555555555 0.125
0 0.2864583333333333 0.5273148148148148 0.022569444444444444 0.012962962962962963
0 0.5850694444444444 0.5458333333333333 0.1267361111111111 0.06944444444444445
0 0.1440972222222222 0.5800925925925926 0.04861111111111111 0.023148148148148147
0 0.4053819444444444 0.5726851851851852 0.022569444444444444 0.012037037037037037
0 0.8741319444444444 0.5476851851851852 0.026041666666666668 0.01574074074074074
0 0.6440972222222222 0.6134259259259259 0.03993055555555555 0.024074074074074074
0 0.9210069444444444 0.6125 0.06770833333333333 0.03148148148148148
0 0.6371527777777778 0.6481481481481481 0.04513888888888889 0.03148148148148148
0 0.7230902777777778 0.65 0.03993055555555555 0.017592592592592594
0 0.5277777777777778 0.6842592592592592 0.11805555555555555 0.06111111111111111
0 0.10243055555555555 0.7203703703703703 0.1284722222222222 0.09259259259259259
0 0.9835069444444444 0.6939814814814815 0.03298611111111111 0.07314814814814814
1 0.6527777777777778 0.7342592592592593 0.1736111111111111 0.10833333333333334
1 0.7092013888888888 0.6305555555555555 0.2552083333333333 0.13333333333333333
1 0.7595486111111112 0.5476851851851852 0.10069444444444445 0.08981481481481482
1 0.5112847222222222 0.4356481481481482 0.3107638888888889 0.1814814814814815
1 0.5347222222222222 0.2611111111111111 0.109375 0.0824074074074074
1 0.8715277777777778 0.19722222222222222 0.15104166666666666 0.12314814814814815