0 0.2725694444444444 0.18194444444444444 0.04513888888888889 0.018518518518518517
0 0.8498263888888888 0.23425925925925925 0.15104166666666666 0.06574074074074074
0 0.6145833333333334 0.22361111111111112 0.04861111111111111 0.025
0 0.3559027777777778 0.21342592592592594 0.06770833333333333 0.028703703703703703
0 0.4444444444444444 0.23194444444444445 0.03125 0.016666666666666666
0 0.9765625 0.29907407407407405 0.046875 0.05555555555555555
0 0.5711805555555556 0.2689814814814815 0.057291666666666664 0.026851851851851852
0 0.6432291666666666 0.28425925925925927 0.050347222222222224 0.024074074074074074
0 0.8454861111111112 0.30185185185185187 0.046875 0.019444444444444445
0 0.4991319444444444 0.28703703703703703 0.026041666666666668 0.012962962962962963
0 0.5720486111111112 0.32546296296296295 0.05555555555555555 0.025925925925925925
0 0.8315972222222222 0.35138888888888886 0.04513888888888889 0.020370370370370372
0 0.3585069444444444 0.3226851851851852 0.029513888888888888 0.01574074074074074
0 0.09027777777777778 0.3138888888888889 0.11458333333333333 0.12314814814814815
0 0.5729166666666666 0.3819444444444444 0.05555555555555555 0.025925925925925925
0 0.4774305555555556 0.38564814814814813 0.024305555555555556 0.012962962962962963
0 0.9105902777777778 0.43425925925925923 0.0642361111111111 0.040740740740740744
0 0.22569444444444445 0.3861111111111111 0.2465277777777778 0.06944444444444445
0 0.8993055555555556 0.45740740740740743 0.03993055555555555 0.020370370370370372
0 0.8038194444444444 0.45 0.059027777777777776 0.05740740740740741
0 0.78125 0.500462962962963 0.024305555555555556 0.012962962962962963
0 0.5460069444444444 0.49537037037037035 0.10416666666666667 0.04259259259259259
0 0.9765625 0.5337962962962963 0.029513888888888888 0.013888888888888888
0 0.042534722222222224 0.47453703703703703 0.08506944444444445 0.125
0 0.28125 0.4949074074074074 0.022569444444444444 0.012962962962962963
0 0.5581597222222222 0.5564814814814815 0.13020833333333334 0.0712962962962963
0 0.11631944444444445 0.524537037037037 0.050347222222222224 0.023148148148148147
0 0.3715277777777778 0.5560185185185185 0.022569444444444444 0.012037037037037037
0 0.8350694444444444 0.600925925925926 0.026041666666666668 0.01574074074074074
0 0.5798611111111112 0.6300925925925925 0.041666666666666664 0.025
0 0.8463541666666666 0.6699074074074074 0.06944444444444445 0.032407407407407406
0 0.5555555555555556 0.662962962962963 0.046875 0.03148148148148148
0 0.6371527777777778 0.6768518518518518 0.041666666666666664 0.018518518518518517
0 0.4314236111111111 0.6814814814814815 0.11979166666666667 0.06296296296296296
0 0.034722222222222224 0.6537037037037037 0.06944444444444445 0.09444444444444444
0 0.890625 0.7620370370370371 0.09027777777777778 0.07407407407407407
1 0.5260416666666666 0.7476851851851852 0.17881944444444445 0.1111111111111111
1 0.6336805555555556 0.6564814814814814 0.2621527777777778 0.13703703703703704
1 0.7248263888888888 0.5837962962962963 0.10590277777777778 0.09074074074074075
1 0.5442708333333334 0.4398148148148148 0.3194444444444444 0.18611111111111112
1 0.6571180555555556 0.27546296296296297 0.11284722222222222 0.08425925925925926
1 0.9670138888888888 0.26342592592592595 0.06597222222222222 0.125