0 0.21354166666666666 0.09953703703703703 0.14583333333333334 0.06296296296296296
0 0.4565972222222222 0.13657407407407407 0.041666666666666664 0.020370370370370372
0 0.3758680555555556 0.15555555555555556 0.0920138888888889 0.05648148148148148
0 0.21961805555555555 0.17175925925925925 0.04513888888888889 0.018518518518518517
0 0.2152777777777778 0.225 0.04513888888888889 0.019444444444444445
0 0.5642361111111112 0.25046296296296294 0.09027777777777778 0.07962962962962963
0 0.4453125 0.2759259259259259 0.0798611111111111 0.07962962962962963
0 0.3116319444444444 0.30833333333333335 0.059027777777777776 0.040740740740740744
0 0.2048611111111111 0.33240740740740743 0.05381944444444445 0.06018518518518518
0 0.3107638888888889 0.33564814814814814 0.046875 0.023148148148148147
0 0.5503472222222222 0.38796296296296295 0.024305555555555556 0.011111111111111112
0 0.19010416666666666 0.38842592592592595 0.022569444444444444 0.012037037037037037
0 0.3932291666666667 0.4097222222222222 0.026041666666666668 0.012037037037037037
0 0.53125 0.44722222222222224 0.11805555555555555 0.0787037037037037
0 0.4444444444444444 0.46620370370370373 0.03298611111111111 0.016666666666666666
0 0.010416666666666666 0.47314814814814815 0.020833333333333332 0.027777777777777776
0 0.2543402777777778 0.48935185185185187 0.026041666666666668 0.014814814814814815
0 0.4670138888888889 0.5296296296296297 0.1284722222222222 0.08611111111111111
0 0.6736111111111112 0.5513888888888889 0.027777777777777776 0.016666666666666666
0 0.2690972222222222 0.5587962962962963 0.0625 0.02962962962962963
0 0.044270833333333336 0.5810185185185185 0.041666666666666664 0.017592592592592594
0 0.5850694444444444 0.6106481481481482 0.034722222222222224 0.019444444444444445
0 0.3446180555555556 0.6527777777777778 0.125 0.0712962962962963
1 0.5954861111111112 0.5953703703703703 0.3715277777777778 0.1814814814814815
1 0.0842013888888889 0.5597222222222222 0.1684027777777778 0.1175925925925926
1 0.015625 0.6509259259259259 0.03125 0.08148148148148149
1 0.035590277777777776 0.41203703703703703 0.059027777777777776 0.03425925925925926
1 0.13975694444444445 0.48009259259259257 0.10069444444444445 0.08796296296296297
1 0.4453125 0.12268518518518519 0.2552083333333333 0.13055555555555556
1 0.04861111111111111 0.15601851851851853 0.03993055555555555 0.08148148148148149