0 0.14930555555555555 0.11435185185185186 0.1440972222222222 0.062037037037037036
0 0.3975694444444444 0.1398148148148148 0.041666666666666664 0.020370370370370372
0 0.3194444444444444 0.1625 0.09027777777777778 0.05555555555555555
0 0.1675347222222222 0.18611111111111112 0.043402777777777776 0.018518518518518517
0 0.17100694444444445 0.23935185185185184 0.04513888888888889 0.019444444444444445
0 0.5234375 0.24814814814814815 0.08854166666666667 0.0787037037037037
0 0.4088541666666667 0.2791666666666667 0.078125 0.0787037037037037
0 0.28125 0.31805555555555554 0.059027777777777776 0.03981481481481482
0 0.17881944444444445 0.34675925925925927 0.052083333333333336 0.06018518518518518
0 0.2847222222222222 0.3453703703703704 0.04513888888888889 0.022222222222222223
0 0.53125 0.3861111111111111 0.022569444444444444 0.011111111111111112
0 0.17274305555555555 0.40370370370370373 0.022569444444444444 0.012037037037037037
0 0.3784722222222222 0.4152777777777778 0.026041666666666668 0.012037037037037037
0 0.5225694444444444 0.44583333333333336 0.11631944444444445 0.07777777777777778
0 0.4392361111111111 0.4689814814814815 0.03298611111111111 0.01574074074074074
0 0.008680555555555556 0.4962962962962963 0.017361111111111112 0.027777777777777776
0 0.2534722222222222 0.500462962962963 0.026041666666666668 0.014814814814814815
0 0.4722222222222222 0.5310185185185186 0.1267361111111111 0.08518518518518518
0 0.6814236111111112 0.5435185185185185 0.027777777777777776 0.01574074074074074
0 0.2795138888888889 0.5689814814814815 0.0625 0.02962962962962963
0 0.059027777777777776 0.6018518518518519 0.03993055555555555 0.017592592592592594
0 0.6032986111111112 0.6064814814814815 0.03298611111111111 0.019444444444444445
0 0.3697916666666667 0.6597222222222222 0.1232638888888889 0.07037037037037037
1 0.6111111111111112 0.5907407407407408 0.3663194444444444 0.17777777777777778
1 0.08940972222222222 0.5796296296296296 0.17708333333333334 0.11574074074074074
1 0.03298611111111111 0.6731481481481482 0.04861111111111111 0.08148148148148149
1 0.026041666666666668 0.43333333333333335 0.052083333333333336 0.03333333333333333
1 0.13802083333333334 0.49722222222222223 0.09895833333333333 0.08703703703703704
1 0.3836805555555556 0.12685185185185185 0.2517361111111111 0.1287037037037037
1 0.006076388888888889 0.17777777777777778 0.012152777777777778 0.08148148148148149