0 0.17444444444444446 0.10825925925925926 0.14055555555555557 0.059111111111111114
0 0.42119791666666667 0.1383425925925926 0.04031250000000005 0.019287037037037023
0 0.34194444444444444 0.15937962962962962 0.0866666666666667 0.053944444444444434
0 0.188125 0.18009259259259258 0.04293402777777776 0.017601851851851844
0 0.1883159722222222 0.2333611111111111 0.0433159722222222 0.018564814814814826
0 0.5397222222222222 0.2489259259259259 0.08293402777777775 0.07748148148148146
0 0.42348958333333336 0.27755555555555556 0.07267361111111113 0.07733333333333332
0 0.2935069444444445 0.3140648148148148 0.055746527777777805 0.039240740740740736
0 0.18902777777777777 0.34078703703703705 0.04819444444444443 0.05935185185185187
0 0.2948263888888889 0.3413425925925926 0.04451388888888887 0.021583333333333284
0 0.5390972222222222 0.3867685185185185 0.022638888888888827 0.010574074074074036
0 0.17946180555555558 0.3974537037037037 0.02211805555555557 0.011583333333333326
0 0.3843923611111111 0.41303703703703704 0.02574652777777775 0.01126851851851848
0 0.5258680555555555 0.44626851851851856 0.11076388888888881 0.07587037037037042
0 0.4409375 0.46797222222222223 0.03118055555555552 0.01557407407407412
0 0.008680555555555556 0.48703703703703705 0.017361111111111112 0.027777777777777776
0 0.2535763888888889 0.4960462962962963 0.02453124999999999 0.014314814814814848
0 0.4701041666666666 0.5304629629629629 0.12078124999999994 0.08315740740740736
0 0.6780729166666667 0.5466574074074074 0.0262847222222222 0.015537037037037012
0 0.2748784722222222 0.5650277777777778 0.06017361111111116 0.028194444444444487
0 0.05279513888888889 0.5934074074074074 0.03960069444444444 0.016453703703703686
0 0.5961631944444444 0.6083055555555555 0.03260416666666662 0.018453703703703764
0 0.3597048611111111 0.6571388888888889 0.11869791666666668 0.06798148148148155
1 0.6049479166666667 0.5925462962962963 0.3560069444444445 0.1713518518518518
1 0.08465277777777777 0.5720092592592593 0.16928819444444446 0.11272222222222224
1 0.021822916666666668 0.6643518518518519 0.043628472222222214 0.08038888888888883
1 0.02769097222222222 0.42494444444444446 0.05538194444444444 0.03270370370370375
1 0.13805555555555554 0.490287037037037 0.09321180555555555 0.08523148148148144
1 0.4079513888888889 0.12495370370370369 0.24407986111111107 0.12437037037037037
1 0.015625 0.16898148148148148 0.03125 0.08055555555555556