0 0.5916840277777777 0.21510185185185185 0.051440972222222214 0.02278703703703705
0 0.82953125 0.2245185185185185 0.0340798611111111 0.013851851851851832
0 0.9183680555555556 0.2430185185185185 0.05546875000000008 0.023074074074074063
0 0.9956597222222222 0.25046296296296294 0.005208333333333333 0.013888888888888888
0 0.42756944444444445 0.25193518518518515 0.053038194444444464 0.022388888888888844
0 0.041666666666666664 0.25462962962962965 0.08333333333333333 0.09074074074074075
0 0.15991319444444443 0.26828703703703705 0.1670486111111111 0.047694444444444435
0 0.45142361111111107 0.29532407407407407 0.03479166666666665 0.03510185185185182
0 0.09182291666666667 0.3073611111111111 0.04477430555555554 0.020287037037037006
0 0.49118055555555556 0.31503703703703706 0.04833333333333339 0.033768518518518545
0 0.34791666666666665 0.3152962962962963 0.05345486111111115 0.021333333333333298
0 0.9568055555555556 0.3445185185185185 0.024704861111111143 0.013111111111111082
0 0.029652777777777774 0.3464537037037037 0.04541666666666666 0.020685185185185216
0 0.6816493055555556 0.36441666666666667 0.12369791666666667 0.1066111111111111
0 0.14390625 0.37737037037037036 0.01697916666666667 0.008444444444444449
0 0.171875 0.37934259259259256 0.02085069444444443 0.01794444444444444
0 0.013888888888888888 0.39166666666666666 0.027777777777777776 0.020370370370370372
0 0.43571180555555555 0.4109629629629629 0.05543402777777779 0.03303703703703699
0 0.8537152777777778 0.4185740740740741 0.2247743055555556 0.04640740740740741
0 0.30449652777777775 0.4290185185185185 0.20968749999999997 0.11545370370370366
0 0.5741319444444444 0.5067962962962963 0.06840277777777774 0.03211111111111117
0 0.6872916666666666 0.5140462962962963 0.1072048611111111 0.12068518518518516
0 0.9452430555555557 0.5152685185185185 0.018940972222222366 0.010166666666666683
0 0.15611111111111112 0.533787037037037 0.09694444444444444 0.062018518518518535
0 0.8066840277777777 0.5578888888888889 0.043940972222222124 0.019481481481481447
0 0.26644097222222224 0.5626203703703704 0.11276041666666664 0.09004629629629629
0 0.42597222222222225 0.5881018518518518 0.10539930555555557 0.041018518518518475
0 0.9457638888888888 0.6313333333333334 0.01999999999999997 0.012666666666666725
0 0.5269618055555555 0.6632685185185185 0.05392361111111102 0.032083333333333415
0 0.7018749999999999 0.6843703703703704 0.20236111111111102 0.08355555555555556
0 0.4305208333333333 0.769037037037037 0.05201388888888885 0.023259259259259157
1 0.6302604166666667 0.23574074074074072 0.06315972222222221 0.08579629629629631
1 0.5828298611111111 0.2143611111111111 0.15576388888888892 0.05810185185185185
1 0.17317708333333334 0.35996296296296293 0.1111458333333333 0.08370370370370368
1 0.9563194444444445 0.6367407407407407 0.087361111111111 0.054277777777777675
1 0.9179513888888889 0.7454814814814815 0.11225694444444449 0.050703703703703695
1 0.029305555555555553 0.7287777777777779 0.05861111111111111 0.07158333333333328