0 0.6831597222222222 0.22777777777777777 0.057291666666666664 0.026851851851851852
0 0.9140625 0.25925925925925924 0.03819444444444445 0.016666666666666666
0 0.9817708333333334 0.2851851851851852 0.036458333333333336 0.027777777777777776
0 0.5095486111111112 0.2490740740740741 0.059027777777777776 0.026851851851851852
0 0.1284722222222222 0.21574074074074073 0.1111111111111111 0.09722222222222222
0 0.2404513888888889 0.24027777777777778 0.18055555555555555 0.062037037037037036
0 0.5190972222222222 0.29398148148148145 0.04513888888888889 0.03796296296296296
0 0.1605902777777778 0.2726851851851852 0.050347222222222224 0.024074074074074074
0 0.5512152777777778 0.31712962962962965 0.059027777777777776 0.03796296296296296
0 0.4105902777777778 0.30416666666666664 0.059027777777777776 0.025925925925925925
0 0.9930555555555556 0.3888888888888889 0.013888888888888888 0.014814814814814815
0 0.08680555555555555 0.3050925925925926 0.052083333333333336 0.025
0 0.7230902777777778 0.38333333333333336 0.15625 0.11666666666666667
0 0.1892361111111111 0.34629629629629627 0.019097222222222224 0.010185185185185186
0 0.21614583333333334 0.3509259259259259 0.026041666666666668 0.019444444444444445
0 0.05642361111111111 0.34814814814814815 0.034722222222222224 0.022222222222222223
0 0.4652777777777778 0.4064814814814815 0.06597222222222222 0.03796296296296296
0 0.875 0.4527777777777778 0.2361111111111111 0.06666666666666667
0 0.3307291666666667 0.41203703703703703 0.24479166666666666 0.13333333333333333
0 0.5711805555555556 0.513425925925926 0.078125 0.03796296296296296
0 0.6796875 0.5310185185185186 0.1440972222222222 0.1287037037037037
0 0.9331597222222222 0.5564814814814815 0.022569444444444444 0.012037037037037037
0 0.1501736111111111 0.5013888888888889 0.11631944444444445 0.07037037037037037
0 0.7829861111111112 0.5851851851851851 0.050347222222222224 0.023148148148148147
0 0.25 0.5398148148148149 0.140625 0.09907407407407408
0 0.3984375 0.5800925925925926 0.11631944444444445 0.05
0 0.8958333333333334 0.6708333333333333 0.024305555555555556 0.013888888888888888
0 0.4730902777777778 0.663425925925926 0.0642361111111111 0.037037037037037035
0 0.6388888888888888 0.700462962962963 0.22569444444444445 0.10092592592592593
0 0.34375 0.7583333333333333 0.059027777777777776 0.027777777777777776
1 0.7144097222222222 0.2518518518518518 0.09027777777777778 0.09074074074074075
1 0.6744791666666666 0.2263888888888889 0.171875 0.0712962962962963
1 0.22395833333333334 0.33194444444444443 0.1371527777777778 0.09259259259259259
1 0.9045138888888888 0.6768518518518518 0.10416666666666667 0.06111111111111111
1 0.8315972222222222 0.7805555555555556 0.1267361111111111 0.06018518518518518