0 0.5538194444444444 0.2125 0.05381944444444445 0.025
0 0.7925347222222222 0.21296296296296297 0.036458333333333336 0.014814814814814815
0 0.8836805555555556 0.22824074074074074 0.059027777777777776 0.025
0 0.9618055555555556 0.2324074074074074 0.006944444444444444 0.013888888888888888
0 0.3949652777777778 0.2550925925925926 0.05555555555555555 0.024074074074074074
0 0.028645833333333332 0.27175925925925926 0.057291666666666664 0.09351851851851851
0 0.13020833333333334 0.2814814814814815 0.1736111111111111 0.053703703703703705
0 0.4244791666666667 0.29768518518518516 0.03993055555555555 0.03611111111111111
0 0.06770833333333333 0.32314814814814813 0.046875 0.022222222222222223
0 0.4670138888888889 0.31574074074074077 0.052083333333333336 0.03518518518518519
0 0.3237847222222222 0.3212962962962963 0.05555555555555555 0.023148148148148147
0 0.9357638888888888 0.3277777777777778 0.026041666666666668 0.013888888888888888
0 0.017361111111111112 0.3638888888888889 0.034722222222222224 0.022222222222222223
0 0.6631944444444444 0.3578703703703704 0.1371527777777778 0.1111111111111111
0 0.1284722222222222 0.3907407407407407 0.017361111111111112 0.009259259259259259
0 0.15711805555555555 0.39166666666666666 0.022569444444444444 0.018518518518518517
0 0.0078125 0.4097222222222222 0.015625 0.021296296296296296
0 0.4244791666666667 0.4134259259259259 0.059027777777777776 0.03518518518518519
0 0.8420138888888888 0.40555555555555556 0.2309027777777778 0.05462962962962963
0 0.2960069444444444 0.43657407407407406 0.22395833333333334 0.12314814814814815
0 0.5746527777777778 0.5041666666666667 0.07291666666666667 0.03425925925925926
0 0.6883680555555556 0.5069444444444444 0.1232638888888889 0.12407407407407407
0 0.9461805555555556 0.4986111111111111 0.020833333333333332 0.011111111111111112
0 0.16145833333333334 0.5462962962962963 0.10416666666666667 0.06574074074074074
0 0.8133680555555556 0.5462962962962963 0.046875 0.021296296296296296
0 0.2751736111111111 0.5712962962962963 0.125 0.09444444444444444
0 0.4375 0.5907407407407408 0.1111111111111111 0.044444444444444446
0 0.9618055555555556 0.6143518518518518 0.020833333333333332 0.012962962962962963
0 0.5486111111111112 0.6620370370370371 0.057291666666666664 0.03425925925925926
0 0.7256944444444444 0.6763888888888889 0.21354166666666666 0.09074074074074075
0 0.4661458333333333 0.7708333333333334 0.05555555555555555 0.025
1 0.5954861111111112 0.23148148148148148 0.07465277777777778 0.08796296296296297
1 0.5451388888888888 0.21203703703703702 0.16319444444444445 0.06388888888888888
1 0.15538194444444445 0.3726851851851852 0.12152777777777778 0.08796296296296297
1 0.9626736111111112 0.6194444444444445 0.07465277777777778 0.05740740740740741
1 0.9444444444444444 0.7291666666666666 0.1111111111111111 0.05462962962962963
1 0.06076388888888889 0.7458333333333333 0.06770833333333333 0.07314814814814814