0 0.984375 0.21574074074074073 0.03125 0.027777777777777776
0 0.5954861111111112 0.24444444444444444 0.10416666666666667 0.09351851851851851
0 0.7170138888888888 0.2490740740740741 0.16666666666666666 0.05555555555555555
0 0.9088541666666666 0.28935185185185186 0.06076388888888889 0.025925925925925925
0 0.6510416666666666 0.2949074074074074 0.043402777777777776 0.022222222222222223
0 0.5885416666666666 0.33796296296296297 0.041666666666666664 0.020370370370370372
0 0.6918402777777778 0.3638888888888889 0.017361111111111112 0.009259259259259259
0 0.7204861111111112 0.36574074074074076 0.022569444444444444 0.018518518518518517
0 0.5659722222222222 0.38287037037037036 0.041666666666666664 0.020370370370370372
0 0.9861111111111112 0.3902777777777778 0.027777777777777776 0.03425925925925926
0 0.8567708333333334 0.4134259259259259 0.22569444444444445 0.12222222222222222
0 0.4939236111111111 0.4388888888888889 0.09027777777777778 0.0712962962962963
0 0.4713541666666667 0.4875 0.026041666666666668 0.018518518518518517
0 0.7005208333333334 0.5217592592592593 0.0954861111111111 0.06296296296296296
0 0.8133680555555556 0.5555555555555556 0.11979166666666667 0.09351851851851851
0 0.4418402777777778 0.575925925925926 0.020833333333333332 0.016666666666666666
0 0.9618055555555556 0.5851851851851851 0.06944444444444445 0.044444444444444446
0 0.4826388888888889 0.6106481481481482 0.020833333333333332 0.012962962962962963
0 0.4418402777777778 0.6273148148148148 0.017361111111111112 0.011111111111111112
0 0.4791666666666667 0.6851851851851852 0.07291666666666667 0.05277777777777778
0 0.9739583333333334 0.7828703703703703 0.03125 0.026851851851851852
1 0.7256944444444444 0.3425925925925926 0.11284722222222222 0.08981481481481482
1 0.4565972222222222 0.7449074074074075 0.0954861111111111 0.06944444444444445
1 0.5538194444444444 0.7208333333333333 0.10590277777777778 0.08333333333333333