0 0.9791666666666666 0.2111111111111111 0.03819444444444445 0.027777777777777776
0 0.5871180555555555 0.2437314814814815 0.10131944444444446 0.09300925925925928
0 0.7088541666666667 0.24720370370370373 0.16423611111111114 0.053657407407407424
0 0.9016666666666667 0.28560185185185183 0.060277777777777826 0.024916666666666636
0 0.64421875 0.29350925925925925 0.041927083333333295 0.022194444444444468
0 0.5830208333333333 0.33701851851851855 0.04104166666666664 0.020324074074074116
0 0.6872395833333333 0.3620740740740741 0.01682291666666676 0.00933333333333337
0 0.7159548611111111 0.3635740740740741 0.022187499999999954 0.017888888888888937
0 0.5622395833333333 0.3821851851851852 0.041128472222222316 0.01992592592592591
0 0.984375 0.38564814814814813 0.027777777777777776 0.03425925925925926
0 0.8538541666666667 0.4101388888888889 0.2215972222222222 0.12027777777777776
0 0.49189236111111106 0.43883333333333335 0.08796874999999993 0.07026851851851851
0 0.47062499999999996 0.48783333333333334 0.024600694444444373 0.018250000000000034
0 0.7014930555555555 0.5198333333333333 0.09397569444444444 0.06188888888888881
0 0.8152604166666666 0.5526296296296297 0.11663194444444436 0.09229629629629635
0 0.4441145833333333 0.5766388888888889 0.020190972222222214 0.01624999999999996
0 0.9644097222222222 0.5810185185185185 0.06770833333333333 0.04351851851851852
0 0.4860590277777778 0.6109907407407408 0.02072916666666676 0.01272222222222223
0 0.4460763888888889 0.6279166666666667 0.017135416666666674 0.011398148148148098
0 0.48564236111111114 0.6854814814814816 0.07197916666666673 0.052435185185185286
0 0.9835069444444444 0.7782407407407408 0.029513888888888888 0.026851851851851852
1 0.7206076388888889 0.34041666666666665 0.10991319444444454 0.08909259259259261
1 0.46444444444444444 0.7451574074074074 0.09239583333333339 0.06890740740740747
1 0.5611979166666666 0.7203981481481482 0.1040104166666666 0.08225925925925918