0 0.09027777777777778 0.18194444444444444 0.043402777777777776 0.02962962962962963
0 0.4722222222222222 0.23981481481481481 0.12152777777777778 0.09907407407407408
0 0.3506944444444444 0.23564814814814813 0.1753472222222222 0.06388888888888888
0 0.1501736111111111 0.2611111111111111 0.06597222222222222 0.028703703703703703
0 0.4036458333333333 0.28564814814814815 0.046875 0.025
0 0.4548611111111111 0.33287037037037037 0.04513888888888889 0.023148148148148147
0 0.3454861111111111 0.3509259259259259 0.019097222222222224 0.010185185185185186
0 0.3168402777777778 0.350462962962963 0.026041666666666668 0.019444444444444445
0 0.4652777777777778 0.37916666666666665 0.04513888888888889 0.022222222222222223
0 0.04513888888888889 0.35509259259259257 0.034722222222222224 0.03611111111111111
0 0.16927083333333334 0.38796296296296295 0.2482638888888889 0.13333333333333333
0 0.5217013888888888 0.4398148148148148 0.10416666666666667 0.075
0 0.5321180555555556 0.4898148148148148 0.027777777777777776 0.019444444444444445
0 0.2951388888888889 0.5064814814814815 0.1076388888888889 0.06759259259259259
0 0.1753472222222222 0.5319444444444444 0.1371527777777778 0.09907407407407408
0 0.5381944444444444 0.5796296296296296 0.024305555555555556 0.017592592592592594
0 0.029513888888888888 0.549537037037037 0.059027777777777776 0.04722222222222222
0 0.4887152777777778 0.6111111111111112 0.024305555555555556 0.013888888888888888
0 0.5243055555555556 0.6305555555555555 0.019097222222222224 0.012037037037037037
0 0.4722222222222222 0.6851851851851852 0.08333333333333333 0.05648148148148148
1 0.3177083333333333 0.32731481481481484 0.13020833333333334 0.09537037037037037
1 0.4791666666666667 0.7458333333333333 0.1076388888888889 0.07407407407407407
1 0.3888888888888889 0.7148148148148148 0.12152777777777778 0.08796296296296297