0 0.3298611111111111 0.1087962962962963 0.046875 0.025925925925925925
0 0.4253472222222222 0.12361111111111112 0.1267361111111111 0.06851851851851852
0 0.8723958333333334 0.10555555555555556 0.06076388888888889 0.027777777777777776
0 0.6163194444444444 0.13148148148148148 0.057291666666666664 0.024074074074074074
0 0.6302083333333334 0.19166666666666668 0.05555555555555555 0.025
0 0.2421875 0.24212962962962964 0.109375 0.08888888888888889
0 0.3776041666666667 0.26296296296296295 0.10069444444444445 0.09166666666666666
0 0.9314236111111112 0.22777777777777777 0.026041666666666668 0.03148148148148148
0 0.5329861111111112 0.2912037037037037 0.07465277777777778 0.049074074074074076
0 0.65625 0.31203703703703706 0.07291666666666667 0.0712962962962963
0 0.5425347222222222 0.32037037037037036 0.050347222222222224 0.025925925925925925
0 0.2734375 0.39305555555555555 0.026041666666666668 0.012962962962962963
0 0.6848958333333334 0.375 0.029513888888888888 0.014814814814814815
0 0.9609375 0.37037037037037035 0.03125 0.022222222222222223
0 0.4522569444444444 0.4101851851851852 0.034722222222222224 0.01574074074074074
0 0.2994791666666667 0.4583333333333333 0.140625 0.09259259259259259
0 0.4001736111111111 0.475462962962963 0.03819444444444445 0.018518518518518517
0 0.9401041666666666 0.4444444444444444 0.11805555555555555 0.08611111111111111
0 0.6206597222222222 0.49212962962962964 0.03125 0.018518518518518517
0 0.3784722222222222 0.5481481481481482 0.1579861111111111 0.10277777777777777
0 0.140625 0.5833333333333334 0.03298611111111111 0.019444444444444445
0 0.9392361111111112 0.5347222222222222 0.04513888888888889 0.027777777777777776
0 0.6076388888888888 0.5726851851851852 0.0798611111111111 0.03888888888888889
0 0.6154513888888888 0.049074074074074076 0.18055555555555555 0.08148148148148149
0 0.9739583333333334 0.5740740740740741 0.052083333333333336 0.037037037037037035
0 0.8888888888888888 0.03287037037037037 0.019097222222222224 0.027777777777777776
0 0.8715277777777778 0.5888888888888889 0.05381944444444445 0.022222222222222223
0 0.2326388888888889 0.6486111111111111 0.043402777777777776 0.024074074074074074
0 0.5303819444444444 0.6828703703703703 0.15625 0.09074074074074075
1 0.9453125 0.6814814814814815 0.109375 0.13148148148148148
1 0.859375 0.5671296296296297 0.28125 0.16203703703703703
1 0.7526041666666666 0.4773148148148148 0.1232638888888889 0.10462962962962963
1 0.9010416666666666 0.3662037037037037 0.16145833333333334 0.09444444444444444
1 0.23697916666666666 0.6287037037037037 0.4565972222222222 0.21944444444444444
1 0.3585069444444444 0.09259259259259259 0.3020833333333333 0.15555555555555556
1 0.8515625 0.09907407407407408 0.1388888888888889 0.1