0 0.4878472222222222 0.09861111111111111 0.046875 0.025925925925925925
0 0.4019097222222222 0.125 0.1267361111111111 0.06851851851851852
0 0.2204861111111111 0.1574074074074074 0.057291666666666664 0.024074074074074074
0 0.23350694444444445 0.2175925925925926 0.05555555555555555 0.025
0 0.6328125 0.2162037037037037 0.109375 0.08888888888888889
0 0.5104166666666666 0.25416666666666665 0.10069444444444445 0.09166666666666666
0 0.3732638888888889 0.30185185185185187 0.07465277777777778 0.049074074074074076
0 0.2630208333333333 0.33796296296296297 0.07291666666666667 0.0712962962962963
0 0.3776041666666667 0.33101851851851855 0.050347222222222224 0.025925925925925925
0 0.671875 0.36712962962962964 0.026041666666666668 0.012962962962962963
0 0.2638888888888889 0.4023148148148148 0.029513888888888888 0.014814814814814815
0 0.004340277777777778 0.43333333333333335 0.008680555555555556 0.022222222222222223
0 0.5052083333333334 0.40694444444444444 0.034722222222222224 0.01574074074074074
0 0.6753472222222222 0.4337962962962963 0.140625 0.09259259259259259
0 0.5859375 0.4634259259259259 0.03819444444444445 0.018518518518518517
0 0.05295138888888889 0.5032407407407408 0.10590277777777778 0.08611111111111111
0 0.3793402777777778 0.5078703703703704 0.03125 0.018518518518518517
0 0.6388888888888888 0.5310185185185186 0.1579861111111111 0.10277777777777777
0 0.8862847222222222 0.5347222222222222 0.03298611111111111 0.019444444444444445
0 0.08940972222222222 0.5902777777777778 0.04513888888888889 0.027777777777777776
0 0.4279513888888889 0.5847222222222223 0.0798611111111111 0.03888888888888889
0 0.1840277777777778 0.07731481481481481 0.18055555555555555 0.08148148148148149
0 0.07378472222222222 0.6328703703703704 0.052083333333333336 0.037037037037037035
0 0.1796875 0.6337962962962963 0.05381944444444445 0.022222222222222223
0 0.8263888888888888 0.6097222222222223 0.043402777777777776 0.024074074074074074
0 0.5538194444444444 0.6814814814814815 0.15625 0.09074074074074075
1 0.12152777777777778 0.7375 0.16666666666666666 0.13148148148148148
1 0.1657986111111111 0.6134259259259259 0.3142361111111111 0.16203703703703703
1 0.24479166666666666 0.5101851851851852 0.1232638888888889 0.10462962962962963
1 0.06510416666666667 0.4212962962962963 0.13020833333333334 0.09444444444444444
1 0.7925347222222222 0.5912037037037037 0.4149305555555556 0.21944444444444444
1 0.4522569444444444 0.08657407407407407 0.3020833333333333 0.15555555555555556
1 0.022569444444444444 0.15648148148148147 0.04513888888888889 0.1