0 0.5251736111111112 0.09814814814814815 0.046875 0.026851851851851852
0 0.6119791666666666 0.12638888888888888 0.13020833333333334 0.06944444444444445
0 0.7916666666666666 0.1587962962962963 0.05555555555555555 0.024074074074074074
0 0.7751736111111112 0.2199074074074074 0.057291666666666664 0.026851851851851852
0 0.3758680555555556 0.2152777777777778 0.11284722222222222 0.08981481481481482
0 0.4982638888888889 0.2537037037037037 0.10243055555555555 0.09351851851851851
0 0.6310763888888888 0.30277777777777776 0.0763888888888889 0.05
0 0.7456597222222222 0.3402777777777778 0.06944444444444445 0.0712962962962963
0 0.6284722222222222 0.33287037037037037 0.046875 0.025
0 0.3333333333333333 0.3648148148148148 0.024305555555555556 0.012037037037037037
0 0.7395833333333334 0.4041666666666667 0.026041666666666668 0.013888888888888888
0 0.9965277777777778 0.4393518518518518 0.006944444444444444 0.023148148148148147
0 0.4991319444444444 0.4064814814814815 0.03125 0.014814814814814815
0 0.3263888888888889 0.43194444444444446 0.140625 0.09166666666666666
0 0.4149305555555556 0.4625 0.03819444444444445 0.018518518518518517
0 0.9461805555555556 0.5078703703703704 0.1076388888888889 0.08611111111111111
0 0.6197916666666666 0.5087962962962963 0.029513888888888888 0.018518518518518517
0 0.3611111111111111 0.5300925925925926 0.15625 0.10092592592592593
0 0.11197916666666667 0.5305555555555556 0.03125 0.019444444444444445
0 0.9071180555555556 0.5944444444444444 0.04513888888888889 0.027777777777777776
0 0.5711805555555556 0.5847222222222223 0.0798611111111111 0.03796296296296296
0 0.8298611111111112 0.08055555555555556 0.17881944444444445 0.08148148148148149
0 0.921875 0.6375 0.052083333333333336 0.037037037037037035
0 0.8133680555555556 0.6370370370370371 0.052083333333333336 0.022222222222222223
0 0.1701388888888889 0.6060185185185185 0.041666666666666664 0.023148148148148147
0 0.4409722222222222 0.6810185185185185 0.15625 0.09074074074074075
1 0.7552083333333334 0.5120370370370371 0.1284722222222222 0.10648148148148148
1 0.8307291666666666 0.6162037037037037 0.3194444444444444 0.1648148148148148
1 0.8715277777777778 0.7393518518518518 0.1701388888888889 0.13148148148148148
1 0.2048611111111111 0.587037037037037 0.4097222222222222 0.21851851851851853
1 0.5616319444444444 0.08564814814814815 0.3055555555555556 0.16018518518518518
1 0.9835069444444444 0.16064814814814815 0.03298611111111111 0.10092592592592593
1 0.9357638888888888 0.425 0.1284722222222222 0.09444444444444444