0 0.4861111111111111 0.09814814814814815 0.04513888888888889 0.025925925925925925
0 0.5755208333333334 0.12361111111111112 0.125 0.06666666666666667
0 0.7578125 0.15138888888888888 0.05381944444444445 0.022222222222222223
0 0.7473958333333334 0.2125 0.05555555555555555 0.025
0 0.3480902777777778 0.21898148148148147 0.10590277777777778 0.08796296296296297
0 0.4739583333333333 0.25416666666666665 0.09375 0.09166666666666666
0 0.6111111111111112 0.29953703703703705 0.07291666666666667 0.049074074074074076
0 0.7291666666666666 0.3337962962962963 0.0625 0.06944444444444445
0 0.6119791666666666 0.3296296296296296 0.04513888888888889 0.024074074074074074
0 0.3203125 0.36944444444444446 0.024305555555555556 0.012037037037037037
0 0.7300347222222222 0.3976851851851852 0.024305555555555556 0.012962962962962963
0 0.9939236111111112 0.42453703703703705 0.012152777777777778 0.023148148148148147
0 0.4904513888888889 0.4064814814814815 0.03125 0.013888888888888888
0 0.3194444444444444 0.43703703703703706 0.13194444444444445 0.08888888888888889
0 0.4114583333333333 0.4648148148148148 0.036458333333333336 0.017592592592592594
0 0.9479166666666666 0.4949074074074074 0.10416666666666667 0.08425925925925926
0 0.6206597222222222 0.5055555555555555 0.027777777777777776 0.017592592592592594
0 0.3645833333333333 0.5342592592592592 0.14930555555555555 0.09722222222222222
0 0.1154513888888889 0.5412037037037037 0.03125 0.018518518518518517
0 0.9157986111111112 0.5828703703703704 0.043402777777777776 0.025925925925925925
0 0.5798611111111112 0.5828703703703704 0.0763888888888889 0.03611111111111111
0 0.7881944444444444 0.07175925925925926 0.1736111111111111 0.07777777777777778
0 0.9348958333333334 0.625462962962963 0.04861111111111111 0.03611111111111111
0 0.8263888888888888 0.6277777777777778 0.050347222222222224 0.021296296296296296
0 0.18055555555555555 0.6152777777777778 0.03993055555555555 0.022222222222222223
0 0.4592013888888889 0.6824074074074075 0.14930555555555555 0.08796296296296297
1 0.7560763888888888 0.5050925925925925 0.11979166666666667 0.1037037037037037
1 0.8420138888888888 0.6064814814814815 0.3055555555555556 0.15833333333333333
1 0.8949652777777778 0.7287037037037037 0.1579861111111111 0.12777777777777777
1 0.2048611111111111 0.5958333333333333 0.4097222222222222 0.20833333333333334
1 0.5208333333333334 0.08425925925925926 0.2934027777777778 0.1537037037037037
1 0.96875 0.14629629629629629 0.0625 0.09814814814814815
1 0.9331597222222222 0.412962962962963 0.13368055555555555 0.09074074074074075