0 0.5796180555555556 0.1001574074074074 0.04116319444444451 0.02438888888888889
0 0.4865451388888889 0.12162962962962964 0.11546874999999998 0.06177777777777779
0 0.039079861111111114 0.1331388888888889 0.053836805555555554 0.02369444444444442
0 0.29993055555555553 0.1406574074074074 0.05124999999999997 0.02021296296296295
0 0.30038194444444444 0.20225 0.05215277777777781 0.02300925925925928
0 0.6969791666666666 0.2270462962962963 0.09187499999999993 0.08372222222222224
0 0.5660416666666667 0.25622222222222224 0.07998263888888897 0.08837037037037039
0 0.009548611111111112 0.25787037037037036 0.019097222222222224 0.030555555555555555
0 0.42175347222222226 0.29515740740740737 0.06572916666666669 0.04587962962962959
0 0.29881944444444447 0.3236296296296296 0.05250000000000002 0.0676296296296296
0 0.41671875 0.32507407407407407 0.04175347222222224 0.022379629629629593
0 0.7002430555555555 0.37846296296296295 0.0220138888888888 0.010629629629629647
0 0.2873611111111111 0.3872222222222222 0.022638888888888924 0.012268518518518519
0 0.012274305555555556 0.4021111111111111 0.02454861111111111 0.021703703703703753
0 0.5248263888888889 0.4074537037037037 0.028802083333333388 0.013046296296296325
0 0.6898611111111111 0.4457037037037037 0.11928819444444451 0.08399074074074077
0 0.5936805555555555 0.46926851851851853 0.03460069444444436 0.01632407407407407
0 0.050347222222222224 0.4740740740740741 0.10069444444444445 0.07962962962962963
0 0.37883680555555554 0.49989814814814815 0.02503472222222225 0.016462962962962936
0 0.6296180555555556 0.5402962962962963 0.1342361111111112 0.09170370370370368
0 0.8766493055555555 0.5588796296296297 0.027604166666666628 0.017750000000000068
0 0.07192708333333334 0.5632314814814815 0.0396875 0.024611111111111045
0 0.4072395833333333 0.5786296296296296 0.07142361111111109 0.03319444444444436
0 0.2827604166666667 0.06003703703703704 0.16274305555555557 0.07007407407407408
0 0.04592013888888888 0.6048796296296296 0.04321180555555555 0.03384259259259255
0 0.006076388888888889 0.06157407407407407 0.012152777777777778 0.026851851851851852
0 0.1539236111111111 0.6123425925925926 0.047413194444444445 0.019129629629629705
0 0.7992534722222222 0.6296296296296297 0.035989583333333366 0.020379629629629623
0 0.5109375 0.6834074074074075 0.13645833333333338 0.08162037037037045
1 0.24381944444444445 0.49294444444444446 0.10437500000000001 0.09937037037037032
1 0.14178819444444446 0.5903518518518519 0.2835763888888889 0.14527777777777787
1 0.06944444444444445 0.7092592592592593 0.1388888888888889 0.12222222222222222
1 0.7921006944444444 0.6102407407407406 0.40855902777777775 0.19050925925925927
1 0.5472048611111111 0.08505555555555554 0.27149305555555553 0.14126851851851852
1 0.057291666666666664 0.12453703703703704 0.11458333333333333 0.09351851851851851
1 0.07114583333333332 0.3925092592592593 0.14229166666666665 0.08444444444444449