0 0.7057291666666666 0.435546875 0.046875 0.024553571428571428
0 0.7557291666666667 0.4076450892857143 0.04791666666666667 0.025669642857142856
0 0.7151041666666667 0.37416294642857145 0.03125 0.018415178571428572
0 0.821875 0.42606026785714285 0.01875 0.012276785714285714
0 0.8416666666666667 0.44252232142857145 0.03333333333333333 0.017857142857142856
0 0.8708333333333333 0.4681919642857143 0.020833333333333332 0.011160714285714286
0 0.8114583333333333 0.47572544642857145 0.017708333333333333 0.009486607142857142
0 0.8213541666666667 0.4868861607142857 0.029166666666666667 0.013392857142857142
0 0.796875 0.4896763392857143 0.025 0.012834821428571428
0 0.76875 0.45396205357142855 0.06458333333333334 0.04017857142857143
0 0.653125 0.4654017857142857 0.05416666666666667 0.028459821428571428
0 0.7244791666666667 0.49776785714285715 0.023958333333333335 0.013950892857142858
0 0.7416666666666667 0.5106026785714286 0.027083333333333334 0.010602678571428572
0 0.76875 0.5390625 0.026041666666666668 0.01171875
0 0.8489583333333334 0.5407366071428571 0.05625 0.03404017857142857
0 0.8307291666666666 0.572265625 0.023958333333333335 0.012834821428571428
0 0.9479166666666666 0.54296875 0.10416666666666667 0.0546875
0 0.9901041666666667 0.505859375 0.019791666666666666 0.009486607142857142
0 0.921875 0.486328125 0.019791666666666666 0.008370535714285714
0 0.9609375 0.45619419642857145 0.078125 0.05915178571428571
0 0.9666666666666667 0.40904017857142855 0.03229166666666667 0.020089285714285716
0 0.8244791666666667 0.37332589285714285 0.08958333333333333 0.05524553571428571
0 0.9255208333333333 0.34347098214285715 0.030208333333333334 0.018415178571428572
0 0.8802083333333334 0.3404017857142857 0.025 0.016183035714285716
0 0.7916666666666666 0.33482142857142855 0.04895833333333333 0.02734375
0 0.8854166666666666 0.31166294642857145 0.021875 0.016741071428571428
0 0.94375 0.3052455357142857 0.023958333333333335 0.017857142857142856
0 0.8916666666666667 0.28152901785714285 0.030208333333333334 0.016741071428571428
0 0.8489583333333334 0.27622767857142855 0.03125 0.017299107142857144
0 0.7041666666666667 0.33565848214285715 0.12395833333333334 0.04631696428571429
0 0.7104166666666667 0.26004464285714285 0.05520833333333333 0.01953125
0 0.6072916666666667 0.28292410714285715 0.046875 0.022321428571428572
0 0.6427083333333333 0.35379464285714285 0.023958333333333335 0.01171875
0 0.5822916666666667 0.2603236607142857 0.03854166666666667 0.021205357142857144
0 0.5708333333333333 0.3275669642857143 0.0375 0.018415178571428572
0 0.5598958333333334 0.39341517857142855 0.03854166666666667 0.017857142857142856
0 0.490625 0.3814174107142857 0.03333333333333333 0.012834821428571428
0 0.43802083333333336 0.3364955357142857 0.06770833333333333 0.045200892857142856
0 0.42916666666666664 0.38783482142857145 0.019791666666666666 0.013392857142857142
0 0.44427083333333334 0.42020089285714285 0.029166666666666667 0.013950892857142858
0 0.5161458333333333 0.44419642857142855 0.023958333333333335 0.01171875
0 0.559375 0.45591517857142855 0.036458333333333336 0.017299107142857144
0 0.6364583333333333 0.38755580357142855 0.058333333333333334 0.0390625
0 0.6921875 0.38755580357142855 0.04791666666666667 0.025111607142857144
0 0.6828125 0.5379464285714286 0.022916666666666665 0.014508928571428572
0 0.709375 0.5641741071428571 0.04791666666666667 0.023995535714285716
0 0.65 0.5072544642857143 0.028125 0.015066964285714286
0 0.596875 0.4927455357142857 0.027083333333333334 0.013392857142857142
0 0.5734375 0.4771205357142857 0.019791666666666666 0.012834821428571428
0 0.5776041666666667 0.5181361607142857 0.020833333333333332 0.013392857142857142
0 0.5395833333333333 0.5036272321428571 0.03229166666666667 0.015066964285714286
0 0.5057291666666667 0.4927455357142857 0.021875 0.01171875
0 0.5973958333333333 0.556640625 0.07708333333333334 0.04352678571428571
0 0.5286458333333334 0.5521763392857143 0.05625 0.0390625
0 0.5213541666666667 0.5968191964285714 0.026041666666666668 0.013392857142857142
0 0.4859375 0.5853794642857143 0.017708333333333333 0.009486607142857142
0 0.4744791666666667 0.5560825892857143 0.020833333333333332 0.012276785714285714
0 0.440625 0.544921875 0.03229166666666667 0.015066964285714286
0 0.4192708333333333 0.5616629464285714 0.021875 0.008928571428571428
0 0.43333333333333335 0.58984375 0.029166666666666667 0.013950892857142858
0 0.5140625 0.6219308035714286 0.015625 0.008370535714285714
0 0.5088541666666667 0.6397879464285714 0.015625 0.009486607142857142
0 0.3953125 0.6185825892857143 0.065625 0.03236607142857143
0 0.359375 0.568359375 0.036458333333333336 0.016183035714285716
0 0.3703125 0.5212053571428571 0.019791666666666666 0.010044642857142858
0 0.3567708333333333 0.49302455357142855 0.026041666666666668 0.011160714285714286
0 0.4359375 0.46847098214285715 0.026041666666666668 0.011160714285714286
0 0.36614583333333334 0.4458705357142857 0.04375 0.020089285714285716
0 0.28177083333333336 0.4400111607142857 0.07395833333333333 0.03850446428571429
0 0.3145833333333333 0.400390625 0.084375 0.045200892857142856
0 0.24270833333333333 0.37583705357142855 0.027083333333333334 0.013392857142857142
0 0.19375 0.40987723214285715 0.08020833333333334 0.06361607142857142
0 0.24427083333333333 0.32421875 0.06666666666666667 0.03404017857142857
0 0.20572916666666666 0.30970982142857145 0.027083333333333334 0.012276785714285714
0 0.32760416666666664 0.27315848214285715 0.019791666666666666 0.012834821428571428
0 0.3515625 0.2603236607142857 0.027083333333333334 0.013950892857142858
0 0.27447916666666666 0.24609375 0.03125 0.013392857142857142
0 0.13072916666666667 0.283203125 0.03854166666666667 0.029017857142857144
0 0.14947916666666666 0.31473214285714285 0.058333333333333334 0.0234375
0 0.10885416666666667 0.35435267857142855 0.08854166666666667 0.044642857142857144
0 0.021875 0.29715401785714285 0.04375 0.03180803571428571
0 0.03177083333333333 0.3275669642857143 0.0375 0.017857142857142856
0 0.0203125 0.34849330357142855 0.040625 0.025111607142857144
0 0.0328125 0.3822544642857143 0.042708333333333334 0.03627232142857143
0 0.06666666666666667 0.392578125 0.03854166666666667 0.016741071428571428
0 0.017708333333333333 0.41768973214285715 0.035416666666666666 0.03627232142857143
0 0.09947916666666666 0.45396205357142855 0.03958333333333333 0.016741071428571428
0 0.0020833333333333333 0.46875 0.004166666666666667 0.010044642857142858
0 0.08333333333333333 0.5083705357142857 0.04375 0.020647321428571428
0 0.05260416666666667 0.5298549107142857 0.03125 0.014508928571428572
0 0.015625 0.5362723214285714 0.013541666666666667 0.0078125
0 0.1765625 0.47935267857142855 0.03125 0.017299107142857144
0 0.20989583333333334 0.4946986607142857 0.042708333333333334 0.029017857142857144
0 0.18697916666666667 0.5083705357142857 0.035416666666666666 0.015066964285714286
0 0.3098958333333333 0.5281808035714286 0.0875 0.044642857142857144
0 0.275 0.5616629464285714 0.05625 0.026227678571428572
0 0.2203125 0.5672433035714286 0.017708333333333333 0.009486607142857142
0 0.13177083333333334 0.5401785714285714 0.026041666666666668 0.011160714285714286
0 0.078125 0.5482700892857143 0.03333333333333333 0.013950892857142858
0 0.0265625 0.5544084821428571 0.03854166666666667 0.018415178571428572
0 0.028125 0.5638950892857143 0.034375 0.01171875
0 0.043229166666666666 0.5982142857142857 0.016666666666666666 0.009486607142857142
0 0.10416666666666667 0.6163504464285714 0.14791666666666667 0.078125
0 0.07395833333333333 0.65234375 0.017708333333333333 0.009486607142857142
0 0.10729166666666666 0.6629464285714286 0.016666666666666666 0.009486607142857142
0 0.128125 0.6844308035714286 0.021875 0.01171875
0 0.10625 0.6947544642857143 0.026041666666666668 0.013950892857142858
0 0.13802083333333334 0.7039620535714286 0.03854166666666667 0.0234375
0 0.175 0.7103794642857143 0.017708333333333333 0.008370535714285714
0 0.19583333333333333 0.7034040178571429 0.021875 0.011160714285714286
0 0.23697916666666666 0.7008928571428571 0.019791666666666666 0.010044642857142858
0 0.25885416666666666 0.6908482142857143 0.020833333333333332 0.009486607142857142
0 0.20989583333333334 0.6529017857142857 0.01875 0.012834821428571428
0 0.1953125 0.626953125 0.022916666666666665 0.010602678571428572
0 0.275 0.6353236607142857 0.084375 0.037388392857142856
0 0.2953125 0.66015625 0.016666666666666666 0.008928571428571428
0 0.2557291666666667 0.7273995535714286 0.06145833333333333 0.026785714285714284
0 0.21458333333333332 0.7346540178571429 0.03229166666666667 0.027901785714285716
0 0.19375 0.736328125 0.017708333333333333 0.0078125
0 0.1671875 0.7516741071428571 0.01875 0.008370535714285714
0 0.10520833333333333 0.7232142857142857 0.046875 0.022879464285714284
0 0.0984375 0.7798549107142857 0.016666666666666666 0.008928571428571428
0 0.25364583333333335 0.7765066964285714 0.020833333333333332 0.008928571428571428
0 0.234375 0.7848772321428571 0.01875 0.008928571428571428
0 0.08541666666666667 0.8005022321428571 0.026041666666666668 0.016741071428571428
0 0.2864583333333333 0.7583705357142857 0.01875 0.008370535714285714
0 0.2682291666666667 0.7433035714285714 0.022916666666666665 0.011160714285714286
0 0.2515625 0.75390625 0.020833333333333332 0.009486607142857142
0 0.31875 0.7123325892857143 0.029166666666666667 0.01171875
0 0.40625 0.7329799107142857 0.028125 0.013950892857142858
0 0.38229166666666664 0.7586495535714286 0.030208333333333334 0.014508928571428572
0 0.35833333333333334 0.7809709821428571 0.023958333333333335 0.01171875
0 0.48541666666666666 0.7380022321428571 0.027083333333333334 0.013392857142857142
0 0.5135416666666667 0.7109375 0.021875 0.011160714285714286
0 0.44375 0.693359375 0.025 0.010602678571428572
0 0.46822916666666664 0.671875 0.025 0.013392857142857142
0 0.4140625 0.67578125 0.058333333333333334 0.024553571428571428
0 0.36302083333333335 0.6808035714285714 0.023958333333333335 0.011160714285714286
0 0.5192708333333333 0.6724330357142857 0.030208333333333334 0.013392857142857142
0 0.5536458333333333 0.6573660714285714 0.022916666666666665 0.013392857142857142
0 0.5338541666666666 0.6908482142857143 0.020833333333333332 0.011160714285714286
0 0.5567708333333333 0.7134486607142857 0.028125 0.013950892857142858
0 0.5317708333333333 0.7329799107142857 0.052083333333333336 0.030133928571428572
0 0.5791666666666667 0.7181919642857143 0.020833333333333332 0.011160714285714286
0 0.603125 0.7006138392857143 0.09895833333333333 0.04296875
0 0.6078125 0.7555803571428571 0.017708333333333333 0.009486607142857142
0 0.5416666666666666 0.76953125 0.028125 0.012834821428571428
0 0.6296875 0.7706473214285714 0.023958333333333335 0.012276785714285714
0 0.7083333333333334 0.708984375 0.04583333333333333 0.027901785714285716
0 0.7234375 0.6540178571428571 0.023958333333333335 0.011160714285714286
0 0.6286458333333333 0.6434151785714286 0.019791666666666666 0.008928571428571428
0 0.66875 0.6043526785714286 0.01875 0.008928571428571428
0 0.7109375 0.6026785714285714 0.04479166666666667 0.032924107142857144
0 0.7682291666666666 0.6160714285714286 0.029166666666666667 0.015066964285714286
0 0.8260416666666667 0.6911272321428571 0.05 0.03125
0 0.8963541666666667 0.7134486607142857 0.046875 0.017857142857142856
0 0.9208333333333333 0.6489955357142857 0.022916666666666665 0.01171875
0 0.9677083333333333 0.6448102678571429 0.06458333333333334 0.032924107142857144
0 0.9880208333333333 0.6124441964285714 0.023958333333333335 0.03962053571428571
0 0.9453125 0.5870535714285714 0.030208333333333334 0.014508928571428572
0 0.9947916666666666 0.7488839285714286 0.010416666666666666 0.011160714285714286
0 0.9375 0.8013392857142857 0.01875 0.011160714285714286
0 0.903125 0.7873883928571429 0.026041666666666668 0.012834821428571428
0 0.8505208333333333 0.7907366071428571 0.020833333333333332 0.011160714285714286
0 0.8651041666666667 0.8203125 0.023958333333333335 0.01171875
0 0.7979166666666667 0.7938058035714286 0.022916666666666665 0.013950892857142858
0 0.7541666666666667 0.751953125 0.020833333333333332 0.010602678571428572
0 0.6588541666666666 0.8002232142857143 0.020833333333333332 0.012834821428571428
0 0.11822916666666666 0.8473772321428571 0.013541666666666667 0.008928571428571428
0 0.3411458333333333 0.5848214285714286 0.025 0.012834821428571428
1 0.0828125 0.5270647321428571 0.165625 0.10993303571428571
0 0.7197916666666667 0.3052455357142857 0.07708333333333334 0.03236607142857143
1 0.7192708333333333 0.6604352678571429 0.07083333333333333 0.03571428571428571
0 0.35052083333333334 0.27064732142857145 0.08020833333333334 0.04966517857142857