0 0.4466145833333333 0.356689453125 0.16080729166666666 0.115234375
0 0.5921223958333334 0.37744140625 0.055989583333333336 0.04443359375
0 0.5107421875 0.422607421875 0.048828125 0.03662109375
0 0.6396484375 0.446044921875 0.07421875 0.0556640625
0 0.5677083333333334 0.478271484375 0.056640625 0.04443359375
0 0.48828125 0.530517578125 0.048828125 0.041015625
0 0.6188151041666666 0.536865234375 0.051432291666666664 0.0517578125
0 0.7213541666666666 0.63427734375 0.027994791666666668 0.02294921875
0 0.7822265625 0.5859375 0.032552083333333336 0.02587890625
0 0.7740885416666666 0.50927734375 0.030598958333333332 0.0263671875
0 0.7578125 0.4716796875 0.06510416666666667 0.04345703125
0 0.7027994791666666 0.415771484375 0.06901041666666667 0.048828125
0 0.7027994791666666 0.30712890625 0.14908854166666666 0.10546875
0 0.6490885416666666 0.2607421875 0.049479166666666664 0.041015625
0 0.71484375 0.212890625 0.099609375 0.09912109375
0 0.5797526041666666 0.1943359375 0.048828125 0.04296875
0 0.3854166666666667 0.29736328125 0.057291666666666664 0.04296875
0 0.4440104166666667 0.281982421875 0.03125 0.04736328125
0 0.3118489583333333 0.225341796875 0.057942708333333336 0.03759765625
0 0.3932291666666667 0.218505859375 0.09765625 0.0751953125
0 0.3248697916666667 0.1025390625 0.06901041666666667 0.04833984375
0 0.23600260416666666 0.157470703125 0.06575520833333333 0.07861328125
0 0.21321614583333334 0.091796875 0.050130208333333336 0.04345703125
0 0.13802083333333334 0.134521484375 0.060546875 0.0947265625
0 0.22786458333333334 0.281982421875 0.06901041666666667 0.09619140625
0 0.15364583333333334 0.20947265625 0.055338541666666664 0.03955078125
0 0.10970052083333333 0.275146484375 0.042317708333333336 0.08447265625
0 0.091796875 0.39306640625 0.037109375 0.06201171875
0 0.1220703125 0.452880859375 0.10611979166666667 0.09033203125
0 0.21614583333333334 0.46337890625 0.041666666666666664 0.08056640625
0 0.2763671875 0.464599609375 0.06510416666666667 0.048828125
0 0.2682291666666667 0.513427734375 0.022135416666666668 0.01513671875
0 0.2652994791666667 0.57958984375 0.07486979166666667 0.06201171875
0 0.3977864583333333 0.690673828125 0.048177083333333336 0.0322265625
0 0.169921875 0.639892578125 0.048177083333333336 0.0390625
0 0.032877604166666664 0.735107421875 0.009765625 0.0234375
0 0.0244140625 0.82763671875 0.018880208333333332 0.02783203125
0 0.07942708333333333 0.786376953125 0.06770833333333333 0.05029296875
0 0.1455078125 0.85205078125 0.0625 0.0341796875
0 0.23502604166666666 0.805908203125 0.050130208333333336 0.03173828125
0 0.3196614583333333 0.746826171875 0.029296875 0.01953125
0 0.3880208333333333 0.7978515625 0.030598958333333332 0.0205078125
0 0.44921875 0.833251953125 0.029296875 0.021484375
0 0.4645182291666667 0.74169921875 0.029947916666666668 0.0234375
0 0.5364583333333334 0.69189453125 0.040364583333333336 0.02783203125
0 0.5250651041666666 0.78173828125 0.0625 0.0458984375
0 0.5791015625 0.8212890625 0.024739583333333332 0.01953125
0 0.6907552083333334 0.810546875 0.029296875 0.02099609375
0 0.6458333333333334 0.775146484375 0.044921875 0.02587890625
0 0.6546223958333334 0.683349609375 0.028645833333333332 0.01708984375
0 0.7890625 0.798095703125 0.034505208333333336 0.0224609375
0 0.9007161458333334 0.792724609375 0.038411458333333336 0.02490234375
0 0.8444010416666666 0.7587890625 0.047526041666666664 0.0400390625
0 0.8658854166666666 0.675537109375 0.036458333333333336 0.02685546875
0 0.9384765625 0.75537109375 0.024739583333333332 0.02001953125
0 1.009765625 0.69189453125 0.037109375 0.02001953125
0 0.958984375 0.65185546875 0.029947916666666668 0.0126953125
0 0.90625 0.612060546875 0.026041666666666668 0.01513671875
0 0.861328125 0.569091796875 0.037760416666666664 0.0205078125
0 0.9274088541666666 0.56005859375 0.07747395833333333 0.033203125
0 1.0462239583333333 0.53759765625 0.042317708333333336 0.07763671875
0 0.9361979166666666 0.5283203125 0.056640625 0.03759765625
0 0.8831380208333334 0.48193359375 0.078125 0.05810546875
0 0.919921875 0.39697265625 0.07877604166666667 0.05712890625
0 0.8557942708333334 0.328125 0.059895833333333336 0.041015625
0 1.0787760416666667 0.372314453125 0.016927083333333332 0.0205078125
0 1.0074869791666667 0.329345703125 0.1171875 0.0869140625
0 0.9358723958333334 0.283447265625 0.055989583333333336 0.0390625
0 0.8225911458333334 0.228759765625 0.09114583333333333 0.0458984375
0 0.8193359375 0.15283203125 0.042317708333333336 0.03564453125
0 0.974609375 0.15625 0.19661458333333334 0.16357421875
0 1.107421875 0.18701171875 0.012369791666666666 0.0234375
0 1.1080729166666667 0.050048828125 0.0546875 0.07275390625
0 0.9801432291666666 0.029541015625 0.06510416666666667 0.05126953125
0 0.8108723958333334 0.04296875 0.15690104166666666 0.0859375
0 0.6647135416666666 0.1396484375 0.06770833333333333 0.0556640625
0 0.5712890625 0.12890625 0.049479166666666664 0.03759765625
0 0.5065104166666666 0.123779296875 0.030598958333333332 0.02734375
0 0.5719401041666666 0.058837890625 0.15234375 0.1044921875
0 0.4889322916666667 0.006103515625 0.0859375 0.01220703125
0 0.341796875 0.023681640625 0.08203125 0.04736328125
0 0.24772135416666666 0.02734375 0.0625 0.04736328125