0 0.9745547073791349 0.3599374021909233 0.027989821882951654 0.014475743348982786
0 0.9720101781170484 0.39123630672926446 0.019508057675996608 0.008215962441314555
0 0.9355385920271416 0.3685446009389671 0.019508057675996608 0.01643192488262911
0 0.9185750636132316 0.34507042253521125 0.019508057675996608 0.012128325508607199
0 0.9117896522476675 0.36658841940532083 0.02205258693808312 0.01134585289514867
0 0.9380831212892281 0.3955399061032864 0.011874469889737066 0.011737089201877934
0 0.9508057675996607 0.40923317683881066 0.019508057675996608 0.00782472613458529
0 0.9847328244274809 0.41784037558685444 0.02883799830364716 0.018388106416275432
0 0.9363867684478372 0.4131455399061033 0.011874469889737066 0.01134585289514867
0 0.9296013570822731 0.4076682316118936 0.016963528413910092 0.012910798122065728
0 0.904156064461408 0.3931924882629108 0.037319762510602206 0.03051643192488263
0 0.8846480067854113 0.3822378716744914 0.01441899915182358 0.01134585289514867
0 0.8770144189991518 0.3732394366197183 0.01441899915182358 0.006651017214397496
0 0.8719253604749788 0.365414710485133 0.018659881255301103 0.009780907668231613
0 0.8744698897370653 0.3517214397496088 0.01272264631043257 0.009780907668231613
0 0.8905852417302799 0.3474178403755869 0.015267175572519083 0.007042253521126761
0 0.8821034775233249 0.3360719874804382 0.016115351993214587 0.008998435054773083
0 0.8982188295165394 0.32003129890453835 0.017811704834605598 0.008607198748043818
0 0.8795589482612384 0.3145539906103286 0.018659881255301103 0.009780907668231613
0 0.8634435962680237 0.3286384976525822 0.016115351993214587 0.01486697965571205
0 0.8558100084817643 0.3028169014084507 0.008481764206955046 0.006651017214397496
0 0.833757421543681 0.30320813771517996 0.01441899915182358 0.01134585289514867
0 0.8430873621713316 0.33528951486697967 0.010178117048346057 0.006259780907668232
0 0.8447837150127226 0.3642410015649452 0.01102629346904156 0.009389671361502348
0 0.8659881255301103 0.3904538341158059 0.013570822731128074 0.008607198748043818
0 0.8549618320610687 0.3908450704225352 0.020356234096692113 0.01134585289514867
0 0.8753180661577609 0.4025821596244131 0.007633587786259542 0.004694835680751174
0 0.8685326547921968 0.4076682316118936 0.018659881255301103 0.013302034428794992
0 0.8770144189991518 0.4154929577464789 0.019508057675996608 0.00782472613458529
0 0.8744698897370653 0.4287949921752739 0.008481764206955046 0.004694835680751174
0 0.8905852417302799 0.424491392801252 0.02374893977947413 0.014084507042253521
0 0.9033078880407125 0.42801251956181535 0.019508057675996608 0.01056338028169014
0 0.9228159457167091 0.426056338028169 0.011874469889737066 0.007042253521126761
0 0.9465648854961832 0.43779342723004694 0.021204410517387615 0.007433489827856025
0 0.9847328244274809 0.43466353677621283 0.02544529262086514 0.01486697965571205
0 0.9770992366412213 0.46087636932707354 0.0364715860899067 0.017214397496087636
0 0.9558948261238338 0.4679186228482003 0.009329940627650551 0.005868544600938967
0 0.9448685326547922 0.4679186228482003 0.009329940627650551 0.0035211267605633804
0 0.926208651399491 0.4593114241001565 0.006785411365564037 0.005086071987480438
0 0.9279050042408821 0.44874804381846634 0.005089058524173028 0.003912363067292645
0 0.9194232400339271 0.4522691705790297 0.020356234096692113 0.014475743348982786
0 0.9067005937234945 0.45892018779342725 0.017811704834605598 0.009389671361502348
0 0.90754877014419 0.4428794992175274 0.01272264631043257 0.011737089201877934
0 0.8821034775233249 0.4370109546165884 0.010178117048346057 0.006651017214397496
0 0.8897370653095844 0.44640062597809077 0.011874469889737066 0.010954616588419406
0 0.8982188295165394 0.4514866979655712 0.010178117048346057 0.005868544600938967
0 0.9117896522476675 0.46322378716744916 0.017811704834605598 0.008607198748043818
0 0.916030534351145 0.4694835680751174 0.02205258693808312 0.012910798122065728
0 0.9236641221374046 0.4800469483568075 0.007633587786259542 0.005086071987480438
0 0.9635284139100933 0.47613458528951486 0.013570822731128074 0.005868544600938967
0 0.9906700593723494 0.4671361502347418 0.013570822731128074 0.006651017214397496
0 0.9482612383375743 0.48200312989045385 0.01102629346904156 0.005086071987480438
0 0.9304495335029687 0.4890453834115806 0.01441899915182358 0.005868544600938967
0 0.899067005937235 0.49608763693270735 0.009329940627650551 0.003129890453834116
0 0.9100932994062765 0.4953051643192488 0.013570822731128074 0.005477308294209703
0 0.9567430025445293 0.48082942097026604 0.009329940627650551 0.005868544600938967
0 0.9770992366412213 0.4702660406885759 0.009329940627650551 0.005868544600938967
0 0.8982188295165394 0.4835680751173709 0.015267175572519083 0.007042253521126761
0 0.8837998303647159 0.46322378716744916 0.027989821882951654 0.008998435054773083
0 0.8617472434266328 0.4491392801251956 0.016115351993214587 0.00782472613458529
0 0.825275657336726 0.4722222222222222 0.013570822731128074 0.00782472613458529
0 0.8575063613231552 0.48630672926447577 0.033927056827820185 0.010172143974960876
0 0.8668363019508057 0.4956964006259781 0.0364715860899067 0.009780907668231613
0 0.8871925360474979 0.5027386541471048 0.02714164546225615 0.01134585289514867
0 0.8617472434266328 0.5043035993740219 0.021204410517387615 0.007042253521126761
0 0.8329092451229856 0.5066510172143975 0.015267175572519083 0.005868544600938967
0 0.8329092451229856 0.492566510172144 0.021204410517387615 0.00782472613458529
0 0.8303647158608991 0.48395931142410015 0.01102629346904156 0.004694835680751174
0 0.811704834605598 0.4956964006259781 0.019508057675996608 0.005477308294209703
0 0.8176420695504665 0.4831768388106416 0.010178117048346057 0.003912363067292645
0 0.8023748939779474 0.4702660406885759 0.020356234096692113 0.009389671361502348
0 0.7862595419847328 0.4550078247261346 0.020356234096692113 0.008215962441314555
0 0.7777777777777778 0.4624413145539906 0.016115351993214587 0.004694835680751174
0 0.7955894826123834 0.43231611893583727 0.01102629346904156 0.005868544600938967
0 0.7811704834605598 0.42331768388106417 0.016115351993214587 0.007042253521126761
0 0.8142493638676844 0.4131455399061033 0.05173876166242578 0.015258215962441314
0 0.7625106022052587 0.3744131455399061 0.022900763358778626 0.008998435054773083
0 0.7523324851569126 0.4209702660406886 0.02883799830364716 0.02621283255086072
0 0.7370653095843935 0.439358372456964 0.02714164546225615 0.00782472613458529
0 0.7709923664122137 0.4514866979655712 0.015267175572519083 0.006651017214397496
0 0.7523324851569126 0.45618153364632236 0.015267175572519083 0.007042253521126761
0 0.7531806615776081 0.46322378716744916 0.01441899915182358 0.006259780907668232
0 0.6776929601357082 0.3810641627543036 0.029686174724342665 0.008215962441314555
0 0.6963528413910093 0.34663536776212833 0.029686174724342665 0.009780907668231613
0 0.734520780322307 0.3360719874804382 0.06022052586938083 0.023865414710485134
0 0.6861747243426632 0.3145539906103286 0.035623409669211195 0.014084507042253521
0 0.7056827820186599 0.27660406885759 0.03307888040712468 0.013693270735524257
0 0.7947413061916879 0.2421752738654147 0.02374893977947413 0.014475743348982786
0 0.7336726039016115 0.24061032863849766 0.032230703986429174 0.014475743348982786
0 0.6666666666666666 0.24608763693270735 0.058524173027989825 0.027777777777777776
0 0.6191687871077184 0.2167449139280125 0.05767599660729432 0.02190923317683881
0 0.6310432569974554 0.2777777777777778 0.04919423240033927 0.02699530516431925
0 0.455470737913486 0.24647887323943662 0.04240882103477523 0.023474178403755867
0 0.5190839694656488 0.27269170579029733 0.0542832909245123 0.029342723004694836
0 0.42408821034775235 0.2668231611893584 0.030534351145038167 0.04342723004694836
0 0.5156912637828668 0.30438184663536777 0.041560644614079725 0.014084507042253521
0 0.6437659033078881 0.32785602503912364 0.031382527565733676 0.023865414710485134
0 0.5810008481764207 0.32942097026604067 0.04919423240033927 0.02269170579029734
0 0.5233248515691263 0.3442879499217527 0.02714164546225615 0.021517996870109544
0 0.49363867684478374 0.3360719874804382 0.024597116200169637 0.007433489827856025
0 0.4707379134860051 0.32668231611893583 0.016115351993214587 0.01056338028169014
0 0.5725190839694656 0.36619718309859156 0.05767599660729432 0.02034428794992175
0 0.539440203562341 0.3744131455399061 0.026293469041560644 0.010954616588419406
0 0.4817642069550466 0.3685446009389671 0.017811704834605598 0.005868544600938967
0 0.40542832909245125 0.35093896713615025 0.04495335029686175 0.02699530516431925
0 0.43172179813401185 0.37754303599374023 0.029686174724342665 0.015258215962441314
0 0.3341815097540288 0.29381846635367764 0.041560644614079725 0.053208137715179966
0 0.3070398642917727 0.3161189358372457 0.020356234096692113 0.009780907668231613
0 0.2858354537743851 0.31533646322378717 0.019508057675996608 0.010954616588419406
0 0.3053435114503817 0.3415492957746479 0.018659881255301103 0.010954616588419406
0 0.2917726887192536 0.34311424100156496 0.009329940627650551 0.008215962441314555
0 0.21204410517387617 0.32472613458528954 0.02544529262086514 0.014475743348982786
0 0.23240033927056827 0.35289514866979654 0.02205258693808312 0.01056338028169014
0 0.21119592875318066 0.3622848200312989 0.02374893977947413 0.01917057902973396
0 0.3087362171331637 0.35602503912363065 0.020356234096692113 0.009389671361502348
0 0.3477523324851569 0.3669796557120501 0.03986429177268872 0.020735524256651018
0 0.3638676844783715 0.39123630672926446 0.010178117048346057 0.006259780907668232
0 0.3672603901611535 0.37402190923317685 0.016115351993214587 0.010172143974960876
0 0.3994910941475827 0.39593114241001565 0.027989821882951654 0.015258215962441314
0 0.3265479219677693 0.3904538341158059 0.019508057675996608 0.010954616588419406
0 0.2917726887192536 0.38028169014084506 0.018659881255301103 0.01995305164319249
0 0.24173027989821882 0.3794992175273865 0.030534351145038167 0.012519561815336464
0 0.28498727735368956 0.4107981220657277 0.027989821882951654 0.012519561815336464
0 0.35453774385072095 0.4045383411580595 0.020356234096692113 0.007042253521126761
0 0.33587786259541985 0.4104068857589984 0.027989821882951654 0.014475743348982786
0 0.4181509754028838 0.4182316118935837 0.022900763358778626 0.012519561815336464
0 0.4707379134860051 0.4057120500782473 0.029686174724342665 0.012910798122065728
0 0.5080576759966073 0.4162754303599374 0.018659881255301103 0.007042253521126761
0 0.5012722646310432 0.4291862284820031 0.07803223070398643 0.016823161189358372
0 0.5928753180661578 0.3865414710485133 0.02374893977947413 0.008607198748043818
0 0.5682782018659881 0.4025821596244131 0.03816793893129771 0.017996870109546165
0 0.5623409669211196 0.418622848200313 0.026293469041560644 0.010172143974960876
0 0.5657336726039016 0.4276212832550861 0.02883799830364716 0.008998435054773083
0 0.5665818490245971 0.44092331768388104 0.024597116200169637 0.005086071987480438
0 0.6429177268871925 0.42527386541471046 0.03307888040712468 0.014084507042253521
0 0.6624257845631891 0.4495305164319249 0.020356234096692113 0.006259780907668232
0 0.7565733672603902 0.47926447574334896 0.039016115351993216 0.016040688575899843
0 0.7828668363019508 0.48630672926447577 0.015267175572519083 0.004694835680751174
0 0.7998303647158609 0.492566510172144 0.010178117048346057 0.004303599374021909
0 0.7913486005089059 0.4988262910798122 0.011874469889737066 0.004303599374021909
0 0.7854113655640373 0.5054773082942097 0.01102629346904156 0.005086071987480438
0 0.8125530110262935 0.508998435054773 0.01272264631043257 0.004303599374021909
0 0.820186598812553 0.5015649452269171 0.017811704834605598 0.006259780907668232
0 0.8100084817642069 0.5144757433489828 0.03477523324851569 0.012519561815336464
0 0.8566581849024597 0.5129107981220657 0.02883799830364716 0.009389671361502348
0 0.821882951653944 0.5219092331768388 0.020356234096692113 0.005477308294209703
0 0.7905004240882103 0.5254303599374022 0.01102629346904156 0.0035211267605633804
0 0.8244274809160306 0.5293427230046949 0.016963528413910092 0.005477308294209703
0 0.8083121289228159 0.5312989045383412 0.009329940627650551 0.0035211267605633804
0 0.7981340118744699 0.5289514866979655 0.009329940627650551 0.003912363067292645
0 0.7760814249363868 0.528169014084507 0.009329940627650551 0.003129890453834116
0 0.7675996607294318 0.5238654147104851 0.024597116200169637 0.00782472613458529
0 0.741306191687871 0.5211267605633803 0.016963528413910092 0.005868544600938967
0 0.7667514843087362 0.5199530516431925 0.015267175572519083 0.0035211267605633804
0 0.7692960135708228 0.5097809076682316 0.01272264631043257 0.005086071987480438
0 0.7565733672603902 0.5074334898278561 0.02374893977947413 0.008607198748043818
0 0.7531806615776081 0.49608763693270735 0.04410517387616624 0.017605633802816902
0 0.6938083121289228 0.4964788732394366 0.017811704834605598 0.006651017214397496
0 0.6615776081424937 0.4945226917057903 0.016115351993214587 0.005086071987480438
0 0.6878710771840543 0.5156494522691706 0.017811704834605598 0.010172143974960876
0 0.6539440203562341 0.5129107981220657 0.02205258693808312 0.005868544600938967
0 0.6480067854113656 0.5203442879499217 0.015267175572519083 0.004303599374021909
0 0.729431721798134 0.52660406885759 0.013570822731128074 0.005086071987480438
0 0.734520780322307 0.5305164319248826 0.024597116200169637 0.00782472613458529
0 0.7362171331636981 0.5469483568075117 0.01102629346904156 0.004694835680751174
0 0.7370653095843935 0.5395148669796557 0.039016115351993216 0.017214397496087636
0 0.6997455470737913 0.5543818466353677 0.03816793893129771 0.017214397496087636
0 0.7769296013570822 0.5406885758998435 0.021204410517387615 0.00782472613458529
0 0.7896522476675149 0.534037558685446 0.009329940627650551 0.003129890453834116
0 0.8023748939779474 0.5367762128325508 0.010178117048346057 0.0035211267605633804
0 0.7735368956743003 0.5324726134585289 0.02205258693808312 0.008998435054773083
0 0.7582697201017812 0.5461658841940532 0.020356234096692113 0.012519561815336464
0 0.7472434266327396 0.5594679186228482 0.01441899915182358 0.005086071987480438
0 0.7531806615776081 0.5637715179968701 0.008481764206955046 0.004694835680751174
0 0.6836301950805768 0.548904538341158 0.009329940627650551 0.003129890453834116
0 0.6870229007633588 0.5395148669796557 0.01272264631043257 0.005868544600938967
0 0.6751484308736218 0.5367762128325508 0.01441899915182358 0.0035211267605633804
0 0.6785411365564037 0.545774647887324 0.013570822731128074 0.004303599374021909
0 0.6539440203562341 0.5496870109546166 0.024597116200169637 0.006259780907668232
0 0.6717557251908397 0.5782472613458529 0.01102629346904156 0.006259780907668232
0 0.6912637828668363 0.5837245696400626 0.009329940627650551 0.005086071987480438
0 0.6590330788804071 0.5876369327073553 0.024597116200169637 0.013693270735524257
0 0.6259541984732825 0.5712050078247262 0.011874469889737066 0.005868544600938967
0 0.6013570822731128 0.5809859154929577 0.015267175572519083 0.006259780907668232
0 0.5996607294317218 0.5927230046948356 0.01272264631043257 0.006651017214397496
0 0.6005089058524173 0.5500782472613458 0.015267175572519083 0.005868544600938967
0 0.6157760814249363 0.5297339593114241 0.011874469889737066 0.005086071987480438
0 0.6039016115351993 0.5140845070422535 0.05767599660729432 0.023474178403755867
0 0.5759117896522477 0.5078247261345853 0.01272264631043257 0.005477308294209703
0 0.6047497879558948 0.4921752738654147 0.03307888040712468 0.009389671361502348
0 0.6132315521628499 0.47417840375586856 0.04580152671755725 0.013302034428794992
0 0.6123833757421544 0.4835680751173709 0.01441899915182358 0.005086071987480438
0 0.5793044953350297 0.4921752738654147 0.016963528413910092 0.006651017214397496
0 0.556403731976251 0.4749608763693271 0.02205258693808312 0.007042253521126761
0 0.542832909245123 0.45461658841940533 0.031382527565733676 0.01056338028169014
0 0.49787955894826125 0.4424882629107981 0.033927056827820185 0.010954616588419406
0 0.5326547921967769 0.44327073552425666 0.030534351145038167 0.01134585289514867
0 0.49872773536895676 0.465962441314554 0.02374893977947413 0.010172143974960876
0 0.5368956743002544 0.46635367762128327 0.027989821882951654 0.009780907668231613
0 0.5326547921967769 0.4769170579029734 0.022900763358778626 0.00782472613458529
0 0.553011026293469 0.48630672926447577 0.021204410517387615 0.005868544600938967
0 0.5309584393553859 0.48826291079812206 0.022900763358778626 0.006259780907668232
0 0.5106022052586938 0.4788732394366197 0.01441899915182358 0.005086071987480438
0 0.5097540288379983 0.47104851330203446 0.016115351993214587 0.005868544600938967
0 0.4851569126378287 0.46870109546165883 0.011874469889737066 0.00782472613458529
0 0.42748091603053434 0.45970266040688573 0.018659881255301103 0.006651017214397496
0 0.4351145038167939 0.4370109546165884 0.02544529262086514 0.009389671361502348
0 0.40458015267175573 0.4241001564945227 0.0364715860899067 0.01643192488262911
0 0.40882103477523324 0.4381846635367762 0.02374893977947413 0.008215962441314555
0 0.37234944868532655 0.4241001564945227 0.026293469041560644 0.010172143974960876
0 0.363019508057676 0.4503129890453834 0.024597116200169637 0.00782472613458529
0 0.34944868532654794 0.4569640062597809 0.03986429177268872 0.010954616588419406
0 0.42493638676844786 0.47143974960876367 0.02883799830364716 0.008607198748043818
0 0.4351145038167939 0.48278560250391234 0.037319762510602206 0.008607198748043818
0 0.4868532654792197 0.4890453834115806 0.013570822731128074 0.00782472613458529
0 0.5055131467345207 0.49608763693270735 0.01102629346904156 0.005477308294209703
0 0.5258693808312129 0.5101721439749609 0.026293469041560644 0.008607198748043818
0 0.4817642069550466 0.5043035993740219 0.019508057675996608 0.00782472613458529
0 0.4308736217133164 0.5031298904538342 0.013570822731128074 0.011737089201877934
0 0.3969465648854962 0.49061032863849763 0.024597116200169637 0.008998435054773083
0 0.3825275657336726 0.4956964006259781 0.011874469889737066 0.004303599374021909
0 0.3604749787955895 0.4765258215962441 0.011874469889737066 0.004694835680751174
0 0.26208651399491095 0.45461658841940533 0.06022052586938083 0.02112676056338028
0 0.2205258693808312 0.43740219092331767 0.016963528413910092 0.006651017214397496
0 0.21034775233248515 0.4471830985915493 0.015267175572519083 0.006651017214397496
0 0.2383375742154368 0.4769170579029734 0.019508057675996608 0.008215962441314555
0 0.3112807463952502 0.47926447574334896 0.009329940627650551 0.004694835680751174
0 0.38592027141645463 0.5121283255086072 0.05173876166242578 0.01643192488262911
0 0.3197625106022053 0.5011737089201878 0.02374893977947413 0.005868544600938967
0 0.30788804071246817 0.5223004694835681 0.04495335029686175 0.015258215962441314
0 0.272264631043257 0.513302034428795 0.017811704834605598 0.005477308294209703
0 0.24851569126378287 0.5082159624413145 0.016115351993214587 0.005868544600938967
0 0.21882951653944022 0.5144757433489828 0.02883799830364716 0.00782472613458529
0 0.3443596268023749 0.5305164319248826 0.011874469889737066 0.003912363067292645
0 0.38592027141645463 0.5438184663536776 0.01102629346904156 0.003912363067292645
0 0.41391009329940626 0.5273865414710485 0.01102629346904156 0.004694835680751174
0 0.45631891433418154 0.5277777777777778 0.016115351993214587 0.007042253521126761
0 0.49703138252756573 0.5289514866979655 0.01272264631043257 0.00782472613458529
0 0.5182357930449534 0.5277777777777778 0.027989821882951654 0.012519561815336464
0 0.4910941475826972 0.5485133020344288 0.010178117048346057 0.003912363067292645
0 0.47497879558948264 0.5492957746478874 0.01272264631043257 0.005086071987480438
0 0.45038167938931295 0.5485133020344288 0.01102629346904156 0.004694835680751174
0 0.49703138252756573 0.5579029733959311 0.010178117048346057 0.004303599374021909
0 0.5267175572519084 0.5712050078247262 0.01272264631043257 0.00782472613458529
0 0.3782866836301951 0.5774647887323944 0.009329940627650551 0.005477308294209703
0 0.34096692111959287 0.5845070422535211 0.011874469889737066 0.004303599374021909
0 0.24512298558100085 0.5841158059467919 0.010178117048346057 0.005477308294209703
0 0.55470737913486 0.5555555555555556 0.04240882103477523 0.01643192488262911
0 0.544529262086514 0.5449921752738655 0.016115351993214587 0.008998435054773083
0 0.5708227311280747 0.5305164319248826 0.020356234096692113 0.010954616588419406
0 0.5623409669211196 0.5187793427230047 0.021204410517387615 0.008215962441314555
0 0.5131467345207803 0.5183881064162754 0.01272264631043257 0.005868544600938967
0 0.6632739609838847 0.39475743348982784 0.024597116200169637 0.012128325508607199
0 0.9974554707379135 0.4014084507042254 0.004240882103477523 0.00782472613458529