0 0.832010582010582 0.2664930555555556 0.018849206349206348 0.013888888888888888
0 0.7716600529100529 0.04389880952380952 0.0205026455026455 0.016617063492063492
0 0.7164351851851852 0.06684027777777778 0.015873015873015872 0.01240079365079365
0 0.6650132275132276 0.08519345238095238 0.018187830687830687 0.014136904761904762
0 0.6908068783068783 0.10652281746031746 0.02943121693121693 0.020833333333333332
0 0.6656746031746031 0.12785218253968253 0.03439153439153439 0.03249007936507937
0 0.6403769841269841 0.1463293650793651 0.027447089947089946 0.025049603174603176
0 0.69130291005291 0.1480654761904762 0.022486772486772486 0.016121031746031748
0 0.689318783068783 0.18601190476190477 0.04894179894179894 0.03273809523809524
0 0.6438492063492064 0.1878720238095238 0.02976190476190476 0.021577380952380952
0 0.6421957671957672 0.22333829365079366 0.017857142857142856 0.012152777777777778
0 0.6916335978835979 0.22606646825396826 0.045304232804232805 0.034970238095238096
0 0.6312830687830688 0.25731646825396826 0.05787037037037037 0.044890873015873016
0 0.6311177248677249 0.29476686507936506 0.018187830687830687 0.011904761904761904
0 0.603505291005291 0.30654761904761907 0.035383597883597885 0.027281746031746032
0 0.65244708994709 0.3118799603174603 0.01917989417989418 0.01314484126984127
0 0.6246693121693122 0.3317212301587302 0.025793650793650792 0.019097222222222224
0 0.6264880952380952 0.36247519841269843 0.026455026455026454 0.02058531746031746
0 0.6040013227513228 0.3766121031746032 0.018518518518518517 0.013640873015873016
0 0.6028439153439153 0.3890128968253968 0.026455026455026454 0.011904761904761904
0 0.625 0.3959573412698413 0.014219576719576719 0.007192460317460317
0 0.6038359788359788 0.41021825396825395 0.008928571428571428 0.005456349206349206
0 0.6502976190476191 0.4069940476190476 0.011904761904761904 0.009672619047619048
0 0.6102843915343915 0.43787202380952384 0.013227513227513227 0.01066468253968254
0 0.6663359788359788 0.4289434523809524 0.009259259259259259 0.008928571428571428
0 0.6838624338624338 0.4517609126984127 0.01025132275132275 0.006448412698412698
0 0.7240410052910053 0.46056547619047616 0.014219576719576719 0.010912698412698412
0 0.7716600529100529 0.4662698412698413 0.016203703703703703 0.012648809523809524
0 0.8219246031746031 0.4290674603174603 0.02546296296296296 0.022569444444444444
0 0.8510251322751323 0.45771329365079366 0.015542328042328041 0.01488095238095238
0 0.8449074074074074 0.38876488095238093 0.013558201058201057 0.029265873015873016
0 0.826223544973545 0.3862847222222222 0.018187830687830687 0.016617063492063492
0 0.826223544973545 0.4045138888888889 0.006283068783068783 0.004712301587301587
0 0.9343584656084656 0.2709573412698413 0.017195767195767195 0.009672619047619048
0 0.9093915343915344 0.287078373015873 0.05720899470899471 0.03695436507936508
0 0.8811177248677249 0.30617559523809523 0.017195767195767195 0.011408730158730158
0 0.9424603174603174 0.19605654761904762 0.027447089947089946 0.024057539682539684
0 0.9163359788359788 0.21626984126984128 0.07076719576719577 0.05357142857142857
0 0.884755291005291 0.23152281746031747 0.016865079365079364 0.012152777777777778
0 0.8988095238095238 0.15438988095238096 0.03273809523809524 0.023561507936507936
0 0.8680555555555556 0.17125496031746032 0.028439153439153438 0.021825396825396824
0 0.8746693121693122 0.12909226190476192 0.02414021164021164 0.019345238095238096
0 0.9037698412698413 0.1117311507936508 0.018187830687830687 0.01240079365079365
0 0.8432539682539683 0.1134672619047619 0.03902116402116402 0.03447420634920635
0 0.8227513227513228 0.1392609126984127 0.015873015873015872 0.011160714285714286
0 0.7805886243386243 0.12189980158730158 0.08597883597883597 0.049107142857142856
0 0.7179232804232805 0.1293402777777778 0.027777777777777776 0.028025793650793652
0 0.7405753968253969 0.14868551587301587 0.023809523809523808 0.01636904761904762
0 0.7686838624338624 0.16827876984126985 0.020833333333333332 0.020833333333333332
0 0.7414021164021164 0.18700396825396826 0.04332010582010582 0.027777777777777776
0 0.8182870370370371 0.16964285714285715 0.027447089947089946 0.028025793650793652
0 0.7885251322751323 0.18948412698412698 0.032407407407407406 0.027777777777777776
0 0.7652116402116402 0.2078373015873016 0.018849206349206348 0.014632936507936508
0 0.8586309523809523 0.20982142857142858 0.021494708994708994 0.028769841269841268
0 0.8171296296296297 0.21279761904761904 0.03505291005291005 0.023809523809523808
0 0.7878637566137566 0.22767857142857142 0.02447089947089947 0.015128968253968254
0 0.7600859788359788 0.24516369047619047 0.04398148148148148 0.027529761904761904
0 0.7764550264550265 0.2648809523809524 0.008928571428571428 0.008432539682539682
0 0.7567791005291006 0.2638888888888889 0.01521164021164021 0.010416666666666666
0 0.7271825396825397 0.26376488095238093 0.0205026455026455 0.01488095238095238
0 0.6797288359788359 0.2615327380952381 0.013227513227513227 0.010168650793650794
0 0.6724537037037037 0.2829861111111111 0.028439153439153438 0.013392857142857142
0 0.7065145502645502 0.2828621031746032 0.02976190476190476 0.028273809523809524
0 0.75 0.28236607142857145 0.01488095238095238 0.012896825396825396
0 0.7245370370370371 0.2992311507936508 0.015873015873015872 0.012152777777777778
0 0.7038690476190477 0.3115079365079365 0.04828042328042328 0.03249007936507937
0 0.7341269841269841 0.33978174603174605 0.018187830687830687 0.015128968253968254
0 0.6946097883597884 0.3473462301587302 0.023809523809523808 0.01711309523809524
0 0.7124669312169312 0.36148313492063494 0.02513227513227513 0.020089285714285716
0 0.6708002645502645 0.3647073412698413 0.022156084656084655 0.015625
0 0.6608796296296297 0.37810019841269843 0.00992063492063492 0.009424603174603174
0 0.7106481481481481 0.39620535714285715 0.016534391534391533 0.018849206349206348
0 0.7542989417989417 0.400421626984127 0.016203703703703703 0.015128968253968254
0 0.7333002645502645 0.3767361111111111 0.018849206349206348 0.01636904761904762
0 0.7561177248677249 0.35974702380952384 0.015542328042328041 0.01240079365079365
0 0.781084656084656 0.3401537698412698 0.04861111111111111 0.03844246031746032
0 0.8029100529100529 0.3236607142857143 0.018187830687830687 0.013640873015873016
0 0.7870370370370371 0.3151041666666667 0.008597883597883597 0.015128968253968254
0 0.8513558201058201 0.3267609126984127 0.022486772486772486 0.031001984126984128
0 0.8556547619047619 0.28720238095238093 0.0205026455026455 0.023561507936507936
0 0.8288690476190477 0.30443948412698413 0.016534391534391533 0.011408730158730158
0 0.8058862433862434 0.29799107142857145 0.028108465608465607 0.023313492063492064
0 0.8305224867724867 0.23958333333333334 0.022156084656084655 0.020337301587301588
0 0.8589616402116402 0.24801587301587302 0.01951058201058201 0.013392857142857142
0 0.8667328042328042 0.26785714285714285 0.01488095238095238 0.012648809523809524
0 0.9715608465608465 0.031746031746031744 0.02976190476190476 0.017857142857142856
0 0.9174933862433863 0.025669642857142856 0.03736772486772487 0.011904761904761904
0 0.8520171957671958 0.02418154761904762 0.027777777777777776 0.01488095238095238
0 0.7974537037037037 0.023065476190476192 0.04563492063492063 0.019345238095238096
0 0.7448743386243386 0.021577380952380952 0.03373015873015873 0.021577380952380952
0 0.6916335978835979 0.02269345238095238 0.031084656084656083 0.026041666666666668
0 0.6645171957671958 0.04389880952380952 0.026455026455026454 0.023561507936507936
0 0.6124338624338624 0.044890873015873016 0.027777777777777776 0.0248015873015873
0 0.5877976190476191 0.0248015873015873 0.020833333333333332 0.015376984126984126
0 0.5631613756613757 0.04265873015873016 0.021164021164021163 0.018353174603174604
0 0.6170634920634921 0.08742559523809523 0.03736772486772487 0.021825396825396824
0 0.564318783068783 0.08692956349206349 0.028108465608465607 0.022569444444444444
0 0.6142526455026455 0.12859623015873015 0.01917989417989418 0.016121031746031748
0 0.5906084656084656 0.14719742063492064 0.0205026455026455 0.015376984126984126
0 0.5701058201058201 0.16480654761904762 0.03273809523809524 0.03050595238095238
0 0.5502645502645502 0.17373511904761904 0.005952380952380952 0.01711309523809524
0 0.6185515873015873 0.16703869047619047 0.03207671957671958 0.023561507936507936
0 0.5920965608465608 0.18340773809523808 0.03141534391534392 0.017361111111111112
0 0.5666335978835979 0.2113095238095238 0.02513227513227513 0.028769841269841268
0 0.6183862433862434 0.20386904761904762 0.021164021164021163 0.01314484126984127
0 0.5954034391534392 0.2238343253968254 0.03141534391534392 0.01984126984126984
0 0.564318783068783 0.23983134920634921 0.018518518518518517 0.013888888888888888
0 0.5798611111111112 0.2585565476190476 0.023478835978835978 0.016121031746031748
0 0.560515873015873 0.2744295634920635 0.028439153439153438 0.019345238095238096
0 0.5496031746031746 0.29203869047619047 0.003968253968253968 0.01314484126984127
0 0.5646494708994709 0.3080357142857143 0.03141534391534392 0.023313492063492064
0 0.560515873015873 0.3743799603174603 0.01951058201058201 0.030009920634920636
0 0.580026455026455 0.42311507936507936 0.010912698412698412 0.004712301587301587
0 0.5557208994708994 0.43601190476190477 0.013888888888888888 0.007688492063492063
0 0.5719246031746031 0.46825396825396826 0.008928571428571428 0.008928571428571428
0 0.5811838624338624 0.48660714285714285 0.01488095238095238 0.00992063492063492
0 0.6064814814814815 0.47445436507936506 0.017195767195767195 0.016617063492063492
0 0.62119708994709 0.494171626984127 0.012566137566137565 0.008432539682539682
0 0.6567460317460317 0.5044642857142857 0.010582010582010581 0.008432539682539682
0 0.6772486772486772 0.49094742063492064 0.015542328042328041 0.010912698412698412
0 0.6956018518518519 0.5140128968253969 0.008928571428571428 0.008928571428571428
0 0.7192460317460317 0.4990079365079365 0.022156084656084655 0.019097222222222224
0 0.7440476190476191 0.48449900793650796 0.010582010582010581 0.009672619047619048
0 0.765707671957672 0.5121527777777778 0.010912698412698412 0.008928571428571428
0 0.8176256613756614 0.5203373015873016 0.017195767195767195 0.009176587301587302
0 0.7933201058201058 0.4937996031746032 0.00992063492063492 0.007688492063492063
0 0.8783068783068783 0.5210813492063492 0.026455026455026454 0.014632936507936508
0 0.9072420634920635 0.5052083333333334 0.018518518518518517 0.01314484126984127
0 0.9330357142857143 0.5276537698412699 0.011904761904761904 0.006448412698412698
0 0.9808201058201058 0.5229414682539683 0.037698412698412696 0.021825396825396824
0 0.9580026455026455 0.4593253968253968 0.022156084656084655 0.010416666666666666
0 0.9325396825396826 0.43712797619047616 0.027116402116402115 0.020833333333333332
0 0.9859457671957672 0.3958333333333333 0.028108465608465607 0.017857142857142856
0 0.9613095238095238 0.373015873015873 0.023809523809523808 0.019345238095238096
0 0.9174933862433863 0.3993055555555556 0.012566137566137565 0.01488095238095238
0 0.90625 0.3706597222222222 0.035383597883597885 0.0248015873015873
0 0.8807870370370371 0.39050099206349204 0.03802910052910053 0.031994047619047616
0 0.986441798941799 0.3521825396825397 0.015542328042328041 0.01066468253968254
0 0.906415343915344 0.330109126984127 0.03835978835978836 0.03149801587301587
0 0.9791666666666666 0.30282738095238093 0.005952380952380952 0.004464285714285714
0 0.9599867724867724 0.29191468253968256 0.016203703703703703 0.009424603174603174
0 0.9826388888888888 0.275421626984127 0.034722222222222224 0.026041666666666668
0 0.9594907407407407 0.25806051587301587 0.01455026455026455 0.017609126984126984
0 0.9813161375661376 0.2378472222222222 0.02513227513227513 0.018105158730158732
0 0.9892526455026455 0.20027281746031747 0.021494708994708994 0.018105158730158732
0 0.9606481481481481 0.21713789682539683 0.02976190476190476 0.015128968253968254
0 0.988260582010582 0.16207837301587302 0.023478835978835978 0.044890873015873016
0 0.9786706349206349 0.13678075396825398 0.026124338624338623 0.022321428571428572
0 0.9465939153439153 0.1579861111111111 0.047619047619047616 0.046875
0 0.9857804232804233 0.09635416666666667 0.016534391534391533 0.013640873015873016
0 0.9904100529100529 0.052455357142857144 0.01917989417989418 0.025049603174603176
0 0.8497023809523809 0.0665922619047619 0.02513227513227513 0.019097222222222224
0 0.822255291005291 0.08655753968253968 0.017526455026455025 0.014384920634920634
0 0.7976190476190477 0.0665922619047619 0.045304232804232805 0.03869047619047619