0 0.8035714285714286 0.24578373015873015 0.018187830687830687 0.01314484126984127
0 0.7175925925925926 0.027777777777777776 0.01951058201058201 0.015873015873015872
0 0.6651785714285714 0.05431547619047619 0.01521164021164021 0.011904761904761904
0 0.6160714285714286 0.07601686507936507 0.017195767195767195 0.013640873015873016
0 0.6443452380952381 0.0954861111111111 0.028108465608465607 0.019593253968253968
0 0.6216931216931217 0.11842757936507936 0.032407407407407406 0.03149801587301587
0 0.5987103174603174 0.1385168650793651 0.025793650793650792 0.024057539682539684
0 0.6496362433862434 0.13690476190476192 0.021494708994708994 0.015376984126984126
0 0.6521164021164021 0.17485119047619047 0.046957671957671955 0.031001984126984128
0 0.6069775132275133 0.17956349206349206 0.028439153439153438 0.020337301587301588
0 0.609457671957672 0.21502976190476192 0.017195767195767195 0.011656746031746032
0 0.6590608465608465 0.21465773809523808 0.04298941798941799 0.033234126984126984
0 0.6026785714285714 0.2496279761904762 0.055224867724867725 0.04290674603174603
0 0.6068121693121693 0.28695436507936506 0.017526455026455025 0.011160714285714286
0 0.5806878306878307 0.3004712301587302 0.03373015873015873 0.026041666666666668
0 0.6299603174603174 0.30257936507936506 0.018518518518518517 0.01240079365079365
0 0.6046626984126984 0.32428075396825395 0.02447089947089947 0.018105158730158732
0 0.6101190476190477 0.35466269841269843 0.02513227513227513 0.019593253968253968
0 0.5892857142857143 0.37028769841269843 0.017857142857142856 0.012896825396825396
0 0.5896164021164021 0.38268849206349204 0.025793650793650792 0.010912698412698412
0 0.6124338624338624 0.3881448412698413 0.013558201058201057 0.006696428571428571
0 0.5930886243386243 0.4037698412698413 0.008597883597883597 0.00496031746031746
0 0.6388888888888888 0.3974454365079365 0.011243386243386243 0.009424603174603174
0 0.6025132275132276 0.43092757936507936 0.012566137566137565 0.010416666666666666
0 0.6575727513227513 0.4182787698412698 0.008928571428571428 0.008432539682539682
0 0.6775793650793651 0.4398561507936508 0.00958994708994709 0.006200396825396825
0 0.71875 0.4460565476190476 0.013558201058201057 0.010416666666666666
0 0.7666997354497355 0.4486607142857143 0.015542328042328041 0.012152777777777778
0 0.812334656084656 0.40835813492063494 0.023809523809523808 0.021577380952380952
0 0.8447420634920635 0.4350198412698413 0.01455026455026455 0.014384920634920634
0 0.8306878306878307 0.36669146825396826 0.011574074074074073 0.029017857142857144
0 0.8116732804232805 0.3654513888888889 0.017195767195767195 0.016121031746031748
0 0.8138227513227513 0.3835565476190476 0.005952380952380952 0.004464285714285714
0 0.906084656084656 0.24342757936507936 0.016865079365079364 0.009176587301587302
0 0.8831018518518519 0.26103670634920634 0.05489417989417989 0.034970238095238096
0 0.8571428571428571 0.2819940476190476 0.016534391534391533 0.010912698412698412
0 0.9054232804232805 0.16827876984126985 0.026124338624338623 0.023065476190476192
0 0.8817791005291006 0.19010416666666666 0.06746031746031746 0.05109126984126984
0 0.8520171957671958 0.20734126984126985 0.016203703703703703 0.011656746031746032
0 0.8571428571428571 0.1297123015873016 0.03141534391534392 0.022569444444444444
0 0.8285383597883598 0.1484375 0.026785714285714284 0.020833333333333332
0 0.830191798941799 0.10602678571428571 0.022817460317460316 0.018353174603174604
0 0.8571428571428571 0.08680555555555555 0.017526455026455025 0.011656746031746032
0 0.7971230158730159 0.09250992063492064 0.03670634920634921 0.033234126984126984
0 0.7795965608465608 0.1195436507936508 0.01521164021164021 0.01066468253968254
0 0.7356150793650794 0.10503472222222222 0.08300264550264551 0.045882936507936505
0 0.673941798941799 0.11644345238095238 0.026124338624338623 0.02703373015873016
0 0.6989087301587301 0.13430059523809523 0.022817460317460316 0.015376984126984126
0 0.7290013227513228 0.1519097222222222 0.01951058201058201 0.020089285714285716
0 0.7040343915343915 0.17237103174603174 0.041666666666666664 0.02628968253968254
0 0.7786044973544973 0.15004960317460317 0.025793650793650792 0.02703373015873016
0 0.7513227513227513 0.17175099206349206 0.030753968253968252 0.026785714285714284
0 0.7303240740740741 0.19159226190476192 0.017857142857142856 0.013888888888888888
0 0.8234126984126984 0.18737599206349206 0.01951058201058201 0.028025793650793652
0 0.7825727513227513 0.1932043650793651 0.03373015873015873 0.022569444444444444
0 0.7551256613756614 0.2099454365079365 0.023478835978835978 0.014136904761904762
0 0.7294973544973545 0.22904265873015872 0.042328042328042326 0.025793650793650792
0 0.748181216931217 0.24764384920634921 0.008597883597883597 0.007936507936507936
0 0.7283399470899471 0.24801587301587302 0.01455026455026455 0.00992063492063492
0 0.6989087301587301 0.24987599206349206 0.01951058201058201 0.014136904761904762
0 0.6512896825396826 0.2507440476190476 0.012566137566137565 0.00992063492063492
0 0.646494708994709 0.2725694444444444 0.027777777777777776 0.012152777777777778
0 0.6805555555555556 0.27021329365079366 0.028108465608465607 0.02703373015873016
0 0.7237103174603174 0.26686507936507936 0.014219576719576719 0.01240079365079365
0 0.7003968253968254 0.2853422619047619 0.01521164021164021 0.011656746031746032
0 0.6812169312169312 0.29898313492063494 0.046296296296296294 0.030753968253968252
0 0.7146164021164021 0.32502480158730157 0.017195767195767195 0.014632936507936508
0 0.6760912698412699 0.3351934523809524 0.022817460317460316 0.016121031746031748
0 0.6956018518518519 0.3480902777777778 0.023809523809523808 0.019097222222222224
0 0.654431216931217 0.3541666666666667 0.021164021164021163 0.01488095238095238
0 0.6461640211640212 0.3680555555555556 0.00958994708994709 0.008928571428571428
0 0.6977513227513228 0.3828125 0.01521164021164021 0.018353174603174604
0 0.7417328042328042 0.3841765873015873 0.01521164021164021 0.014632936507936508
0 0.7180886243386243 0.3619791666666667 0.017857142857142856 0.015625
0 0.7387566137566137 0.34362599206349204 0.01488095238095238 0.011904761904761904
0 0.7614087301587301 0.32242063492063494 0.046296296296296294 0.03670634920634921
0 0.78125 0.30456349206349204 0.017195767195767195 0.01314484126984127
0 0.7645502645502645 0.29712301587301587 0.007605820105820105 0.01488095238095238
0 0.8298611111111112 0.30443948412698413 0.0205026455026455 0.030257936507936508
0 0.8295304232804233 0.2647569444444444 0.01917989417989418 0.022817460317460316
0 0.8048941798941799 0.2837301587301587 0.015873015873015872 0.010912698412698412
0 0.78125 0.2787698412698413 0.026785714285714284 0.022321428571428572
0 0.7991071428571429 0.21899801587301587 0.020833333333333332 0.019593253968253968
0 0.8283730158730159 0.2255704365079365 0.018849206349206348 0.012648809523809524
0 0.8382936507936508 0.24479166666666666 0.014219576719576719 0.012152777777777778
0 0.9695767195767195 0.004092261904761905 0.018518518518518517 0.00818452380952381
0 0.9151785714285714 0.005456349206349206 0.028769841269841268 0.010912698412698412
0 0.8606150793650794 0.0026041666666666665 0.03670634920634921 0.005208333333333333
0 0.7951388888888888 0.00496031746031746 0.026785714285714284 0.00992063492063492
0 0.7409060846560847 0.007068452380952381 0.044642857142857144 0.014136904761904762
0 0.6881613756613757 0.008804563492063492 0.032407407407407406 0.017609126984126984
0 0.6354166666666666 0.012276785714285714 0.02943121693121693 0.024553571428571428
0 0.6109457671957672 0.034970238095238096 0.02513227513227513 0.022569444444444444
0 0.5590277777777778 0.03931051587301587 0.026455026455026454 0.023809523809523808
0 0.5322420634920635 0.020833333333333332 0.01984126984126984 0.014632936507936508
0 0.509755291005291 0.04017857142857143 0.01984126984126984 0.017609126984126984
0 0.5686177248677249 0.08134920634920635 0.036044973544973546 0.02058531746031746
0 0.5162037037037037 0.08432539682539683 0.026455026455026454 0.021577380952380952
0 0.5706018518518519 0.12251984126984126 0.018187830687830687 0.015376984126984126
0 0.5492724867724867 0.14260912698412698 0.01951058201058201 0.014632936507936508
0 0.5307539682539683 0.16145833333333334 0.030753968253968252 0.029513888888888888
0 0.5122354497354498 0.17162698412698413 0.004629629629629629 0.016865079365079364
0 0.5793650793650794 0.1605902777777778 0.030753968253968252 0.022569444444444444
0 0.5550595238095238 0.17857142857142858 0.03042328042328042 0.01636904761904762
0 0.5329034391534392 0.20808531746031747 0.023148148148148147 0.028025793650793652
0 0.5834986772486772 0.19729662698412698 0.0205026455026455 0.01240079365079365
0 0.5628306878306878 0.21862599206349206 0.03009259259259259 0.018849206349206348
0 0.5338955026455027 0.23660714285714285 0.017526455026455025 0.01314484126984127
0 0.5514219576719577 0.2542162698412698 0.022486772486772486 0.015128968253968254
0 0.5340608465608465 0.27132936507936506 0.027116402116402115 0.018353174603174604
0 0.5251322751322751 0.28955853174603174 0.002976190476190476 0.01314484126984127
0 0.5421626984126984 0.30443948412698413 0.03009259259259259 0.022321428571428572
0 0.5456349206349206 0.3709077380952381 0.017526455026455025 0.029513888888888888
0 0.5709325396825397 0.4181547619047619 0.010582010582010581 0.004464285714285714
0 0.5481150793650794 0.43266369047619047 0.013227513227513227 0.007192460317460317
0 0.5679563492063492 0.4636656746031746 0.008597883597883597 0.008432539682539682
0 0.5791997354497355 0.48139880952380953 0.01455026455026455 0.009424603174603174
0 0.6031746031746031 0.46763392857142855 0.016203703703703703 0.016121031746031748
0 0.6200396825396826 0.48623511904761907 0.012235449735449735 0.00818452380952381
0 0.6565806878306878 0.494171626984127 0.01025132275132275 0.00818452380952381
0 0.6754298941798942 0.4792906746031746 0.01488095238095238 0.010416666666666666
0 0.6964285714285714 0.5011160714285714 0.008597883597883597 0.008432539682539682
0 0.7182539682539683 0.48474702380952384 0.020833333333333332 0.018353174603174604
0 0.7414021164021164 0.46850198412698413 0.00992063492063492 0.009424603174603174
0 0.7662037037037037 0.4947916666666667 0.010582010582010581 0.008680555555555556
0 0.8187830687830688 0.49950396825396826 0.016865079365079364 0.008680555555555556
0 0.7915013227513228 0.474578373015873 0.00958994708994709 0.007192460317460317
0 0.8792989417989417 0.4962797619047619 0.02546296296296296 0.013640873015873016
0 0.90625 0.478546626984127 0.017857142857142856 0.01240079365079365
0 0.9345238095238095 0.4992559523809524 0.011243386243386243 0.006200396825396825
0 0.9816468253968254 0.4914434523809524 0.036375661375661374 0.02058531746031746
0 0.9515542328042328 0.42956349206349204 0.021825396825396824 0.009672619047619048
0 0.9236111111111112 0.40910218253968256 0.025793650793650792 0.01984126984126984
0 0.972718253968254 0.3645833333333333 0.028769841269841268 0.016617063492063492
0 0.9447751322751323 0.34337797619047616 0.022486772486772486 0.018601190476190476
0 0.9041005291005291 0.3723958333333333 0.011574074074074073 0.014632936507936508
0 0.8895502645502645 0.3446180555555556 0.03406084656084656 0.023561507936507936
0 0.8665674603174603 0.36594742063492064 0.036044973544973546 0.030753968253968252
0 0.9674272486772487 0.3209325396825397 0.01488095238095238 0.010168650793650794
0 0.8850859788359788 0.30419146825396826 0.036375661375661374 0.030257936507936508
0 0.9543650793650794 0.27232142857142855 0.005621693121693121 0.004216269841269841
0 0.9340277777777778 0.26264880952380953 0.015873015873015872 0.008928571428571428
0 0.9563492063492064 0.24479166666666666 0.036044973544973546 0.0248015873015873
0 0.9775132275132276 0.22581845238095238 0.012235449735449735 0.01066468253968254
0 0.9295634920634921 0.22891865079365079 0.013227513227513227 0.01711309523809524
0 0.9489087301587301 0.20734126984126985 0.023809523809523808 0.01711309523809524
0 0.9765211640211641 0.18663194444444445 0.03273809523809524 0.023313492063492064
0 0.9537037037037037 0.16939484126984128 0.022486772486772486 0.01711309523809524
0 0.9259259259259259 0.18812003968253968 0.028769841269841268 0.013888888888888888
0 0.9836309523809523 0.14769345238095238 0.016865079365079364 0.014384920634920634
0 0.9599867724867724 0.13058035714285715 0.045965608465608467 0.043154761904761904
0 0.9346891534391535 0.10689484126984126 0.02447089947089947 0.02132936507936508
0 0.9050925925925926 0.1300843253968254 0.044642857142857144 0.04513888888888889
0 0.9847883597883598 0.06696428571428571 0.010582010582010581 0.01488095238095238
0 0.9608134920634921 0.06262400793650794 0.010912698412698412 0.012152777777777778
0 0.9370039682539683 0.06609623015873016 0.015542328042328041 0.01314484126984127
0 0.9403108465608465 0.02194940476190476 0.02513227513227513 0.024057539682539684
0 0.7979497354497355 0.04538690476190476 0.023809523809523808 0.018105158730158732
0 0.7729828042328042 0.06708829365079365 0.016534391534391533 0.013888888888888888
0 0.74619708994709 0.04873511904761905 0.04298941798941799 0.03720238095238095