0 0.7281746031746031 0.24768518518518517 0.025049603174603176 0.0333994708994709
0 0.6935763888888888 0.27414021164021163 0.03273809523809524 0.04365079365079365
0 0.7198660714285714 0.2804232804232804 0.00744047619047619 0.00958994708994709
0 0.7142857142857143 0.29993386243386244 0.01488095238095238 0.013227513227513227
0 0.7331349206349206 0.30158730158730157 0.01711309523809524 0.027116402116402115
0 0.7025049603174603 0.3265542328042328 0.010168650793650794 0.012896825396825396
0 0.7418154761904762 0.31712962962962965 0.008680555555555556 0.011574074074074073
0 0.7300347222222222 0.328042328042328 0.02628968253968254 0.03141534391534392
0 0.7232142857142857 0.36144179894179895 0.012896825396825396 0.016203703703703703
0 0.7094494047619048 0.376984126984127 0.012152777777777778 0.01488095238095238
0 0.7030009920634921 0.3890542328042328 0.005952380952380952 0.009259259259259259
0 0.7330109126984127 0.37466931216931215 0.013640873015873016 0.018518518518518517
0 0.6960565476190477 0.41650132275132273 0.006696428571428571 0.009259259259259259
0 0.7052331349206349 0.43700396825396826 0.005456349206349206 0.007605820105820105
0 0.744171626984127 0.38921957671957674 0.010416666666666666 0.01521164021164021
0 0.7312748015873016 0.40674603174603174 0.00992063492063492 0.017195767195767195
0 0.7553323412698413 0.41104497354497355 0.008680555555555556 0.013888888888888888
0 0.7152777777777778 0.4580026455026455 0.005704365079365079 0.005952380952380952
0 0.7374751984126984 0.46511243386243384 0.007936507936507936 0.01025132275132275
0 0.7630208333333334 0.46941137566137564 0.008680555555555556 0.010582010582010581
0 0.7903025793650794 0.4366732804232804 0.012896825396825396 0.02017195767195767
0 0.8040674603174603 0.4611441798941799 0.007688492063492063 0.013558201058201057
0 0.8551587301587301 0.4646164021164021 0.01066468253968254 0.008928571428571428
0 0.8438740079365079 0.44576719576719576 0.013640873015873016 0.018518518518518517
0 0.8720238095238095 0.41187169312169314 0.014136904761904762 0.015542328042328041
0 0.8607390873015873 0.3912037037037037 0.012152777777777778 0.017195767195767195
0 0.8382936507936508 0.4130291005291005 0.006200396825396825 0.012896825396825396
0 0.8203125 0.404265873015873 0.019345238095238096 0.028439153439153438
0 0.8338293650793651 0.3878968253968254 0.017609126984126984 0.022156084656084655
0 0.8740079365079365 0.3738425925925926 0.00744047619047619 0.00958994708994709
0 0.8354414682539683 0.351521164021164 0.019593253968253968 0.028769841269841268
0 0.8727678571428571 0.3298611111111111 0.002728174603174603 0.003968253968253968
0 0.8635912698412699 0.3192791005291005 0.007936507936507936 0.008597883597883597
0 0.8767361111111112 0.30505952380952384 0.019593253968253968 0.02513227513227513
0 0.8891369047619048 0.2898478835978836 0.006448412698412698 0.00958994708994709
0 0.8386656746031746 0.31299603174603174 0.029265873015873016 0.03406084656084656
0 0.8519345238095238 0.29927248677248675 0.008680555555555556 0.008597883597883597
0 0.8650793650793651 0.28852513227513227 0.007688492063492063 0.016203703703703703
0 0.876984126984127 0.2705026455026455 0.012896825396825396 0.016865079365079364
0 0.8936011904761905 0.25496031746031744 0.019097222222222224 0.022486772486772486
0 0.8830605158730159 0.2371031746031746 0.011904761904761904 0.016203703703703703
0 0.8674355158730159 0.25132275132275134 0.015128968253968254 0.013888888888888888
0 0.8449900793650794 0.2490079365079365 0.035962301587301584 0.05026455026455026
0 0.8588789682539683 0.23148148148148148 0.014384920634920634 0.022156084656084655
0 0.8902529761904762 0.2035383597883598 0.025297619047619048 0.040674603174603176
0 0.8800843253968254 0.18022486772486773 0.013392857142857142 0.01951058201058201
0 0.863219246031746 0.1974206349206349 0.024305555555555556 0.04298941798941799
0 0.8439980158730159 0.15443121693121692 0.009424603174603174 0.011243386243386243
0 0.8283730158730159 0.16898148148148148 0.012648809523809524 0.017526455026455025
0 0.8131200396825397 0.1527777777777778 0.021081349206349208 0.03141534391534392
0 0.8013392857142857 0.17542989417989419 0.008432539682539682 0.01025132275132275
0 0.7803819444444444 0.15691137566137567 0.04538690476190476 0.04794973544973545
0 0.7719494047619048 0.1982473544973545 0.011656746031746032 0.01917989417989418
0 0.7977430555555556 0.20287698412698413 0.014136904761904762 0.02513227513227513
0 0.8229166666666666 0.20667989417989419 0.014632936507936508 0.018849206349206348
0 0.8391617063492064 0.1931216931216931 0.016617063492063492 0.021164021164021163
0 0.8167162698412699 0.24107142857142858 0.010912698412698412 0.025793650793650792
0 0.7951388888888888 0.24173280423280424 0.018601190476190476 0.021825396825396824
0 0.78125 0.21924603174603174 0.018105158730158732 0.02513227513227513
0 0.7564484126984127 0.2144510582010582 0.023313492063492064 0.027116402116402115
0 0.7683531746031746 0.23462301587301587 0.01066468253968254 0.013558201058201057
0 0.7790178571428571 0.25380291005291006 0.013392857142857142 0.014219576719576719
0 0.7633928571428571 0.2681878306878307 0.023809523809523808 0.026455026455026454
0 0.800719246031746 0.26686507936507936 0.012152777777777778 0.018849206349206348
0 0.8149801587301587 0.2757936507936508 0.010168650793650794 0.012235449735449735
0 0.8002232142857143 0.29133597883597884 0.010416666666666666 0.013227513227513227
0 0.8179563492063492 0.2941468253968254 0.007688492063492063 0.011574074074074073
0 0.8118799603174603 0.3113425925925926 0.01066468253968254 0.021825396825396824
0 0.7710813492063492 0.2875330687830688 0.00496031746031746 0.007605820105820105
0 0.7605406746031746 0.28587962962962965 0.00818452380952381 0.00958994708994709
0 0.7451636904761905 0.2843915343915344 0.010912698412698412 0.013888888888888888
0 0.7564484126984127 0.3029100529100529 0.00818452380952381 0.012566137566137565
0 0.7853422619047619 0.3192791005291005 0.015376984126984126 0.022156084656084655
0 0.7974950396825397 0.326223544973545 0.008928571428571428 0.010582010582010581
0 0.7746775793650794 0.3343253968253968 0.00496031746031746 0.01455026455026455
0 0.783234126984127 0.3425925925925926 0.009176587301587302 0.012566137566137565
0 0.7452876984126984 0.3551587301587302 0.010168650793650794 0.014219576719576719
0 0.7712053571428571 0.3568121693121693 0.026785714285714284 0.036375661375661374
0 0.7568204365079365 0.3740079365079365 0.00818452380952381 0.011904761904761904
0 0.7935267857142857 0.39914021164021163 0.009672619047619048 0.01488095238095238
0 0.8029513888888888 0.4017857142857143 0.00744047619047619 0.02546296296296296
0 0.793030753968254 0.4146825396825397 0.003224206349206349 0.003968253968253968
0 0.8236607142857143 0.32953042328042326 0.008928571428571428 0.010582010582010581
0 0.8080357142857143 0.3470568783068783 0.011656746031746032 0.028108465608465607
0 0.5199652777777778 0.19990079365079366 0.007192460317460317 0.013227513227513227
0 0.5302579365079365 0.20535714285714285 0.00818452380952381 0.013558201058201057
0 0.5384424603174603 0.21213624338624337 0.012648809523809524 0.013227513227513227
0 0.535094246031746 0.23131613756613756 0.009424603174603174 0.012896825396825396
0 0.5291418650793651 0.23776455026455026 0.005456349206349206 0.008267195767195767
0 0.5138888888888888 0.23131613756613756 0.002232142857142857 0.008267195767195767
0 0.5166170634920635 0.2447089947089947 0.009424603174603174 0.00958994708994709
0 0.5277777777777778 0.24950396825396826 0.008928571428571428 0.007275132275132275
0 0.5246775793650794 0.26240079365079366 0.009424603174603174 0.00992063492063492
0 0.5166170634920635 0.28257275132275134 0.01240079365079365 0.015542328042328041
0 0.5157490079365079 0.3100198412698413 0.01711309523809524 0.01488095238095238
0 0.5131448412698413 0.32953042328042326 0.006944444444444444 0.008928571428571428
0 0.5155009920634921 0.36044973544973546 0.016617063492063492 0.016203703703703703
0 0.5078125 0.3697089947089947 0.006696428571428571 0.009259259259259259
0 0.5130208333333334 0.37979497354497355 0.006448412698412698 0.006944444444444444
0 0.5075644841269841 0.419973544973545 0.009672619047619048 0.012566137566137565
0 0.5307539682539683 0.4332010582010582 0.003968253968253968 0.00496031746031746
0 0.5264136904761905 0.40162037037037035 0.004464285714285714 0.005291005291005291
0 0.535094246031746 0.392526455026455 0.005704365079365079 0.005291005291005291
0 0.5297619047619048 0.3814484126984127 0.004464285714285714 0.00496031746031746
0 0.5608878968253969 0.4366732804232804 0.00744047619047619 0.008597883597883597
0 0.5670882936507936 0.39599867724867727 0.003472222222222222 0.00496031746031746
0 0.5465029761904762 0.365244708994709 0.010416666666666666 0.013227513227513227
0 0.5715525793650794 0.35813492063492064 0.012648809523809524 0.016534391534391533
0 0.5438988095238095 0.3349867724867725 0.011160714285714286 0.012896825396825396
0 0.5684523809523809 0.3244047619047619 0.018105158730158732 0.018849206349206348
0 0.541046626984127 0.3019179894179894 0.015873015873015872 0.022486772486772486
0 0.5489831349206349 0.29580026455026454 0.006696428571428571 0.007936507936507936
0 0.5667162698412699 0.27992724867724866 0.00744047619047619 0.007275132275132275
0 0.5601438492063492 0.2683531746031746 0.006448412698412698 0.008597883597883597
0 0.5582837301587301 0.23875661375661375 0.017361111111111112 0.015873015873015872
0 0.5796130952380952 0.23412698412698413 0.010416666666666666 0.013227513227513227
0 0.9327876984126984 0.09639550264550265 0.01711309523809524 0.017195767195767195
0 0.9081101190476191 0.09060846560846561 0.010168650793650794 0.013888888888888888
0 0.8916170634920635 0.10664682539682539 0.013640873015873016 0.021164021164021163
0 0.8816964285714286 0.08333333333333333 0.015376984126984126 0.022817460317460316
0 0.8559027777777778 0.07539682539682539 0.020337301587301588 0.017526455026455025
0 0.8224206349206349 0.06977513227513228 0.014632936507936508 0.021494708994708994
0 0.7943948412698413 0.06448412698412699 0.024057539682539684 0.0248015873015873
0 0.7671130952380952 0.0603505291005291 0.018353174603174604 0.02414021164021164
0 0.7384672619047619 0.059854497354497355 0.017361111111111112 0.023478835978835978
0 0.722594246031746 0.07705026455026455 0.014384920634920634 0.020833333333333332
0 0.6946924603174603 0.0744047619047619 0.015376984126984126 0.021825396825396824
0 0.6675347222222222 0.0679563492063492 0.011904761904761904 0.016865079365079364
0 0.6817956349206349 0.05324074074074074 0.011408730158730158 0.013888888888888888
0 0.6659226190476191 0.1099537037037037 0.01488095238095238 0.020833333333333332
0 0.6948164682539683 0.11392195767195767 0.02132936507936508 0.01951058201058201
0 0.6909722222222222 0.15228174603174602 0.010416666666666666 0.015542328042328041
0 0.6768353174603174 0.167989417989418 0.011904761904761904 0.01488095238095238
0 0.6643105158730159 0.18353174603174602 0.019345238095238096 0.02976190476190476
0 0.6516617063492064 0.18948412698412698 0.004712301587301587 0.017526455026455025
0 0.6763392857142857 0.20287698412698413 0.017857142857142856 0.017195767195767195
0 0.6598462301587301 0.2275132275132275 0.015376984126984126 0.028439153439153438
0 0.6893601190476191 0.22321428571428573 0.011656746031746032 0.012896825396825396
0 0.6759672619047619 0.2414021164021164 0.01711309523809524 0.01917989417989418
0 0.6569940476190477 0.2542989417989418 0.01066468253968254 0.013558201058201057
0 0.6653025793650794 0.273478835978836 0.012152777777777778 0.015542328042328041
0 0.6533978174603174 0.2873677248677249 0.015376984126984126 0.01917989417989418
0 0.6442212301587301 0.302744708994709 0.00496031746031746 0.01951058201058201
0 0.6531498015873016 0.31960978835978837 0.017857142857142856 0.023478835978835978
0 0.6755952380952381 0.3194444444444444 0.019593253968253968 0.027116402116402115
0 0.6915922619047619 0.30968915343915343 0.00992063492063492 0.011904761904761904
0 0.6856398809523809 0.34441137566137564 0.014136904761904762 0.018518518518518517
0 0.6400049603174603 0.3687169312169312 0.003224206349206349 0.02513227513227513
0 0.6372767857142857 0.4001322751322751 0.003968253968253968 0.012235449735449735
0 0.6334325396825397 0.4581679894179894 0.003224206349206349 0.01025132275132275
0 0.685515873015873 0.37334656084656087 0.014136904761904762 0.01984126984126984
0 0.6712549603174603 0.38673941798941797 0.01066468253968254 0.013558201058201057
0 0.6463293650793651 0.3834325396825397 0.011408730158730158 0.0291005291005291
0 0.6700148809523809 0.39880952380952384 0.014632936507936508 0.012235449735449735
0 0.6822916666666666 0.40575396825396826 0.007688492063492063 0.007275132275132275
0 0.6693948412698413 0.4193121693121693 0.00496031746031746 0.005291005291005291
0 0.6550099206349206 0.43154761904761907 0.005952380952380952 0.004629629629629629
0 0.6408730158730159 0.4439484126984127 0.00744047619047619 0.007275132275132275
0 0.6486855158730159 0.47453703703703703 0.00496031746031746 0.008267195767195767
0 0.654265873015873 0.4914021164021164 0.008432539682539682 0.009259259259259259
0 0.6696428571428571 0.4798280423280423 0.00992063492063492 0.015873015873015872
0 0.6788194444444444 0.4975198412698413 0.006944444444444444 0.008267195767195767
0 0.671875 0.4462632275132275 0.00744047619047619 0.010582010582010581
0 0.7108134920634921 0.49289021164021163 0.009176587301587302 0.00958994708994709
0 0.6990327380952381 0.5052910052910053 0.005704365079365079 0.007936507936507936
0 0.7212301587301587 0.5124007936507936 0.00496031746031746 0.007605820105820105
0 0.7342509920634921 0.4988425925925926 0.012152777777777778 0.016865079365079364
0 0.7455357142857143 0.5201719576719577 0.005456349206349206 0.007936507936507936
0 0.748015873015873 0.48561507936507936 0.005456349206349206 0.008267195767195767
0 0.7589285714285714 0.5084325396825397 0.005952380952380952 0.007605820105820105
0 0.7736855158730159 0.49206349206349204 0.005208333333333333 0.006613756613756613
0 0.7855902777777778 0.5153769841269841 0.008928571428571428 0.011904761904761904
0 0.7989831349206349 0.5348875661375662 0.011656746031746032 0.010912698412698412
0 0.8146081349206349 0.517526455026455 0.012896825396825396 0.017857142857142856
0 0.8289930555555556 0.5021494708994709 0.009176587301587302 0.011574074074074073
0 0.8258928571428571 0.5360449735449735 0.008432539682539682 0.011574074074074073
0 0.8401537698412699 0.5216600529100529 0.005456349206349206 0.006944444444444444
0 0.8670634920634921 0.5254629629629629 0.028273809523809524 0.037698412698412696
0 0.8814484126984127 0.5052910052910053 0.00744047619047619 0.00958994708994709
0 0.892609126984127 0.5277777777777778 0.01240079365079365 0.012566137566137565
0 0.9055059523809523 0.5438161375661376 0.005952380952380952 0.007605820105820105
0 0.9187748015873016 0.5271164021164021 0.011904761904761904 0.017195767195767195
0 0.9429563492063492 0.5307539682539683 0.007192460317460317 0.00958994708994709
0 0.9552331349206349 0.5461309523809523 0.007192460317460317 0.008597883597883597
0 0.9795386904761905 0.5160383597883598 0.006944444444444444 0.006613756613756613
0 0.9435763888888888 0.49404761904761907 0.007192460317460317 0.007275132275132275
0 0.9196428571428571 0.49189814814814814 0.008432539682539682 0.012896825396825396
0 0.9317956349206349 0.47337962962962965 0.008432539682539682 0.008267195767195767
0 0.8937251984126984 0.4879298941798942 0.00496031746031746 0.007936507936507936
0 0.9329117063492064 0.4373346560846561 0.01488095238095238 0.017857142857142856
0 0.9463045634920635 0.42228835978835977 0.012152777777777778 0.017857142857142856
0 0.9692460317460317 0.4224537037037037 0.011408730158730158 0.018849206349206348
0 0.958953373015873 0.4041005291005291 0.013888888888888888 0.01521164021164021
0 0.9205109126984127 0.4169973544973545 0.013888888888888888 0.016203703703703703
0 0.9461805555555556 0.3862433862433862 0.008432539682539682 0.012235449735449735
0 0.9099702380952381 0.398478835978836 0.016121031746031748 0.018187830687830687
0 0.8957093253968254 0.4128637566137566 0.016617063492063492 0.022817460317460316
0 0.8975694444444444 0.37880291005291006 0.012152777777777778 0.0248015873015873
0 0.935515873015873 0.36590608465608465 0.009424603174603174 0.011574074074074073
0 0.9485367063492064 0.34970238095238093 0.008680555555555556 0.012235449735449735
0 0.9242311507936508 0.34738756613756616 0.013392857142857142 0.020833333333333332
0 0.9131944444444444 0.326223544973545 0.018849206349206348 0.028108465608465607
0 0.9366319444444444 0.330026455026455 0.023313492063492064 0.01488095238095238
0 0.9259672619047619 0.31299603174603174 0.009424603174603174 0.01455026455026455
0 0.9610615079365079 0.3019179894179894 0.009176587301587302 0.010912698412698412
0 0.9196428571428571 0.2767857142857143 0.008432539682539682 0.00958994708994709
0 0.9435763888888888 0.267526455026455 0.014136904761904762 0.023148148148148147
0 0.9176587301587301 0.2605820105820106 0.014384920634920634 0.016203703703703703
0 0.9487847222222222 0.23197751322751323 0.018105158730158732 0.013227513227513227
0 0.9231150793650794 0.226521164021164 0.023561507936507936 0.02546296296296296
0 0.9002976190476191 0.2208994708994709 0.009424603174603174 0.013888888888888888
0 0.9148065476190477 0.20734126984126985 0.01711309523809524 0.018518518518518517
0 0.9304315476190477 0.19262566137566137 0.010416666666666666 0.013888888888888888
0 0.9363839285714286 0.15575396825396826 0.012648809523809524 0.018518518518518517
0 0.9105902777777778 0.15029761904761904 0.00992063492063492 0.014219576719576719
0 0.8974454365079365 0.14368386243386244 0.005704365079365079 0.011574074074074073
0 0.8856646825396826 0.14434523809523808 0.00818452380952381 0.011904761904761904
0 0.7797619047619048 0.08564814814814815 0.010912698412698412 0.014219576719576719
0 0.7922867063492064 0.10730820105820106 0.025049603174603176 0.035383597883597885
0 0.8189484126984127 0.11078042328042328 0.013392857142857142 0.017526455026455025
0 0.8039434523809523 0.12797619047619047 0.009176587301587302 0.012896825396825396
0 0.7496279761904762 0.10201719576719577 0.008928571428571428 0.011904761904761904
0 0.7211061507936508 0.11574074074074074 0.009672619047619048 0.012896825396825396
0 0.7338789682539683 0.13740079365079366 0.016617063492063492 0.01917989417989418
0 0.7192460317460317 0.1552579365079365 0.019097222222222224 0.031746031746031744
0 0.7320188492063492 0.175760582010582 0.01240079365079365 0.01521164021164021
0 0.7472718253968254 0.16021825396825398 0.015376984126984126 0.026124338624338623
0 0.7581845238095238 0.17939814814814814 0.012896825396825396 0.01521164021164021
0 0.7042410714285714 0.17080026455026456 0.015625 0.023478835978835978
0 0.691344246031746 0.1886574074074074 0.018353174603174604 0.023478835978835978
0 0.7041170634920635 0.2099867724867725 0.016617063492063492 0.020833333333333332
0 0.7290426587301587 0.21048280423280424 0.02703373015873016 0.031746031746031744
0 0.7017609126984127 0.24305555555555555 0.009424603174603174 0.011574074074074073