0 0.9497354497354498 0.3559027777777778 0.018849206349206348 0.018105158730158732
0 0.7081679894179894 0.25223214285714285 0.05291005291005291 0.03447420634920635
0 0.7025462962962963 0.2934027777777778 0.03505291005291005 0.028769841269841268
0 0.6999007936507936 0.3324652777777778 0.03306878306878307 0.022817460317460316
0 0.7080026455026455 0.35987103174603174 0.010582010582010581 0.013888888888888888
0 0.6727843915343915 0.35193452380952384 0.03406084656084656 0.03050595238095238
0 0.6493055555555556 0.29092261904761907 0.018849206349206348 0.030009920634920636
0 0.6798941798941799 0.2707093253968254 0.016865079365079364 0.01066468253968254
0 0.65625 0.2516121031746032 0.018187830687830687 0.022817460317460316
0 0.6684854497354498 0.23313492063492064 0.01521164021164021 0.011408730158730158
0 0.6335978835978836 0.23115079365079366 0.017857142857142856 0.012648809523809524
0 0.6617063492063492 0.21341765873015872 0.01951058201058201 0.01240079365079365
0 0.6607142857142857 0.17547123015873015 0.017195767195767195 0.028273809523809524
0 0.6684854497354498 0.13665674603174602 0.027116402116402115 0.020833333333333332
0 0.6989087301587301 0.12239583333333333 0.03009259259259259 0.022817460317460316
0 0.7453703703703703 0.12748015873015872 0.03869047619047619 0.047867063492063495
0 0.6868386243386243 0.19766865079365079 0.015873015873015872 0.011656746031746032
0 0.7162698412698413 0.1843998015873016 0.0625 0.052083333333333336
0 0.7412367724867724 0.1654265873015873 0.02447089947089947 0.021577380952380952
0 0.7599206349206349 0.18625992063492064 0.027116402116402115 0.01314484126984127
0 0.7333002645502645 0.23722718253968253 0.01488095238095238 0.008680555555555556
0 0.7585978835978836 0.22544642857142858 0.012896825396825396 0.01636904761904762
0 0.7786044973544973 0.20634920634920634 0.021825396825396824 0.015376984126984126
0 0.8019179894179894 0.2261904761904762 0.011904761904761904 0.009672619047619048
0 0.779431216931217 0.24231150793650794 0.03306878306878307 0.023065476190476192
0 0.7562830687830688 0.2570684523809524 0.014219576719576719 0.008432539682539682
0 0.7731481481481481 0.26773313492063494 0.00496031746031746 0.003968253968253968
0 0.7741402116402116 0.3542906746031746 0.02414021164021164 0.015625
0 0.751818783068783 0.3334573412698413 0.022486772486772486 0.017609126984126984
0 0.7764550264550265 0.31361607142857145 0.012566137566137565 0.009672619047619048
0 0.8196097883597884 0.3169642857142857 0.01984126984126984 0.025297619047619048
0 0.84375 0.3368055555555556 0.026455026455026454 0.017361111111111112
0 0.8181216931216931 0.3531746031746032 0.03009259259259259 0.021825396825396824
0 0.7433862433862434 0.41443452380952384 0.01951058201058201 0.008680555555555556
0 0.7200727513227513 0.3949652777777778 0.02414021164021164 0.018601190476190476
0 0.638723544973545 0.4177827380952381 0.01455026455026455 0.013640873015873016
0 0.6116071428571429 0.3916170634920635 0.02414021164021164 0.021577380952380952
0 0.6178902116402116 0.3671875 0.005621693121693121 0.004216269841269841
0 0.6383928571428571 0.35181051587301587 0.012566137566137565 0.028273809523809524
0 0.6178902116402116 0.349578373015873 0.016865079365079364 0.015625
0 0.5798611111111112 0.30493551587301587 0.04398148148148148 0.03670634920634921
0 0.5868055555555556 0.2803819444444444 0.008597883597883597 0.01488095238095238
0 0.6011904761904762 0.28856646825396826 0.017526455026455025 0.012896825396825396
0 0.6276455026455027 0.26959325396825395 0.016865079365079364 0.011408730158730158
0 0.6056547619047619 0.26252480158730157 0.026785714285714284 0.022321428571428572
0 0.5492724867724867 0.24627976190476192 0.01521164021164021 0.01314484126984127
0 0.5767195767195767 0.22891865079365079 0.008597883597883597 0.007688492063492063
0 0.5555555555555556 0.22743055555555555 0.015542328042328041 0.010416666666666666
0 0.6334325396825397 0.20461309523809523 0.021825396825396824 0.018601190476190476
0 0.5881283068783069 0.1909722222222222 0.02513227513227513 0.014384920634920634
0 0.6188822751322751 0.17646329365079366 0.03505291005291005 0.023313492063492064
0 0.5874669312169312 0.15128968253968253 0.0333994708994709 0.02554563492063492
0 0.6187169312169312 0.13206845238095238 0.0248015873015873 0.027777777777777776
0 0.6220238095238095 0.10205853174603174 0.01521164021164021 0.011408730158730158
0 0.5778769841269841 0.0804811507936508 0.08630952380952381 0.052083333333333336
0 0.6207010582010583 0.04799107142857143 0.017526455026455025 0.014632936507936508
0 0.6423611111111112 0.07663690476190477 0.03802910052910053 0.03125
0 0.6747685185185185 0.0951140873015873 0.023148148148148147 0.017857142857142856
0 0.7038690476190477 0.07936507936507936 0.017857142857142856 0.01240079365079365
0 0.7756283068783069 0.10887896825396826 0.022817460317460316 0.021577380952380952
0 0.7824074074074074 0.07018849206349206 0.014219576719576719 0.012896825396825396
0 0.8048941798941799 0.06932043650793651 0.009259259259259259 0.011904761904761904
0 0.8305224867724867 0.07700892857142858 0.018187830687830687 0.013888888888888888
0 0.876984126984127 0.08333333333333333 0.021494708994708994 0.019097222222222224
0 0.7974537037037037 0.1349206349206349 0.04497354497354497 0.039186507936507936
0 0.8692129629629629 0.12313988095238096 0.016534391534391533 0.014632936507936508
0 0.8420965608465608 0.1385168650793651 0.02943121693121693 0.017857142857142856
0 0.8171296296296297 0.1535218253968254 0.016534391534391533 0.01314484126984127
0 0.7867063492063492 0.17100694444444445 0.0205026455026455 0.016617063492063492
0 0.8080357142857143 0.1896081349206349 0.03306878306878307 0.021825396825396824
0 0.8587962962962963 0.1589781746031746 0.04034391534391534 0.021825396825396824
0 0.904265873015873 0.16431051587301587 0.03042328042328042 0.012896825396825396
0 0.8513558201058201 0.19481646825396826 0.02447089947089947 0.015128968253968254
0 0.8558201058201058 0.21155753968253968 0.014219576719576719 0.008928571428571428
0 0.8981481481481481 0.20089285714285715 0.023148148148148147 0.022817460317460316
0 0.9303902116402116 0.2353670634920635 0.01455026455026455 0.010416666666666666
0 0.8695436507936508 0.2478918650793651 0.016203703703703703 0.012896825396825396
0 0.8467261904761905 0.2615327380952381 0.031084656084656083 0.027529761904761904
0 0.8890542328042328 0.2647569444444444 0.04034391534391534 0.014632936507936508
0 0.8673941798941799 0.2828621031746032 0.021825396825396824 0.019593253968253968
0 0.9113756613756614 0.2839781746031746 0.014219576719576719 0.011408730158730158
0 0.888558201058201 0.3012152777777778 0.015873015873015872 0.011656746031746032
0 0.8647486772486772 0.3550347222222222 0.023148148148148147 0.015376984126984126
0 0.9085648148148148 0.3210565476190476 0.014219576719576719 0.011656746031746032
0 0.8659060846560847 0.01922123015873016 0.02976190476190476 0.017857142857142856
0 0.8197751322751323 0.011408730158730158 0.016865079365079364 0.015128968253968254
0 0.7900132275132276 0.028149801587301588 0.02447089947089947 0.023065476190476192
0 0.7685185185185185 0.006448412698412698 0.027116402116402115 0.012896825396825396
0 0.6484788359788359 0.029265873015873016 0.023809523809523808 0.019345238095238096
0 0.5950727513227513 0.024429563492063492 0.04728835978835979 0.03546626984126984
0 0.5669642857142857 0.00248015873015873 0.020833333333333332 0.00496031746031746
0 0.5076058201058201 0.017981150793650792 0.016865079365079364 0.011904761904761904
0 0.4887566137566138 0.05890376984126984 0.014219576719576719 0.020337301587301588
0 0.5105820105820106 0.08482142857142858 0.0291005291005291 0.028769841269841268
0 0.4880952380952381 0.1032986111111111 0.010912698412698412 0.016121031746031748
0 0.5362103174603174 0.10689484126984126 0.02513227513227513 0.016121031746031748
0 0.49503968253968256 0.14558531746031747 0.023148148148148147 0.028769841269841268
0 0.5658068783068783 0.12834821428571427 0.01984126984126984 0.02058531746031746
0 0.5373677248677249 0.14732142857142858 0.044642857142857144 0.027777777777777776
0 0.49636243386243384 0.18601190476190477 0.023478835978835978 0.0339781746031746
0 0.5629960317460317 0.16902281746031747 0.018849206349206348 0.014632936507936508
0 0.5583664021164021 0.2074652777777778 0.045965608465608467 0.028273809523809524
0 0.5234788359788359 0.22631448412698413 0.022486772486772486 0.015128968253968254
0 0.5016534391534392 0.2465277777777778 0.031746031746031744 0.027529761904761904
0 0.5213293650793651 0.26351686507936506 0.016203703703703703 0.01240079365079365
0 0.5054563492063492 0.2761656746031746 0.037698412698412696 0.03273809523809524
0 0.49537037037037035 0.31374007936507936 0.015542328042328041 0.015873015873015872
0 0.5089285714285714 0.32775297619047616 0.026124338624338623 0.019097222222222224
0 0.5319113756613757 0.3055555555555556 0.018518518518518517 0.01488095238095238
0 0.552744708994709 0.3253968253968254 0.015873015873015872 0.011656746031746032
0 0.5300925925925926 0.3428819444444444 0.018518518518518517 0.015128968253968254
0 0.5051256613756614 0.36321924603174605 0.01521164021164021 0.018353174603174604
0 0.5484457671957672 0.36594742063492064 0.015542328042328041 0.014384920634920634
0 0.5152116402116402 0.42757936507936506 0.014219576719576719 0.010912698412698412
0 0.5611772486772487 0.4304315476190476 0.013558201058201057 0.011408730158730158
0 0.5338955026455027 0.44990079365079366 0.01025132275132275 0.008928571428571428
0 0.5084325396825397 0.46589781746031744 0.021164021164021163 0.017609126984126984
0 0.5289351851851852 0.4897073412698413 0.01025132275132275 0.009424603174603174
0 0.5537367724867724 0.47544642857142855 0.010582010582010581 0.00818452380952381
0 0.5813492063492064 0.4557291666666667 0.008928571428571428 0.006944444444444444
0 0.6021825396825397 0.4817708333333333 0.017526455026455025 0.01240079365079365
0 0.6618716931216931 0.47953869047619047 0.02447089947089947 0.019097222222222224
0 0.6302910052910053 0.5017361111111112 0.023478835978835978 0.008928571428571428
0 0.685515873015873 0.4990079365079365 0.016203703703703703 0.011904761904761904
0 0.7144510582010583 0.4802827380952381 0.01025132275132275 0.007688492063492063
0 0.6909722222222222 0.45982142857142855 0.016203703703703703 0.011656746031746032
0 0.767691798941799 0.47941468253968256 0.052248677248677246 0.038938492063492064
0 0.7946428571428571 0.4544890873015873 0.013558201058201057 0.009672619047619048
0 0.8166335978835979 0.47681051587301587 0.022486772486772486 0.012896825396825396
0 0.841765873015873 0.49206349206349204 0.010912698412698412 0.007688492063492063
0 0.8657407407407407 0.4711061507936508 0.02017195767195767 0.017361111111111112
0 0.8176256613756614 0.43353174603174605 0.008597883597883597 0.00818452380952381
0 0.8655753968253969 0.4339037698412698 0.014219576719576719 0.012648809523809524
0 0.9097222222222222 0.47160218253968256 0.011904761904761904 0.009176587301587302
0 0.9322089947089947 0.48586309523809523 0.011904761904761904 0.008432539682539682
0 0.972718253968254 0.4503968253968254 0.011574074074074073 0.005704365079365079
0 0.9092261904761905 0.43266369047619047 0.011904761904761904 0.006944444444444444
0 0.8865740740740741 0.41257440476190477 0.013558201058201057 0.008432539682539682
0 0.8874007936507936 0.37512400793650796 0.02414021164021164 0.017361111111111112
0 0.9103835978835979 0.3577628968253968 0.02017195767195767 0.016617063492063492
0 0.9312169312169312 0.33804563492063494 0.022486772486772486 0.014384920634920634