0 0.10579427083333333 0.689208984375 0.037760416666666664 0.0361328125
0 0.5859375 0.4912109375 0.10611979166666667 0.06884765625
0 0.5950520833333334 0.572509765625 0.0703125 0.0576171875
0 0.5986328125 0.6494140625 0.06575520833333333 0.04541015625
0 0.5810546875 0.703125 0.021484375 0.02734375
0 0.6510416666666666 0.6884765625 0.068359375 0.060546875
0 0.7001953125 0.56884765625 0.038411458333333336 0.0595703125
0 0.6409505208333334 0.5283203125 0.033203125 0.021484375
0 0.6881510416666666 0.491455078125 0.036458333333333336 0.04541015625
0 0.6650390625 0.45458984375 0.030598958333333332 0.02294921875
0 0.7337239583333334 0.45166015625 0.035807291666666664 0.025390625
0 0.6793619791666666 0.416015625 0.0390625 0.02490234375
0 0.6826171875 0.34130859375 0.03515625 0.05615234375
0 0.6692708333333334 0.2646484375 0.0546875 0.0419921875
0 0.6100260416666666 0.23583984375 0.059895833333333336 0.04541015625
0 0.5185546875 0.24462890625 0.07877604166666667 0.09521484375
0 0.6305338541666666 0.384521484375 0.031901041666666664 0.0234375
0 0.5732421875 0.357421875 0.125 0.10400390625
0 0.5247395833333334 0.319580078125 0.049479166666666664 0.04296875
0 0.4869791666666667 0.360107421875 0.054036458333333336 0.02685546875
0 0.537109375 0.461181640625 0.029296875 0.017578125
0 0.4879557291666667 0.437255859375 0.026041666666666668 0.0322265625
0 0.4495442708333333 0.399169921875 0.043619791666666664 0.03076171875
0 0.4026692708333333 0.4375 0.0234375 0.01904296875
0 0.4462890625 0.469970703125 0.06575520833333333 0.0458984375
0 0.4908854166666667 0.49951171875 0.027994791666666668 0.0166015625
0 0.4573567708333333 0.52001953125 0.010416666666666666 0.00830078125
0 0.4514973958333333 0.6904296875 0.048177083333333336 0.03125
0 0.4964192708333333 0.650146484375 0.044921875 0.03515625
0 0.4485677083333333 0.6103515625 0.024739583333333332 0.01904296875
0 0.3639322916666667 0.615966796875 0.039713541666666664 0.05029296875
0 0.3151041666666667 0.654052734375 0.052734375 0.03515625
0 0.3649088541666667 0.687255859375 0.060546875 0.04345703125
0 0.5091145833333334 0.809814453125 0.038411458333333336 0.017578125
0 0.5559895833333334 0.77197265625 0.048828125 0.037109375
0 0.7151692708333334 0.819091796875 0.029296875 0.02685546875
0 0.7698567708333334 0.76806640625 0.048828125 0.04296875
0 0.7581380208333334 0.719970703125 0.01171875 0.0087890625
0 0.71875 0.689208984375 0.026041666666666668 0.0556640625
0 0.7591145833333334 0.685302734375 0.033854166666666664 0.03125
0 0.8362630208333334 0.598388671875 0.087890625 0.0732421875
0 0.8235677083333334 0.5498046875 0.017578125 0.02978515625
0 0.794921875 0.565673828125 0.03515625 0.02587890625
0 0.7438151041666666 0.527587890625 0.033854166666666664 0.02294921875
0 0.7874348958333334 0.51416015625 0.053385416666666664 0.044921875
0 0.8987630208333334 0.48388671875 0.030598958333333332 0.0263671875
0 0.845703125 0.44873046875 0.016927083333333332 0.015625
0 0.8876953125 0.4462890625 0.030598958333333332 0.02099609375
0 0.7353515625 0.3994140625 0.044270833333333336 0.037109375
0 0.8251953125 0.373779296875 0.050130208333333336 0.029296875
0 0.7652994791666666 0.344482421875 0.06966145833333333 0.046875
0 0.828125 0.2958984375 0.06640625 0.05078125
0 0.767578125 0.257080078125 0.050130208333333336 0.05517578125
0 0.7623697916666666 0.19775390625 0.030598958333333332 0.02294921875
0 0.8502604166666666 0.15673828125 0.171875 0.10498046875
0 0.7672526041666666 0.091552734375 0.03515625 0.029296875
0 0.7236328125 0.1474609375 0.076171875 0.0625
0 0.6588541666666666 0.182861328125 0.046223958333333336 0.03564453125
0 0.6022135416666666 0.151123046875 0.035807291666666664 0.02490234375
0 0.4596354166666667 0.20751953125 0.046223958333333336 0.04296875
0 0.4482421875 0.130859375 0.028645833333333332 0.025390625
0 0.4039713541666667 0.12890625 0.018880208333333332 0.02392578125
0 0.3531901041666667 0.14306640625 0.036458333333333336 0.02783203125
0 0.2613932291666667 0.154296875 0.043619791666666664 0.0380859375
0 0.4156901041666667 0.258056640625 0.08984375 0.07861328125
0 0.2747395833333333 0.23291015625 0.033203125 0.029296875
0 0.3274739583333333 0.26416015625 0.05859375 0.03564453125
0 0.3763020833333333 0.294189453125 0.033203125 0.0263671875
0 0.4352213541666667 0.329345703125 0.041015625 0.033203125
0 0.3922526041666667 0.365478515625 0.06640625 0.04345703125
0 0.2936197916666667 0.3037109375 0.08072916666666667 0.0439453125
0 0.20377604166666666 0.313232421875 0.060546875 0.02587890625
0 0.306640625 0.37451171875 0.048828125 0.03076171875
0 0.2972005208333333 0.407470703125 0.027994791666666668 0.017578125
0 0.21419270833333334 0.38525390625 0.046223958333333336 0.04541015625
0 0.14908854166666666 0.452392578125 0.028645833333333332 0.0205078125
0 0.2685546875 0.478515625 0.032552083333333336 0.02587890625
0 0.3128255208333333 0.506103515625 0.0625 0.0546875
0 0.22916666666666666 0.51123046875 0.080078125 0.02978515625
0 0.2711588541666667 0.54736328125 0.044270833333333336 0.0390625
0 0.1845703125 0.548583984375 0.028645833333333332 0.0224609375
0 0.228515625 0.5830078125 0.031901041666666664 0.0234375
0 0.2731119791666667 0.689697265625 0.046223958333333336 0.03076171875
0 0.18815104166666666 0.62158203125 0.028645833333333332 0.02294921875
0 0.2861328125 0.028564453125 0.059244791666666664 0.03564453125
0 0.3776041666666667 0.0146484375 0.033854166666666664 0.029296875
0 0.4352213541666667 0.048095703125 0.048828125 0.0458984375
0 0.4781901041666667 0.009521484375 0.054036458333333336 0.01904296875
0 0.7138671875 0.053955078125 0.048177083333333336 0.03857421875
0 0.8190104166666666 0.0458984375 0.09505208333333333 0.0712890625
0 0.875 0.004150390625 0.041666666666666664 0.00830078125
0 0.9915364583333334 0.03515625 0.033854166666666664 0.02392578125
0 1.0266927083333333 0.1162109375 0.029296875 0.0400390625
0 0.9827473958333334 0.1669921875 0.05859375 0.0576171875
0 1.0260416666666667 0.203857421875 0.022135416666666668 0.03173828125
0 0.9313151041666666 0.20947265625 0.050130208333333336 0.03271484375
0 1.0104166666666667 0.286865234375 0.046875 0.05712890625
0 0.8720703125 0.2509765625 0.040364583333333336 0.041015625
0 0.9267578125 0.2890625 0.08919270833333333 0.05615234375
0 1.005859375 0.366455078125 0.048177083333333336 0.0673828125
0 0.8753255208333334 0.331298828125 0.037760416666666664 0.029296875
0 0.8828125 0.4072265625 0.091796875 0.05712890625
0 0.9508463541666666 0.445068359375 0.044921875 0.0302734375
0 0.9925130208333334 0.4853515625 0.06380208333333333 0.0546875
0 0.9534505208333334 0.5185546875 0.032552083333333336 0.02490234375
0 0.9840494791666666 0.543701171875 0.07552083333333333 0.0654296875
0 1.001953125 0.617919921875 0.03125 0.03173828125
0 0.974609375 0.64501953125 0.052734375 0.03857421875
0 0.9306640625 0.600830078125 0.037109375 0.02978515625
0 0.8883463541666666 0.639404296875 0.031901041666666664 0.0234375
0 0.9322916666666666 0.67431640625 0.037109375 0.0302734375
0 0.98046875 0.715087890625 0.03125 0.03662109375
0 0.8951822916666666 0.71923828125 0.03125 0.02880859375
0 0.9576822916666666 0.841552734375 0.027994791666666668 0.021484375
0 0.8671875 0.845947265625 0.02734375 0.0224609375
0 0.919921875 0.885009765625 0.020182291666666668 0.017578125
0 0.9694010416666666 0.9169921875 0.042317708333333336 0.03515625
0 0.9280598958333334 0.96337890625 0.020182291666666668 0.0185546875
0 0.8798828125 0.934814453125 0.020833333333333332 0.01611328125
0 0.826171875 0.895263671875 0.018229166666666668 0.01416015625
0 0.7841796875 0.94580078125 0.03515625 0.02490234375
0 0.6666666666666666 0.93994140625 0.049479166666666664 0.03857421875
0 0.7278645833333334 0.984375 0.046223958333333336 0.01806640625
0 0.619140625 0.977783203125 0.032552083333333336 0.02392578125
0 0.5631510416666666 0.940185546875 0.020182291666666668 0.01513671875
0 0.6103515625 0.900390625 0.032552083333333336 0.0234375
0 0.4583333333333333 0.936767578125 0.10416666666666667 0.07763671875
0 0.4065755208333333 0.88720703125 0.026692708333333332 0.01904296875
0 0.3623046875 0.930419921875 0.044921875 0.02587890625
0 0.3118489583333333 0.9599609375 0.021484375 0.01513671875
0 0.265625 0.918212890625 0.040364583333333336 0.03466796875
0 0.3623046875 0.845458984375 0.016927083333333332 0.0166015625
0 0.2679036458333333 0.844970703125 0.028645833333333332 0.02490234375
0 0.17903645833333334 0.917724609375 0.0234375 0.01806640625
0 0.13411458333333334 0.945556640625 0.0234375 0.0166015625
0 0.055989583333333336 0.87451171875 0.0234375 0.01123046875
0 0.18196614583333334 0.84130859375 0.024088541666666668 0.013671875
0 0.2275390625 0.80224609375 0.026692708333333332 0.0166015625
0 0.2275390625 0.728515625 0.048177083333333336 0.03466796875
0 0.18294270833333334 0.693603515625 0.040364583333333336 0.033203125
0 0.14322916666666666 0.654541015625 0.044921875 0.02880859375