0 0.09851694915254237 0.40869140625 0.04025423728813559 0.0205078125
0 0.08845338983050847 0.447509765625 0.02754237288135593 0.01171875
0 0.1430084745762712 0.4228515625 0.03072033898305085 0.02197265625
0 0.17372881355932204 0.395263671875 0.029661016949152543 0.0166015625
0 0.1731991525423729 0.42236328125 0.03177966101694915 0.01611328125
0 0.1281779661016949 0.455810546875 0.020127118644067795 0.015625
0 0.10699152542372882 0.471435546875 0.02754237288135593 0.01123046875
0 0.0614406779661017 0.47900390625 0.04343220338983051 0.025390625
0 0.1228813559322034 0.4775390625 0.019067796610169493 0.01513671875
0 0.13347457627118645 0.471435546875 0.026483050847457626 0.017578125
0 0.17108050847457626 0.4560546875 0.059322033898305086 0.041015625
0 0.1996822033898305 0.4443359375 0.022245762711864406 0.01513671875
0 0.2129237288135593 0.433837890625 0.020127118644067795 0.00927734375
0 0.22245762711864406 0.424560546875 0.02754237288135593 0.013671875
0 0.22510593220338984 0.407470703125 0.020127118644067795 0.01318359375
0 0.20709745762711865 0.40087890625 0.022245762711864406 0.01025390625
0 0.22245762711864406 0.387451171875 0.023305084745762712 0.0126953125
0 0.20921610169491525 0.3662109375 0.025423728813559324 0.01220703125
0 0.2346398305084746 0.361328125 0.02754237288135593 0.013671875
0 0.2489406779661017 0.380126953125 0.026483050847457626 0.02001953125
0 0.2690677966101695 0.348876953125 0.013771186440677966 0.0087890625
0 0.2960805084745763 0.351318359375 0.022245762711864406 0.01513671875
0 0.2711864406779661 0.39013671875 0.014830508474576272 0.0087890625
0 0.256885593220339 0.425537109375 0.018008474576271187 0.0126953125
0 0.21927966101694915 0.4560546875 0.020127118644067795 0.01171875
0 0.2330508474576271 0.45751953125 0.029661016949152543 0.015625
0 0.2028601694915254 0.47021484375 0.011652542372881356 0.00634765625
0 0.20921610169491525 0.47705078125 0.028601694915254237 0.01806640625
0 0.1954449152542373 0.48583984375 0.02754237288135593 0.01123046875
0 0.19279661016949154 0.50244140625 0.012711864406779662 0.00634765625
0 0.17478813559322035 0.495849609375 0.034957627118644065 0.01953125
0 0.1573093220338983 0.4990234375 0.028601694915254237 0.0146484375
0 0.1340042372881356 0.494873046875 0.018008474576271187 0.009765625
0 0.10010593220338983 0.507080078125 0.029661016949152543 0.01123046875
0 0.05402542372881356 0.499755859375 0.038135593220338986 0.0205078125
0 0.0524364406779661 0.53271484375 0.05190677966101695 0.0244140625
0 0.07574152542372882 0.54345703125 0.013771186440677966 0.00830078125
0 0.08951271186440678 0.54443359375 0.012711864406779662 0.00537109375
0 0.1159957627118644 0.535400390625 0.01059322033898305 0.0068359375
0 0.11811440677966102 0.522216796875 0.007415254237288136 0.00537109375
0 0.1271186440677966 0.52734375 0.03072033898305085 0.01953125
0 0.1403601694915254 0.536865234375 0.025423728813559324 0.01318359375
0 0.1461864406779661 0.516845703125 0.0211864406779661 0.015625
0 0.1795550847457627 0.511962890625 0.015889830508474576 0.00927734375
0 0.1663135593220339 0.52294921875 0.019067796610169493 0.0146484375
0 0.15360169491525424 0.5283203125 0.014830508474576272 0.00830078125
0 0.131885593220339 0.54150390625 0.025423728813559324 0.01220703125
0 0.1239406779661017 0.548828125 0.03283898305084746 0.01806640625
0 0.11016949152542373 0.561279296875 0.011652542372881356 0.0068359375
0 0.06302966101694915 0.552978515625 0.019067796610169493 0.00830078125
0 0.03336864406779661 0.539306640625 0.019067796610169493 0.00927734375
0 0.07891949152542373 0.5615234375 0.015889830508474576 0.00732421875
0 0.09798728813559322 0.57177734375 0.020127118644067795 0.00830078125
0 0.1340042372881356 0.583251953125 0.012711864406779662 0.0048828125
0 0.12076271186440678 0.581298828125 0.019067796610169493 0.0078125
0 0.06938559322033898 0.559326171875 0.013771186440677966 0.00830078125
0 0.048728813559322036 0.54443359375 0.013771186440677966 0.00830078125
0 0.1403601694915254 0.56787109375 0.022245762711864406 0.01025390625
0 0.16684322033898305 0.544189453125 0.038135593220338986 0.013671875
0 0.1996822033898305 0.52880859375 0.023305084745762712 0.01123046875
0 0.23516949152542374 0.560546875 0.020127118644067795 0.0107421875
0 0.18908898305084745 0.574951171875 0.046610169491525424 0.015625
0 0.17372881355932204 0.585693359375 0.048728813559322036 0.01513671875
0 0.14565677966101695 0.592529296875 0.038135593220338986 0.0166015625
0 0.1763771186440678 0.5966796875 0.029661016949152543 0.0107421875
0 0.2108050847457627 0.602294921875 0.0211864406779661 0.0087890625
0 0.21716101694915255 0.5849609375 0.029661016949152543 0.01171875
0 0.22351694915254236 0.574462890625 0.015889830508474576 0.0068359375
0 0.24152542372881355 0.590576171875 0.026483050847457626 0.00830078125
0 0.2399364406779661 0.57470703125 0.013771186440677966 0.005859375
0 0.2643008474576271 0.56005859375 0.028601694915254237 0.01318359375
0 0.2902542372881356 0.542724609375 0.028601694915254237 0.01171875
0 0.2976694915254237 0.552734375 0.022245762711864406 0.00732421875
0 0.2886652542372881 0.513916015625 0.015889830508474576 0.00830078125
0 0.3098516949152542 0.504150390625 0.023305084745762712 0.01025390625
0 0.2738347457627119 0.48876953125 0.06991525423728813 0.0234375
0 0.3538135593220339 0.445556640625 0.03177966101694915 0.01318359375
0 0.3469279661016949 0.50390625 0.046610169491525424 0.03466796875
0 0.357521186440678 0.52783203125 0.037076271186440676 0.01220703125
0 0.3109110169491525 0.539794921875 0.0211864406779661 0.009765625
0 0.3315677966101695 0.54736328125 0.022245762711864406 0.01025390625
0 0.3278601694915254 0.555908203125 0.020127118644067795 0.0087890625
0 0.4555084745762712 0.46142578125 0.04025423728813559 0.0126953125
0 0.4470338983050847 0.417236328125 0.04025423728813559 0.0146484375
0 0.4046610169491525 0.40087890625 0.0847457627118644 0.03466796875
0 0.4735169491525424 0.378662109375 0.04978813559322034 0.0205078125
0 0.4655720338983051 0.330078125 0.046610169491525424 0.02001953125
0 0.3702330508474576 0.27978515625 0.034957627118644065 0.02001953125
0 0.4459745762711864 0.283203125 0.045550847457627115 0.0205078125
0 0.5264830508474576 0.296142578125 0.0836864406779661 0.03955078125
0 0.597457627118644 0.26416015625 0.08050847457627118 0.0322265625
0 0.5572033898305084 0.33837890625 0.07203389830508475 0.03759765625
0 0.7865466101694916 0.3154296875 0.0625 0.03271484375
0 0.6970338983050848 0.342041015625 0.07944915254237288 0.041015625
0 0.8167372881355932 0.343505859375 0.05614406779661017 0.05615234375
0 0.6880296610169492 0.381591796875 0.057203389830508475 0.02099609375
0 0.5201271186440678 0.39892578125 0.048728813559322036 0.0322265625
0 0.596927966101695 0.406494140625 0.06991525423728813 0.0322265625
0 0.6615466101694916 0.429931640625 0.0423728813559322 0.02880859375
0 0.7018008474576272 0.422607421875 0.03389830508474576 0.01123046875
0 0.7341101694915254 0.4130859375 0.024364406779661018 0.0146484375
0 0.5916313559322034 0.45263671875 0.07944915254237288 0.0302734375
0 0.6292372881355932 0.465576171875 0.037076271186440676 0.01611328125
0 0.7028601694915254 0.463623046875 0.024364406779661018 0.0087890625
0 0.8040254237288136 0.44873046875 0.06673728813559322 0.037109375
0 0.760593220338983 0.479248046875 0.04343220338983051 0.021484375
0 0.9163135593220338 0.384765625 0.07415254237288135 0.0693359375
0 0.9401483050847458 0.414794921875 0.029661016949152543 0.013671875
0 0.9666313559322034 0.415771484375 0.028601694915254237 0.01513671875
0 0.9316737288135594 0.4462890625 0.02754237288135593 0.01513671875
0 0.9475635593220338 0.449462890625 0.014830508474576272 0.0107421875
0 1.0540254237288136 0.433837890625 0.037076271186440676 0.02001953125
0 1.0169491525423728 0.466796875 0.03177966101694915 0.01513671875
0 1.0391949152542372 0.480224609375 0.037076271186440676 0.02587890625
0 0.9216101694915254 0.4638671875 0.028601694915254237 0.01318359375
0 0.8686440677966102 0.473876953125 0.05826271186440678 0.029296875
0 0.8384533898305084 0.502197265625 0.014830508474576272 0.0087890625
0 0.8416313559322034 0.480712890625 0.024364406779661018 0.01416015625
0 0.7923728813559322 0.5048828125 0.0413135593220339 0.021484375
0 0.8850635593220338 0.504638671875 0.028601694915254237 0.01513671875
0 0.9322033898305084 0.4951171875 0.03177966101694915 0.0263671875
0 0.9941737288135594 0.498779296875 0.04343220338983051 0.01806640625
0 0.9274364406779662 0.533447265625 0.04025423728813559 0.01806640625
0 0.8442796610169492 0.51953125 0.028601694915254237 0.0107421875
0 0.8649364406779662 0.5283203125 0.04025423728813559 0.0205078125
0 0.7600635593220338 0.530517578125 0.03389830508474576 0.017578125
0 0.7007415254237288 0.510498046875 0.0423728813559322 0.0185546875
0 0.6498940677966102 0.52001953125 0.026483050847457626 0.01025390625
0 0.653072033898305 0.53662109375 0.1038135593220339 0.02783203125
0 0.5577330508474576 0.475830078125 0.03283898305084746 0.0126953125
0 0.5815677966101694 0.497802734375 0.05508474576271186 0.025390625
0 0.5820974576271186 0.51806640625 0.037076271186440676 0.01513671875
0 0.5741525423728814 0.52880859375 0.03919491525423729 0.013671875
0 0.5672669491525424 0.545166015625 0.03283898305084746 0.00830078125
0 0.4798728813559322 0.51904296875 0.046610169491525424 0.0205078125
0 0.4454449152542373 0.547119140625 0.02754237288135593 0.009765625
0 0.3167372881355932 0.575439453125 0.05508474576271186 0.0234375
0 0.28125 0.581787109375 0.0211864406779661 0.00732421875
0 0.2579449152542373 0.587890625 0.014830508474576272 0.00634765625
0 0.2653601694915254 0.596435546875 0.01694915254237288 0.00634765625
0 0.2701271186440678 0.60498046875 0.015889830508474576 0.00732421875
0 0.23516949152542374 0.60693359375 0.018008474576271187 0.00634765625
0 0.2288135593220339 0.59716796875 0.024364406779661018 0.00927734375
0 0.2356991525423729 0.614013671875 0.048728813559322036 0.0185546875
0 0.17902542372881355 0.60791015625 0.03919491525423729 0.01416015625
0 0.21822033898305085 0.6220703125 0.02754237288135593 0.0087890625
0 0.2552966101694915 0.629150390625 0.014830508474576272 0.00537109375
0 0.211864406779661 0.630859375 0.023305084745762712 0.00830078125
0 0.2309322033898305 0.634765625 0.012711864406779662 0.00537109375
0 0.24470338983050846 0.6328125 0.012711864406779662 0.005859375
0 0.2717161016949153 0.6337890625 0.012711864406779662 0.0048828125
0 0.2844279661016949 0.62939453125 0.03389830508474576 0.01171875
0 0.3177966101694915 0.62841796875 0.023305084745762712 0.0087890625
0 0.2870762711864407 0.62451171875 0.020127118644067795 0.005859375
0 0.288135593220339 0.61181640625 0.018008474576271187 0.00732421875
0 0.3050847457627119 0.610107421875 0.03283898305084746 0.0126953125
0 0.3135593220338983 0.596435546875 0.0614406779661017 0.02587890625
0 0.3866525423728814 0.602294921875 0.024364406779661018 0.009765625
0 0.4274364406779661 0.602783203125 0.022245762711864406 0.0078125
0 0.3861228813559322 0.62646484375 0.026483050847457626 0.01416015625
0 0.4290254237288136 0.6259765625 0.029661016949152543 0.00927734375
0 0.4332627118644068 0.6357421875 0.020127118644067795 0.0068359375
0 0.329978813559322 0.63623046875 0.019067796610169493 0.00732421875
0 0.3220338983050847 0.640625 0.03389830508474576 0.01171875
0 0.3130296610169492 0.66064453125 0.015889830508474576 0.0068359375
0 0.3151483050847458 0.6513671875 0.05508474576271186 0.02490234375
0 0.3548728813559322 0.673095703125 0.05402542372881356 0.0244140625
0 0.2658898305084746 0.649169921875 0.029661016949152543 0.01171875
0 0.2526483050847458 0.639892578125 0.012711864406779662 0.0048828125
0 0.2356991525423729 0.64208984375 0.013771186440677966 0.00537109375
0 0.2733050847457627 0.639404296875 0.03072033898305085 0.01318359375
0 0.2865466101694915 0.65771484375 0.03072033898305085 0.01708984375
0 0.2944915254237288 0.675048828125 0.020127118644067795 0.00732421875
0 0.2849576271186441 0.679931640625 0.012711864406779662 0.00634765625
0 0.3771186440677966 0.667724609375 0.012711864406779662 0.0048828125
0 0.3771186440677966 0.656005859375 0.018008474576271187 0.00830078125
0 0.3930084745762712 0.653564453125 0.019067796610169493 0.005859375
0 0.3850635593220339 0.664306640625 0.019067796610169493 0.00634765625
0 0.4136652542372881 0.67138671875 0.03283898305084746 0.009765625
0 0.3792372881355932 0.705078125 0.015889830508474576 0.0087890625
0 0.3532838983050847 0.7099609375 0.013771186440677966 0.00732421875
0 0.3914194915254237 0.7177734375 0.036016949152542374 0.01904296875
0 0.4390889830508475 0.700439453125 0.01694915254237288 0.00830078125
0 0.4650423728813559 0.71484375 0.0211864406779661 0.00927734375
0 0.4623940677966102 0.729248046875 0.018008474576271187 0.00927734375
0 0.4793432203389831 0.6767578125 0.0211864406779661 0.0087890625
0 0.4692796610169492 0.650146484375 0.01694915254237288 0.00732421875
0 0.4904661016949153 0.632080078125 0.0815677966101695 0.0341796875
0 0.527542372881356 0.626953125 0.018008474576271187 0.0078125
0 0.4984110169491525 0.60498046875 0.04449152542372881 0.0146484375
0 0.4957627118644068 0.58203125 0.0625 0.0205078125
0 0.4925847457627119 0.59375 0.020127118644067795 0.00732421875
0 0.5301906779661016 0.607177734375 0.023305084745762712 0.009765625
0 0.565677966101695 0.588134765625 0.029661016949152543 0.0107421875
0 0.5911016949152542 0.564208984375 0.04343220338983051 0.015625
0 0.6514830508474576 0.55322265625 0.046610169491525424 0.0166015625
0 0.6080508474576272 0.55126953125 0.0423728813559322 0.0166015625
0 0.6403601694915254 0.582275390625 0.03389830508474576 0.0146484375
0 0.5932203389830508 0.579345703125 0.03919491525423729 0.0146484375
0 0.59375 0.592529296875 0.03177966101694915 0.01171875
0 0.5646186440677966 0.602294921875 0.028601694915254237 0.00927734375
0 0.5911016949152542 0.606689453125 0.03072033898305085 0.009765625
0 0.6202330508474576 0.596923828125 0.020127118644067795 0.00732421875
0 0.6244703389830508 0.58740234375 0.022245762711864406 0.0087890625
0 0.65625 0.586669921875 0.018008474576271187 0.0107421875
0 0.7309322033898306 0.580810546875 0.025423728813559324 0.009765625
0 0.7309322033898306 0.55224609375 0.034957627118644065 0.013671875
0 0.774364406779661 0.5390625 0.05190677966101695 0.0234375
0 0.7632415254237288 0.55615234375 0.03283898305084746 0.01220703125
0 0.8140889830508474 0.5419921875 0.037076271186440676 0.01513671875
0 0.8146186440677966 0.5751953125 0.03389830508474576 0.01171875
0 0.8283898305084746 0.58447265625 0.05402542372881356 0.01708984375
0 0.729343220338983 0.595458984375 0.03919491525423729 0.01318359375
0 0.711864406779661 0.608642578125 0.04978813559322034 0.01416015625
0 0.6451271186440678 0.61181640625 0.020127118644067795 0.0107421875
0 0.6191737288135594 0.61865234375 0.015889830508474576 0.0078125
0 0.5884533898305084 0.63427734375 0.036016949152542374 0.01318359375
0 0.6451271186440678 0.630859375 0.02754237288135593 0.01123046875
0 0.708156779661017 0.634033203125 0.0211864406779661 0.015625
0 0.7558262711864406 0.621826171875 0.03389830508474576 0.01318359375
0 0.7711864406779662 0.62939453125 0.01694915254237288 0.00634765625
0 0.8066737288135594 0.607666015625 0.01694915254237288 0.0068359375
0 0.9369703389830508 0.589599609375 0.0836864406779661 0.03125
0 0.9957627118644068 0.572021484375 0.023305084745762712 0.009765625
0 1.0042372881355932 0.5849609375 0.0211864406779661 0.009765625
0 0.9570974576271186 0.619140625 0.02754237288135593 0.01171875
0 0.8659957627118644 0.615478515625 0.013771186440677966 0.0068359375
0 0.7600635593220338 0.649169921875 0.07097457627118645 0.02490234375
0 0.8463983050847458 0.6416015625 0.03177966101694915 0.00927734375
0 0.8522245762711864 0.668701171875 0.0614406779661017 0.02294921875
0 0.8998940677966102 0.660888671875 0.024364406779661018 0.00830078125
0 0.9311440677966102 0.65673828125 0.022245762711864406 0.0087890625
0 0.965042372881356 0.667236328125 0.03919491525423729 0.01220703125
0 0.8034957627118644 0.675537109375 0.015889830508474576 0.005859375
0 0.746822033898305 0.688232421875 0.014830508474576272 0.005859375
0 0.7192796610169492 0.66552734375 0.015889830508474576 0.0068359375
0 0.666843220338983 0.662109375 0.023305084745762712 0.01025390625
0 0.6159957627118644 0.659912109375 0.019067796610169493 0.0107421875
0 0.590042372881356 0.65673828125 0.04025423728813559 0.01806640625
0 0.6149364406779662 0.6845703125 0.013771186440677966 0.005859375
0 0.6345338983050848 0.68701171875 0.018008474576271187 0.00732421875
0 0.6652542372881356 0.688232421875 0.015889830508474576 0.0068359375
0 0.6038135593220338 0.695556640625 0.014830508474576272 0.00634765625
0 0.5614406779661016 0.70947265625 0.019067796610169493 0.0107421875
0 0.7420550847457628 0.73046875 0.013771186440677966 0.0078125
0 0.784957627118644 0.742431640625 0.01694915254237288 0.00634765625
0 0.903072033898305 0.750732421875 0.014830508474576272 0.0078125
0 0.5333686440677966 0.6875 0.059322033898305086 0.02392578125
0 0.5503177966101694 0.675537109375 0.023305084745762712 0.0126953125
0 0.524364406779661 0.6552734375 0.029661016949152543 0.01513671875
0 0.5397245762711864 0.6416015625 0.029661016949152543 0.01220703125
0 0.600635593220339 0.6455078125 0.018008474576271187 0.00830078125
0 0.4676906779661017 0.4794921875 0.034957627118644065 0.01708984375
0 0.0524364406779661 0.457763671875 0.00847457627118644 0.01025390625