0 0.8477523324851569 0.21811424100156496 0.0364715860899067 0.026604068857589983
0 0.9105173876166243 0.21263693270735523 0.017811704834605598 0.010954616588419406
0 0.9478371501272265 0.2185054773082942 0.02374893977947413 0.016823161189358372
0 0.9253604749787956 0.22809076682316118 0.022900763358778626 0.016040688575899843
0 0.9211195928753181 0.1596244131455399 0.02714164546225615 0.014084507042253521
0 0.7752332485156913 0.14162754303599373 0.029686174724342665 0.018779342723004695
0 0.7561492790500424 0.125 0.024597116200169637 0.017605633802816902
0 0.5538592027141646 0.12304381846635368 0.04749787955894826 0.017996870109546165
0 0.41051738761662426 0.14651799687010955 0.04495335029686175 0.023082942097026604
0 0.3524173027989822 0.15610328638497653 0.07124681933842239 0.03286384976525822
0 0.5161153519932146 0.21459311424100155 0.030534351145038167 0.023082942097026604
0 0.600932994062765 0.2222222222222222 0.0542832909245123 0.03286384976525822
0 0.46098388464800677 0.2451095461658842 0.06191687871077184 0.03247261345852895
0 0.2883799830364716 0.23767605633802816 0.2001696352841391 0.061815336463223784
0 0.21374045801526717 0.289906103286385 0.04580152671755725 0.030125195618153366
0 0.21034775233248515 0.3442879499217527 0.03307888040712468 0.013302034428794992
0 0.29389312977099236 0.352112676056338 0.02205258693808312 0.011737089201877934
0 0.40882103477523324 0.34194053208137715 0.13401187446988974 0.07042253521126761
1 0.273960983884648 0.39104068857589985 0.061068702290076333 0.027777777777777776
1 0.28880407124681934 0.4458137715179969 0.0729431721798134 0.02269170579029734
1 0.3011026293469042 0.43583724569640064 0.1628498727735369 0.08607198748043818
0 0.35453774385072095 0.38810641627543035 0.033927056827820185 0.016040688575899843
0 0.4164546225614928 0.4070813771517997 0.05343511450381679 0.017214397496087636
0 0.45080576759966073 0.4448356807511737 0.04664970313825276 0.016823161189358372
0 0.4766751484308736 0.456377151799687 0.04410517387616624 0.016040688575899843
0 0.3994910941475827 0.47417840375586856 0.021204410517387615 0.008607198748043818
0 0.3477523324851569 0.5007824726134585 0.05258693808312129 0.01995305164319249
0 0.2968617472434266 0.528169014084507 0.02883799830364716 0.012519561815336464
0 0.23706530958439356 0.5326682316118936 0.05597964376590331 0.02543035993740219
0 0.38761662425784565 0.5686619718309859 0.037319762510602206 0.013302034428794992
0 0.363019508057676 0.6083724569640062 0.018659881255301103 0.007042253521126761
0 0.2553011026293469 0.6095461658841941 0.016963528413910092 0.009389671361502348
0 0.23536895674300254 0.6218701095461658 0.06361323155216285 0.018388106416275432
0 0.4758269720101781 0.6070031298904538 0.018659881255301103 0.006651017214397496
0 0.4944868532654792 0.5727699530516432 0.02544529262086514 0.009780907668231613
1 0.5025445292620865 0.5755086071987481 0.06615776081424936 0.03403755868544601
0 0.5805767599660729 0.5772691705790297 0.02544529262086514 0.01056338028169014
0 0.5606446140797285 0.5938967136150235 0.018659881255301103 0.008607198748043818
0 0.6467345207803223 0.594679186228482 0.017811704834605598 0.008998435054773083
0 0.6005089058524173 0.5395148669796557 0.043256997455470736 0.02190923317683881
0 0.5415606446140797 0.5082159624413145 0.10008481764206956 0.04812206572769953
0 0.4296013570822731 0.5131064162754304 0.024597116200169637 0.01056338028169014
0 0.6636980491942324 0.5084115805946792 0.02374893977947413 0.016040688575899843
0 0.635284139100933 0.4964788732394366 0.043256997455470736 0.01486697965571205
0 0.695080576759966 0.46205007824726135 0.04071246819338423 0.02190923317683881
0 0.7595419847328244 0.4422926447574335 0.05343511450381679 0.025821596244131457
0 0.5831212892281594 0.40062597809076683 0.04664970313825276 0.0297339593114241
0 0.6077184054283291 0.38086854460093894 0.024597116200169637 0.013302034428794992
0 0.5262934690415606 0.4023865414710485 0.03307888040712468 0.01486697965571205
0 0.5691263782866837 0.3393974960876369 0.030534351145038167 0.01134585289514867
0 0.5131467345207803 0.3440923317683881 0.024597116200169637 0.008998435054773083
0 0.773960983884648 0.3781298904538341 0.011874469889737066 0.008215962441314555
0 0.8006785411365565 0.36658841940532083 0.04749787955894826 0.027386541471048513
0 0.8015267175572519 0.33822378716744916 0.02205258693808312 0.008607198748043818
0 0.7811704834605598 0.3223787167449139 0.029686174724342665 0.018388106416275432
0 0.7111959287531806 0.2912754303599374 0.033927056827820185 0.023865414710485134
0 0.7659033078880407 0.27992957746478875 0.04664970313825276 0.029342723004694836
0 0.7005937234944869 0.22965571205007826 0.04495335029686175 0.04303599374021909
0 0.8125530110262935 0.456377151799687 0.03477523324851569 0.020735524256651018
0 0.7451229855810009 0.4694835680751174 0.017811704834605598 0.009389671361502348
0 0.7188295165394402 0.48337245696400627 0.01441899915182358 0.008998435054773083
0 0.7625106022052587 0.517018779342723 0.015267175572519083 0.009389671361502348
0 0.6776929601357082 0.5221048513302035 0.015267175572519083 0.008998435054773083
0 0.6874469889737065 0.5579029733959311 0.03477523324851569 0.018779342723004695
0 0.7154368108566582 0.5772691705790297 0.015267175572519083 0.007433489827856025
0 0.7273112807463953 0.5537949921752738 0.016963528413910092 0.007042253521126761
0 0.7646310432569975 0.5522300469483568 0.04834605597964377 0.01917057902973396
0 0.7955894826123834 0.5708137715179968 0.020356234096692113 0.008607198748043818
0 0.7692960135708228 0.5835289514866979 0.01441899915182358 0.007042253521126761
0 0.8070398642917727 0.5800078247261345 0.015267175572519083 0.007042253521126761
0 0.8651399491094147 0.5647496087636933 0.01441899915182358 0.007042253521126761
0 0.8413910093299406 0.545774647887324 0.013570822731128074 0.006259780907668232
0 0.8057675996607294 0.5483176838810642 0.018659881255301103 0.007433489827856025
0 0.8507209499575912 0.5242566510172144 0.015267175572519083 0.007433489827856025
0 0.8876166242578456 0.48982785602503914 0.04240882103477523 0.017996870109546165
0 0.8494486853265479 0.49178403755868544 0.02205258693808312 0.007042253521126761
0 0.8388464800678541 0.47769953051643194 0.02714164546225615 0.016040688575899843
0 0.8155216284987278 0.4923708920187793 0.03816793893129771 0.02112676056338028
0 0.8507209499575912 0.4557902973395931 0.035623409669211195 0.015258215962441314
0 0.9185750636132316 0.5209311424100157 0.013570822731128074 0.006651017214397496
0 0.9067005937234945 0.5412754303599374 0.015267175572519083 0.007042253521126761
0 0.9067005937234945 0.570226917057903 0.017811704834605598 0.009780907668231613
0 0.991518235793045 0.5614241001564946 0.013570822731128074 0.005477308294209703
0 0.9847328244274809 0.4964788732394366 0.030534351145038167 0.03325508607198748
0 0.9397794741306191 0.4784820031298905 0.020356234096692113 0.009780907668231613
0 0.8977947413061916 0.4671361502347418 0.016115351993214587 0.006651017214397496
0 0.9525021204410518 0.4555946791862285 0.015267175572519083 0.006651017214397496
0 0.9923664122137404 0.43427230046948356 0.010178117048346057 0.009780907668231613
0 0.9626802374893978 0.4321205007824726 0.02205258693808312 0.010954616588419406
0 0.9329940627650551 0.43309859154929575 0.030534351145038167 0.01486697965571205
0 0.9215436810856659 0.42194835680751175 0.0364715860899067 0.017214397496087636
0 0.8719253604749788 0.4125586854460094 0.03477523324851569 0.01564945226917058
0 0.8477523324851569 0.4217527386541471 0.019508057675996608 0.009780907668231613
0 0.8494486853265479 0.3986697965571205 0.017811704834605598 0.009389671361502348
0 0.9541984732824428 0.40629890453834117 0.018659881255301103 0.008607198748043818
0 0.9105173876166243 0.37108763693270735 0.017811704834605598 0.007433489827856025
0 0.9406276505513147 0.4131455399061033 0.01272264631043257 0.005086071987480438
0 0.9821882951653944 0.3908450704225352 0.02714164546225615 0.027386541471048513
0 0.909245122985581 0.3894757433489828 0.0720949957591179 0.03169014084507042
0 0.9834605597964376 0.350547730829421 0.020356234096692113 0.012519561815336464
0 0.950381679389313 0.34839593114241 0.015267175572519083 0.009389671361502348
0 0.9694656488549618 0.33822378716744916 0.04580152671755725 0.019561815336463225
0 0.9558948261238338 0.3241392801251956 0.018659881255301103 0.01134585289514867
0 0.8914334181509754 0.3145539906103286 0.04919423240033927 0.04929577464788732
0 0.8405428329092451 0.34076682316118934 0.01272264631043257 0.008215962441314555
0 0.8727735368956743 0.2773865414710485 0.02714164546225615 0.017996870109546165
0 0.9486853265479219 0.2846244131455399 0.016115351993214587 0.01056338028169014
0 0.9732824427480916 0.2852112676056338 0.03816793893129771 0.04655712050078247
0 0.953774385072095 0.25880281690140844 0.018659881255301103 0.008607198748043818
0 0.9826123833757422 0.21830985915492956 0.01441899915182358 0.02190923317683881
0 0.19635284139100934 0.357981220657277 0.005089058524173028 0.00782472613458529