0 0.27952083333333333 0.45156808035714285 0.04194791666666665 0.021640624999999986
0 0.22277083333333333 0.4277287946428571 0.04243750000000001 0.02263392857142854
0 0.2541041666666667 0.39137276785714287 0.02744791666666669 0.016305803571428586
0 0.16183333333333336 0.4508872767857143 0.01637500000000003 0.011428571428571439
0 0.1466875 0.4684654017857143 0.02905208333333332 0.015608258928571444
0 0.12475 0.49617745535714286 0.018197916666666664 0.0099665178571428
0 0.18552083333333333 0.49919642857142854 0.015572916666666655 0.008443080357142918
0 0.17833333333333332 0.5110212053571429 0.026406250000000023 0.011724330357142852
0 0.2033125 0.5120312499999999 0.022854166666666665 0.011088169642857082
0 0.22179166666666666 0.4744140625 0.05538541666666668 0.036668526785714306
0 0.33938541666666666 0.4770424107142857 0.047968749999999956 0.024860491071428546
0 0.27710416666666665 0.5144363839285714 0.021166666666666688 0.012739955357142816
0 0.2634375 0.5284821428571428 0.024979166666666656 0.00862165178571431
0 0.24376041666666665 0.5586328125000001 0.023281250000000024 0.009949776785714246
0 0.165 0.5664508928571428 0.048989583333333364 0.030636160714285703
0 0.19140625 0.5962276785714286 0.021322916666666695 0.011077008928571377
0 0.059364583333333346 0.5768805803571428 0.10859375 0.04683593749999997
0 0.015489583333333333 0.5424330357142857 0.017947916666666668 0.008203125000000025
0 0.07872916666666667 0.5179129464285714 0.01839583333333333 0.006891741071428521
0 0.032135416666666666 0.4910658482142857 0.06427083333333333 0.05484933035714284
0 0.014145833333333333 0.44473772321428573 0.028291666666666666 0.01805803571428566
0 0.14569791666666668 0.3987890625 0.07703124999999998 0.04992745535714287
0 0.03820833333333333 0.37669642857142854 0.02571875 0.01660714285714285
0 0.08188541666666667 0.3704017857142857 0.0218125 0.014497767857142867
0 0.16828125000000002 0.35822544642857146 0.04252083333333333 0.02467075892857145
0 0.06915625 0.34214285714285714 0.018083333333333326 0.015396205357142811
0 0.00996875 0.3403292410714286 0.0199375 0.016422991071428607
0 0.05548958333333334 0.3129296875 0.026239583333333337 0.01516741071428575
0 0.09613541666666667 0.3043805803571429 0.02713541666666668 0.015145089285714342
0 0.2549375 0.35245535714285714 0.11509375000000001 0.03813616071428567
0 0.22932291666666668 0.27798549107142856 0.05163541666666666 0.015892857142857153
0 0.3374583333333333 0.2930301339285714 0.04264583333333327 0.01921875000000003
0 0.32058333333333333 0.36580915178571427 0.021937499999999943 0.010357142857142827
0 0.35644791666666664 0.2687388392857143 0.034281249999999965 0.01874441964285716
0 0.3850520833333333 0.3346651785714286 0.03355208333333337 0.01595982142857138
0 0.4130729166666667 0.3988950892857143 0.03456249999999995 0.01522321428571427
0 0.4786770833333333 0.38198660714285715 0.03104166666666662 0.010502232142857107
0 0.5186770833333333 0.3335100446428571 0.0574583333333333 0.041194196428571396
0 0.5412604166666667 0.38363839285714285 0.017166666666666684 0.012254464285714306
0 0.5345833333333334 0.4168694196428571 0.026260416666666706 0.011986607142857153
0 0.4697395833333333 0.4459765625 0.021864583333333344 0.010055803571428561
0 0.42973958333333334 0.4608872767857143 0.03239583333333336 0.01505022321428573
0 0.33565625000000004 0.3989118303571429 0.04919791666666669 0.03581473214285718
0 0.2804270833333333 0.4028459821428571 0.04229166666666669 0.02196428571428566
0 0.32887500000000003 0.5511830357142857 0.019697916666666634 0.013286830357142827
0 0.30913541666666666 0.5791294642857142 0.042499999999999954 0.021065848214285716
0 0.3535729166666667 0.5183816964285715 0.024916666666666625 0.013258928571428566
0 0.40198958333333334 0.5000223214285714 0.02396874999999999 0.011847098214285725
0 0.4214583333333334 0.4827287946428571 0.01729166666666669 0.011406250000000031
0 0.4276979166666666 0.5237444196428571 0.018166666666666723 0.01234374999999994
0 0.4616979166666667 0.5065011160714286 0.028958333333333287 0.012773437500000056
0 0.49240625 0.4931696428571429 0.019406249999999996 0.010558035714285754
0 0.418375 0.5633649553571428 0.06760416666666665 0.03882254464285717
0 0.48496875 0.5537444196428571 0.047250000000000014 0.035870535714285764
0 0.5041875 0.5974107142857142 0.023406250000000028 0.011858258928571428
0 0.5360104166666667 0.5836104910714285 0.015364583333333333 0.008699776785714366
0 0.5399270833333334 0.5537611607142857 0.01811458333333338 0.011077008928571377
0 0.5703229166666667 0.5399776785714285 0.02893749999999997 0.012996651785714266
0 0.5959166666666668 0.5551674107142858 0.020020833333333363 0.0076785714285714235
0 0.58909375 0.5838839285714286 0.025927083333333437 0.01195312500000004
0 0.51753125 0.6219029017857143 0.013895833333333366 0.007684151785714276
0 0.5273958333333333 0.6391964285714286 0.014062499999999941 0.008515625000000122
0 0.6343229166666667 0.6097209821428571 0.05916666666666662 0.028331473214285703
0 0.657 0.5572991071428571 0.03354166666666671 0.013883928571428632
0 0.6339479166666667 0.5114006696428571 0.01785416666666677 0.008604910714285754
0 0.6401041666666667 0.48249441964285716 0.02364583333333338 0.009380580357142827
0 0.5552812500000001 0.46402343749999997 0.023468749999999972 0.009291294642857193
0 0.61875 0.4365178571428571 0.03959374999999999 0.017527901785714332
0 0.7002395833333334 0.42422433035714285 0.06570833333333326 0.03368303571428566
0 0.6578020833333333 0.3875837053571428 0.07424999999999997 0.03993861607142853
0 0.7227604166666667 0.3579185267857143 0.023833333333333446 0.011640624999999944
0 0.7799479166666666 0.38790178571428574 0.06579166666666675 0.05919642857142853
0 0.7078333333333333 0.30695870535714287 0.05916666666666662 0.029994419642857144
0 0.7418750000000001 0.28970424107142856 0.024406250000000067 0.010619419642857128
0 0.6119791666666666 0.26241629464285715 0.016656250000000008 0.01152901785714284
0 0.58475 0.25163504464285713 0.024489583333333325 0.0120814732142857
0 0.6573020833333333 0.23162388392857142 0.028354166666666694 0.01124441964285713
0 0.80921875 0.25791294642857143 0.031635416666666555 0.026969866071428594
0 0.7988333333333333 0.290546875 0.05358333333333339 0.01967633928571428
0 0.8494479166666667 0.3264787946428571 0.07949999999999993 0.03916294642857147
0 0.9265729166666666 0.26301339285714287 0.04833333333333343 0.02824218750000001
0 0.9186875000000001 0.2943973214285714 0.03402083333333342 0.015736607142857167
0 0.9390833333333333 0.31406808035714284 0.04294791666666668 0.02212611607142862
0 0.9863229166666667 0.31955915178571426 0.02734375 0.02920758928571424
0 0.9322812500000001 0.34847656250000003 0.03441666666666663 0.03427455357142861
0 0.9009375 0.36124441964285714 0.03472916666666658 0.014419642857142811
0 0.9709375 0.3817299107142857 0.058124999999999954 0.03250000000000001
0 0.8844375 0.4244419642857143 0.036489583333333304 0.013939732142857153
0 0.99140625 0.43138392857142854 0.015781250000000094 0.008811383928571408
0 0.9149479166666666 0.47732142857142856 0.03957291666666667 0.018046874999999955
0 0.95090625 0.4962220982142857 0.02820833333333326 0.012388392857142883
0 0.9891770833333333 0.49979910714285714 0.011322916666666552 0.007137276785714265
0 0.8150729166666667 0.45554129464285714 0.027395833333333286 0.015228794642857122
0 0.7860312500000001 0.47305245535714285 0.035958333333333314 0.026584821428571485
0 0.8121041666666666 0.4848828125 0.03213541666666657 0.013002232142857117
0 0.6956666666666667 0.5136216517857143 0.07755208333333338 0.039425223214285765
0 0.7388750000000001 0.5441462053571429 0.05112499999999993 0.022896205357142842
0 0.7944270833333333 0.545625 0.015791666666666752 0.00838727678571427
0 0.8751041666666667 0.5123772321428571 0.024343749999999886 0.00939174107142853
0 0.9301666666666667 0.5163337053571428 0.030906250000000076 0.011489955357142811
0 0.9827083333333333 0.5184709821428571 0.03458333333333338 0.016149553571428603
0 0.9839687500000001 0.5280747767857142 0.032052083333333314 0.00964843749999998
0 0.9776666666666666 0.5632254464285714 0.014374999999999952 0.00827008928571425
0 0.9219479166666668 0.5857142857142856 0.13106249999999994 0.06876674107142858
0 0.9613645833333333 0.6189899553571429 0.015343750000000019 0.008616071428571459
0 0.9311770833333333 0.6319810267857143 0.014885416666666628 0.008627232142857164
0 0.9163125 0.6549720982142857 0.019124999999999896 0.010574776785714184
0 0.94028125 0.6635825892857143 0.022739583333333258 0.012550223214285592
0 0.9114791666666666 0.6750502232142858 0.0333645833333333 0.021244419642857233
0 0.87646875 0.683984375 0.015479166666666563 0.007299107142857102
0 0.8539583333333333 0.6786997767857142 0.01898958333333335 0.009927455357142836
0 0.8126874999999999 0.6794084821428571 0.01755208333333324 0.009012276785714337
0 0.7883541666666667 0.6711495535714286 0.01886458333333323 0.008404017857142827
0 0.8271979166666666 0.6297154017857143 0.01544791666666659 0.012053571428571377
0 0.8345729166666668 0.6030189732142857 0.020781250000000046 0.009107142857142949
0 0.7579791666666666 0.6172767857142858 0.07688541666666661 0.03218749999999991
0 0.74415625 0.6434821428571428 0.015218749999999896 0.007779017857142888
0 0.8007604166666666 0.70703125 0.055989583333333336 0.022745535714285836
0 0.8437916666666666 0.7111216517857143 0.026166666666666553 0.02611049107142855
0 0.8644375 0.7110714285714286 0.015822916666666725 0.006422991071428693
0 0.8949895833333333 0.72453125 0.017031249999999904 0.007438616071428531
0 0.94875 0.6915569196428571 0.04201041666666659 0.01972656249999995
0 0.97034375 0.7471875 0.014937499999999914 0.007611607142857072
0 0.8158958333333334 0.7554017857142857 0.01891666666666675 0.007360491071428602
0 0.8370729166666667 0.7622209821428572 0.016958333333333304 0.007706473214285684
0 0.9886770833333334 0.7665625 0.022635416666666686 0.014933035714285836
0 0.7784270833333333 0.7400558035714286 0.017114583333333398 0.006925223214285633
0 0.7928229166666667 0.7236997767857142 0.020562500000000008 0.009525669642857235
0 0.8118125 0.7328459821428571 0.018947916666666724 0.007873883928571499
0 0.7344375 0.6968638392857143 0.026687499999999885 0.010005580357142765
0 0.6531666666666667 0.7238392857142857 0.02553124999999999 0.011925223214285654
0 0.6839062499999999 0.7474386160714286 0.027239583333333428 0.012388392857142756
0 0.7130624999999999 0.7677566964285714 0.021635416666666647 0.010223214285714377
0 0.5760104166666667 0.7345591517857143 0.0241458333333334 0.011824776785714317
0 0.5414270833333333 0.7098046875 0.019437500000000028 0.009726562499999909
0 0.6058125000000001 0.6871875000000001 0.022479166666666592 0.008800223214285705
0 0.5762291666666666 0.6677511160714286 0.02191666666666663 0.011690848214285612
0 0.6306979166666667 0.6675669642857143 0.053364583333333354 0.020641741071428448
0 0.6824791666666666 0.6687165178571428 0.022218749999999923 0.009352678571428694
0 0.5254791666666667 0.6722154017857143 0.027604166666666725 0.011305803571428694
0 0.48781250000000004 0.6599051339285714 0.019625000000000035 0.011908482142857224
0 0.5159583333333333 0.6915011160714286 0.017979166666666657 0.009916294642857133
0 0.4994375 0.7156138392857143 0.024770833333333304 0.012360491071428623
0 0.5292395833333333 0.7329687500000001 0.04527083333333331 0.027036830357142754
0 0.4780833333333333 0.7218694196428571 0.018270833333333295 0.01013392857142849
0 0.44984375000000004 0.7064285714285715 0.09070833333333338 0.036283482142857135
0 0.45972916666666663 0.7611830357142857 0.015604166666666686 0.008443080357142918
0 0.52890625 0.7699330357142857 0.02504166666666663 0.010814732142857204
0 0.4421458333333333 0.7777734374999999 0.020999999999999967 0.01097656250000004
0 0.3482291666666667 0.722421875 0.03957291666666667 0.025206473214285756
0 0.3187916666666667 0.6690904017857143 0.021260416666666632 0.009715401785714204
0 0.4099375 0.6515345982142857 0.01814583333333329 0.007583705357142938
0 0.36020833333333335 0.615853794642857 0.017177083333333343 0.007611607142857072
0 0.31763541666666667 0.6173493303571428 0.03778124999999998 0.030390625000000022
0 0.2644270833333333 0.6349107142857143 0.02623958333333333 0.013136160714285694
0 0.22685416666666666 0.7134765625 0.04305208333333332 0.02826450892857148
0 0.16294791666666666 0.7409988839285714 0.04343749999999999 0.015027901785714195
0 0.121875 0.6790569196428571 0.01995833333333333 0.01025111607142851
0 0.07104166666666667 0.6787890625 0.06532291666666667 0.028337053571428683
0 0.02664583333333333 0.6490904017857143 0.052562500000000005 0.036065848214285774
0 0.08153125 0.6194810267857143 0.02762500000000001 0.012544642857142867
0 0.00453125 0.5998716517857143 0.009052083333333334 0.009994419642857062
0 0.06809375000000001 0.7840066964285715 0.021031249999999998 0.009854910714285634
0 0.006427083333333333 0.8178292410714285 0.012854166666666667 0.011936383928571357
0 0.05326041666666667 0.849252232142857 0.021052083333333325 0.009218749999999989
0 0.14484375000000002 0.8311049107142857 0.016645833333333353 0.010161830357142878
0 0.175625 0.8144977678571428 0.023166666666666676 0.011099330357142787
0 0.228625 0.8139899553571429 0.01835416666666667 0.009693080357142796
0 0.22176041666666665 0.8445145089285714 0.021291666666666664 0.010217633928571399
0 0.2813541666666667 0.8131361607142857 0.020260416666666715 0.012633928571428501
0 0.31370833333333337 0.7685044642857143 0.01906249999999995 0.009503348214285825
0 0.42048958333333336 0.8091350446428571 0.01824999999999998 0.011618303571428663
0 0.96828125 0.8156361607142857 0.011531249999999934 0.008325892857142898
0 0.67940625 0.5720926339285715 0.022166666666666637 0.011450892857142847
1 0.9246875 0.4954799107142857 0.15061458333333325 0.09950334821428568
0 0.23189583333333333 0.3235379464285714 0.0706458333333333 0.02728794642857148
1 0.32449999999999996 0.6751674107142858 0.06322916666666671 0.03136160714285704
0 0.58840625 0.2616685267857143 0.06866666666666674 0.045200892857142856