0 0.3498531571218796 0.35302734375 0.06020558002936858 0.0673828125
0 0.22540381791483113 0.30419921875 0.053597650513950074 0.06640625
0 0.1262848751835536 0.295654296875 0.05433186490455213 0.06201171875
0 0.2790014684287812 0.199951171875 0.039647577092511016 0.03662109375
0 0.13693098384728342 0.40576171875 0.06093979441997063 0.05322265625
0 0.17070484581497797 0.75439453125 0.06681350954478708 0.072265625
0 0.2544052863436123 0.680419921875 0.04185022026431718 0.044921875
0 0.3832599118942731 0.7275390625 0.29148311306901614 0.31982421875
0 0.2525697503671072 0.124755859375 0.016886930983847283 0.017578125
0 0.37958883994126286 0.097900390625 0.014684287812041116 0.01416015625
0 0.39610866372980913 0.138427734375 0.015418502202643172 0.013671875
0 0.45374449339207046 0.0234375 0.033773861967694566 0.03125
0 0.4974302496328928 0.041259765625 0.048458149779735685 0.06494140625
0 0.5014684287812041 0.087890625 0.030837004405286344 0.03564453125
0 0.49045521292217326 0.162353515625 0.0315712187958884 0.03369140625
0 0.5906754772393539 0.113525390625 0.03671071953010279 0.0224609375
0 0.5400146842878121 0.195068359375 0.033773861967694566 0.0380859375
0 0.5139500734214391 0.2607421875 0.01908957415565345 0.04541015625
0 0.41629955947136565 0.28955078125 0.022026431718061675 0.01513671875
0 0.5359765051395007 0.25634765625 0.023494860499265784 0.0205078125
0 0.5671806167400881 0.25146484375 0.02643171806167401 0.02685546875
0 0.5851688693098385 0.27197265625 0.028634361233480177 0.0224609375
0 0.6563876651982379 0.237060546875 0.04038179148311307 0.01953125
0 0.6743759177679882 0.22705078125 0.037444933920704845 0.0205078125
0 0.658223201174743 0.07958984375 0.06020558002936858 0.04052734375
0 0.7184287812041116 0.123046875 0.039647577092511016 0.025390625
0 0.76431718061674 0.164306640625 0.03450807635829662 0.029296875
0 0.7290748898678414 0.268310546875 0.02569750367107195 0.0126953125
0 0.5308370044052864 0.326171875 0.016886930983847283 0.01806640625
0 0.5580029368575624 0.34619140625 0.030837004405286344 0.02685546875
0 0.5227606461086637 0.360595703125 0.011747430249632892 0.0087890625
0 0.5179882525697503 0.37109375 0.015418502202643172 0.0087890625
0 0.5605726872246696 0.415283203125 0.02936857562408223 0.0244140625
0 0.7969897209985316 0.357666015625 0.03450807635829662 0.02392578125
0 0.8124082232011748 0.412109375 0.0513950073421439 0.02392578125
0 0.9511747430249633 0.3330078125 0.04185022026431718 0.02001953125
0 0.9449339207048458 0.47412109375 0.0315712187958884 0.025390625
0 0.8509544787077826 0.486572265625 0.04038179148311307 0.02294921875
0 0.7555066079295154 0.532958984375 0.03524229074889868 0.0205078125
0 0.827826725403818 0.537841796875 0.039647577092511016 0.0302734375
0 0.7775330396475771 0.58447265625 0.06387665198237885 0.03125
0 0.8582966226138032 0.66845703125 0.027900146842878122 0.0166015625
0 0.7980910425844346 0.701416015625 0.02569750367107195 0.02001953125
0 0.736784140969163 0.719482421875 0.0315712187958884 0.02294921875
0 0.776431718061674 0.735107421875 0.0513950073421439 0.02783203125
0 0.9251101321585903 0.746826171875 0.024229074889867842 0.01318359375
0 0.973568281938326 0.7119140625 0.013215859030837005 0.02099609375
0 0.9665932452276065 0.740478515625 0.020558002936857563 0.021484375
0 0.9599853157121879 0.76318359375 0.02936857562408223 0.021484375
0 0.7767988252569751 0.814453125 0.022026431718061675 0.0166015625
0 0.6395007342143906 0.83837890625 0.03671071953010279 0.0166015625
0 0.7011747430249633 0.84619140625 0.042584434654919234 0.013671875
0 0.7720264317180616 0.98486328125 0.03010279001468429 0.0302734375
0 0.8494860499265786 0.976806640625 0.035976505139500736 0.01904296875
0 0.9162995594713657 0.99365234375 0.04552129221732746 0.0126953125
0 0.5723201174743024 0.994384765625 0.024229074889867842 0.01123046875
0 0.42841409691629956 0.550537109375 0.013215859030837005 0.01123046875
0 0.4353891336270191 0.581787109375 0.012481644640234948 0.01220703125
1 0.9372246696035242 0.719970703125 0.09397944199706314 0.12158203125
0 0.5117474302496329 0.07275390625 0.016152716593245228 0.02685546875