0 0.3352864583333333 0.4189453125 0.15169270833333334 0.1083984375
0 0.4833984375 0.42431640625 0.052734375 0.0419921875
0 0.4108072916666667 0.4775390625 0.045572916666666664 0.0341796875
0 0.54296875 0.4873046875 0.0703125 0.052734375
0 0.4778645833333333 0.526611328125 0.053385416666666664 0.0419921875
0 0.4088541666666667 0.586669921875 0.045572916666666664 0.03857421875
0 0.5393880208333334 0.579345703125 0.046875 0.04931640625
0 0.6588541666666666 0.6650390625 0.026041666666666668 0.021484375
0 0.7102864583333334 0.61083984375 0.030598958333333332 0.02490234375
0 0.6878255208333334 0.535888671875 0.028645833333333332 0.02490234375
0 0.6647135416666666 0.500244140625 0.061848958333333336 0.04052734375
0 0.5999348958333334 0.45068359375 0.06510416666666667 0.04541015625
0 0.580078125 0.34326171875 0.14127604166666666 0.0986328125
0 0.5182291666666666 0.302734375 0.046223958333333336 0.03857421875
0 0.57421875 0.24853515625 0.091796875 0.09521484375
0 0.4371744791666667 0.244384765625 0.045572916666666664 0.04052734375
0 0.263671875 0.36669921875 0.054036458333333336 0.04052734375
0 0.3186848958333333 0.34521484375 0.026692708333333332 0.04638671875
0 0.17740885416666666 0.302978515625 0.0546875 0.03515625
0 0.2568359375 0.28759765625 0.091796875 0.0712890625
0 0.16764322916666666 0.18017578125 0.06510416666666667 0.044921875
0 0.08984375 0.24365234375 0.05859375 0.076171875
0 0.055013020833333336 0.18115234375 0.046875 0.041015625
0 0.007161458333333333 0.231201171875 0.014322916666666666 0.09228515625
0 0.10481770833333333 0.367919921875 0.061197916666666664 0.09375
0 0.022135416666666668 0.3037109375 0.044270833333333336 0.037109375
0 0.0032552083333333335 0.49169921875 0.006510416666666667 0.060546875
0 0.040690104166666664 0.5478515625 0.08138020833333333 0.0859375
0 0.126953125 0.548583984375 0.034505208333333336 0.07958984375
0 0.1865234375 0.54345703125 0.061197916666666664 0.0458984375
0 0.18782552083333334 0.5927734375 0.020833333333333332 0.01416015625
0 0.197265625 0.65869140625 0.06966145833333333 0.05908203125
0 0.3489583333333333 0.7548828125 0.045572916666666664 0.02978515625
0 0.11393229166666667 0.728271484375 0.045572916666666664 0.03662109375
0 0.006184895833333333 0.92919921875 0.012369791666666666 0.02734375
0 0.051432291666666664 0.8828125 0.06380208333333333 0.04736328125
0 0.12890625 0.94091796875 0.059895833333333336 0.03125
0 0.208984375 0.885986328125 0.047526041666666664 0.029296875
0 0.2822265625 0.818603515625 0.02734375 0.01806640625
0 0.3590494791666667 0.862060546875 0.028645833333333332 0.01904296875
0 0.4264322916666667 0.890625 0.02734375 0.02001953125
0 0.4244791666666667 0.79833984375 0.028645833333333332 0.02197265625
0 0.486328125 0.741455078125 0.038411458333333336 0.02587890625
0 0.4918619791666667 0.83154296875 0.059244791666666664 0.04296875
0 0.552734375 0.865234375 0.022786458333333332 0.0185546875
0 0.6611328125 0.8427734375 0.02734375 0.01953125
0 0.6103515625 0.8125 0.04296875 0.02392578125
0 0.6022135416666666 0.720703125 0.02734375 0.015625
0 0.7565104166666666 0.8203125 0.032552083333333336 0.02099609375
0 0.8658854166666666 0.80322265625 0.037109375 0.02294921875
0 0.8040364583333334 0.775634765625 0.044270833333333336 0.0380859375
0 0.8098958333333334 0.69091796875 0.034505208333333336 0.025390625
0 0.896484375 0.762451171875 0.022786458333333332 0.01904296875
0 0.955078125 0.69189453125 0.035807291666666664 0.0185546875
0 0.8974609375 0.65771484375 0.029296875 0.01171875
0 0.837890625 0.623779296875 0.024739583333333332 0.013671875
0 0.7854817708333334 0.5859375 0.036458333333333336 0.0185546875
0 0.8492838541666666 0.570068359375 0.07552083333333333 0.029296875
0 0.962890625 0.535400390625 0.03515625 0.07666015625
0 0.8522135416666666 0.537841796875 0.053385416666666664 0.03515625
0 0.791015625 0.49755859375 0.07356770833333333 0.0546875
0 0.8115234375 0.409423828125 0.07486979166666667 0.0537109375
0 0.7353515625 0.347900390625 0.057291666666666664 0.03857421875
0 0.9641927083333334 0.368408203125 0.014973958333333334 0.02001953125
0 0.8857421875 0.333251953125 0.11067708333333333 0.08203125
0 0.8063151041666666 0.295166015625 0.052734375 0.03662109375
0 0.6839192708333334 0.2529296875 0.087890625 0.0419921875
0 0.6666666666666666 0.17822265625 0.0390625 0.03369140625
0 0.8212890625 0.165283203125 0.18359375 0.15478515625
0 0.9580078125 0.181884765625 0.010416666666666666 0.02294921875
0 0.93359375 0.046142578125 0.048177083333333336 0.07080078125
0 0.8030598958333334 0.039306640625 0.060546875 0.04833984375
0 0.6357421875 0.058349609375 0.1484375 0.103515625
0 0.5110677083333334 0.181396484375 0.06380208333333333 0.052734375
0 0.4166666666666667 0.180419921875 0.046223958333333336 0.03515625
0 0.3515625 0.18212890625 0.028645833333333332 0.02587890625
0 0.404296875 0.11083984375 0.14453125 0.09765625
0 0.3079427083333333 0.0439453125 0.08138020833333333 0.0556640625
0 0.2099609375 0.023681640625 0.07942708333333333 0.00927734375
0 0.16731770833333334 0.085205078125 0.07552083333333333 0.07421875
0 0.07747395833333333 0.113525390625 0.05859375 0.04443359375
0 0.009765625 0.05322265625 0.01953125 0.0458984375