0 0.770568278201866 0.2007042253521127 0.043256997455470736 0.028169014084507043
0 0.8312128922815946 0.19170579029733958 0.021204410517387615 0.012128325508607199
0 0.8702290076335878 0.1954225352112676 0.027989821882951654 0.017996870109546165
0 0.8502968617472434 0.20618153364632238 0.026293469041560644 0.017214397496087636
0 0.8278201865988125 0.13849765258215962 0.030534351145038167 0.015258215962441314
0 0.6785411365564037 0.12891236306729265 0.033927056827820185 0.01995305164319249
0 0.6552162849872774 0.1134585289514867 0.02883799830364716 0.018779342723004695
0 0.4541984732824427 0.12284820031298904 0.05173876166242578 0.02034428794992175
0 0.31806615776081426 0.15434272300469484 0.05089058524173028 0.02543035993740219
0 0.26293469041560646 0.1668622848200313 0.07972858354537744 0.036776212832550864
0 0.4402035623409669 0.21576682316118936 0.0364715860899067 0.024256651017214397
0 0.5267175572519084 0.2185054773082942 0.06276505513146735 0.03560250391236307
0 0.3939779474130619 0.24921752738654146 0.07039864291772689 0.03560250391236307
0 0.2205258693808312 0.2513693270735524 0.21374045801526717 0.07237871674491393
0 0.16030534351145037 0.3075117370892019 0.05343511450381679 0.03247261345852895
0 0.17133163698049195 0.361697965571205 0.035623409669211195 0.01486697965571205
0 0.2561492790500424 0.36482785602503914 0.024597116200169637 0.012910798122065728
0 0.36768447837150126 0.34820031298904536 0.15097540288379982 0.0770735524256651
1 0.24681933842239187 0.4045383411580595 0.06785411365564037 0.030907668231611892
1 0.27608142493638677 0.45794209702660404 0.07803223070398643 0.026604068857589983
1 0.2858354537743851 0.4475743348982786 0.183206106870229 0.09428794992175274
0 0.32612383375742154 0.39710485133020346 0.037319762510602206 0.017605633802816902
0 0.3922815945716709 0.4125586854460094 0.056827820186598814 0.01995305164319249
0 0.4368108566581849 0.44796557120500785 0.05004240882103478 0.01917057902973396
0 0.46522476675148433 0.45794209702660404 0.04749787955894826 0.018388106416275432
0 0.3931297709923664 0.4800469483568075 0.02374893977947413 0.009780907668231613
0 0.34902459711620015 0.5093896713615024 0.056827820186598814 0.02269170579029734
0 0.3061916878710772 0.5395148669796557 0.031382527565733676 0.013693270735524257
0 0.24766751484308736 0.5471439749608764 0.06191687871077184 0.028169014084507043
0 0.4067005937234945 0.5743348982785602 0.03986429177268872 0.015258215962441314
0 0.3927056827820187 0.6152190923317684 0.020356234096692113 0.008215962441314555
0 0.2858354537743851 0.6224569640062598 0.019508057675996608 0.01056338028169014
0 0.2692960135708227 0.6357589984350548 0.06785411365564037 0.02190923317683881
0 0.5042408821034775 0.6075899843505478 0.020356234096692113 0.00782472613458529
0 0.5139949109414759 0.5725743348982786 0.027989821882951654 0.010954616588419406
1 0.5224766751484309 0.5747261345852895 0.07463952502120441 0.03755868544600939
0 0.6005089058524173 0.5721830985915493 0.027989821882951654 0.011737089201877934
0 0.5852417302798982 0.5897887323943662 0.021204410517387615 0.009780907668231613
0 0.6704834605597965 0.5856807511737089 0.020356234096692113 0.010172143974960876
0 0.6098388464800678 0.5336463223787168 0.04834605597964377 0.023865414710485134
0 0.5432569974554707 0.505868544600939 0.11195928753180662 0.053208137715179966
0 0.43384223918575066 0.517018779342723 0.02714164546225615 0.011737089201877934
0 0.6645462256149279 0.49921752738654146 0.02714164546225615 0.017214397496087636
0 0.6331636980491943 0.4890453834115806 0.04664970313825276 0.017214397496087636
0 0.6836301950805768 0.45129107981220656 0.04580152671755725 0.023865414710485134
0 0.7421543681085666 0.42820813771517996 0.05937234944868533 0.028560250391236306
0 0.556403731976251 0.3967136150234742 0.0542832909245123 0.032081377151799685
0 0.5754877014418999 0.37578247261345854 0.02714164546225615 0.01486697965571205
0 0.5004240882103478 0.40160406885759 0.0364715860899067 0.01643192488262911
0 0.5258693808312129 0.3366588419405321 0.033927056827820185 0.012910798122065728
0 0.4720101781170484 0.3444835680751174 0.02714164546225615 0.010172143974960876
0 0.73960983884648 0.36365414710485133 0.01441899915182358 0.008998435054773083
0 0.7633587786259542 0.350547730829421 0.0542832909245123 0.0297339593114241
0 0.7565733672603902 0.3225743348982786 0.024597116200169637 0.009780907668231613
0 0.7324003392705682 0.30790297339593115 0.033927056827820185 0.019561815336463225
0 0.6547921967769296 0.2809076682316119 0.03986429177268872 0.02543035993740219
0 0.7061068702290076 0.26662754303599373 0.0542832909245123 0.03169014084507042
0 0.6276505513146734 0.2202660406885759 0.05597964376590331 0.04499217527386541
0 0.7989821882951654 0.43916275430359936 0.03986429177268872 0.022300469483568074
0 0.7353689567430025 0.45598591549295775 0.020356234096692113 0.01056338028169014
0 0.712468193384224 0.47124413145539906 0.016963528413910092 0.009780907668231613
0 0.7650551314673452 0.502151799687011 0.017811704834605598 0.010172143974960876
0 0.6823579304495335 0.5119327073552425 0.017811704834605598 0.009780907668231613
0 0.7014418999151824 0.5469483568075117 0.039016115351993216 0.02034428794992175
0 0.7340966921119593 0.5645539906103286 0.016963528413910092 0.008215962441314555
0 0.73960983884648 0.5404929577464789 0.018659881255301103 0.008215962441314555
0 0.7765055131467345 0.5369718309859155 0.05258693808312129 0.021517996870109544
0 0.8121289228159457 0.5535993740219093 0.022900763358778626 0.009780907668231613
0 0.7892281594571671 0.5676838810641628 0.016115351993214587 0.00782472613458529
0 0.8261238337574215 0.562206572769953 0.016963528413910092 0.00782472613458529
0 0.8795589482612384 0.5438184663536776 0.016115351993214587 0.00782472613458529
0 0.851145038167939 0.5262128325508607 0.015267175572519083 0.007042253521126761
0 0.8163698049194232 0.5309076682316118 0.020356234096692113 0.008607198748043818
0 0.8545377438507209 0.5043035993740219 0.016963528413910092 0.008215962441314555
0 0.8821034775233249 0.46811424100156496 0.04664970313825276 0.01995305164319249
0 0.8447837150127226 0.4720266040688576 0.02374893977947413 0.008215962441314555
0 0.8303647158608991 0.4587245696400626 0.030534351145038167 0.017214397496087636
0 0.8112807463952502 0.47476525821596244 0.043256997455470736 0.023082942097026604
0 0.8363019508057676 0.4362284820031299 0.039016115351993216 0.016823161189358372
0 0.9211195928753181 0.49726134585289516 0.015267175572519083 0.007433489827856025
0 0.914334181509754 0.5181924882629108 0.016963528413910092 0.00782472613458529
0 0.9223918575063613 0.5469483568075117 0.020356234096692113 0.010954616588419406
0 0.9978795589482612 0.5332550860719875 0.004240882103477523 0.006259780907668232
0 0.9800678541136556 0.4692879499217527 0.039016115351993216 0.03442879499217527
0 0.9308736217133163 0.4538341158059468 0.022900763358778626 0.010954616588419406
0 0.8863443596268024 0.44503129890453835 0.017811704834605598 0.007433489827856025
0 0.9376590330788804 0.4305555555555556 0.016963528413910092 0.007433489827856025
0 0.9715860899067006 0.4070813771517997 0.01272264631043257 0.010172143974960876
0 0.9414758269720102 0.40669014084507044 0.02544529262086514 0.012128325508607199
0 0.9122137404580153 0.40923317683881066 0.033927056827820185 0.01643192488262911
0 0.8977947413061916 0.3986697965571205 0.04071246819338423 0.018779342723004695
0 0.8460559796437659 0.39221439749608766 0.03816793893129771 0.017214397496087636
0 0.8244274809160306 0.4027777777777778 0.02205258693808312 0.010954616588419406
0 0.820186598812553 0.3796948356807512 0.020356234096692113 0.01056338028169014
0 0.9257845631891434 0.3814553990610329 0.021204410517387615 0.009780907668231613
0 0.8731976251060221 0.3489827856025039 0.019508057675996608 0.008607198748043818
0 0.9147582697201018 0.3888888888888889 0.01441899915182358 0.005868544600938967
0 0.9499575911789653 0.3646322378716745 0.033927056827820185 0.028560250391236306
0 0.8770144189991518 0.3673708920187793 0.07972858354537744 0.03560250391236307
0 0.9402035623409669 0.3245305164319249 0.022900763358778626 0.013693270735524257
0 0.9067005937234945 0.32433489827856027 0.017811704834605598 0.010172143974960876
0 0.9232400339270568 0.3129890453834116 0.05004240882103478 0.02190923317683881
0 0.9062765055131468 0.29988262910798125 0.021204410517387615 0.012519561815336464
0 0.8392705682782019 0.29381846635367764 0.06191687871077184 0.051643192488262914
0 0.7960135708227312 0.3227699530516432 0.015267175572519083 0.008998435054773083
0 0.8112807463952502 0.25821596244131456 0.031382527565733676 0.01917057902973396
0 0.8884648006785412 0.26115023474178406 0.019508057675996608 0.01134585289514867
0 0.9130619168787107 0.2603677621283255 0.05004240882103478 0.04812206572769953
0 0.8863443596268024 0.23513302034428796 0.021204410517387615 0.009780907668231613
0 0.9045801526717557 0.19327073552425664 0.020356234096692113 0.02269170579029734
0 0.16115351993214588 0.3761737089201878 0.007633587786259542 0.008215962441314555