0 0.6343612334801763 0.346435546875 0.06681350954478708 0.0693359375
0 0.7533039647577092 0.2919921875 0.06020558002936858 0.068359375
0 0.8513215859030837 0.27880859375 0.06020558002936858 0.06396484375
0 0.6890602055800293 0.1904296875 0.04331864904552129 0.0380859375
0 0.8524229074889867 0.38916015625 0.06607929515418502 0.0556640625
0 0.854992657856094 0.738525390625 0.07342143906020558 0.07470703125
0 0.7639500734214391 0.668701171875 0.046255506607929514 0.04638671875
0 0.6402349486049926 0.7216796875 0.3223201174743025 0.32958984375
0 0.7077826725403817 0.1142578125 0.01908957415565345 0.0185546875
0 0.577826725403818 0.09326171875 0.016152716593245228 0.0146484375
0 0.565712187958884 0.13427734375 0.016886930983847283 0.01416015625
0 0.49632892804698975 0.0224609375 0.03671071953010279 0.0322265625
0 0.4544787077826725 0.042236328125 0.05433186490455213 0.06640625
0 0.4555800293685756 0.089111328125 0.03450807635829662 0.03662109375
0 0.47393538913362704 0.16259765625 0.03450807635829662 0.03515625
0 0.368942731277533 0.11865234375 0.038913362701908955 0.02392578125
0 0.4280469897209985 0.197509765625 0.037444933920704845 0.0390625
0 0.46071953010279 0.261962890625 0.024229074889867842 0.0458984375
0 0.5616740088105727 0.2861328125 0.023494860499265784 0.01611328125
0 0.43869309838472836 0.2587890625 0.024963289280469897 0.021484375
0 0.4067547723935389 0.25537109375 0.028634361233480177 0.02783203125
0 0.39133627019089573 0.2763671875 0.030837004405286344 0.02392578125
0 0.31644640234948607 0.244873046875 0.04185022026431718 0.02099609375
0 0.2973568281938326 0.23583984375 0.038913362701908955 0.02197265625
0 0.29809104258443464 0.087890625 0.06387665198237885 0.04296875
0 0.24265785609397944 0.134033203125 0.04185022026431718 0.02734375
0 0.2011747430249633 0.17724609375 0.037444933920704845 0.0302734375
0 0.2474302496328928 0.279541015625 0.02643171806167401 0.013671875
0 0.4511747430249633 0.328125 0.01908957415565345 0.01904296875
0 0.42584434654919234 0.34912109375 0.03303964757709251 0.02783203125
0 0.46255506607929514 0.362060546875 0.012481644640234948 0.00927734375
0 0.4684287812041116 0.372314453125 0.016152716593245228 0.009765625
0 0.4309838472834068 0.418212890625 0.0315712187958884 0.02587890625
0 0.18906020558002937 0.371826171875 0.03671071953010279 0.025390625
0 0.17914831130690162 0.427001953125 0.05286343612334802 0.02587890625
0 0.03267254038179148 0.354248046875 0.04405286343612335 0.021484375
0 0.05323054331864904 0.494873046875 0.033773861967694566 0.0263671875
0 0.14831130690161526 0.502685546875 0.04185022026431718 0.0244140625
0 0.24853157121879588 0.544677734375 0.03671071953010279 0.02197265625
0 0.17694566813509544 0.552978515625 0.042584434654919234 0.03173828125
0 0.23201174743024963 0.596923828125 0.06607929515418502 0.03369140625
0 0.16005873715124816 0.6845703125 0.02936857562408223 0.01806640625
0 0.22356828193832598 0.714599609375 0.027165932452276064 0.02099609375
0 0.2867107195301028 0.72998046875 0.033773861967694566 0.02392578125
0 0.2488986784140969 0.747314453125 0.05433186490455213 0.02978515625
0 0.10168869309838473 0.76611328125 0.024963289280469897 0.01416015625
0 0.049926578560939794 0.7333984375 0.015418502202643172 0.021484375
0 0.05947136563876652 0.761474609375 0.02276064610866373 0.02197265625
0 0.06864904552129222 0.783935546875 0.030837004405286344 0.02294921875
0 0.25697503671071953 0.826416015625 0.023494860499265784 0.017578125
0 0.39610866372980913 0.843994140625 0.0381791483113069 0.01806640625
0 0.3355359765051395 0.854736328125 0.04331864904552129 0.015625
0 0.27973568281938327 0.990234375 0.033773861967694566 0.01953125
0 0.2011747430249633 0.99072265625 0.0381791483113069 0.0185546875
0 0.47944199706314244 0.9951171875 0.024963289280469897 0.009765625
0 0.5767254038179148 0.547119140625 0.014684287812041116 0.01171875
0 0.5730543318649045 0.578369140625 0.013215859030837005 0.0126953125
1 0.08700440528634361 0.73974609375 0.10572687224669604 0.12451171875
0 0.4434654919236417 0.07421875 0.018355359765051395 0.02734375