0 0.168212890625 0.08203125 0.0244140625 0.033203125
0 0.218994140625 0.11328125 0.03076171875 0.028645833333333332
0 0.14111328125 0.15950520833333334 0.01953125 0.018229166666666668
0 0.044921875 0.16015625 0.009765625 0.013671875
0 0.03369140625 0.16959635416666666 0.00927734375 0.013020833333333334
0 0.023193359375 0.18033854166666666 0.009765625 0.009114583333333334
0 0.02490234375 0.20247395833333334 0.009765625 0.015625
0 0.020263671875 0.2552083333333333 0.0087890625 0.016276041666666668
0 0.028564453125 0.3053385416666667 0.0185546875 0.039713541666666664
0 0.0234375 0.3196614583333333 0.013671875 0.020833333333333332
0 0.050048828125 0.298828125 0.009765625 0.013020833333333334
0 0.065185546875 0.2294921875 0.00732421875 0.010416666666666666
0 0.072021484375 0.22981770833333334 0.0078125 0.009765625
0 0.078369140625 0.23372395833333334 0.0078125 0.013020833333333334
0 0.082763671875 0.22981770833333334 0.00634765625 0.006510416666666667
0 0.08935546875 0.23795572916666666 0.009765625 0.01171875
0 0.09619140625 0.23990885416666666 0.00927734375 0.010416666666666666
0 0.103515625 0.240234375 0.0078125 0.013020833333333334
0 0.09326171875 0.2783203125 0.0087890625 0.018229166666666668
0 0.057373046875 0.3287760416666667 0.02197265625 0.024088541666666668
0 0.07666015625 0.3196614583333333 0.0107421875 0.013671875
0 0.10888671875 0.318359375 0.0107421875 0.01953125
0 0.13134765625 0.3177083333333333 0.01123046875 0.018229166666666668
0 0.1474609375 0.2848307291666667 0.00634765625 0.007161458333333333
0 0.1630859375 0.28515625 0.0302734375 0.028645833333333332
0 0.1806640625 0.3473307291666667 0.00927734375 0.012369791666666666
0 0.188720703125 0.337890625 0.0205078125 0.037109375
0 0.1435546875 0.3512369791666667 0.00927734375 0.013020833333333334
0 0.080322265625 0.3723958333333333 0.009765625 0.016927083333333332
0 0.09375 0.3994140625 0.01611328125 0.021484375
0 0.1123046875 0.4010416666666667 0.0107421875 0.020182291666666668
0 0.11962890625 0.4716796875 0.02294921875 0.03125
0 0.14404296875 0.4632161458333333 0.01123046875 0.01171875
0 0.151123046875 0.4514973958333333 0.01123046875 0.013671875
0 0.115478515625 0.5309244791666666 0.02685546875 0.032552083333333336
0 0.14453125 0.5693359375 0.0205078125 0.027994791666666668
0 0.1298828125 0.6175130208333334 0.00634765625 0.013671875
0 0.15234375 0.6526692708333334 0.01611328125 0.022786458333333332
0 0.133056640625 0.7141927083333334 0.00732421875 0.020833333333333332
0 0.151123046875 0.7854817708333334 0.01220703125 0.016276041666666668
0 0.136474609375 0.7799479166666666 0.0029296875 0.010416666666666666
0 0.14501953125 0.8118489583333334 0.0205078125 0.035807291666666664
0 0.1982421875 0.875 0.01123046875 0.014322916666666666
0 0.213623046875 0.9000651041666666 0.0087890625 0.008463541666666666
0 0.225341796875 0.8912760416666666 0.009765625 0.014322916666666666
0 0.215576171875 0.826171875 0.01123046875 0.015625
0 0.228515625 0.806640625 0.015625 0.022135416666666668
0 0.23486328125 0.8382161458333334 0.00927734375 0.013020833333333334
0 0.25634765625 0.91015625 0.00634765625 0.0078125
0 0.277099609375 0.890625 0.005859375 0.0078125
0 0.2958984375 0.8727213541666666 0.0068359375 0.009765625
0 0.286865234375 0.9274088541666666 0.0068359375 0.0078125
0 0.30810546875 0.9049479166666666 0.00537109375 0.0078125
0 0.31689453125 0.9430338541666666 0.0078125 0.0078125
0 0.333251953125 0.8274739583333334 0.01806640625 0.037760416666666664
0 0.36279296875 0.83984375 0.01708984375 0.03125
0 0.271240234375 0.7897135416666666 0.01123046875 0.015625
0 0.256103515625 0.7740885416666666 0.01123046875 0.014322916666666666
0 0.27978515625 0.7649739583333334 0.00634765625 0.009765625
0 0.24658203125 0.7604166666666666 0.02294921875 0.024739583333333332
0 0.263916015625 0.7086588541666666 0.009765625 0.013020833333333334
0 0.28564453125 0.7203776041666666 0.01123046875 0.015625
0 0.29248046875 0.6878255208333334 0.00927734375 0.009765625
0 0.303466796875 0.6764322916666666 0.01220703125 0.016927083333333332
0 0.300537109375 0.7037760416666666 0.01123046875 0.012369791666666666
0 0.3251953125 0.7216796875 0.01025390625 0.015625
0 0.364990234375 0.7727864583333334 0.0224609375 0.02734375
0 0.37353515625 0.7177734375 0.0078125 0.013020833333333334
0 0.322509765625 0.6285807291666666 0.0146484375 0.020833333333333332
0 0.296875 0.6233723958333334 0.01025390625 0.013020833333333334
0 0.272216796875 0.6419270833333334 0.00830078125 0.009765625
0 0.247314453125 0.6412760416666666 0.0107421875 0.015625
0 0.2724609375 0.5455729166666666 0.009765625 0.013671875
0 0.218017578125 0.5533854166666666 0.01220703125 0.016927083333333332
0 0.297607421875 0.529296875 0.00732421875 0.011067708333333334
0 0.2939453125 0.5113932291666666 0.009765625 0.018880208333333332
0 0.231689453125 0.4912109375 0.01171875 0.013671875
0 0.201416015625 0.4768880208333333 0.0107421875 0.010416666666666666
0 0.204833984375 0.4169921875 0.00634765625 0.010416666666666666
0 0.215576171875 0.4127604166666667 0.009765625 0.01171875
0 0.24365234375 0.3919270833333333 0.01416015625 0.008463541666666666
0 0.2763671875 0.42578125 0.00927734375 0.007161458333333333
0 0.27880859375 0.4609375 0.0283203125 0.022135416666666668
0 0.318115234375 0.4820963541666667 0.01513671875 0.018880208333333332
0 0.356689453125 0.52734375 0.00927734375 0.017578125
0 0.342041015625 0.5491536458333334 0.0166015625 0.032552083333333336
0 0.356201171875 0.556640625 0.01171875 0.018880208333333332
0 0.370849609375 0.5276692708333334 0.005859375 0.006510416666666667
0 0.36474609375 0.5052083333333334 0.00634765625 0.0078125
0 0.40380859375 0.4990234375 0.0234375 0.037109375
0 0.421875 0.5078125 0.0126953125 0.017578125
0 0.3935546875 0.4192708333333333 0.0283203125 0.041666666666666664
0 0.37060546875 0.4313151041666667 0.0068359375 0.012369791666666666
0 0.35107421875 0.3876953125 0.01025390625 0.016927083333333332
0 0.35595703125 0.3828125 0.01171875 0.012369791666666666
0 0.436767578125 0.5621744791666666 0.03173828125 0.030598958333333332
0 0.457275390625 0.5927734375 0.0322265625 0.013020833333333334
0 0.466064453125 0.6243489583333334 0.02880859375 0.024739583333333332
0 0.45947265625 0.6533203125 0.0224609375 0.016276041666666668
0 0.53125 0.6516927083333334 0.01513671875 0.016927083333333332
0 0.544189453125 0.6337890625 0.005859375 0.017578125
0 0.540771484375 0.5862630208333334 0.00634765625 0.018229166666666668
0 0.5302734375 0.5423177083333334 0.005859375 0.0078125
0 0.538330078125 0.5472005208333334 0.00537109375 0.013020833333333334
0 0.559326171875 0.4895833333333333 0.02685546875 0.024739583333333332
0 0.54296875 0.4293619791666667 0.0224609375 0.027994791666666668
0 0.542236328125 0.4104817708333333 0.02294921875 0.020833333333333332
0 0.36865234375 0.3121744791666667 0.0078125 0.013671875
0 0.358154296875 0.2890625 0.013671875 0.018880208333333332
0 0.3232421875 0.23795572916666666 0.01611328125 0.015625
0 0.226806640625 0.2965494791666667 0.02587890625 0.027994791666666668
0 0.274658203125 0.19401041666666666 0.0224609375 0.020833333333333332
0 0.2578125 0.1669921875 0.02490234375 0.022786458333333332
0 0.17822265625 0.21061197916666666 0.0166015625 0.014322916666666666
0 0.64208984375 0.20703125 0.02294921875 0.024739583333333332
0 0.629638671875 0.2652994791666667 0.02294921875 0.033203125
0 0.59912109375 0.3134765625 0.02099609375 0.020833333333333332
0 0.589599609375 0.3391927083333333 0.02099609375 0.024739583333333332
0 0.67529296875 0.3844401041666667 0.0126953125 0.01171875
0 0.732666015625 0.2874348958333333 0.01904296875 0.016276041666666668
0 0.735107421875 0.17154947916666666 0.02490234375 0.03125
0 0.72265625 0.05859375 0.02197265625 0.029296875
0 0.772216796875 0.024739583333333332 0.0166015625 0.01953125
0 0.881103515625 0.1474609375 0.0166015625 0.024088541666666668
0 0.90380859375 0.1513671875 0.01318359375 0.016276041666666668
0 0.8896484375 0.19661458333333334 0.01025390625 0.013020833333333334
0 0.859619140625 0.20768229166666666 0.01220703125 0.016927083333333332
0 0.871826171875 0.21451822916666666 0.009765625 0.0078125
0 0.841552734375 0.24772135416666666 0.0107421875 0.014973958333333334
0 0.85205078125 0.2705078125 0.0146484375 0.017578125
0 0.846435546875 0.2978515625 0.013671875 0.017578125
0 0.8564453125 0.306640625 0.01318359375 0.016276041666666668
0 0.826904296875 0.3245442708333333 0.0078125 0.014322916666666666
0 0.837646484375 0.3372395833333333 0.01220703125 0.014973958333333334
0 0.850830078125 0.3369140625 0.013671875 0.016276041666666668
0 0.787109375 0.3382161458333333 0.01806640625 0.020182291666666668
0 0.864501953125 0.3561197916666667 0.01171875 0.016927083333333332
0 0.873046875 0.3004557291666667 0.0078125 0.008463541666666666
0 0.8916015625 0.279296875 0.017578125 0.0234375
0 0.91748046875 0.2669270833333333 0.01220703125 0.016276041666666668
0 0.92236328125 0.23958333333333334 0.013671875 0.018880208333333332
0 0.934814453125 0.24967447916666666 0.0146484375 0.021484375
0 0.974365234375 0.3307291666666667 0.02587890625 0.04296875
0 0.975341796875 0.357421875 0.0390625 0.028645833333333332
0 0.95703125 0.3746744791666667 0.00830078125 0.008463541666666666
0 0.996337890625 0.3665364583333333 0.00341796875 0.015625
0 0.978759765625 0.4088541666666667 0.009765625 0.016927083333333332
0 0.953369140625 0.4108072916666667 0.01025390625 0.011067708333333334
0 0.89892578125 0.4150390625 0.0087890625 0.007161458333333333
0 0.949951171875 0.4368489583333333 0.0322265625 0.034505208333333336
0 0.982421875 0.4521484375 0.0341796875 0.034505208333333336
0 0.8896484375 0.4934895833333333 0.0078125 0.009114583333333334
0 0.940673828125 0.4680989583333333 0.0078125 0.011067708333333334
0 0.953369140625 0.5052083333333334 0.02978515625 0.045572916666666664
0 0.992919921875 0.4788411458333333 0.01318359375 0.018229166666666668
0 0.927734375 0.5380859375 0.009765625 0.007161458333333333
0 0.90234375 0.5615234375 0.009765625 0.006510416666666667
0 0.913818359375 0.5924479166666666 0.0107421875 0.0078125
0 0.98828125 0.5615234375 0.0234375 0.035807291666666664
0 0.995849609375 0.537109375 0.00830078125 0.014322916666666666
0 0.941650390625 0.6223958333333334 0.03076171875 0.044270833333333336
0 0.92529296875 0.6432291666666666 0.02685546875 0.040364583333333336
0 0.89599609375 0.6510416666666666 0.01318359375 0.017578125
0 0.865478515625 0.626953125 0.01806640625 0.014322916666666666
0 0.947265625 0.6015625 0.00537109375 0.005208333333333333
0 0.931396484375 0.7320963541666666 0.02783203125 0.043619791666666664
0 0.9912109375 0.7874348958333334 0.015625 0.016276041666666668
0 0.917724609375 0.7682291666666666 0.0283203125 0.046223958333333336
0 0.90087890625 0.7262369791666666 0.00732421875 0.010416666666666666
0 0.849853515625 0.6969401041666666 0.0087890625 0.011067708333333334
0 0.83154296875 0.7278645833333334 0.0087890625 0.011067708333333334
0 0.870849609375 0.783203125 0.01025390625 0.009765625
0 0.888916015625 0.7708333333333334 0.01025390625 0.011067708333333334
0 0.90966796875 0.8232421875 0.013671875 0.011067708333333334
0 0.9296875 0.8245442708333334 0.0107421875 0.012369791666666666
0 0.98828125 0.8375651041666666 0.0224609375 0.026041666666666668
0 0.917236328125 0.8463541666666666 0.013671875 0.011067708333333334
0 0.919677734375 0.8841145833333334 0.0068359375 0.007161458333333333
0 0.872314453125 0.89453125 0.01171875 0.013671875
0 0.8583984375 0.8277994791666666 0.03125 0.037760416666666664
0 0.876220703125 0.8421223958333334 0.03173828125 0.033854166666666664
0 0.898193359375 0.9329427083333334 0.0087890625 0.0078125
0 0.949462890625 0.9615885416666666 0.01171875 0.012369791666666666
0 0.832763671875 0.958984375 0.01318359375 0.014322916666666666
0 0.77734375 0.9361979166666666 0.00390625 0.007161458333333333
0 0.771240234375 0.8961588541666666 0.00537109375 0.0078125
0 0.73193359375 0.912109375 0.0126953125 0.018229166666666668
0 0.717529296875 0.9352213541666666 0.00634765625 0.0078125
0 0.701171875 0.9498697916666666 0.00830078125 0.014322916666666666
0 0.7294921875 0.947265625 0.01318359375 0.015625
0 0.7587890625 0.9739583333333334 0.01513671875 0.016927083333333332
0 0.7724609375 0.8336588541666666 0.0078125 0.01953125
0 0.78564453125 0.8033854166666666 0.01708984375 0.029296875
0 0.765869140625 0.8056640625 0.01220703125 0.024088541666666668
0 0.758056640625 0.7845052083333334 0.00634765625 0.015625
0 0.760009765625 0.78125 0.005859375 0.014973958333333334
0 0.765380859375 0.7679036458333334 0.0068359375 0.010416666666666666
0 0.7509765625 0.7643229166666666 0.005859375 0.01171875
0 0.75439453125 0.76171875 0.00830078125 0.020182291666666668
0 0.747314453125 0.7415364583333334 0.0087890625 0.017578125
0 0.72900390625 0.7923177083333334 0.01025390625 0.024088541666666668
0 0.686279296875 0.8238932291666666 0.02294921875 0.024739583333333332
0 0.681884765625 0.8557942708333334 0.0126953125 0.016276041666666668
0 0.70947265625 0.7646484375 0.01171875 0.018880208333333332
0 0.701904296875 0.7486979166666666 0.00927734375 0.01953125
0 0.69677734375 0.7259114583333334 0.00732421875 0.01171875
0 0.7158203125 0.6865234375 0.00732421875 0.011067708333333334
0 0.723388671875 0.70703125 0.0166015625 0.02734375
0 0.7626953125 0.6787109375 0.01318359375 0.024088541666666668
0 0.768798828125 0.7067057291666666 0.00927734375 0.010416666666666666
0 0.78173828125 0.6484375 0.0078125 0.011067708333333334
0 0.746337890625 0.63671875 0.00732421875 0.013671875
0 0.757568359375 0.6243489583333334 0.01025390625 0.013671875
0 0.767822265625 0.6207682291666666 0.01416015625 0.024739583333333332
0 0.772705078125 0.5973307291666666 0.0078125 0.009114583333333334
0 0.7822265625 0.607421875 0.00732421875 0.010416666666666666
0 0.7236328125 0.6536458333333334 0.0107421875 0.016276041666666668
0 0.667724609375 0.6744791666666666 0.01025390625 0.013671875
0 0.638671875 0.73046875 0.013671875 0.01171875
0 0.729248046875 0.6705729166666666 0.00732421875 0.010416666666666666
0 0.646484375 0.6165364583333334 0.01513671875 0.018229166666666668
0 0.625244140625 0.5986328125 0.01513671875 0.01953125
0 0.6162109375 0.65625 0.009765625 0.012369791666666666
0 0.633544921875 0.6376953125 0.00439453125 0.005208333333333333
0 0.590087890625 0.6744791666666666 0.0107421875 0.011067708333333334
0 0.69873046875 0.5677083333333334 0.0146484375 0.020833333333333332
0 0.708740234375 0.5152994791666666 0.01513671875 0.044270833333333336
0 0.73193359375 0.5426432291666666 0.00927734375 0.012369791666666666
0 0.71240234375 0.6142578125 0.0087890625 0.011067708333333334
0 0.749755859375 0.5501302083333334 0.01171875 0.014973958333333334
0 0.77197265625 0.5257161458333334 0.009765625 0.016276041666666668
0 0.78564453125 0.5006510416666666 0.01318359375 0.014973958333333334
0 0.785400390625 0.515625 0.01220703125 0.01171875
0 0.759521484375 0.4749348958333333 0.015625 0.01953125
0 0.77294921875 0.455078125 0.00732421875 0.009114583333333334
0 0.769775390625 0.4397786458333333 0.0068359375 0.009765625
0 0.78369140625 0.421875 0.0078125 0.009765625
0 0.801025390625 0.4375 0.01123046875 0.011067708333333334
0 0.808837890625 0.4713541666666667 0.01220703125 0.016276041666666668
0 0.814697265625 0.4762369791666667 0.01025390625 0.012369791666666666
0 0.7919921875 0.3896484375 0.00830078125 0.011067708333333334
0 0.8291015625 0.3932291666666667 0.01171875 0.012369791666666666
0 0.836669921875 0.3971354166666667 0.01513671875 0.015625
0 0.828125 0.4267578125 0.01123046875 0.01171875
0 0.8359375 0.4270833333333333 0.00927734375 0.010416666666666666
0 0.62939453125 0.7574869791666666 0.00927734375 0.012369791666666666
0 0.6484375 0.759765625 0.00927734375 0.012369791666666666
0 0.616455078125 0.7864583333333334 0.0087890625 0.012369791666666666
0 0.616455078125 0.8209635416666666 0.0068359375 0.013020833333333334
0 0.630615234375 0.8453776041666666 0.01318359375 0.015625
0 0.58984375 0.8430989583333334 0.01025390625 0.017578125
0 0.607177734375 0.8544921875 0.0107421875 0.012369791666666666
0 0.617919921875 0.88671875 0.0146484375 0.020833333333333332
0 0.677978515625 0.9274088541666666 0.00927734375 0.012369791666666666
0 0.6884765625 0.9788411458333334 0.01025390625 0.015625
0 0.656005859375 0.9684244791666666 0.00732421875 0.0078125
0 0.638671875 0.9850260416666666 0.01220703125 0.014973958333333334
0 0.556884765625 0.9661458333333334 0.00732421875 0.009765625
0 0.519287109375 0.9345703125 0.02490234375 0.03125
0 0.565673828125 0.8583984375 0.01025390625 0.01171875
0 0.5048828125 0.8717447916666666 0.00830078125 0.011067708333333334
0 0.476806640625 0.900390625 0.00830078125 0.01171875
0 0.478271484375 0.9368489583333334 0.00634765625 0.011067708333333334
0 0.404296875 0.9169921875 0.013671875 0.012369791666666666
0 0.384765625 0.9557291666666666 0.01708984375 0.016927083333333332
0 0.47119140625 0.7962239583333334 0.02490234375 0.025390625
0 0.55810546875 0.7923177083333334 0.00927734375 0.009765625
0 0.54541015625 0.7548828125 0.00830078125 0.011067708333333334
1 0.08984375 0.23990885416666666 0.05859375 0.041015625
0 0.189208984375 0.70703125 0.01220703125 0.014322916666666666
0 0.77783203125 0.5631510416666666 0.0126953125 0.026692708333333332
0 0.80322265625 0.5625 0.00634765625 0.009114583333333334