0 0.591552734375 0.4091796875 0.04638671875 0.061848958333333336
0 0.6533203125 0.4733072916666667 0.060546875 0.08072916666666667
0 0.60107421875 0.4759114583333333 0.013671875 0.017578125
0 0.607666015625 0.5159505208333334 0.0283203125 0.0234375
0 0.57080078125 0.5123697916666666 0.03125 0.05078125
0 0.625244140625 0.572265625 0.01904296875 0.0234375
0 0.550537109375 0.5393880208333334 0.01611328125 0.021484375
0 0.5712890625 0.5651041666666666 0.04931640625 0.057291666666666664
0 0.577880859375 0.6324869791666666 0.0244140625 0.029947916666666668
0 0.601318359375 0.6682942708333334 0.0224609375 0.027994791666666668
0 0.611328125 0.6940104166666666 0.0107421875 0.017578125
0 0.5556640625 0.6549479166666666 0.025390625 0.034505208333333336
0 0.619140625 0.7496744791666666 0.01220703125 0.017578125
0 0.59716796875 0.7864583333333334 0.01025390625 0.014322916666666666
0 0.53125 0.6793619791666666 0.01904296875 0.027994791666666668
0 0.552490234375 0.7180989583333334 0.01806640625 0.032552083333333336
0 0.504638671875 0.7177734375 0.015625 0.026041666666666668
0 0.5732421875 0.8238932291666666 0.0107421875 0.011067708333333334
0 0.528564453125 0.8297526041666666 0.0146484375 0.018880208333333332
0 0.477783203125 0.8284505208333334 0.01611328125 0.01953125
0 0.431396484375 0.7548828125 0.0234375 0.038411458333333336
0 0.399658203125 0.7975260416666666 0.013671875 0.025390625
0 0.29931640625 0.7858072916666666 0.0205078125 0.015625
0 0.324951171875 0.7529296875 0.025390625 0.034505208333333336
0 0.277099609375 0.6764322916666666 0.0263671875 0.028645833333333332
0 0.303466796875 0.640625 0.0224609375 0.032552083333333336
0 0.3427734375 0.69140625 0.0107421875 0.024739583333333332
0 0.379638671875 0.6806640625 0.03564453125 0.052734375
0 0.356689453125 0.6438802083333334 0.03271484375 0.041015625
0 0.281005859375 0.6018880208333334 0.013671875 0.017578125
0 0.361083984375 0.572265625 0.0361328125 0.053385416666666664
0 0.29248046875 0.5162760416666666 0.0048828125 0.007161458333333333
0 0.3125 0.4990234375 0.01513671875 0.015625
0 0.2900390625 0.466796875 0.0361328125 0.046223958333333336
0 0.268798828125 0.4326171875 0.01171875 0.018229166666666668
0 0.362548828125 0.49609375 0.0546875 0.0625
0 0.33935546875 0.4645182291666667 0.0166015625 0.015625
0 0.316162109375 0.4384765625 0.013671875 0.03125
0 0.296630859375 0.3994140625 0.02392578125 0.03125
0 0.267333984375 0.3626302083333333 0.03564453125 0.041015625
0 0.29150390625 0.33203125 0.0224609375 0.030598958333333332
0 0.319091796875 0.365234375 0.02880859375 0.024739583333333332
0 0.36328125 0.369140625 0.06640625 0.09309895833333333
0 0.340087890625 0.3297526041666667 0.0263671875 0.041666666666666664
0 0.284423828125 0.2639973958333333 0.04638671875 0.076171875
0 0.30908203125 0.22200520833333334 0.02490234375 0.036458333333333336
0 0.33837890625 0.26171875 0.0439453125 0.08138020833333333
0 0.384765625 0.18522135416666666 0.017578125 0.020833333333333332
0 0.412353515625 0.21907552083333334 0.0234375 0.032552083333333336
0 0.445068359375 0.19303385416666666 0.03857421875 0.059244791666666664
0 0.46337890625 0.24153645833333334 0.015625 0.018880208333333332
0 0.50830078125 0.212890625 0.08544921875 0.08723958333333333
0 0.516357421875 0.296875 0.021484375 0.035807291666666664
0 0.46484375 0.2962239583333333 0.025390625 0.047526041666666664
0 0.415283203125 0.2945963541666667 0.02734375 0.03515625
0 0.38623046875 0.2620442708333333 0.03076171875 0.0390625
0 0.420166015625 0.3639322916666667 0.01904296875 0.049479166666666664
0 0.4619140625 0.373046875 0.03466796875 0.039713541666666664
0 0.49365234375 0.3343098958333333 0.033203125 0.046223958333333336
0 0.543212890625 0.333984375 0.04345703125 0.049479166666666664
0 0.515869140625 0.369140625 0.01953125 0.024739583333333332
0 0.490966796875 0.40234375 0.02490234375 0.026041666666666668
0 0.5185546875 0.4361979166666667 0.04443359375 0.048177083333333336
0 0.446044921875 0.419921875 0.0224609375 0.035807291666666664
0 0.41650390625 0.4322916666666667 0.01904296875 0.022135416666666668
0 0.44189453125 0.4677734375 0.01904296875 0.024088541666666668
0 0.40673828125 0.466796875 0.01416015625 0.021484375
0 0.4150390625 0.5026041666666666 0.01904296875 0.041015625
0 0.49951171875 0.4713541666666667 0.00927734375 0.014322916666666666
0 0.5205078125 0.4716796875 0.01513671875 0.017578125
0 0.55078125 0.4742838541666667 0.02001953125 0.025390625
0 0.52490234375 0.5061848958333334 0.01513671875 0.0234375
0 0.46533203125 0.5276692708333334 0.0283203125 0.041015625
0 0.440185546875 0.5367838541666666 0.0166015625 0.01953125
0 0.48291015625 0.5611979166666666 0.00830078125 0.028645833333333332
0 0.464599609375 0.5738932291666666 0.01708984375 0.0234375
0 0.535888671875 0.6123046875 0.0185546875 0.026041666666666668
0 0.485107421875 0.6061197916666666 0.04931640625 0.06705729166666667
0 0.509521484375 0.6448567708333334 0.01513671875 0.022135416666666668
0 0.432861328125 0.6806640625 0.017578125 0.027994791666666668
0 0.413818359375 0.6822916666666666 0.01220703125 0.049479166666666664
0 0.4306640625 0.7109375 0.005859375 0.007161458333333333
0 0.388427734375 0.5338541666666666 0.0166015625 0.01953125
0 0.415283203125 0.5735677083333334 0.0205078125 0.053385416666666664
0 1.00732421875 0.3919270833333333 0.0126953125 0.025390625
0 0.986083984375 0.3987630208333333 0.0146484375 0.025390625
0 0.96875 0.4091796875 0.02392578125 0.024088541666666668
0 0.97119140625 0.4475911458333333 0.01708984375 0.024088541666666668
0 0.9814453125 0.4625651041666667 0.01025390625 0.015625
0 1.012451171875 0.4554036458333333 0.00341796875 0.016276041666666668
0 1.00439453125 0.48046875 0.01806640625 0.016927083333333332
0 0.981689453125 0.4860026041666667 0.01708984375 0.013020833333333334
0 0.985107421875 0.5120442708333334 0.017578125 0.017578125
0 0.99658203125 0.5543619791666666 0.02294921875 0.028645833333333332
0 0.99267578125 0.6080729166666666 0.0322265625 0.026041666666666668
0 0.99365234375 0.6474609375 0.01318359375 0.016276041666666668
0 0.98291015625 0.7067057291666666 0.03125 0.029296875
0 0.99609375 0.7275390625 0.01220703125 0.017578125
0 0.98388671875 0.7451171875 0.01220703125 0.013020833333333334
0 0.986083984375 0.8255208333333334 0.01806640625 0.022786458333333332
0 0.938232421875 0.8427734375 0.00732421875 0.009765625
0 0.953125 0.7828776041666666 0.00830078125 0.009765625
0 0.93798828125 0.7620442708333334 0.0107421875 0.009765625
0 0.95068359375 0.7425130208333334 0.00830078125 0.009114583333333334
0 0.878662109375 0.8388671875 0.01416015625 0.015625
0 0.875 0.7571614583333334 0.00634765625 0.009114583333333334
0 0.92138671875 0.7044270833333334 0.01904296875 0.024088541666666668
0 0.8740234375 0.681640625 0.02392578125 0.030598958333333332
0 0.9326171875 0.646484375 0.02099609375 0.0234375
0 0.886962890625 0.6168619791666666 0.0341796875 0.033854166666666664
0 0.945068359375 0.5833333333333334 0.029296875 0.041666666666666664
0 0.9306640625 0.568359375 0.0126953125 0.014973958333333334
0 0.8994140625 0.5309244791666666 0.01416015625 0.013020833333333334
0 0.914794921875 0.5107421875 0.01220703125 0.016276041666666668
0 0.924560546875 0.4537760416666667 0.03271484375 0.027994791666666668
0 0.8837890625 0.4371744791666667 0.01904296875 0.024088541666666668
0 0.223388671875 0.039388020833333336 0.03271484375 0.030598958333333332
0 0.27294921875 0.037434895833333336 0.0185546875 0.025390625
0 0.3017578125 0.07454427083333333 0.02490234375 0.039713541666666664
0 0.32568359375 0.032552083333333336 0.0283203125 0.042317708333333336
0 0.377685546875 0.0263671875 0.0390625 0.03125
0 0.444091796875 0.027669270833333332 0.02685546875 0.040364583333333336
0 0.499755859375 0.027669270833333332 0.04541015625 0.044921875
0 0.553955078125 0.029622395833333332 0.03369140625 0.044270833333333336
0 0.60986328125 0.039388020833333336 0.0322265625 0.043619791666666664
0 0.63720703125 0.07845052083333333 0.0263671875 0.0390625
0 0.6923828125 0.08365885416666667 0.0283203125 0.040364583333333336
0 0.74658203125 0.08072916666666667 0.02197265625 0.03125
0 0.7216796875 0.047200520833333336 0.02099609375 0.025390625
0 0.740966796875 0.16341145833333334 0.02734375 0.0390625
0 0.68408203125 0.16080729166666666 0.04052734375 0.03515625
0 0.683349609375 0.23697916666666666 0.01904296875 0.028645833333333332
0 0.7080078125 0.2724609375 0.02197265625 0.027994791666666668
0 0.72900390625 0.3072916666666667 0.03564453125 0.055338541666666664
0 0.75244140625 0.3235677083333333 0.0078125 0.033854166666666664
0 0.70166015625 0.3404947916666667 0.0341796875 0.030598958333333332
0 0.728759765625 0.39453125 0.02783203125 0.054036458333333336
0 0.671875 0.3756510416666667 0.02197265625 0.024088541666666668
0 0.6943359375 0.4156901041666667 0.0322265625 0.03515625
0 0.728759765625 0.4479166666666667 0.01953125 0.024739583333333332
0 0.708740234375 0.482421875 0.0224609375 0.029296875
0 0.72900390625 0.5139973958333334 0.02880859375 0.03515625
0 0.74365234375 0.5472005208333334 0.0078125 0.037760416666666664
0 0.722900390625 0.5768229166666666 0.033203125 0.04296875
0 0.67919921875 0.568359375 0.03662109375 0.050130208333333336
0 0.64990234375 0.5432942708333334 0.0185546875 0.021484375
0 0.654541015625 0.61328125 0.0263671875 0.034505208333333336
0 0.73828125 0.6770833333333334 0.00390625 0.049479166666666664
0 0.7373046875 0.7395833333333334 0.00634765625 0.0234375
0 0.732666015625 0.8541666666666666 0.00537109375 0.01953125
0 0.648681640625 0.6695963541666666 0.0263671875 0.037109375
0 0.673828125 0.7008463541666666 0.01953125 0.024739583333333332
0 0.722900390625 0.7037760416666666 0.01953125 0.055989583333333336
0 0.673583984375 0.7249348958333334 0.02783203125 0.021484375
0 0.6484375 0.734375 0.0146484375 0.013020833333333334
0 0.670654296875 0.7652994791666666 0.00927734375 0.009765625
0 0.6962890625 0.7942708333333334 0.01123046875 0.008463541666666666
0 0.721435546875 0.8235677083333334 0.01416015625 0.013020833333333334
0 0.69970703125 0.8805338541666666 0.00927734375 0.015625
0 0.685302734375 0.9111328125 0.01611328125 0.016927083333333332
0 0.65771484375 0.8831380208333334 0.0185546875 0.029296875
0 0.636474609375 0.9140625 0.01318359375 0.014973958333333334
0 0.660400390625 0.8167317708333334 0.013671875 0.01953125
0 0.574951171875 0.8935546875 0.01708984375 0.017578125
0 0.59521484375 0.921875 0.0107421875 0.014973958333333334
0 0.550537109375 0.927734375 0.00927734375 0.014322916666666666
0 0.52783203125 0.8968098958333334 0.0224609375 0.031901041666666664
0 0.50146484375 0.9339192708333334 0.01025390625 0.014973958333333334
0 0.50390625 0.8655598958333334 0.01025390625 0.015625
0 0.477783203125 0.9059244791666666 0.01123046875 0.014322916666666666
0 0.452392578125 0.869140625 0.009765625 0.012369791666666666
0 0.424560546875 0.91015625 0.0166015625 0.022135416666666668
0 0.394287109375 0.943359375 0.02197265625 0.020182291666666668
0 0.367431640625 0.9036458333333334 0.02392578125 0.033203125
0 0.342529296875 0.8684895833333334 0.01708984375 0.021484375
0 0.341796875 0.935546875 0.015625 0.021484375
0 0.316650390625 0.90234375 0.01025390625 0.013020833333333334
0 0.263427734375 0.9000651041666666 0.052734375 0.0703125
0 0.23974609375 0.8551432291666666 0.013671875 0.017578125
0 0.21337890625 0.8951822916666666 0.0234375 0.022786458333333332
0 0.184814453125 0.921875 0.01123046875 0.014322916666666666
0 0.162353515625 0.8841145833333334 0.02197265625 0.031901041666666664
0 0.114501953125 0.8824869791666666 0.01318359375 0.017578125
0 0.08740234375 0.908203125 0.013671875 0.015625
0 0.046142578125 0.8404947916666666 0.01318359375 0.01171875
0 0.12060546875 0.810546875 0.013671875 0.013020833333333334
0 0.16796875 0.8154296875 0.01513671875 0.024088541666666668
0 0.14794921875 0.7747395833333334 0.01611328125 0.014973958333333334
0 0.21923828125 0.8170572916666666 0.00927734375 0.014973958333333334
0 0.1533203125 0.7041015625 0.02783203125 0.033203125
0 0.13037109375 0.6695963541666666 0.0224609375 0.033854166666666664
0 0.08544921875 0.6617838541666666 0.02099609375 0.03515625
0 0.109375 0.6295572916666666 0.02587890625 0.027994791666666668
0 0.181640625 0.6689453125 0.0263671875 0.029947916666666668
0 0.137939453125 0.599609375 0.015625 0.022786458333333332
0 0.205810546875 0.63671875 0.0302734375 0.033203125
0 0.23095703125 0.669921875 0.03076171875 0.042317708333333336
0 0.234130859375 0.6028645833333334 0.021484375 0.046875
0 0.162841796875 0.5638020833333334 0.017578125 0.021484375
0 0.140869140625 0.5276692708333334 0.01611328125 0.022786458333333332
0 0.188720703125 0.5315755208333334 0.0244140625 0.0390625
0 0.214599609375 0.4944661458333333 0.03466796875 0.052083333333333336
0 0.168212890625 0.4934895833333333 0.044921875 0.025390625
0 0.1923828125 0.4641927083333333 0.01708984375 0.02734375
0 0.126220703125 0.4296875 0.01708984375 0.020182291666666668
0 0.212158203125 0.3961588541666667 0.015625 0.017578125
0 0.16748046875 0.369140625 0.025390625 0.043619791666666664
0 0.21923828125 0.3649088541666667 0.02734375 0.029947916666666668
0 0.16455078125 0.2981770833333333 0.03466796875 0.022786458333333332
0 0.2158203125 0.2965494791666667 0.0439453125 0.046223958333333336
0 0.26123046875 0.2939453125 0.01708984375 0.026041666666666668
0 0.23583984375 0.2623697916666667 0.0322265625 0.033854166666666664
0 0.208251953125 0.22786458333333334 0.01904296875 0.025390625
0 0.204345703125 0.15397135416666666 0.0234375 0.034505208333333336
0 0.255615234375 0.15234375 0.01806640625 0.026041666666666668
0 0.28271484375 0.14453125 0.01025390625 0.022135416666666668
0 0.3056640625 0.15006510416666666 0.01513671875 0.022135416666666668
0 0.52392578125 0.07421875 0.02001953125 0.026041666666666668
0 0.4951171875 0.11197916666666667 0.0458984375 0.06575520833333333
0 0.4423828125 0.10904947916666667 0.02490234375 0.032552083333333336
0 0.46826171875 0.14811197916666666 0.0166015625 0.024088541666666668
0 0.57958984375 0.11751302083333333 0.0166015625 0.022135416666666668
0 0.63232421875 0.154296875 0.01806640625 0.0234375
0 0.60302734375 0.19205729166666666 0.03125 0.03515625
0 0.6279296875 0.232421875 0.03466796875 0.059244791666666664
0 0.5986328125 0.267578125 0.02294921875 0.027994791666666668
0 0.572265625 0.23177083333333334 0.0283203125 0.049479166666666664
0 0.546875 0.2649739583333333 0.02392578125 0.027994791666666668
0 0.65380859375 0.2679036458333333 0.0283203125 0.044270833333333336
0 0.67529296875 0.3076171875 0.0341796875 0.04296875
0 0.64599609375 0.3444010416666667 0.03076171875 0.038411458333333336
0 0.597412109375 0.3362630208333333 0.05078125 0.057942708333333336
0 0.643798828125 0.4095052083333333 0.017578125 0.021484375