0 0.7241666666666666 0.10922787193973635 0.21333333333333335 0.2128060263653484
0 0.8858333333333334 0.327683615819209 0.19666666666666666 0.2523540489642185
0 0.8708333333333333 0.6111111111111112 0.215 0.2787193973634652
0 0.6908333333333333 0.815442561205273 0.225 0.2504708097928437
0 0.5083333333333333 0.6261770244821092 0.29 0.256120527306968
0 0.6191666666666666 0.3418079096045198 0.25333333333333335 0.2711864406779661
0 0.45 0.08851224105461393 0.23 0.17702448210922786
0 0.2075 0.18361581920903955 0.22333333333333333 0.1977401129943503
0 0.32166666666666666 0.3804143126177024 0.2 0.2278719397363465
0 0.08583333333333333 0.3954802259887006 0.17166666666666666 0.2335216572504708
0 0.1675 0.67984934086629 0.20333333333333334 0.2598870056497175
0 0.3883333333333333 0.8681732580037664 0.2833333333333333 0.263653483992467