0 0.40669934640522876 0.4689705882352942 0.18062091503267977 0.32166666666666677
0 0.2167156862745098 0.7482843137254902 0.09789215686274506 0.22240196078431373
0 0.40830065359477125 0.9190931372549019 0.1362581699346405 0.1617892156862745
0 0.79359477124183 0.6100490196078432 0.30839869281045745 0.32441176470588245
0 0.09589869281045751 0.9267401960784314 0.10328431372549021 0.12754901960784304
0 0.0405392156862745 0.6557107843137254 0.054656862745098046 0.11453431372549024
0 0.1011437908496732 0.4608578431372549 0.07415032679738563 0.1647303921568627
0 0.21086601307189545 0.24161764705882355 0.100718954248366 0.28509803921568627
0 0.030016339869281046 0.2384313725490196 0.06003267973856209 0.12017156862745099
0 0.008284313725490197 0.8111029411764706 0.01655228758169935 0.13803921568627464
0 0.054656862745098046 0.9706127450980392 0.06967320261437909 0.058750000000000066