0 0.4068627450980392 0.46691176470588236 0.184640522875817 0.32598039215686275
0 0.21405228758169934 0.741421568627451 0.09967320261437909 0.22549019607843138
0 0.4035947712418301 0.9166666666666666 0.1388888888888889 0.1642156862745098
0 0.7924836601307189 0.6176470588235294 0.31209150326797386 0.3333333333333333
0 0.09068627450980392 0.9166666666666666 0.10457516339869281 0.12990196078431374
0 0.03839869281045752 0.6433823529411765 0.05555555555555555 0.11519607843137254
0 0.10130718954248366 0.45098039215686275 0.07679738562091504 0.16666666666666666
0 0.21405228758169934 0.2340686274509804 0.10457516339869281 0.2867647058823529
0 0.03349673202614379 0.2267156862745098 0.06209150326797386 0.12254901960784313
0 0.006535947712418301 0.7965686274509803 0.013071895424836602 0.13725490196078433
0 0.049019607843137254 0.9583333333333334 0.07026143790849673 0.061274509803921566