0 0.828125 0.21435546875 0.142578125 0.10595703125
0 0.9772135416666666 0.254638671875 0.045572916666666664 0.07275390625
0 0.8902994791666666 0.28857421875 0.06705729166666667 0.04736328125
0 0.9778645833333334 0.382568359375 0.044270833333333336 0.09423828125
0 0.9300130208333334 0.46630859375 0.038411458333333336 0.03125
0 0.951171875 0.515869140625 0.09635416666666667 0.05859375
0 0.9427083333333334 0.57568359375 0.053385416666666664 0.0322265625
0 0.9469401041666666 0.63916015625 0.07291666666666667 0.046875
0 0.9020182291666666 0.652587890625 0.076171875 0.0556640625
0 0.8515625 0.664306640625 0.037109375 0.01953125
0 0.9235026041666666 0.68994140625 0.064453125 0.04736328125
0 0.9033203125 0.72412109375 0.08463541666666667 0.04345703125
0 0.8264973958333334 0.7421875 0.025390625 0.0185546875
0 0.8404947916666666 0.70751953125 0.050130208333333336 0.033203125
0 0.8196614583333334 0.787109375 0.07421875 0.04443359375
0 0.7574869791666666 0.714599609375 0.06640625 0.02978515625
0 0.7493489583333334 0.748779296875 0.06640625 0.03662109375
0 0.7516276041666666 0.777587890625 0.06770833333333333 0.03515625
0 0.7063802083333334 0.874267578125 0.027994791666666668 0.02001953125
0 0.66015625 0.88330078125 0.033203125 0.02294921875
0 0.6302083333333334 0.7978515625 0.027994791666666668 0.01953125
0 0.5973307291666666 0.81103515625 0.029296875 0.01953125
0 0.6246744791666666 0.8681640625 0.05078125 0.03662109375
0 0.5696614583333334 0.87548828125 0.029296875 0.02099609375
0 0.7132161458333334 0.983642578125 0.061848958333333336 0.03271484375
0 0.533203125 0.833740234375 0.033854166666666664 0.021484375
0 0.4733072916666667 0.851318359375 0.020182291666666668 0.0166015625
0 0.4720052083333333 0.866455078125 0.020833333333333332 0.01806640625
0 0.4293619791666667 0.85498046875 0.07096354166666667 0.05078125
0 0.41796875 0.812255859375 0.055989583333333336 0.03369140625
0 0.3616536458333333 0.80810546875 0.0234375 0.01611328125
0 0.5029296875 0.750732421875 0.044921875 0.02294921875
0 0.5361328125 0.71630859375 0.040364583333333336 0.0224609375
0 0.5201822916666666 0.732666015625 0.039713541666666664 0.02294921875
0 0.6214192708333334 0.696533203125 0.046875 0.033203125
0 0.6910807291666666 0.71875 0.037760416666666664 0.04541015625
0 0.6214192708333334 0.728515625 0.0859375 0.046875
0 0.6686197916666666 0.684326171875 0.056640625 0.04296875
0 0.7180989583333334 0.63916015625 0.042317708333333336 0.0234375
0 0.7041015625 0.6083984375 0.033203125 0.0166015625
0 0.7939453125 0.595458984375 0.06901041666666667 0.03662109375
0 0.7591145833333334 0.559814453125 0.059895833333333336 0.0498046875
0 0.7138671875 0.5634765625 0.064453125 0.04345703125
0 0.7239583333333334 0.51513671875 0.041666666666666664 0.02734375
0 0.8219401041666666 0.48779296875 0.07096354166666667 0.04833984375
0 0.8072916666666666 0.433837890625 0.14127604166666666 0.09814453125
0 0.7376302083333334 0.4580078125 0.06770833333333333 0.04248046875
0 0.7268880208333334 0.428955078125 0.054036458333333336 0.02392578125
0 0.681640625 0.38330078125 0.046223958333333336 0.04296875
0 0.6793619791666666 0.34130859375 0.047526041666666664 0.046875
0 0.779296875 0.367919921875 0.09765625 0.05810546875
0 0.78125 0.33203125 0.08203125 0.048828125
0 0.8245442708333334 0.296142578125 0.09830729166666667 0.109375
0 0.7298177083333334 0.30224609375 0.041666666666666664 0.04833984375
0 0.6985677083333334 0.28466796875 0.027994791666666668 0.0283203125
0 0.6920572916666666 0.259521484375 0.041666666666666664 0.02099609375
0 0.6575520833333334 0.235595703125 0.076171875 0.0322265625
0 0.681640625 0.115234375 0.1328125 0.1005859375
0 0.5745442708333334 0.085205078125 0.10546875 0.07080078125
0 0.5706380208333334 0.16015625 0.059895833333333336 0.0380859375
0 0.5641276041666666 0.24365234375 0.034505208333333336 0.03076171875
0 0.6038411458333334 0.27490234375 0.040364583333333336 0.03076171875
0 0.6494140625 0.285400390625 0.064453125 0.0478515625
0 0.6100260416666666 0.33251953125 0.083984375 0.07080078125
0 0.6513671875 0.376708984375 0.037760416666666664 0.037109375
0 0.6767578125 0.4775390625 0.09309895833333333 0.0537109375
0 0.6344401041666666 0.532470703125 0.052734375 0.0390625
0 0.5960286458333334 0.490234375 0.044921875 0.0361328125
0 0.6106770833333334 0.4443359375 0.029947916666666668 0.033203125
0 0.56640625 0.390625 0.06966145833333333 0.05322265625
0 0.5592447916666666 0.3515625 0.05078125 0.0498046875
0 0.5078125 0.315185546875 0.10807291666666667 0.06884765625
0 0.4485677083333333 0.240478515625 0.0625 0.04638671875
0 0.4599609375 0.108154296875 0.11393229166666667 0.0849609375
0 0.4225260416666667 0.184326171875 0.08723958333333333 0.0869140625
0 0.3512369791666667 0.154296875 0.035807291666666664 0.03369140625
0 0.23860677083333334 0.10986328125 0.061197916666666664 0.03515625
0 0.10481770833333333 0.056884765625 0.07942708333333333 0.05712890625
0 0.134765625 0.1474609375 0.08268229166666667 0.0732421875
0 0.24641927083333334 0.180908203125 0.08072916666666667 0.06787109375
0 0.40625 0.2666015625 0.07291666666666667 0.0498046875
0 0.4208984375 0.322509765625 0.06770833333333333 0.04052734375
0 0.3639322916666667 0.304443359375 0.07421875 0.04248046875
0 0.3587239583333333 0.34521484375 0.080078125 0.05126953125
0 0.4622395833333333 0.349853515625 0.07682291666666667 0.04052734375
0 0.4176432291666667 0.377685546875 0.0625 0.037109375
0 0.2594401041666667 0.262451171875 0.07291666666666667 0.04931640625
0 0.16080729166666666 0.228271484375 0.05078125 0.0361328125
0 0.08235677083333333 0.226318359375 0.060546875 0.0419921875
0 0.0595703125 0.18505859375 0.029296875 0.0390625
0 0.21451822916666666 0.3203125 0.064453125 0.04150390625
0 0.18619791666666666 0.296875 0.046875 0.0361328125
0 0.10188802083333333 0.307373046875 0.055989583333333336 0.02880859375
0 0.0556640625 0.361572265625 0.061197916666666664 0.04296875
0 0.18489583333333334 0.341064453125 0.060546875 0.044921875
0 0.18196614583333334 0.366455078125 0.054036458333333336 0.0390625
0 0.2939453125 0.4013671875 0.12044270833333333 0.103515625
0 0.19205729166666666 0.448974609375 0.059895833333333336 0.03955078125
0 0.2630208333333333 0.412841796875 0.037109375 0.0302734375
0 0.23209635416666666 0.44580078125 0.060546875 0.03759765625
0 0.3125 0.460205078125 0.037109375 0.02734375
0 0.3548177083333333 0.429931640625 0.04296875 0.0341796875
0 0.3714192708333333 0.456298828125 0.037109375 0.0302734375
0 0.3518880208333333 0.46826171875 0.055989583333333336 0.02978515625
0 0.4212239583333333 0.42333984375 0.049479166666666664 0.0380859375
0 0.462890625 0.410888671875 0.044921875 0.02490234375
0 0.4905598958333333 0.457763671875 0.029947916666666668 0.02734375
0 0.4615885416666667 0.470458984375 0.043619791666666664 0.02587890625
0 0.533203125 0.465087890625 0.045572916666666664 0.03857421875
0 0.599609375 0.51220703125 0.038411458333333336 0.0244140625
0 0.5618489583333334 0.5224609375 0.012369791666666666 0.009765625
0 0.5319010416666666 0.530029296875 0.032552083333333336 0.0224609375
0 0.5579427083333334 0.534912109375 0.022786458333333332 0.01806640625
0 0.5667317708333334 0.573974609375 0.02734375 0.01708984375
0 0.4973958333333333 0.568115234375 0.037760416666666664 0.02587890625
0 0.4772135416666667 0.5263671875 0.10286458333333333 0.05126953125
0 0.3961588541666667 0.513671875 0.038411458333333336 0.0283203125
0 0.4934895833333333 0.51171875 0.013020833333333334 0.00830078125
0 0.5472005208333334 0.552490234375 0.039713541666666664 0.025390625
0 0.5423177083333334 0.598876953125 0.027994791666666668 0.017578125
0 0.5423177083333334 0.638671875 0.078125 0.0322265625
0 0.4654947916666667 0.614501953125 0.044921875 0.03564453125
0 0.4274088541666667 0.546875 0.06705729166666667 0.04931640625
0 0.4537760416666667 0.577392578125 0.021484375 0.01904296875
0 0.3974609375 0.5849609375 0.057942708333333336 0.041015625
0 0.3561197916666667 0.5703125 0.091796875 0.0673828125
0 0.3089192708333333 0.564453125 0.056640625 0.03466796875
0 0.3551432291666667 0.50439453125 0.036458333333333336 0.0263671875
0 0.3883463541666667 0.62841796875 0.057291666666666664 0.029296875
0 0.38851267122395833 0.5367628208007813 0.3895028125 0.5466196098632813 0.3937655286458333 0.5568755903320313 0.4045279251302083 0.5651531381835937 0.41962151953125 0.574832357421875 0.434064064453125 0.5764236044921875 0.3981292513020833 0.5384652861328125 0.39005443424479164 0.5351330942382813 0.38851267122395833 0.5367628208007813
0 0.2998046875 0.509521484375 0.046875 0.0244140625
0 0.23079427083333334 0.510009765625 0.07486979166666667 0.05517578125
0 0.205078125 0.533935546875 0.061848958333333336 0.02734375
0 0.2099609375 0.485595703125 0.048177083333333336 0.03125
0 0.14290364583333334 0.501953125 0.08528645833333333 0.0673828125
0 0.12760416666666666 0.447021484375 0.05859375 0.04541015625
0 0.11100260416666667 0.528076171875 0.039713541666666664 0.02392578125
0 0.06770833333333333 0.523681640625 0.037760416666666664 0.025390625
0 0.14778645833333334 0.423828125 0.048828125 0.02587890625
0 0.07779947916666667 0.419189453125 0.10221354166666667 0.0634765625
0 0.11393229166666667 0.64990234375 0.039713541666666664 0.02197265625
0 0.14908854166666666 0.66845703125 0.048828125 0.02587890625
0 0.19140625 0.67431640625 0.036458333333333336 0.01904296875
0 0.17838541666666666 0.6376953125 0.043619791666666664 0.02392578125
0 0.16861979166666666 0.597900390625 0.035807291666666664 0.0224609375
0 0.2333984375 0.581298828125 0.040364583333333336 0.0224609375
0 0.24641927083333334 0.622314453125 0.02734375 0.01611328125
0 0.2552083333333333 0.660888671875 0.078125 0.03515625
0 0.2275390625 0.6943359375 0.042317708333333336 0.02978515625
0 0.19921875 0.7109375 0.057291666666666664 0.02734375
0 0.3235677083333333 0.680908203125 0.12044270833333333 0.05517578125
0 0.3232421875 0.64599609375 0.030598958333333332 0.0185546875
0 0.3147786458333333 0.60595703125 0.027994791666666668 0.01806640625
0 0.3336588541666667 0.71923828125 0.028645833333333332 0.01806640625
0 0.3349609375 0.7431640625 0.022786458333333332 0.015625
0 0.3108723958333333 0.758544921875 0.0234375 0.015625
0 0.2838541666666667 0.771240234375 0.02734375 0.01806640625
0 0.3997395833333333 0.707275390625 0.026041666666666668 0.0205078125
0 0.4241536458333333 0.69580078125 0.038411458333333336 0.0244140625
0 0.46484375 0.698974609375 0.03515625 0.02490234375
0 0.4671223958333333 0.660888671875 0.054036458333333336 0.0380859375
0 0.5380859375 0.6845703125 0.057942708333333336 0.0380859375
0 0.4619140625 0.729248046875 0.048177083333333336 0.021484375
0 0.6461588541666666 0.60986328125 0.123046875 0.07666015625
0 0.6018880208333334 0.654541015625 0.045572916666666664 0.029296875
0 0.2838541666666667 0.841796875 0.041666666666666664 0.02587890625
0 0.21647135416666666 0.83349609375 0.03125 0.01416015625
0 0.1630859375 0.786376953125 0.030598958333333332 0.01953125
0 0.14322916666666666 0.776611328125 0.024088541666666668 0.01025390625
0 0.6184895833333334 0.6259765625 0.06640625 0.04736328125
1 0.6393229166666666 0.69482421875 0.16145833333333334 0.1044921875
0 0.1455078125 0.554443359375 0.060546875 0.04345703125
0 0.13639322916666666 0.553466796875 0.014322916666666666 0.0126953125
0 0.2711588541666667 0.510986328125 0.030598958333333332 0.03076171875
1 0.3225911458333333 0.43310546875 0.4075520833333333 0.3115234375
1 0.6175130208333334 0.387939453125 0.3053385416666667 0.34375