0 0.8147786458333334 0.2060546875 0.138671875 0.1025390625
0 0.9723307291666666 0.24169921875 0.055338541666666664 0.0712890625
0 0.8802083333333334 0.2783203125 0.06510416666666667 0.0458984375
0 0.9759114583333334 0.36962890625 0.048177083333333336 0.0927734375
0 0.9280598958333334 0.455078125 0.037109375 0.0302734375
0 0.9518229166666666 0.504150390625 0.09440104166666667 0.05615234375
0 0.9459635416666666 0.56396484375 0.052734375 0.03076171875
0 0.953125 0.627197265625 0.07161458333333333 0.04541015625
0 0.9088541666666666 0.64208984375 0.07356770833333333 0.05419921875
0 0.8590494791666666 0.655029296875 0.036458333333333336 0.0185546875
0 0.9319661458333334 0.6787109375 0.0625 0.0458984375
0 0.9137369791666666 0.71337890625 0.08333333333333333 0.04150390625
0 0.8375651041666666 0.7333984375 0.024739583333333332 0.01806640625
0 0.8499348958333334 0.698486328125 0.048828125 0.0322265625
0 0.8326822916666666 0.778564453125 0.072265625 0.04296875
0 0.7672526041666666 0.707763671875 0.06575520833333333 0.0283203125
0 0.7607421875 0.7421875 0.06510416666666667 0.03515625
0 0.7643229166666666 0.770751953125 0.06640625 0.03369140625
0 0.7236328125 0.86865234375 0.02734375 0.01953125
0 0.6780598958333334 0.87890625 0.031901041666666664 0.0224609375
0 0.6442057291666666 0.794189453125 0.02734375 0.01904296875
0 0.6116536458333334 0.808349609375 0.028645833333333332 0.0185546875
0 0.6416015625 0.86474609375 0.049479166666666664 0.03564453125
0 0.5872395833333334 0.873291015625 0.028645833333333332 0.02001953125
0 0.7353515625 0.98095703125 0.060546875 0.0380859375
0 0.548828125 0.83251953125 0.033203125 0.0205078125
0 0.4895833333333333 0.851806640625 0.01953125 0.01611328125
0 0.4892578125 0.866943359375 0.020182291666666668 0.017578125
0 0.4459635416666667 0.856689453125 0.06901041666666667 0.04931640625
0 0.4326171875 0.814208984375 0.0546875 0.03271484375
0 0.3759765625 0.8115234375 0.022786458333333332 0.015625
0 0.5146484375 0.75048828125 0.044270833333333336 0.02197265625
0 0.5462239583333334 0.71533203125 0.039713541666666664 0.021484375
0 0.53125 0.73193359375 0.0390625 0.02197265625
0 0.6305338541666666 0.693359375 0.045572916666666664 0.0322265625
0 0.701171875 0.713623046875 0.035807291666666664 0.044921875
0 0.6318359375 0.725341796875 0.08463541666666667 0.044921875
0 0.6770833333333334 0.6796875 0.055338541666666664 0.04150390625
0 0.7242838541666666 0.63330078125 0.041015625 0.0224609375
0 0.708984375 0.60302734375 0.032552083333333336 0.015625
0 0.7981770833333334 0.587646484375 0.06770833333333333 0.03466796875
0 0.76171875 0.552978515625 0.057942708333333336 0.048828125
0 0.716796875 0.557861328125 0.06315104166666667 0.04248046875
0 0.7242838541666666 0.50927734375 0.040364583333333336 0.0263671875
0 0.8212890625 0.4794921875 0.06901041666666667 0.046875
0 0.8040364583333334 0.42578125 0.13802083333333334 0.0947265625
0 0.7356770833333334 0.45166015625 0.06575520833333333 0.041015625
0 0.7233072916666666 0.423095703125 0.053385416666666664 0.02294921875
0 0.6761067708333334 0.378662109375 0.044921875 0.0419921875
0 0.671875 0.336669921875 0.046223958333333336 0.0458984375
0 0.7731119791666666 0.360595703125 0.09505208333333333 0.05615234375
0 0.7734375 0.32470703125 0.080078125 0.04736328125
0 0.8147786458333334 0.287841796875 0.09375 0.107421875
0 0.7203776041666666 0.29638671875 0.039713541666666664 0.04736328125
0 0.6884765625 0.279541015625 0.02734375 0.02783203125
0 0.6809895833333334 0.254638671875 0.041015625 0.02001953125
0 0.6451822916666666 0.231689453125 0.07486979166666667 0.0302734375
0 0.6637369791666666 0.11083984375 0.12890625 0.09765625
0 0.5550130208333334 0.08349609375 0.10286458333333333 0.068359375
0 0.5550130208333334 0.158447265625 0.05859375 0.03662109375
0 0.5524088541666666 0.2421875 0.033203125 0.0302734375
0 0.5930989583333334 0.272216796875 0.0390625 0.0302734375
0 0.6393229166666666 0.28173828125 0.0625 0.04638671875
0 0.6022135416666666 0.329833984375 0.08138020833333333 0.06884765625
0 0.6455078125 0.372802734375 0.036458333333333336 0.0361328125
0 0.67578125 0.472900390625 0.091796875 0.05126953125
0 0.6357421875 0.529052734375 0.051432291666666664 0.0380859375
0 0.595703125 0.487548828125 0.043619791666666664 0.03515625
0 0.6080729166666666 0.44140625 0.027994791666666668 0.03271484375
0 0.5611979166666666 0.388916015625 0.06770833333333333 0.0517578125
0 0.5520833333333334 0.35009765625 0.048828125 0.048828125
0 0.4993489583333333 0.315185546875 0.10546875 0.06640625
0 0.4365234375 0.241943359375 0.060546875 0.044921875
0 0.4417317708333333 0.109375 0.11067708333333333 0.08251953125
0 0.4078776041666667 0.1865234375 0.083984375 0.0849609375
0 0.3352864583333333 0.158447265625 0.034505208333333336 0.033203125
0 0.22037760416666666 0.116943359375 0.059895833333333336 0.03369140625
0 0.08463541666666667 0.0673828125 0.07747395833333333 0.05517578125
0 0.11848958333333333 0.157470703125 0.080078125 0.07177734375
0 0.23177083333333334 0.187744140625 0.078125 0.06640625
0 0.3955078125 0.26904296875 0.07096354166666667 0.04833984375
0 0.4127604166666667 0.32470703125 0.06640625 0.0390625
0 0.3551432291666667 0.30810546875 0.07291666666666667 0.041015625
0 0.3515625 0.34912109375 0.07877604166666667 0.04931640625
0 0.4554036458333333 0.35107421875 0.07552083333333333 0.03857421875
0 0.412109375 0.380126953125 0.061197916666666664 0.0361328125
0 0.24869791666666666 0.268798828125 0.07096354166666667 0.0478515625
0 0.1484375 0.2373046875 0.048828125 0.03515625
0 0.06998697916666667 0.237548828125 0.05859375 0.04052734375
0 0.045247395833333336 0.19677734375 0.02734375 0.03857421875
0 0.20638020833333334 0.327880859375 0.06315104166666667 0.0400390625
0 0.17708333333333334 0.30517578125 0.045572916666666664 0.03515625
0 0.09309895833333333 0.31787109375 0.055338541666666664 0.02734375
0 0.049479166666666664 0.373291015625 0.059244791666666664 0.04150390625
0 0.177734375 0.349365234375 0.059244791666666664 0.04345703125
0 0.17610677083333334 0.374755859375 0.052734375 0.03759765625
0 0.2893880208333333 0.40673828125 0.11653645833333333 0.10107421875
0 0.19010416666666666 0.45703125 0.05859375 0.0380859375
0 0.2591145833333333 0.4189453125 0.036458333333333336 0.029296875
0 0.22981770833333334 0.452880859375 0.059244791666666664 0.0361328125
0 0.310546875 0.465087890625 0.035807291666666664 0.0263671875
0 0.3515625 0.433837890625 0.041666666666666664 0.033203125
0 0.3694661458333333 0.45947265625 0.036458333333333336 0.029296875
0 0.3502604166666667 0.471923828125 0.0546875 0.02880859375
0 0.41796875 0.425537109375 0.048177083333333336 0.037109375
0 0.4586588541666667 0.412109375 0.044270833333333336 0.02392578125
0 0.4886067708333333 0.4580078125 0.028645833333333332 0.02685546875
0 0.4602864583333333 0.471435546875 0.04296875 0.02490234375
0 0.5315755208333334 0.46435546875 0.044270833333333336 0.03759765625
0 0.6002604166666666 0.509521484375 0.037760416666666664 0.02392578125
0 0.5628255208333334 0.520751953125 0.012369791666666666 0.00927734375
0 0.533203125 0.529052734375 0.03125 0.02197265625
0 0.5595703125 0.533203125 0.022135416666666668 0.017578125
0 0.5699869791666666 0.572265625 0.026692708333333332 0.01611328125
0 0.5006510416666666 0.568115234375 0.037109375 0.02490234375
0 0.478515625 0.527099609375 0.10091145833333333 0.04931640625
0 0.3968098958333333 0.516357421875 0.037109375 0.02734375
0 0.494140625 0.511962890625 0.012369791666666666 0.00830078125
0 0.5494791666666666 0.55126953125 0.0390625 0.02490234375
0 0.546875 0.59765625 0.027994791666666668 0.0166015625
0 0.5485026041666666 0.637451171875 0.07682291666666667 0.03076171875
0 0.4710286458333333 0.615234375 0.043619791666666664 0.03466796875
0 0.4296875 0.548828125 0.06510416666666667 0.0478515625
0 0.4573567708333333 0.57861328125 0.020833333333333332 0.0185546875
0 0.4016927083333333 0.587646484375 0.055989583333333336 0.0400390625
0 0.359375 0.573974609375 0.08919270833333333 0.0654296875
0 0.3121744791666667 0.569580078125 0.055338541666666664 0.03369140625
0 0.3551432291666667 0.508056640625 0.035807291666666664 0.025390625
0 0.39453125 0.63134765625 0.056640625 0.02783203125
0 0.3902912584635417 0.539658564453125 0.391739458984375 0.5494834326171875 0.39647681640625 0.5596215908203125 0.40761783333333335 0.5676123940429687 0.4231526328125 0.5768906479492187 0.43766042447916664 0.5781028974609375 0.3999811998697917 0.5411082827148438 0.39175624609375 0.5379894755859375 0.3902912584635417 0.539658564453125
0 0.3001302083333333 0.514892578125 0.045572916666666664 0.0234375
0 0.2314453125 0.51708984375 0.072265625 0.0537109375
0 0.20703125 0.54150390625 0.061197916666666664 0.02587890625
0 0.20930989583333334 0.4931640625 0.047526041666666664 0.0302734375
0 0.14322916666666666 0.511474609375 0.08268229166666667 0.06591796875
0 0.12532552083333334 0.456787109375 0.056640625 0.04443359375
0 0.11263020833333333 0.538330078125 0.038411458333333336 0.02294921875
0 0.06901041666666667 0.534912109375 0.037109375 0.0244140625
0 0.14453125 0.43310546875 0.048177083333333336 0.02490234375
0 0.07421875 0.430419921875 0.099609375 0.06103515625
0 0.12109375 0.659912109375 0.0390625 0.02099609375
0 0.1572265625 0.677490234375 0.048177083333333336 0.02490234375
0 0.19954427083333334 0.68212890625 0.035807291666666664 0.01806640625
0 0.18489583333333334 0.64599609375 0.042317708333333336 0.02294921875
0 0.17317708333333334 0.6064453125 0.03515625 0.021484375
0 0.2373046875 0.588134765625 0.039713541666666664 0.021484375
0 0.2522786458333333 0.62890625 0.026692708333333332 0.01513671875
0 0.2630208333333333 0.667236328125 0.07747395833333333 0.03369140625
0 0.23665364583333334 0.701416015625 0.041015625 0.02880859375
0 0.20930989583333334 0.71875 0.056640625 0.02587890625
0 0.33203125 0.685546875 0.11848958333333333 0.05224609375
0 0.330078125 0.650634765625 0.029947916666666668 0.01806640625
0 0.3196614583333333 0.610595703125 0.02734375 0.01708984375
0 0.34375 0.7236328125 0.027994791666666668 0.01708984375
0 0.3463541666666667 0.747314453125 0.022135416666666668 0.01513671875
0 0.3229166666666667 0.763427734375 0.022786458333333332 0.01513671875
0 0.2965494791666667 0.77685546875 0.026692708333333332 0.017578125
0 0.4095052083333333 0.709716796875 0.025390625 0.02001953125
0 0.4332682291666667 0.697509765625 0.037760416666666664 0.02392578125
0 0.4739583333333333 0.69970703125 0.034505208333333336 0.02392578125
0 0.474609375 0.66162109375 0.052734375 0.03662109375
0 0.5465494791666666 0.683349609375 0.056640625 0.037109375
0 0.47265625 0.72998046875 0.047526041666666664 0.0205078125
0 0.6510416666666666 0.60595703125 0.12044270833333333 0.07421875
0 0.6090494791666666 0.65185546875 0.044270833333333336 0.0283203125
0 0.3001302083333333 0.84716796875 0.041015625 0.02490234375
0 0.23209635416666666 0.8408203125 0.030598958333333332 0.013671875
0 0.1767578125 0.794921875 0.029947916666666668 0.01904296875
0 0.15625 0.78564453125 0.0234375 0.009765625
0 0.6243489583333334 0.622802734375 0.064453125 0.0458984375
1 0.6484375 0.691162109375 0.158203125 0.10107421875
0 0.14811197916666666 0.563720703125 0.059244791666666664 0.0419921875
0 0.13899739583333334 0.56298828125 0.013671875 0.0126953125
0 0.2718098958333333 0.516845703125 0.029296875 0.0302734375
1 0.3196614583333333 0.437744140625 0.3958333333333333 0.30322265625
1 0.6119791666666666 0.384765625 0.291015625 0.33837890625