0 0.16096491228070176 0.5798245614035088 0.043859649122807015 0.023976608187134502
0 0.38377192982456143 0.8847953216374269 0.035964912280701755 0.031578947368421054
0 0.34035087719298246 0.9339181286549708 0.06666666666666667 0.04035087719298246
0 0.17894736842105263 0.9616959064327485 0.05 0.03274853801169591
0 0.7969298245614035 0.9654970760233919 0.034210526315789476 0.018128654970760234
0 0.6912280701754386 0.8695906432748538 0.04473684210526316 0.05789473684210526
0 0.512280701754386 0.8154970760233918 0.02982456140350877 0.019883040935672516
0 0.781578947368421 0.666374269005848 0.02894736842105263 0.02046783625730994
0 0.5074561403508772 0.5809941520467836 0.03070175438596491 0.021637426900584796
0 0.6903508771929825 0.06461988304093567 0.08508771929824561 0.05263157894736842
0 0.2956140350877193 0.10935672514619883 0.08157894736842106 0.042105263157894736
0 0.40964912280701754 0.22748538011695907 0.06666666666666667 0.03216374269005848
0 0.13508771929824562 0.35789473684210527 0.03859649122807018 0.02456140350877193
0 0.36666666666666664 0.42543859649122806 0.11052631578947368 0.0391812865497076
0 0.5767543859649122 0.42953216374269004 0.042105263157894736 0.03976608187134503
0 0.27324561403508774 0.5660818713450292 0.037719298245614034 0.021052631578947368
0 0.3219298245614035 0.677485380116959 0.0412280701754386 0.03216374269005848
0 0.13815789473684212 0.7859649122807018 0.07017543859649122 0.044444444444444446
0 0.28157894736842104 0.8590643274853801 0.06666666666666667 0.03567251461988304