0 0.8429824561403508 0.5719298245614035 0.04298245614035088 0.023391812865497075
0 0.6359649122807017 0.8818713450292398 0.034210526315789476 0.030994152046783626
0 0.6820175438596491 0.9298245614035088 0.06491228070175438 0.0391812865497076
0 0.8451754385964912 0.954093567251462 0.04824561403508772 0.031578947368421054
0 0.22763157894736843 0.9719298245614035 0.03333333333333333 0.017543859649122806
0 0.3280701754385965 0.8739766081871345 0.042105263157894736 0.05730994152046784
0 0.5043859649122807 0.8154970760233918 0.02894736842105263 0.01929824561403509
0 0.22763157894736843 0.6728070175438596 0.028070175438596492 0.02046783625730994
0 0.4964912280701754 0.5812865497076023 0.02982456140350877 0.021052631578947368
0 0.2868421052631579 0.06929824561403508 0.08333333333333333 0.05087719298245614
0 0.6837719298245614 0.10467836257309941 0.07982456140350877 0.04035087719298246
0 0.5758771929824561 0.22543859649122808 0.06578947368421052 0.0304093567251462
0 0.8574561403508771 0.34941520467836257 0.037719298245614034 0.023976608187134502
0 0.6293859649122807 0.4222222222222222 0.10964912280701754 0.03684210526315789
0 0.41973684210526313 0.43128654970760233 0.04035087719298246 0.0391812865497076
0 0.7298245614035088 0.5608187134502924 0.03684210526315789 0.02046783625730994
0 0.6872807017543859 0.6730994152046783 0.039473684210526314 0.031578947368421054
0 0.8763157894736842 0.7774853801169591 0.06842105263157895 0.04327485380116959
0 0.737280701754386 0.8538011695906432 0.06491228070175438 0.03450292397660819