0 0.022799999999999997 0.16116322701688557 0.045599999999999995 0.07889305816135087
0 0.15985 0.339906191369606 0.066275 0.0848968105065666
0 0.3378125 0.12470919324577862 0.105925 0.13073170731707318
0 0.60905 0.09153846153846154 0.10201249999999995 0.18307692307692308
0 0.5149875 0.3788367729831144 0.034512500000000015 0.10799249530956849
0 0.3349875 0.5510131332082552 0.06073750000000004 0.14045028142589122
0 0.0953625 0.7084240150093808 0.06807500000000001 0.058161350844277676
0 0.14263749999999997 0.5361163227016885 0.06429999999999998 0.10150093808630398
0 0.2844125 0.8439024390243902 0.05588749999999997 0.08416510318949345
0 0.44011249999999996 0.7715572232645403 0.06318749999999994 0.1022701688555347
0 0.6250874999999999 0.8690806754221388 0.062124999999999986 0.14212007504690433
0 0.7314125 0.5895121951219512 0.06391250000000014 0.09114446529080683
0 0.9481999999999999 0.6923264540337711 0.06465000000000004 0.06853658536585361
0 0.8993375 0.32542213883677296 0.08349999999999995 0.1746153846153846