0 0.98875 0.26360225140712945 0.0225 0.08818011257035648
0 0.851875 0.41275797373358347 0.07375 0.0975609756097561
0 0.695625 0.1622889305816135 0.1175 0.15196998123827393
0 0.43 0.08724202626641651 0.1175 0.17448405253283303
0 0.49625 0.3771106941838649 0.04375 0.11444652908067542
0 0.65875 0.5853658536585366 0.07375 0.15196998123827393
0 0.88125 0.7908067542213884 0.0725 0.07129455909943715
0 0.850625 0.6106941838649156 0.0725 0.11444652908067542
0 0.681875 0.8855534709193246 0.06375 0.09568480300187618
0 0.534375 0.7814258911819888 0.0725 0.11444652908067542
0 0.341875 0.8395872420262664 0.075 0.15384615384615385
0 0.2625 0.5403377110694184 0.07125 0.10318949343339587
0 0.038125 0.5966228893058161 0.07 0.08067542213883677
0 0.120625 0.24390243902439024 0.09875 0.1894934333958724