0 0.019375 0.18667917448405252 0.03875 0.08067542213883677
0 0.15625 0.3574108818011257 0.06875 0.08818011257035648
0 0.329375 0.13320825515947468 0.10875 0.13696060037523453
0 0.599375 0.0900562851782364 0.10625 0.1801125703564728
0 0.511875 0.3780487804878049 0.0375 0.10881801125703565
0 0.33625 0.5600375234521576 0.06375 0.14446529080675422
0 0.100625 0.7298311444652908 0.07 0.06191369606003752
0 0.14375 0.5544090056285178 0.06625 0.1050656660412758
0 0.2925 0.8545966228893058 0.0575 0.08630393996247655
0 0.44625 0.774859287054409 0.065 0.1050656660412758
0 0.63375 0.8621013133208255 0.065 0.14446529080675422
0 0.733125 0.5769230769230769 0.06625 0.09380863039399624
0 0.9525 0.6688555347091932 0.06625 0.07129455909943715
0 0.895 0.3048780487804878 0.0875 0.17823639774859287