0 0.6257833333333334 0.44752 0.007883333333333364 0.0065199999999999815
0 0.6468250000000001 0.49047 0.0067499999999999245 0.007259999999999991
0 0.712125 0.6544 0.006566666666666758 0.008180000000000064
0 0.606425 0.80504 0.007124999999999962 0.0086099999999999
0 0.61375 0.87821 0.0075 0.009299999999999954
0 0.7419083333333333 0.86694 0.007875000000000038 0.008299999999999955
0 0.14005833333333334 0.88802 0.008358333333333311 0.008829999999999926
0 0.16399166666666665 0.7384 0.008575000000000017 0.009220000000000027
0 0.096925 0.69989 0.0075 0.005869999999999891
0 0.0702 0.66938 0.009008333333333335 0.010269999999999982
0 0.14135 0.35681999999999997 0.07789166666666668 0.07383000000000003
0 0.21475 0.44993 0.1075333333333333 0.08026999999999998
0 0.15390833333333334 0.55218 0.07596666666666664 0.07100999999999999
0 0.2416833333333333 0.55864 0.07595833333333331 0.06750999999999999
0 0.248225 0.63936 0.07745833333333335 0.08877999999999997
0 0.21260833333333332 0.6399 0.06504166666666665 0.08424000000000001
1 0.07277499999999999 0.65587 0.08884166666666665 0.09094000000000005
1 0.09520833333333334 0.68521 0.045725 0.0446099999999999
1 0.16549166666666668 0.74379 0.0923 0.08077999999999998
1 0.008708333333333334 0.8165800000000001 0.017408333333333335 0.10844000000000005
1 0.12793333333333334 0.87875 0.07896666666666666 0.10088000000000011
1 0.01085 0.88802 0.0217 0.034440000000000054
1 0.7429833333333333 0.85358 0.08557500000000004 0.10227999999999997
1 0.6136416666666666 0.8584299999999999 0.08480833333333332 0.09971000000000003
1 0.5626249999999999 0.7559 0.10011666666666676 0.1286099999999999
1 0.581075 0.67564 0.07350000000000004 0.09724000000000001
1 0.7268333333333333 0.63914 0.07592499999999992 0.08820000000000004
1 0.7132416666666667 0.5166900000000001 0.05305000000000007 0.06240000000000003
1 0.6518666666666667 0.4800400000000001 0.07350000000000004 0.08530000000000001
1 0.63195 0.46952 0.06109166666666662 0.06809000000000003