0 0.625 0.445 0.008333333333333333 0.007
0 0.6466666666666666 0.4875 0.006666666666666667 0.007
0 0.7141666666666666 0.65 0.006666666666666667 0.008
0 0.6108333333333333 0.803 0.0075 0.009
0 0.6191666666666666 0.876 0.0075 0.009
0 0.7470833333333333 0.862 0.008333333333333333 0.008
0 0.14583333333333334 0.8955 0.008333333333333333 0.009
0 0.1675 0.7455 0.008333333333333333 0.009
0 0.1 0.7085 0.0075 0.006
0 0.07291666666666667 0.6785 0.009166666666666667 0.01
0 0.13916666666666666 0.3645 0.07916666666666666 0.075
0 0.21416666666666667 0.456 0.10833333333333334 0.083
0 0.15458333333333332 0.5595 0.07666666666666666 0.073
0 0.2425 0.564 0.07666666666666666 0.069
0 0.2504166666666667 0.6445 0.07833333333333334 0.09
0 0.21458333333333332 0.646 0.06666666666666667 0.086
1 0.075 0.665 0.09 0.093
1 0.09791666666666667 0.6935 0.04666666666666667 0.046
1 0.16916666666666666 0.751 0.09333333333333334 0.083
1 0.013333333333333334 0.827 0.019166666666666665 0.109
1 0.13333333333333333 0.8865 0.08083333333333333 0.103
1 0.016666666666666666 0.898 0.0225 0.035
1 0.7479166666666667 0.8485 0.08666666666666667 0.104
1 0.61875 0.856 0.08583333333333333 0.101
1 0.56625 0.7545 0.10166666666666667 0.131
1 0.58375 0.674 0.075 0.099
1 0.72875 0.6345 0.0775 0.09
1 0.7133333333333334 0.512 0.05416666666666667 0.064
1 0.6516666666666666 0.477 0.075 0.087
1 0.6316666666666667 0.467 0.06166666666666667 0.069