0 0.6241666666666666 0.4425 0.008333333333333333 0.007
0 0.6466666666666666 0.4845 0.006666666666666667 0.008
0 0.7166666666666667 0.6455 0.006666666666666667 0.008
0 0.6154166666666666 0.8005 0.0075 0.009
0 0.6245833333333334 0.873 0.0075 0.01
0 0.7525 0.8565 0.008333333333333333 0.009
0 0.15166666666666667 0.903 0.008333333333333333 0.009
0 0.17125 0.7525 0.009166666666666667 0.01
0 0.10291666666666667 0.7165 0.0075 0.006
0 0.07541666666666667 0.6875 0.009166666666666667 0.011
0 0.1375 0.372 0.08 0.077
0 0.21333333333333335 0.462 0.11 0.085
0 0.15583333333333332 0.5665 0.07833333333333334 0.074
0 0.24375 0.5695 0.0775 0.071
0 0.2525 0.65 0.08 0.092
0 0.21666666666666667 0.652 0.0675 0.087
1 0.0775 0.6735 0.09166666666666666 0.095
1 0.10083333333333333 0.702 0.04666666666666667 0.046
1 0.17291666666666666 0.7575 0.095 0.085
1 0.018333333333333333 0.837 0.020833333333333332 0.109
1 0.13916666666666666 0.894 0.08166666666666667 0.104
1 0.0225 0.9085 0.0225 0.035
1 0.7529166666666667 0.843 0.08833333333333333 0.106
1 0.6241666666666666 0.8535 0.0875 0.103
1 0.57 0.753 0.10416666666666667 0.133
1 0.58625 0.672 0.07666666666666666 0.1
1 0.7308333333333333 0.6295 0.07833333333333334 0.091
1 0.71375 0.5075 0.055 0.065
1 0.65125 0.4735 0.07583333333333334 0.088
1 0.6308333333333334 0.464 0.06333333333333334 0.071