0 0.9078694817658349 0.009727626459143969 0.0345489443378119 0.019455252918287938
0 0.8320537428023033 0.013618677042801557 0.044145873320537425 0.027237354085603113
0 0.7600767754318618 0.07976653696498054 0.02495201535508637 0.05058365758754864
0 0.7773512476007678 0.36186770428015563 0.09980806142034548 0.23735408560311283
0 0.7034548944337812 0.22178988326848248 0.11324376199616124 0.25680933852140075
0 0.6535508637236085 0.3326848249027237 0.04990403071017274 0.12062256809338522
0 0.5671785028790787 0.17315175097276264 0.04990403071017274 0.0933852140077821
0 0.4836852207293666 0.08754863813229571 0.09021113243761997 0.1556420233463035
0 0.43666026871401153 0.17898832684824903 0.0345489443378119 0.11673151750972763
0 0.4088291746641075 0.2140077821011673 0.036468330134357005 0.08171206225680934
0 0.45777351247600767 0.38715953307393 0.05950095969289827 0.09727626459143969
0 0.5143953934740882 0.4688715953307393 0.023032629558541268 0.03501945525291829
0 0.6190019193857965 0.5389105058365758 0.0345489443378119 0.07392996108949416
0 0.555662188099808 0.556420233463035 0.013435700575815739 0.05058365758754864
0 0.5431861804222649 0.6128404669260701 0.026871401151631478 0.06614785992217899
0 0.6055662188099808 0.6517509727626459 0.06525911708253358 0.11673151750972763
0 0.6689059500959693 0.6303501945525292 0.03838771593090211 0.08560311284046693
0 0.7581573896353166 0.6906614785992218 0.046065259117082535 0.0622568093385214
0 0.4942418426103647 0.6245136186770428 0.06525911708253358 0.11284046692607004
0 0.4309021113243762 0.6128404669260701 0.053742802303262956 0.10116731517509728
0 0.4884836852207294 0.708171206225681 0.01727447216890595 0.038910505836575876
0 0.4510556621880998 0.7178988326848249 0.028790786948176585 0.0622568093385214
0 0.390595009596929 0.7003891050583657 0.036468330134357005 0.11673151750972763
0 0.2763915547024952 0.4280155642023346 0.03838771593090211 0.08171206225680934
0 0.2571976967370441 0.08171206225680934 0.026871401151631478 0.042801556420233464
0 0.20825335892514396 0.14007782101167315 0.044145873320537425 0.10894941634241245
0 0.11708253358925144 0.17315175097276264 0.03838771593090211 0.08560311284046693
0 0.2504798464491363 0.6011673151750972 0.046065259117082535 0.08560311284046693
0 0.1813819577735125 0.6556420233463035 0.03838771593090211 0.0933852140077821
0 0.16602687140115163 0.9455252918287937 0.05182341650671785 0.08949416342412451
0 0.22744721689059502 0.9571984435797666 0.028790786948176585 0.06614785992217899
0 0.2677543186180422 0.9649805447470817 0.028790786948176585 0.06614785992217899
0 0.2888675623800384 0.9066147859922179 0.02495201535508637 0.07003891050583658
0 0.3253358925143954 0.8190661478599222 0.026871401151631478 0.054474708171206226
0 0.3570057581573896 0.9766536964980544 0.030710172744721688 0.04669260700389105
0 0.4088291746641075 0.8151750972762646 0.026871401151631478 0.04669260700389105
0 0.46641074856046066 0.8832684824902723 0.06525911708253358 0.12840466926070038
0 0.6180422264875239 0.7587548638132295 0.04990403071017274 0.13229571984435798
0 0.6621880998080614 0.8365758754863813 0.028790786948176585 0.058365758754863814
0 0.8042226487523992 0.7684824902723736 0.036468330134357005 0.07782101167315175
0 0.746641074856046 0.7996108949416343 0.0345489443378119 0.06614785992217899
0 0.8349328214971209 0.8268482490272373 0.05950095969289827 0.10505836575875487
0 0.7418426103646834 0.8793774319066148 0.044145873320537425 0.10505836575875487
0 0.9568138195777351 0.8035019455252919 0.046065259117082535 0.0933852140077821
0 0.8704414587332053 0.8365758754863813 0.026871401151631478 0.10116731517509728
1 0.7754318618042226 0.7879377431906615 0.21113243761996162 0.32684824902723736
1 0.32437619961612285 0.8715953307392996 0.19577735124760076 0.25680933852140075
1 0.4961612284069098 0.23929961089494164 0.2629558541266795 0.4785992217898833
0 0.015355086372360844 0.4455252918287938 0.030710172744721688 0.09727626459143969
0 0.553742802303263 0.5175097276264592 0.011516314779270634 0.0311284046692607
0 0.536468330134357 0.7003891050583657 0.3474088291746641 0.5992217898832685