0 0.07389635316698656 0.03696498054474708 0.03262955854126679 0.07392996108949416
0 0.14971209213051823 0.03696498054474708 0.04222648752399232 0.07392996108949416
0 0.2255278310940499 0.11673151750972763 0.02495201535508637 0.04669260700389105
0 0.21880998080614203 0.40077821011673154 0.09404990403071017 0.22568093385214008
0 0.2869481765834933 0.2509727626459144 0.10556621880998081 0.245136186770428
0 0.34069097888675626 0.3540856031128405 0.046065259117082535 0.11673151750972763
0 0.42130518234165065 0.1828793774319066 0.04798464491362764 0.08949416342412451
0 0.5019193857965452 0.08754863813229571 0.08445297504798464 0.14785992217898833
0 0.5518234165067178 0.17120622568093385 0.030710172744721688 0.11284046692607004
0 0.5806142034548945 0.20233463035019456 0.03262955854126679 0.07782101167315175
0 0.5383877159309021 0.38132295719844356 0.05758157389635317 0.08949416342412451
0 0.4846449136276392 0.4708171206225681 0.02111324376199616 0.0311284046692607
0 0.3829174664107486 0.556420233463035 0.03262955854126679 0.07003891050583658
0 0.44625719769673705 0.5642023346303502 0.011516314779270634 0.05058365758754864
0 0.4616122840690979 0.6186770428015564 0.02495201535508637 0.06614785992217899
0 0.39923224568138194 0.6673151750972762 0.061420345489443376 0.10894941634241245
0 0.33589251439539347 0.6536964980544747 0.036468330134357005 0.08171206225680934
0 0.24856046065259116 0.72568093385214 0.046065259117082535 0.058365758754863814
0 0.510556621880998 0.6245136186770428 0.06333973128598848 0.10505836575875487
0 0.572936660268714 0.603112840466926 0.05182341650671785 0.0933852140077821
0 0.519193857965451 0.7062256809338522 0.01727447216890595 0.038910505836575876
0 0.5566218809980806 0.7101167315175098 0.026871401151631478 0.0622568093385214
0 0.6161228406909789 0.6848249027237354 0.03262955854126679 0.11284046692607004
0 0.7207293666026872 0.3968871595330739 0.036468330134357005 0.07782101167315175
0 0.727447216890595 0.048638132295719845 0.02495201535508637 0.038910505836575876
0 0.7783109404990403 0.09922178988326848 0.04222648752399232 0.10116731517509728
0 0.8714011516314779 0.12062256809338522 0.036468330134357005 0.08171206225680934
0 0.7523992322456814 0.5642023346303502 0.044145873320537425 0.08171206225680934
0 0.8234165067178503 0.6108949416342413 0.036468330134357005 0.08949416342412451
0 0.8493282149712092 0.8988326848249028 0.04990403071017274 0.08171206225680934
0 0.7879078694817658 0.9163424124513618 0.026871401151631478 0.0622568093385214
0 0.7476007677543186 0.9319066147859922 0.026871401151631478 0.0622568093385214
0 0.7245681381957774 0.8754863813229572 0.023032629558541268 0.06614785992217899
0 0.6852207293666027 0.7937743190661478 0.02495201535508637 0.05058365758754864
0 0.6573896353166987 0.9669260700389105 0.028790786948176585 0.06614785992217899
0 0.6017274472168906 0.8015564202334631 0.026871401151631478 0.042801556420233464
0 0.5460652591170825 0.877431906614786 0.061420345489443376 0.12062256809338522
0 0.390595009596929 0.77431906614786 0.046065259117082535 0.1245136186770428
0 0.3502879078694818 0.8599221789883269 0.026871401151631478 0.054474708171206226
0 0.20633397312859886 0.811284046692607 0.0345489443378119 0.07392996108949416
0 0.263915547024952 0.8326848249027238 0.03262955854126679 0.0622568093385214
0 0.1765834932821497 0.8735408560311284 0.05758157389635317 0.09727626459143969
0 0.2715930902111324 0.9124513618677043 0.04030710172744722 0.10116731517509728
0 0.05470249520153551 0.867704280155642 0.044145873320537425 0.08949416342412451
0 0.1420345489443378 0.8871595330739299 0.02495201535508637 0.09727626459143969
1 0.23512476007677544 0.8268482490272373 0.2034548944337812 0.3035019455252918
1 0.6890595009596929 0.8657587548638133 0.18809980806142035 0.26848249027237353
1 0.4932821497120921 0.23151750972762647 0.2495201535508637 0.46303501945525294
0 0.982725527831094 0.377431906614786 0.0345489443378119 0.0933852140077821
0 0.4472168905950096 0.5252918287937743 0.011516314779270634 0.0311284046692607
0 0.47024952015355087 0.7120622568093385 0.33013435700575816 0.5758754863813229