0 0.059596928982725526 0.09424124513618677 0.028886756238003845 0.0835408560311284
0 0.1349712092130518 0.08190661478599222 0.03880998080614203 0.08326848249027237
0 0.21312859884836854 0.1564591439688716 0.022955854126679477 0.0444747081712062
0 0.21606525911708252 0.44105058365758754 0.0866602687140115 0.2134630350194553
0 0.27904030710172745 0.28233463035019457 0.09819577735124757 0.23280155642023342
0 0.3359500959692898 0.37688715953307395 0.043166986564299445 0.11015564202334631
0 0.4105758157389635 0.1947081712062257 0.04470249520153555 0.08186770428015566
0 0.48758157389635315 0.08747081712062256 0.08072936660268715 0.13587548638132296
0 0.5402303262955854 0.16428015564202333 0.027101727447216898 0.10824902723735408
0 0.5702495201535509 0.1921400778210117 0.03082533589251429 0.07451361867704277
0 0.534299424184261 0.3757587548638132 0.054990403071017234 0.08280155642023347
0 0.48403071017274474 0.4730739299610895 0.021036468330134374 0.027898832684824855
0 0.38472168905950094 0.5724513618677043 0.029654510556621858 0.06463035019455259
0 0.44873320537428024 0.5721011673151751 0.010345489443378092 0.0495719844357977
0 0.46547024952015353 0.6244357976653696 0.022072936660268713 0.06167315175097285
0 0.40547024952015354 0.6806225680933852 0.058560460652591156 0.09957198443579757
0 0.34155470249520153 0.6761478599221791 0.034261036468330175 0.07595330739299604
0 0.25717850287907873 0.7612062256809339 0.04364683301343572 0.0508171206225681
0 0.5147600767754319 0.6224124513618677 0.05925143953934742 0.09536964980544743
0 0.5764683301343569 0.5924513618677042 0.049021113243761925 0.08673151750972771
0 0.5260076775431862 0.702568093385214 0.015547024952015398 0.036031128404669224
0 0.563877159309021 0.7022178988326848 0.025067178502878974 0.05727626459143979
0 0.6222264875239923 0.667898832684825 0.029788867562380004 0.10824902723735406
0 0.7166218809980807 0.36638132295719844 0.034395393474088216 0.07381322957198443
0 0.7115547024952016 0.018171206225680935 0.024261036468330107 0.03634241245136187
0 0.7639347408829175 0.06077821011673152 0.038733205374280134 0.0971206225680934
0 0.8571209213051824 0.06836575875486381 0.03370441458733195 0.07571984435797666
0 0.7541458733205375 0.5288715953307392 0.042034548944337766 0.07420233463035017
0 0.8261804222648752 0.5640856031128405 0.03322456813819567 0.0861089494163424
0 0.861785028790787 0.8475486381322956 0.04666026871401141 0.07704280155642028
0 0.8013435700575816 0.8752918287937743 0.02449136276391553 0.05933852140077821
0 0.7616698656429942 0.895875486381323 0.025796545105566324 0.0590661478599222
0 0.7372936660268714 0.8432295719844358 0.021573896353167005 0.06357976653696489
0 0.6950479846449137 0.7659143968871596 0.023742802303262964 0.04805447470817129
0 0.6738003838771593 0.9446303501945525 0.02700575815738973 0.06381322957198435
0 0.6123224568138196 0.7872373540856031 0.02516314779270636 0.039455252918287886
0 0.559193857965451 0.8694941634241246 0.05781190019193859 0.11365758754863806
0 0.40034548944337817 0.7888715953307394 0.04109404990403076 0.12081712062256814
0 0.3628982725527831 0.8793774319066148 0.025182341650671795 0.050428015564202254
0 0.2175239923224568 0.8511284046692608 0.03178502879078695 0.06957198443579765
0 0.27637236084452976 0.865603112840467 0.030307101727447255 0.05704280155642033
0 0.19030710172744722 0.9177821011673152 0.0543953934740883 0.09066147859922183
0 0.2865067178502879 0.9443579766536965 0.03729366602687141 0.0973929961089493
0 0.0681190019193858 0.9300778210116731 0.04065259117082533 0.08350194552529175
0 0.1561996161228407 0.9370817120622569 0.021074856046065238 0.09505836575875488
1 0.2467946257197697 0.862568093385214 0.19380038387715928 0.27486381322957193
1 0.7016122840690979 0.8580155642023346 0.17834932821497113 0.2839688715953308
1 0.4840690978886756 0.22579766536964982 0.23474088291746636 0.45159533073929964
0 0.9803262955854126 0.30891050583657587 0.03543186180422272 0.0870038910505836
0 0.44788867562380036 0.5318287937743191 0.01049904030710178 0.03011673151750976
0 0.4782917466410749 0.7254085603112841 0.3121880998080614 0.5491828793774318