0 0.124 0.0374251497005988 0.12 0.0748502994011976
0 0.231 0.0374251497005988 0.078 0.0748502994011976
0 0.326 0.061377245508982034 0.088 0.12275449101796407
0 0.391 0.10479041916167664 0.082 0.15868263473053892
0 0.256 0.12425149700598802 0.09 0.1377245508982036
0 0.175 0.1631736526946108 0.1 0.1347305389221557
0 0.092 0.12724550898203593 0.082 0.2155688622754491
0 0.109 0.3188622754491018 0.158 0.19760479041916168
0 0.059 0.48952095808383234 0.108 0.20059880239520958
0 0.074 0.7140718562874252 0.148 0.2844311377245509
0 0.201 0.46407185628742514 0.182 0.2694610778443114
0 0.212 0.7829341317365269 0.138 0.23652694610778444
0 0.289 0.5568862275449101 0.15 0.17065868263473055
0 0.296 0.24850299401197604 0.17 0.2215568862275449
0 0.434 0.25149700598802394 0.106 0.15868263473053892
0 0.461 0.06437125748502993 0.084 0.11377245508982035
0 0.525 0.18413173652694612 0.126 0.15269461077844312
0 0.562 0.07634730538922156 0.114 0.09880239520958084
0 0.621 0.1751497005988024 0.086 0.12874251497005987
0 0.676 0.11826347305389222 0.062 0.10778443113772455
0 0.764 0.15419161676646706 0.108 0.15269461077844312
0 0.871 0.1721556886227545 0.116 0.1407185628742515
0 0.964 0.19610778443113772 0.072 0.11077844311377245
0 0.758 0.28592814371257486 0.09 0.15568862275449102
0 0.844 0.3083832335329341 0.062 0.10179640718562874
0 0.914 0.2754491017964072 0.068 0.10479041916167664
0 0.956 0.36676646706586824 0.086 0.17664670658682635
0 0.855 0.4221556886227545 0.124 0.17065868263473055
0 0.749 0.4745508982035928 0.16 0.23353293413173654
0 0.905 0.5748502994011976 0.166 0.19461077844311378
0 0.715 0.6766467065868264 0.168 0.23353293413173654
0 0.885 0.7290419161676647 0.144 0.18562874251497005
0 0.857 0.9101796407185628 0.15 0.17964071856287425
0 0.715 0.8682634730538922 0.166 0.2634730538922156
0 0.538 0.8293413173652695 0.16 0.2934131736526946
0 0.374 0.8248502994011976 0.2 0.2754491017964072
0 0.369 0.437125748502994 0.148 0.218562874251497
0 0.519 0.38173652694610777 0.144 0.2245508982035928
0 0.611 0.5583832335329342 0.16 0.25149700598802394
0 0.641 0.3188622754491018 0.156 0.2125748502994012