0 0.07158 0.09997005988023952 0.10528 0.13664670658682634
0 0.17978 0.09056886227544911 0.06654000000000002 0.10697604790419159
0 0.2762 0.10167664670658683 0.07427999999999997 0.12913173652694615
0 0.347 0.13940119760479042 0.0655 0.14239520958083832
0 0.21614 0.19365269461077847 0.07657999999999998 0.12107784431137723
0 0.14092 0.25299401197604793 0.08795999999999998 0.11317365269461081
0 0.05478 0.23904191616766468 0.06 0.20311377245508982
0 0.09416 0.42371257485029945 0.1402 0.16514970059880243
0 0.06484000000000001 0.603502994011976 0.08888 0.17916167664670668
0 0.09795999999999999 0.8233532934131736 0.13616 0.2518263473053893
0 0.20134000000000002 0.5416467065868263 0.15776 0.23224550898203591
0 0.24906 0.8542215568862276 0.11474000000000001 0.20922155688622754
0 0.29892 0.6104491017964071 0.13574 0.13853293413173648
0 0.27022 0.304940119760479 0.15124 0.18649700598802396
0 0.40602 0.2724251497005988 0.09177999999999997 0.13598802395209578
0 0.41074 0.0812874251497006 0.07365999999999996 0.0970958083832335
0 0.48802 0.1827544910179641 0.11290000000000003 0.12547904191616768
0 0.51212 0.0658682634730539 0.10733999999999998 0.07281437125748502
0 0.5811799999999999 0.14892215568862277 0.07342000000000007 0.11023952095808386
0 0.6290800000000001 0.07895209580838324 0.05261999999999989 0.09458083832335329
0 0.71972 0.09089820359281436 0.0954000000000001 0.1294011976047904
0 0.82782 0.08059880239520958 0.10462000000000012 0.1153892215568862
0 0.92534 0.08029940119760479 0.07075999999999999 0.0951197604790419
0 0.7291799999999999 0.2218862275449102 0.07498000000000002 0.1382335329341317
0 0.817 0.22224550898203593 0.0523599999999999 0.09095808383233532
0 0.88136 0.1715568862275449 0.05861999999999989 0.08994011976047901
0 0.9337000000000001 0.24979041916167666 0.06853999999999996 0.16164670658682637
0 0.84028 0.33107784431137727 0.1090999999999999 0.14494011976047902
0 0.74242 0.4098802395209581 0.1378799999999999 0.20215568862275443
0 0.90738 0.4679940119760479 0.15002 0.15691616766467056
0 0.7318 0.6185928143712576 0.14726 0.19844311377245502
0 0.90598 0.6253293413173653 0.12825999999999999 0.15517964071856283
0 0.90176 0.8360778443113772 0.1285999999999999 0.19913173652694607
0 0.75582 0.8096706586826348 0.13990000000000008 0.23577844311377247
0 0.57604 0.8149700598802395 0.13166000000000003 0.2638323353293413
0 0.41346 0.8531736526946108 0.17534000000000002 0.2333233532934131
0 0.36401999999999995 0.4723952095808383 0.12891999999999995 0.18757485029940119
0 0.50506 0.3786826347305389 0.12382000000000006 0.19434131736526944
0 0.61636 0.5283832335329341 0.13648000000000002 0.21985029940119763
0 0.61802 0.28473053892215566 0.13690000000000008 0.1810179640718563