0 0.892 0.05089820359281437 0.116 0.10179640718562874
0 0.785 0.04790419161676647 0.074 0.09580838323353294
0 0.69 0.06736526946107785 0.084 0.1347305389221557
0 0.623 0.11377245508982035 0.076 0.15269461077844312
0 0.757 0.1437125748502994 0.086 0.1347305389221557
0 0.836 0.18862275449101795 0.096 0.12874251497005987
0 0.921 0.1601796407185629 0.076 0.2125748502994012
0 0.897 0.3502994011976048 0.152 0.18862275449101795
0 0.94 0.5239520958083832 0.102 0.19461077844311378
0 0.923 0.7455089820359282 0.154 0.2754491017964072
0 0.8 0.4865269461077844 0.176 0.26047904191616766
0 0.778 0.8053892215568862 0.13 0.2275449101796407
0 0.709 0.5733532934131736 0.146 0.16167664670658682
0 0.712 0.26497005988023953 0.166 0.2125748502994012
0 0.575 0.25748502994011974 0.102 0.15269461077844312
0 0.555 0.0688622754491018 0.082 0.11077844311377245
0 0.486 0.18263473053892215 0.122 0.1437125748502994
0 0.453 0.0718562874251497 0.112 0.09281437125748503
0 0.391 0.1661676646706587 0.082 0.12275449101796407
0 0.338 0.1062874251497006 0.06 0.10479041916167664
0 0.249 0.1347305389221557 0.106 0.1467065868263473
0 0.14 0.1437125748502994 0.114 0.1347305389221557
0 0.044 0.16167664670658682 0.078 0.10778443113772455
0 0.25 0.26646706586826346 0.086 0.1497005988023952
0 0.163 0.281437125748503 0.06 0.09880239520958084
0 0.095 0.2440119760479042 0.066 0.09880239520958084
0 0.049 0.33083832335329344 0.082 0.17365269461077845
0 0.149 0.3937125748502994 0.12 0.16467065868263472
0 0.252 0.4550898203592814 0.154 0.2245508982035928
0 0.093 0.5419161676646707 0.162 0.18263473053892215
0 0.28 0.6601796407185628 0.162 0.2245508982035928
0 0.107 0.6991017964071856 0.14 0.17664670658682635
0 0.128 0.8982035928143712 0.144 0.20359281437125748
0 0.271 0.8532934131736527 0.158 0.26047904191616766
0 0.45 0.8263473053892215 0.152 0.2844311377245509
0 0.615 0.8353293413173652 0.194 0.2634730538922156
0 0.633 0.4476047904191617 0.144 0.20958083832335328
0 0.485 0.38023952095808383 0.138 0.2155688622754491
0 0.387 0.5494011976047904 0.154 0.24251497005988024
0 0.365 0.3083832335329341 0.15 0.20359281437125748