0 0.4648333333333333 0.8475416666666666 0.13554901960784313 0.0984166666666666
0 0.6954509803921569 0.8763916666666667 0.022264705882352978 0.01611666666666679
0 0.8615980392156863 0.9024416666666667 0.02710784313725499 0.018216666666666773
0 0.46312745098039215 0.9269916666666668 0.028215686274509776 0.012316666666666833
0 0.16868627450980392 0.9284916666666667 0.05894117647058824 0.045316666666666755
0 0.6467941176470589 0.9338750000000001 0.15044117647058827 0.08775833333333329
0 0.32393137254901966 0.13590833333333333 0.08315686274509809 0.051824999999999996
0 0.10227450980392157 0.021725 0.0692549019607843 0.04344166666666668
0 0.5601666666666667 0.226775 0.08700000000000001 0.09188333333333333
0 0.7326764705882354 0.2514 0.1771176470588236 0.23612500000000003
0 0.07050980392156862 0.25256666666666666 0.14101960784313725 0.17679999999999998
0 0.31669607843137254 0.27053333333333335 0.08046078431372543 0.047741666666666634
0 0.46115686274509804 0.277725 0.10271568627450979 0.07044999999999997
0 0.5742549019607843 0.2978 0.11517647058823531 0.0822666666666667
0 0.4621372549019608 0.38605 0.09487254901960783 0.06877499999999998
0 0.09896078431372549 0.419725 0.14694117647058824 0.16778333333333337
0 0.5959509803921569 0.45885 0.08797058823529413 0.05270000000000001
0 0.8082843137254903 0.46831666666666666 0.2440098039215685 0.16995833333333338
0 0.6104117647058823 0.5405666666666666 0.03453921568627453 0.02613333333333325
0 0.2666960784313725 0.5422583333333334 0.16673529411764704 0.1195083333333334
0 0.6438823529411765 0.5479833333333334 0.0328627450980392 0.020966666666666734
0 0.04846078431372549 0.5674666666666667 0.09692156862745098 0.09326666666666673
0 0.6474117647058824 0.5785333333333333 0.043843137254901986 0.03373333333333335
0 0.7460490196078432 0.585 0.07640196078431379 0.05165833333333334
0 0.49950980392156863 0.06 0.15196078431372548 0.12
0 0.5901960784313726 0.64045 0.029401960784313733 0.022574999999999932
0 0.6668921568627452 0.6425083333333333 0.041627450980392194 0.03168333333333332
0 0.8809509803921569 0.6480916666666667 0.14424509803921556 0.18951666666666672
0 0.6951960784313725 0.6966583333333334 0.12567647058823533 0.06331666666666669
0 0.5425196078431372 0.7104666666666666 0.20855882352941177 0.1759250000000001
0 0.3985 0.7414 0.036215686274509856 0.017799999999999917
0 0.32649999999999996 0.07535 0.11966666666666662 0.08070000000000001
0 0.3685294117647059 0.74295 0.0449117647058823 0.025908333333333266
0 0.1297156862745098 0.77325 0.17707843137254903 0.15984166666666663
0 0.9050882352941177 0.8013416666666667 0.12585294117647047 0.08935000000000003
0 0.6334509803921569 0.8048083333333333 0.021794117647058842 0.01794999999999997
0 0.6487647058823529 0.8136583333333334 0.015166666666666693 0.01232499999999997
0 0.04188235294117647 0.23500833333333332 0.03381372549019609 0.021991666666666656