0 0.7966053921568627 0.8828695652173912 0.09812499999999992 0.06834782608695644
0 0.16807598039215688 0.8844 0.01751225490196081 0.017495652173912947
0 0.32578431372549016 0.9063130434782609 0.14666666666666664 0.07523478260869564
0 0.681421568627451 0.09331304347826087 0.08098039215686266 0.03880869565217391
0 0.8373161764705882 0.9405130434782608 0.039816176470588244 0.02363478260869551
0 0.32361519607843137 0.9532 0.0614583333333333 0.031626086956521644
0 0.5314828431372549 0.9645739130434783 0.08992647058823529 0.03349565217391303
0 0.32704656862745096 0.10535652173913043 0.060955882352941186 0.03505217391304348
0 0.7505269607843137 0.12373043478260869 0.07458333333333321 0.04573043478260869
0 0.8821323529411765 0.13051304347826087 0.18828431372549032 0.0940608695652174
0 0.3472303921568627 0.13641739130434782 0.06455882352941171 0.03282608695652174
0 0.4575735294117647 0.14190434782608696 0.20682598039215683 0.11684347826086956
0 0.25611519607843136 0.15486086956521739 0.11026960784313727 0.06799130434782609
0 0.49449754901960785 0.18312173913043478 0.10419117647058822 0.023643478260869565
0 0.8737745098039216 0.021739130434782608 0.19607843137254902 0.043478260869565216
0 0.2903921568627451 0.21201739130434782 0.12246323529411765 0.06577391304347825
0 0.18998774509803923 0.22366086956521739 0.06870098039215687 0.04037391304347824
0 0.04723039215686274 0.24633913043478262 0.033186274509803916 0.040495652173913085
0 0.7618627450980392 0.25417391304347825 0.07030637254901947 0.04400000000000002
0 0.5159313725490197 0.25590434782608695 0.07844362745098038 0.05963478260869569
0 0.6544485294117647 0.26682608695652177 0.09811274509803915 0.08321739130434787
0 0.24322303921568628 0.2740173913043478 0.09430147058823528 0.050634782608695666
0 0.4515073529411765 0.3191304347826087 0.14811274509803923 0.08870434782608695
0 0.07794117647058824 0.3246695652173913 0.060294117647058824 0.06151304347826088
0 0.5740686274509804 0.35656521739130437 0.09666666666666666 0.08008695652173915
0 0.8354166666666667 0.36555652173913045 0.0678921568627452 0.07720869565217388
0 0.6826960784313726 0.03777391304347826 0.12274509803921571 0.054686956521739126
0 0.0721078431372549 0.39336521739130437 0.06089460784313725 0.07194782608695653
0 0.4175980392156863 0.40710434782608695 0.1048161764705882 0.09420000000000003
0 0.18587009803921567 0.4232 0.04821078431372546 0.029008695652173924
0 0.5871078431372548 0.45006086956521746 0.15216911764705876 0.13315652173913037
0 0.9515931372549019 0.4534782608695652 0.09436274509803921 0.08260869565217391
0 0.0997671568627451 0.4541913043478261 0.059828431372549014 0.0683739130434782
0 0.471875 0.4546695652173913 0.046691176470588264 0.03628695652173915
0 0.29252450980392153 0.4722521739130435 0.16348039215686272 0.10450434782608702
0 0.13729166666666667 0.4744260869565218 0.012316176470588249 0.018408695652173977
0 0.7239093137254903 0.47526086956521735 0.10958333333333342 0.08965217391304345
0 0.9846813725490197 0.47782608695652173 0.028186274509803922 0.04782608695652174
0 0.6570343137254901 0.483695652173913 0.04446078431372546 0.03174782608695651
0 0.4168504901960784 0.49714782608695657 0.08124999999999995 0.06559130434782615
0 0.16803921568627453 0.5219565217391304 0.03214460784313726 0.01955652173913044
0 0.3369975490196079 0.05283478260869565 0.06123774509803925 0.023921739130434785
0 0.438125 0.05619999999999999 0.040465686274509784 0.027182608695652172
0 0.12636029411764707 0.559408695652174 0.044387254901960785 0.09794782608695661
0 0.23474264705882356 0.5716 0.07732843137254905 0.03710434782608702
0 0.5294607843137256 0.5877217391304348 0.06381127450980398 0.051956521739130436
0 0.6431127450980392 0.6157304347826087 0.026433823529411687 0.014060869565217455
0 0.8932965686274509 0.6258869565217391 0.07582107843137241 0.07438260869565214
0 0.8095220588235295 0.6262347826086956 0.09943627450980404 0.09421739130434775
0 0.08792892156862746 0.6267391304347826 0.06555147058823531 0.1126
0 0.5199877450980392 0.635695652173913 0.13310049019607845 0.08009565217391296
0 0.395563725490196 0.6550782608695652 0.04848039215686268 0.031886956521739195
0 0.6706985294117647 0.6670695652173912 0.05954656862745088 0.03848695652173912
0 0.9448529411764706 0.67 0.10784313725490197 0.06173913043478261
0 0.3015686274509804 0.6848260869565217 0.11295343137254904 0.046182608695652085
0 0.6057843137254902 0.7101739130434783 0.06450980392156862 0.04469565217391312
0 0.25674019607843135 0.7114260869565218 0.07231617647058823 0.04720869565217388
0 0.11268382352941177 0.7322869565217391 0.07830882352941178 0.0941391304347826
0 0.7674019607843138 0.7364782608695652 0.03479166666666679 0.02426086956521747
0 0.15785539215686276 0.7391652173913044 0.011776960784313742 0.01572173913043472
0 0.39915441176470584 0.7394086956521739 0.0752696078431372 0.04403478260869574
0 0.19730392156862744 0.7487478260869564 0.07352941176470588 0.09576521739130445
0 0.2693014705882353 0.7585565217391305 0.08025735294117649 0.04406956521739136
0 0.8145588235294117 0.7670173913043479 0.06539215686274498 0.04880869565217401
0 0.5424509803921569 0.7823913043478261 0.06775735294117642 0.05346956521739131
0 0.6025122549019608 0.7833565217391304 0.04325980392156857 0.027573913043478292
0 0.19143382352941177 0.8107652173913044 0.08628676470588237 0.07022608695652173
0 0.7788357843137255 0.8172782608695652 0.10425245098039208 0.05367826086956523
0 0.3107843137254902 0.8211913043478261 0.11912990196078428 0.05280869565217393
0 0.5726838235294117 0.8279217391304348 0.08410539215686275 0.04540000000000003
0 0.6559558823529411 0.8311739130434783 0.08397058823529409 0.031043478260869603
0 0.46590686274509807 0.8675478260869565 0.1156372549019608 0.09858260869565227
1 0.9425735294117646 0.2942086956521739 0.06269607843137265 0.053304347826086916
1 0.8699019607843138 0.3576608695652174 0.2601960784313725 0.2145826086956522
1 0.8789093137254903 0.13376521739130437 0.24218137254901947 0.2322
0 0.8956862745098039 0.09544347826086957 0.040955882352941266 0.016278260869565218
0 0.10654411764705882 0.3099391304347826 0.044203431372549014 0.04423478260869566
0 0.19925245098039215 0.9424434782608695 0.010551470588235311 0.021600000000000126
1 0.1525980392156863 0.16862608695652173 0.19307598039215687 0.23126956521739128
1 0.050539215686274515 0.38971304347826086 0.09651960784313726 0.21400869565217392