0 0.525974025974026 0.009794776119402986 0.03463203463203463 0.01958955223880597
0 0.3560606060606061 0.0960820895522388 0.06601731601731602 0.05783582089552239
0 0.9329004329004329 0.957089552238806 0.02922077922077922 0.028917910447761194
0 0.7581168831168831 0.9654850746268657 0.017316017316017316 0.025186567164179104
0 0.36796536796536794 0.9869402985074627 0.045454545454545456 0.021455223880597014
0 0.2408008658008658 0.11847014925373134 0.03896103896103896 0.04477611940298507
0 0.07088744588744589 0.16744402985074627 0.04112554112554113 0.04477611940298507
0 0.20833333333333334 0.17630597014925373 0.0367965367965368 0.0457089552238806
0 0.645021645021645 0.1767723880597015 0.08982683982683982 0.07462686567164178
0 0.4274891774891775 0.21175373134328357 0.06277056277056277 0.0457089552238806
0 0.9686147186147186 0.20569029850746268 0.049783549783549784 0.0457089552238806
0 0.19047619047619047 0.22901119402985073 0.03354978354978355 0.03171641791044776
0 0.5292207792207793 0.23041044776119404 0.10281385281385282 0.07276119402985075
0 0.11471861471861472 0.2560634328358209 0.11580086580086581 0.23134328358208955
0 0.8598484848484849 0.24766791044776118 0.07792207792207792 0.09328358208955224
0 0.48268398268398266 0.33302238805970147 0.03787878787878788 0.03544776119402985
0 0.6845238095238095 0.3400186567164179 0.023809523809523808 0.017723880597014924
0 0.18777056277056278 0.3596082089552239 0.03571428571428571 0.03171641791044776
0 0.7272727272727273 0.376865671641791 0.06277056277056277 0.05223880597014925
0 0.3625541125541126 0.40531716417910446 0.0670995670995671 0.04291044776119403
0 0.6877705627705628 0.41044776119402987 0.044372294372294376 0.03451492537313433
0 0.09361471861471861 0.4197761194029851 0.04220779220779221 0.041044776119402986
0 0.8809523809523809 0.4430970149253731 0.03787878787878788 0.03451492537313433
0 0.06493506493506493 0.46408582089552236 0.025974025974025976 0.03171641791044776
0 0.9832251082251082 0.4724813432835821 0.030303030303030304 0.026119402985074626
0 0.25216450216450215 0.49113805970149255 0.03571428571428571 0.029850746268656716
0 0.9929653679653679 0.503731343283582 0.012987012987012988 0.03171641791044776
0 0.008658008658008658 0.554570895522388 0.016233766233766232 0.043843283582089554
0 0.9145021645021645 0.5503731343283582 0.0183982683982684 0.01585820895522388
0 0.2976190476190476 0.009328358208955223 0.11147186147186147 0.013992537313432836
0 0.4967532467532468 0.570429104477612 0.02922077922077922 0.028917910447761194
0 0.24945887445887446 0.5778917910447762 0.06601731601731602 0.04291044776119403
0 0.8820346320346321 0.590018656716418 0.06277056277056277 0.06716417910447761
0 0.4707792207792208 0.613339552238806 0.022727272727272728 0.0708955223880597
0 0.604978354978355 0.6361940298507462 0.08874458874458875 0.09235074626865672
0 0.7153679653679653 0.6842350746268657 0.045454545454545456 0.036380597014925374
0 0.08712121212121213 0.6982276119402985 0.05735930735930736 0.055970149253731345
0 0.5281385281385281 0.7094216417910447 0.08116883116883117 0.06436567164179105
0 0.6753246753246753 0.7243470149253731 0.030303030303030304 0.036380597014925374
0 0.6433982683982684 0.07462686567164178 0.046536796536796536 0.03264925373134328
0 0.4166666666666667 0.7910447761194029 0.08441558441558442 0.09794776119402986
0 0.8306277056277056 0.8055037313432836 0.07900432900432901 0.10354477611940298
0 0.7786796536796536 0.08162313432835822 0.05303030303030303 0.10727611940298508
0 0.6298701298701299 0.8610074626865671 0.10281385281385282 0.1044776119402985
0 0.2754329004329004 0.09001865671641791 0.05303030303030303 0.028917910447761194
0 0.5384199134199135 0.8680037313432836 0.07900432900432901 0.08768656716417911
1 0.10551948051948051 0.8488805970149254 0.18398268398268397 0.17444029850746268
1 0.4967532467532468 0.5564365671641791 0.10281385281385282 0.1912313432835821