0 0.3083596214511041 0.9825141776937618 0.06624605678233439 0.03497164461247637
0 0.4865930599369085 0.1219281663516068 0.08517350157728706 0.04064272211720227
0 0.637223974763407 0.14508506616257089 0.04416403785488959 0.031190926275992438
0 0.637223974763407 0.2443289224952741 0.04100946372239748 0.026465028355387523
0 0.01498422712933754 0.046313799621928164 0.02996845425867508 0.035916824196597356
0 0.3217665615141956 0.2707939508506616 0.06782334384858044 0.034026465028355386
0 0.10725552050473186 0.28071833648393196 0.061514195583596214 0.036862003780718335
0 0.4629337539432177 0.31521739130434784 0.07097791798107256 0.05103969754253308
0 0.7925867507886435 0.31190926275992437 0.06466876971608833 0.036862003780718335
0 0.20110410094637224 0.3501890359168242 0.08201892744479496 0.055765595463137994
0 0.5599369085173501 0.4929111531190926 0.0583596214511041 0.02930056710775047
0 0.062302839116719244 0.526937618147448 0.083596214511041 0.04064272211720227
0 0.4077287066246057 0.5614366729678639 0.0473186119873817 0.024574669187145556
0 0.7373817034700315 0.5680529300567108 0.033123028391167195 0.02835538752362949
0 0.04022082018927445 0.6016068052930057 0.055205047318611984 0.024574669187145556
0 0.860410094637224 0.6195652173913043 0.03627760252365931 0.023629489603024575
0 0.2192429022082019 0.6483931947069943 0.04889589905362776 0.02930056710775047
0 0.0946372239747634 0.6904536862003781 0.061514195583596214 0.03497164461247637
0 0.554416403785489 0.6748582230623819 0.04889589905362776 0.034026465028355386
0 0.17350157728706625 0.7282608695652174 0.06309148264984227 0.0500945179584121
0 0.8391167192429022 0.7074669187145558 0.0473186119873817 0.020793950850661626
0 0.582807570977918 0.7400756143667296 0.04416403785488959 0.01890359168241966
0 0.36041009463722395 0.7774102079395085 0.06624605678233439 0.03497164461247637
0 0.9818611987381703 0.7911153119092628 0.03627760252365931 0.03213610586011342
0 0.12381703470031545 0.8397920604914934 0.02365930599369085 0.017958412098298678
0 0.5930599369085173 0.8232514177693762 0.026813880126182965 0.015122873345935728
0 0.917981072555205 0.8960302457466919 0.03627760252365931 0.022684310018903593