0 0.5335497835497836 0.010727611940298507 0.0367965367965368 0.021455223880597014
0 0.6920995670995671 0.11100746268656717 0.07251082251082251 0.06343283582089553
0 0.015151515151515152 0.9155783582089553 0.030303030303030304 0.030783582089552237
0 0.18668831168831168 0.9398320895522388 0.020562770562770564 0.026119402985074626
0 0.5714285714285714 0.9916044776119403 0.047619047619047616 0.016791044776119403
0 0.8041125541125541 0.14365671641791045 0.044372294372294376 0.04757462686567164
0 0.966991341991342 0.2080223880597015 0.046536796536796536 0.048507462686567165
0 0.8295454545454546 0.2042910447761194 0.04220779220779221 0.048507462686567165
0 0.395021645021645 0.16557835820895522 0.09848484848484848 0.08208955223880597
0 0.6071428571428571 0.22014925373134328 0.0670995670995671 0.05037313432835821
0 0.0698051948051948 0.16511194029850745 0.05519480519480519 0.049440298507462684
0 0.8403679653679653 0.2583955223880597 0.0367965367965368 0.03451492537313433
0 0.5037878787878788 0.22901119402985073 0.11038961038961038 0.08208955223880597
0 0.9128787878787878 0.29197761194029853 0.14285714285714285 0.23973880597014927
0 0.17261904761904762 0.21688432835820895 0.08874458874458875 0.09981343283582089
0 0.5373376623376623 0.3353544776119403 0.04220779220779221 0.03824626865671642
0 0.3354978354978355 0.324160447761194 0.024891774891774892 0.01958955223880597
0 0.8273809523809523 0.3885261194029851 0.03896103896103896 0.03451492537313433
0 0.2884199134199134 0.3568097014925373 0.06818181818181818 0.05783582089552239
0 0.6482683982683982 0.4183768656716418 0.07251082251082251 0.048507462686567165
0 0.3241341991341991 0.3941231343283582 0.048701298701298704 0.03824626865671642
0 0.913961038961039 0.457089552238806 0.046536796536796536 0.043843283582089554
0 0.1277056277056277 0.40904850746268656 0.04220779220779221 0.03731343283582089
0 0.9366883116883117 0.503731343283582 0.02922077922077922 0.033582089552238806
0 0.022727272727272728 0.4291044776119403 0.03354978354978355 0.027985074626865673
0 0.7472943722943723 0.5135261194029851 0.03896103896103896 0.03264925373134328
0 0.0091991341991342 0.4594216417910448 0.016233766233766232 0.03264925373134328
0 0.9821428571428571 0.5984141791044776 0.021645021645021644 0.04477611940298507
0 0.08116883116883117 0.5125932835820896 0.01948051948051948 0.017723880597014924
0 0.7608225108225108 0.03031716417910448 0.11147186147186147 0.024253731343283583
0 0.49512987012987014 0.570429104477612 0.03354978354978355 0.03171641791044776
0 0.7397186147186147 0.6002798507462687 0.07034632034632035 0.048507462686567165
0 0.10930735930735931 0.5550373134328358 0.07034632034632035 0.07276119402985075
0 0.5151515151515151 0.6152052238805971 0.031385281385281384 0.07182835820895522
0 0.37932900432900435 0.6259328358208955 0.09956709956709957 0.09981343283582089
0 0.26352813852813856 0.6637126865671642 0.049783549783549784 0.04011194029850746
0 0.8863636363636364 0.7341417910447762 0.06385281385281386 0.06063432835820896
0 0.44642857142857145 0.7056902985074627 0.08874458874458875 0.0708955223880597
0 0.2987012987012987 0.707089552238806 0.03463203463203463 0.03917910447761194
0 0.4090909090909091 0.06389925373134328 0.050865800865800864 0.03731343283582089
0 0.5476190476190477 0.7971082089552238 0.09632034632034632 0.1044776119402985
0 0.1341991341991342 0.7742537313432836 0.09090909090909091 0.11007462686567164
0 0.27326839826839827 0.058768656716417914 0.06493506493506493 0.11100746268656717
0 0.3268398268398268 0.847481343283582 0.11471861471861472 0.11194029850746269
0 0.7727272727272727 0.11287313432835822 0.05627705627705628 0.033582089552238806
0 0.4172077922077922 0.8628731343283582 0.08874458874458875 0.09328358208955224
1 0.8501082251082251 0.8824626865671642 0.20346320346320346 0.18936567164179105
1 0.4967532467532468 0.5564365671641791 0.12445887445887446 0.19869402985074627