0 0.5508834134615385 0.9458750000000001 0.0665084134615385 0.0917500000000001
0 0.14084134615384616 0.11649107142857143 0.04730769230769232 0.06691964285714284
0 0.899765625 0.12164285714285715 0.028299278846153932 0.03571428571428571
0 0.9918870192307693 0.014285714285714285 0.01622596153846154 0.02857142857142857
0 0.692578125 0.16614285714285715 0.057031250000000054 0.07988392857142855
0 0.5792788461538462 0.0185 0.05274639423076922 0.037
0 0.3740685096153846 0.19212500000000002 0.105985576923077 0.11410714285714284
0 0.6387560096153847 0.232375 0.07058293269230766 0.0900625
0 0.9575781250000001 0.25108928571428574 0.059068509615384596 0.06894642857142859
0 0.19350360576923079 0.31291964285714285 0.03870793269230767 0.0564464285714286
0 0.7167668269230769 0.3487142857142857 0.09700120192307683 0.10278571428571429
0 0.01388221153846154 0.39201785714285714 0.02776442307692308 0.09118749999999999
0 0.7050120192307693 0.4400267857142857 0.06763822115384627 0.0764910714285714
0 0.13201322115384614 0.45974999999999994 0.0389423076923077 0.056758928571428564
0 0.4020673076923077 0.46972321428571434 0.027698317307692257 0.04658035714285716
0 0.18515625000000002 0.5286964285714285 0.07537259615384614 0.09727678571428576
0 0.4397716346153846 0.5331339285714286 0.028587740384615347 0.03411607142857146
0 0.4791286057692308 0.5960982142857143 0.029176682692307665 0.04398214285714285
0 0.7654326923076924 0.0606875 0.12702524038461532 0.121375
0 0.948094951923077 0.062205357142857146 0.027001201923076826 0.037741071428571436
0 0.005474759615384615 0.6521339285714286 0.010943509615384615 0.04356249999999997
0 0.5178846153846154 0.6597232142857142 0.028563701923076907 0.03195535714285711
0 0.8881370192307692 0.6616785714285714 0.07194711538461526 0.08764285714285722
0 0.38057692307692303 0.07182142857142856 0.0328846153846154 0.041125
0 0.6320492788461538 0.7090714285714286 0.03573918269230764 0.05386607142857136
0 0.5172836538461538 0.7639285714285714 0.0754326923076923 0.10642857142857147
0 0.2706430288461539 0.7677232142857143 0.04244591346153846 0.06579464285714291
0 0.6673497596153847 0.7699553571428571 0.03542668269230758 0.04347321428571434
0 0.7018990384615384 0.8226517857142858 0.03841947115384606 0.0417232142857143
0 0.7365024038461538 0.88325 0.03878605769230767 0.06144642857142851