0 0.17585784313725492 0.871304347826087 0.10294117647058823 0.07217391304347825
0 0.8033088235294118 0.8960869565217391 0.01838235294117647 0.018260869565217393
0 0.6439950980392157 0.9121739130434783 0.15196078431372548 0.0808695652173913
0 0.3486519607843137 0.08695652173913043 0.08333333333333333 0.04173913043478261
0 0.13051470588235295 0.9273913043478261 0.041666666666666664 0.025217391304347827
0 0.6427696078431373 0.9591304347826087 0.06372549019607843 0.03391304347826087
0 0.43443627450980393 0.9626086956521739 0.09191176470588236 0.036521739130434785
0 0.7015931372549019 0.11217391304347826 0.06372549019607843 0.03739130434782609
0 0.2775735294117647 0.11478260869565217 0.0784313725490196 0.04869565217391304
0 0.14583333333333334 0.11695652173913043 0.1948529411764706 0.10086956521739131
0 0.6795343137254902 0.1426086956521739 0.06740196078431372 0.034782608695652174
0 0.5686274509803921 0.14391304347826087 0.21568627450980393 0.12434782608695652
0 0.7689950980392157 0.16434782608695653 0.11519607843137254 0.07217391304347825
0 0.5287990196078431 0.18391304347826087 0.1053921568627451 0.02782608695652174
0 0.16176470588235295 0.016956521739130436 0.19852941176470587 0.03391304347826087
0 0.7303921568627451 0.22 0.12745098039215685 0.07043478260869565
0 0.8302696078431373 0.23565217391304347 0.07107843137254902 0.042608695652173914
0 0.9705882352941176 0.2634782608695652 0.03553921568627451 0.04173913043478261
0 0.25674019607843135 0.2447826086956522 0.07352941176470588 0.04695652173913043
0 0.5018382352941176 0.25565217391304346 0.08333333333333333 0.06260869565217392
0 0.3627450980392157 0.26130434782608697 0.10416666666666667 0.08695652173913043
0 0.7732843137254902 0.28391304347826085 0.09803921568627451 0.05391304347826087
0 0.5618872549019608 0.32130434782608697 0.15441176470588236 0.09391304347826086
0 0.9344362745098039 0.34043478260869564 0.06495098039215687 0.06347826086956522
0 0.4368872549019608 0.35391304347826086 0.10294117647058823 0.08347826086956522
0 0.17524509803921567 0.35347826086956524 0.07352941176470588 0.08
0 0.35171568627450983 0.03173913043478261 0.12622549019607843 0.059130434782608696
0 0.9350490196078431 0.40956521739130436 0.0661764705882353 0.07391304347826087
0 0.5888480392156863 0.41043478260869565 0.11151960784313726 0.09826086956521739
0 0.8192401960784313 0.43478260869565216 0.05024509803921569 0.030434782608695653
0 0.4166666666666667 0.4469565217391304 0.16176470588235295 0.13826086956521738
0 0.05269607843137255 0.4369565217391304 0.10049019607843138 0.08608695652173913
0 0.9031862745098039 0.4691304347826087 0.06495098039215687 0.07043478260869565
0 0.53125 0.45565217391304347 0.049019607843137254 0.03826086956521739
0 0.7089460784313726 0.48 0.1715686274509804 0.11043478260869566
0 0.8639705882352942 0.48782608695652174 0.013480392156862746 0.019130434782608695
0 0.27818627450980393 0.46695652173913044 0.11642156862745098 0.09391304347826086
0 0.017769607843137254 0.46 0.031862745098039214 0.04869565217391304
0 0.3443627450980392 0.47782608695652173 0.04656862745098039 0.03304347826086956
0 0.5833333333333334 0.5004347826086957 0.0857843137254902 0.06869565217391305
0 0.8296568627450981 0.5343478260869565 0.03308823529411765 0.020869565217391306
0 0.6954656862745098 0.05956521739130435 0.0625 0.02608695652173913
0 0.5943627450980392 0.059130434782608696 0.0428921568627451 0.028695652173913042
0 0.8688725490196079 0.5730434782608695 0.051470588235294115 0.09913043478260869
0 0.7598039215686274 0.581304347826087 0.07965686274509803 0.04
0 0.4638480392156863 0.5865217391304348 0.06740196078431372 0.05391304347826087
0 0.3486519607843137 0.6104347826086957 0.02696078431372549 0.014782608695652174
0 0.09803921568627451 0.611304347826087 0.08088235294117647 0.07739130434782608
0 0.18137254901960784 0.6147826086956522 0.10661764705882353 0.09739130434782609
0 0.9019607843137255 0.6417391304347826 0.07352941176470588 0.11478260869565217
0 0.4699754901960784 0.6347826086956522 0.13848039215686275 0.08521739130434783
0 0.5931372549019608 0.658695652173913 0.05024509803921569 0.03391304347826087
0 0.3174019607843137 0.6604347826086957 0.0625 0.0408695652173913
0 0.04963235294117647 0.6530434782608696 0.09926470588235294 0.06608695652173913
0 0.6844362745098039 0.6917391304347826 0.11642156862745098 0.050434782608695654
0 0.3786764705882353 0.7060869565217391 0.06740196078431372 0.04695652173913043
0 0.727328431372549 0.72 0.07598039215686274 0.049565217391304345
0 0.8694852941176471 0.7465217391304347 0.08455882352941177 0.09652173913043478
0 0.21568627450980393 0.7260869565217392 0.03676470588235294 0.025217391304347827
0 0.8241421568627451 0.7517391304347826 0.013480392156862746 0.01652173913043478
0 0.5833333333333334 0.7426086956521739 0.0784313725490196 0.04695652173913043
0 0.7837009803921569 0.7595652173913043 0.08088235294117647 0.09826086956521739
0 0.7113970588235294 0.7669565217391304 0.08333333333333333 0.04695652173913043
0 0.16605392156862744 0.7547826086956522 0.06862745098039216 0.051304347826086956
0 0.4368872549019608 0.7804347826086957 0.07107843137254902 0.05565217391304348
0 0.37683823529411764 0.7791304347826087 0.04534313725490196 0.029565217391304348
0 0.7849264705882353 0.8217391304347826 0.09191176470588236 0.07304347826086957
0 0.19791666666666666 0.8065217391304348 0.10784313725490197 0.057391304347826085
0 0.6654411764705882 0.8278260869565217 0.12254901960784313 0.057391304347826085
0 0.40318627450980393 0.8247826086956521 0.08700980392156862 0.04869565217391304
0 0.31985294117647056 0.8247826086956521 0.0857843137254902 0.03391304347826087
0 0.5067401960784313 0.8682608695652174 0.12254901960784313 0.10260869565217391
1 0.07291666666666667 0.2782608695652174 0.0661764705882353 0.05565217391304348
1 0.1409313725490196 0.34391304347826085 0.2757352941176471 0.22434782608695653
1 0.1488970588235294 0.12 0.25857843137254904 0.24
0 0.13480392156862744 0.08130434782608696 0.041666666666666664 0.017391304347826087
0 0.9068627450980392 0.3247826086956522 0.04779411764705882 0.04608695652173913
0 0.7677696078431373 0.9530434782608695 0.012254901960784314 0.021739130434782608
1 0.8713235294117647 0.18217391304347827 0.20955882352941177 0.2382608695652174
1 0.9503676470588235 0.40608695652173915 0.09926470588235294 0.21739130434782608