0 0.4597355769230769 0.9482142857142857 0.06850961538461539 0.09553571428571428
0 0.8500600961538461 0.09821428571428571 0.048677884615384616 0.06964285714285715
0 0.09164663461538461 0.14241071428571428 0.028846153846153848 0.0375
0 0.002704326923076923 0.039732142857142855 0.005408653846153846 0.029464285714285714
0 0.2995793269230769 0.17633928571428573 0.05889423076923077 0.08303571428571428
0 0.40955528846153844 0.022767857142857142 0.05348557692307692 0.039285714285714285
0 0.6186899038461539 0.18571428571428572 0.10877403846153846 0.11964285714285715
0 0.3551682692307692 0.23973214285714287 0.07271634615384616 0.09375
0 0.036959134615384616 0.275 0.060697115384615384 0.07232142857142858
0 0.8019831730769231 0.29732142857142857 0.04026442307692308 0.05803571428571429
0 0.27974759615384615 0.36026785714285714 0.09915865384615384 0.10803571428571429
0 0.9831730769230769 0.3669642857142857 0.030048076923076924 0.09285714285714286
0 0.29356971153846156 0.45089285714285715 0.06911057692307693 0.08035714285714286
0 0.8668870192307693 0.440625 0.04026442307692308 0.05892857142857143
0 0.5970552884615384 0.46473214285714287 0.028846153846153848 0.048214285714285716
0 0.8152043269230769 0.5125 0.07752403846153846 0.10089285714285715
0 0.5609975961538461 0.5299107142857142 0.029447115384615384 0.03571428571428571
0 0.5231370192307693 0.5950892857142858 0.030048076923076924 0.045535714285714284
0 0.2244591346153846 0.07455357142857143 0.12980769230769232 0.12767857142857142
0 0.04176682692307692 0.08571428571428572 0.027644230769230768 0.039285714285714285
0 0.9957932692307693 0.6263392857142858 0.008413461538461538 0.04375
0 0.48587740384615385 0.6607142857142857 0.029447115384615384 0.033035714285714286
0 0.11598557692307693 0.6816964285714285 0.07391826923076923 0.09107142857142857
0 0.609375 0.06607142857142857 0.03365384615384615 0.04285714285714286
0 0.37289663461538464 0.715625 0.037259615384615384 0.055357142857142855
0 0.48888221153846156 0.7647321428571429 0.078125 0.11071428571428571
0 0.7355769230769231 0.7558035714285715 0.043870192307692304 0.06785714285714285
0 0.33924278846153844 0.7785714285714286 0.03665865384615385 0.045535714285714284
0 0.3058894230769231 0.8330357142857143 0.039663461538461536 0.04375
0 0.2725360576923077 0.8950892857142857 0.04026442307692308 0.06339285714285714