0 0.42205882352941176 0.8425 0.14705882352941177 0.11
0 0.6480392156862745 0.8916666666666667 0.024509803921568627 0.018333333333333333
0 0.8102941176470588 0.9325 0.029411764705882353 0.020833333333333332
0 0.4107843137254902 0.92125 0.029411764705882353 0.015
0 0.11764705882352941 0.8966666666666666 0.06372549019607843 0.05
0 0.5926470588235294 0.9445833333333333 0.1607843137254902 0.10083333333333333
0 0.3696078431372549 0.12208333333333334 0.0892156862745098 0.059166666666666666
0 0.1627450980392157 0.006666666666666667 0.07450980392156863 0.013333333333333334
0 0.5936274509803922 0.23375 0.09803921568627451 0.09916666666666667
0 0.7617647058823529 0.2733333333333333 0.20490196078431372 0.25083333333333335
0 0.1034313725490196 0.21583333333333332 0.16176470588235295 0.18833333333333332
0 0.346078431372549 0.2554166666666667 0.08627450980392157 0.055
0 0.4887254901960784 0.27541666666666664 0.11078431372549019 0.07916666666666666
0 0.5985294117647059 0.30541666666666667 0.12450980392156863 0.09166666666666666
0 0.4764705882352941 0.38333333333333336 0.10294117647058823 0.07666666666666666
0 0.11127450980392156 0.38458333333333333 0.16666666666666666 0.18
0 0.6004901960784313 0.4675 0.09411764705882353 0.06
0 0.8102941176470588 0.49583333333333335 0.26372549019607844 0.19083333333333333
0 0.6049019607843137 0.55 0.03725490196078431 0.029166666666666667
0 0.2627450980392157 0.52125 0.1803921568627451 0.13333333333333333
0 0.6372549019607843 0.5604166666666667 0.03529411764705882 0.024166666666666666
0 0.04803921568627451 0.5266666666666666 0.09607843137254903 0.10166666666666667
0 0.6367647058823529 0.59125 0.04803921568627451 0.0375
0 0.734313725490196 0.60625 0.08235294117647059 0.058333333333333334
0 0.5534313725490196 0.06416666666666666 0.16568627450980392 0.12833333333333333
0 0.5725490196078431 0.6475 0.03235294117647059 0.025
0 0.6485294117647059 0.6566666666666666 0.045098039215686274 0.035
0 0.8607843137254902 0.68125 0.16666666666666666 0.20166666666666666
0 0.6700980392156862 0.7129166666666666 0.1323529411764706 0.07416666666666667
0 0.5161764705882353 0.7129166666666666 0.22941176470588234 0.19333333333333333
0 0.3696078431372549 0.73125 0.03823529411764706 0.020833333333333332
0 0.3799019607843137 0.06208333333333333 0.12941176470588237 0.09083333333333334
0 0.3392156862745098 0.73 0.04803921568627451 0.03
0 0.09803921568627451 0.73875 0.19607843137254902 0.175
0 0.865686274509804 0.8358333333333333 0.13627450980392156 0.1
0 0.5950980392156863 0.815 0.023529411764705882 0.02
0 0.609313725490196 0.825 0.016666666666666666 0.013333333333333334
0 0.0769607843137255 0.19583333333333333 0.03627450980392157 0.025