0 0.5104324894514768 0.9583776595744681 0.06306962025316452 0.030221631205673886
0 0.7147995780590717 0.96302304964539 0.024546413502109687 0.016471631205673694
0 0.22635021097046415 0.9715514184397164 0.043417721518987366 0.04771276595744695
0 0.6929008438818566 0.09870567375886526 0.04402953586497891 0.03429964539007092
0 0.7241877637130801 0.9861170212765956 0.06863924050632905 0.027189716312056803
0 0.8855168776371308 0.18995567375886527 0.04951476793248951 0.046569148936170236
0 0.6620147679324895 0.19328014184397163 0.03921940928270049 0.04080673758865251
0 0.1457067510548523 0.2583244680851064 0.036128691983122366 0.025514184397163096
0 0.9857594936708861 0.261968085106383 0.026371308016877638 0.0274822695035461
0 0.7008860759493671 0.2669503546099291 0.04945147679324906 0.04275709219858158
0 0.8872362869198313 0.2727836879432624 0.06138185654008445 0.043803191489361674
0 0.5815928270042194 0.27404255319148935 0.04082278481012663 0.02680851063829788
0 0.7704430379746835 0.3347695035460993 0.032447257383966234 0.0347872340425532
0 0.6582594936708861 0.34050531914893617 0.11609704641350205 0.12249999999999996
0 0.17253164556962025 0.34430851063829787 0.07924050632911393 0.041462765957446794
0 0.7536814345991562 0.35898049645390073 0.038997890295358675 0.028244680851063842
0 0.8869831223628692 0.36750886524822696 0.13471518987341777 0.14636524822695038
0 0.514746835443038 0.37312943262411347 0.10122362869198316 0.08846631205673755
0 0.07003164556962026 0.3817198581560284 0.04302742616033754 0.04358156028368791
0 0.20984177215189875 0.40507978723404253 0.04836497890295361 0.026471631205673772
0 0.12990506329113924 0.42250886524822695 0.023512658227848107 0.020549645390070877
0 0.7316561181434599 0.42275709219858154 0.03503164556962029 0.04231382978723406
0 0.38659282700421943 0.4490336879432624 0.03266877637130804 0.025735815602836856
0 0.5445675105485233 0.4684042553191489 0.1060126582278481 0.07509751773049649
0 0.3365717299578059 0.4697517730496454 0.05712025316455694 0.049423758865248225
0 0.7078059071729957 0.4962943262411348 0.02530590717299579 0.026267730496454
0 0.06372362869198311 0.5011702127659575 0.04516877637130801 0.04311170212765967
0 0.6417299578059071 0.05118794326241135 0.03661392405063295 0.03677304964539008
0 0.8749789029535865 0.5130230496453901 0.04741561181434604 0.04200354609929088
0 0.7731856540084389 0.5299379432624113 0.03370253164556967 0.04038120567375882
0 0.47955696202531645 0.5522695035460993 0.028734177215189883 0.028297872340425596
0 0.0835759493670886 0.5804609929078014 0.040569620253164566 0.036808510638297855
0 0.9115928270042195 0.5849468085106383 0.08900843881856552 0.06704787234042543
0 0.16804852320675107 0.616781914893617 0.07448312236286922 0.06335106382978727
0 0.5523945147679324 0.6344858156028369 0.043607594936708835 0.029601063829787323
0 0.45013713080168777 0.6484929078014184 0.10702531645569624 0.04167553191489361
0 0.815717299578059 0.6802570921985815 0.03438818565400834 0.030718085106383058
0 0.5468881856540085 0.6936347517730496 0.04946202531645574 0.03265957446808503
0 0.2670569620253164 0.6995656028368794 0.061540084388185624 0.028554964539007126
0 0.6253481012658229 0.7087322695035462 0.039715189873417815 0.029157801418439804
0 0.21934599156118142 0.717668439716312 0.029398734177215193 0.022225177304964483
0 0.30667721518987345 0.7353900709219858 0.10068565400843883 0.06121453900709216
0 0.1757700421940928 0.747322695035461 0.05195147679324894 0.053147163120567414
0 0.8641350210970464 0.7843262411347518 0.02995780590717309 0.020771276595744737
0 0.6358649789029536 0.8099556737588652 0.07975738396624463 0.06493794326241134
0 0.5367932489451477 0.8220390070921986 0.022964135021097027 0.018200354609929054
0 0.46848101265822784 0.8584485815602837 0.05298523206751057 0.023625886524822774
0 0.8282911392405063 0.8638386524822694 0.14603375527426166 0.1266134751773049
0 0.7172995780590717 0.8670390070921986 0.07382911392405064 0.09046985815602843
1 0.2744303797468355 0.7055939716312056 0.31821729957805905 0.2650797872340425
1 0.20833333333333334 0.9694148936170213 0.18459915611814345 0.061170212765957445