0 0.7477287066246057 0.9735113421550093 0.06328075709779181 0.0320888468809072
0 0.4694558359621451 0.12241965973534973 0.0808675078864353 0.03689981096408319
0 0.3218611987381704 0.15161153119092627 0.04119873817034701 0.029120982986767487
0 0.3332097791798107 0.2508364839319471 0.038659305993690836 0.0253024574669187
0 0.9432965299684541 0.02641304347826087 0.05063091482649828 0.03392249527410208
0 0.6508517350157729 0.26406427221172024 0.06511041009463718 0.030964083175803393
0 0.8664668769716088 0.2646928166351607 0.057854889589905464 0.0341115311909263
0 0.5151419558359622 0.31429584120982984 0.06498422712933762 0.04825141776937614
0 0.1863564668769716 0.32447542533081286 0.06041009463722399 0.0345841209829868
0 0.7810173501577288 0.33810964083175804 0.07623028391167198 0.05240075614366735
0 0.4394794952681388 0.49560491493383746 0.055615141955835945 0.027126654064272254
0 0.9400394321766562 0.5084073724007562 0.0788170347003155 0.03760869565217388
0 0.5994479495268139 0.5575330812854442 0.04432176656151423 0.022438563327032146
0 0.27094637223974766 0.5776370510396975 0.030851735015772874 0.026729678638941372
0 0.9707807570977919 0.5820510396975425 0.051971608832807645 0.022325141776937514
0 0.15429022082018928 0.6341776937618148 0.03413249211356469 0.022608695652173983
0 0.7976735015772871 0.6364839319470699 0.046451104100946446 0.027221172022684266
0 0.9262776025236593 0.6732325141776937 0.05760252365930597 0.03266540642722112
0 0.4658123028391167 0.6766209829867675 0.04518927444794949 0.03188090737240077
0 0.8522476340694007 0.7140689981096409 0.057807570977918124 0.04817580340264653
0 0.18623817034700316 0.7213563327032136 0.04440063091482651 0.019272211720226938
0 0.44516561514195585 0.7427835538752363 0.04175078864353317 0.016758034026465047
0 0.671608832807571 0.7706899810964083 0.06246056782334389 0.032873345935727764
0 0.038036277602523656 0.8113894139886579 0.06345425867507885 0.02920604914933846
0 0.9147712933753944 0.8233223062381853 0.02197160883280767 0.017155009451795926
0 0.44474763406940065 0.826507561436673 0.02514195583596223 0.01407372400756153
0 0.12890378548895898 0.9125378071833649 0.0338328075709779 0.0216729678638942