0 0.47257383966244726 0.9578900709219859 0.06540084388185655 0.03368794326241135
0 0.6756329113924051 0.974290780141844 0.026371308016877638 0.01773049645390071
0 0.1877637130801688 0.9543439716312057 0.04746835443037975 0.05053191489361702
0 0.7257383966244726 0.11081560283687943 0.046413502109704644 0.03723404255319149
0 0.6830168776371308 0.9911347517730497 0.07067510548523206 0.01773049645390071
0 0.9103375527426161 0.21320921985815602 0.052742616033755275 0.04964539007092199
0 0.6872362869198312 0.20345744680851063 0.04219409282700422 0.04343971631205674
0 0.16666666666666666 0.23803191489361702 0.0379746835443038 0.0274822695035461
0 0.9947257383966245 0.2912234042553192 0.010548523206751054 0.02925531914893617
0 0.7199367088607594 0.27925531914893614 0.052742616033755275 0.04521276595744681
0 0.9050632911392406 0.29609929078014185 0.06434599156118144 0.04698581560283688
0 0.6002109704641351 0.27925531914893614 0.043248945147679324 0.02925531914893617
0 0.7837552742616034 0.35106382978723405 0.03481012658227848 0.03634751773049645
0 0.6708860759493671 0.350177304964539 0.12552742616033755 0.12943262411347517
0 0.18618143459915612 0.325354609929078 0.08227848101265822 0.04609929078014184
0 0.7647679324894515 0.374113475177305 0.04113924050632911 0.030141843971631204
0 0.8971518987341772 0.3905141843971631 0.14662447257383968 0.15425531914893617
0 0.5253164556962026 0.374113475177305 0.10864978902953587 0.09397163120567376
0 0.08069620253164557 0.35682624113475175 0.046413502109704644 0.04609929078014184
0 0.21835443037974683 0.3882978723404255 0.05063291139240506 0.02925531914893617
0 0.1371308016877637 0.40115248226950356 0.02531645569620253 0.022163120567375887
0 0.7373417721518988 0.436613475177305 0.0379746835443038 0.044326241134751775
0 0.39135021097046413 0.4423758865248227 0.03481012658227848 0.0274822695035461
0 0.5469409282700421 0.47118794326241137 0.11181434599156118 0.08156028368794327
0 0.339662447257384 0.4601063829787234 0.06118143459915612 0.05230496453900709
0 0.7078059071729957 0.5084219858156028 0.027426160337552744 0.0274822695035461
0 0.06487341772151899 0.47562056737588654 0.04852320675105485 0.04521276595744681
0 0.6787974683544303 0.060726950354609927 0.04008438818565401 0.03900709219858156
0 0.8728902953586498 0.5350177304964538 0.05063291139240506 0.044326241134751775
0 0.770042194092827 0.5460992907801419 0.03691983122362869 0.0425531914893617
0 0.475210970464135 0.5509751773049646 0.03059071729957806 0.030141843971631204
0 0.07805907172995781 0.5558510638297872 0.043248945147679324 0.03900709219858156
0 0.9034810126582279 0.6090425531914894 0.0938818565400844 0.07180851063829788
0 0.15928270042194093 0.5970744680851063 0.07911392405063292 0.0673758865248227
0 0.5411392405063291 0.6374113475177305 0.046413502109704644 0.031914893617021274
0 0.43776371308016876 0.6453900709219859 0.10970464135021098 0.047872340425531915
0 0.8001054852320675 0.6981382978723404 0.03691983122362869 0.03280141843971631
0 0.5305907172995781 0.6959219858156028 0.05168776371308017 0.03546099290780142
0 0.2510548523206751 0.6852836879432624 0.06329113924050633 0.031914893617021274
0 0.6075949367088608 0.7154255319148937 0.04219409282700422 0.03102836879432624
0 0.2020042194092827 0.7007978723404256 0.03164556962025317 0.023936170212765957
0 0.28744725738396626 0.723404255319149 0.10548523206751055 0.0673758865248227
0 0.15611814345991562 0.7278368794326241 0.05590717299578059 0.05585106382978723
0 0.8396624472573839 0.8049645390070922 0.03164556962025317 0.022163120567375887
0 0.609704641350211 0.8173758865248227 0.08544303797468354 0.06914893617021277
0 0.5100210970464135 0.8235815602836879 0.024261603375527425 0.01950354609929078
0 0.4388185654008439 0.8559397163120568 0.05485232067510549 0.026595744680851064
0 0.7974683544303798 0.8820921985815603 0.15611814345991562 0.1347517730496454
0 0.6861814345991561 0.8789893617021277 0.08122362869198312 0.09485815602836879
1 0.2579113924050633 0.6919326241134752 0.339662447257384 0.2828014184397163
1 0.169831223628692 0.9512411347517731 0.18881856540084388 0.07180851063829788