0 0.699923518164436 0.89275 0.030822179732313583 0.030151785714285697
0 0.23850860420650094 0.8985803571428571 0.08504780114722751 0.03466071428571423
0 0.48348948374760997 0.9129107142857144 0.02816443594646275 0.022258928571428527
0 0.19882409177820268 0.937830357142857 0.02287762906309752 0.018517857142856947
0 0.6073422562141492 0.9615178571428572 0.023479923518164383 0.019473214285714236
0 0.7841778202676865 0.9644553571428572 0.06547801147227535 0.04499107142857132
0 0.08106118546845124 0.966419642857143 0.07990439770554494 0.03641071428571446
0 0.1969885277246654 0.10175 0.14158699808795414 0.14099107142857142
0 0.7296845124282982 0.12703571428571428 0.11520076481835564 0.08800892857142857
0 0.8211854684512429 0.1304732142857143 0.07065965583174004 0.0645267857142857
0 0.14824091778202678 0.1325625 0.061309751434034415 0.06513392857142856
0 0.03804971319311663 0.1880625 0.026395793499043977 0.02791071428571428
0 0.332868068833652 0.2003214285714286 0.08828871892925433 0.0738482142857143
0 0.9320076481835565 0.20908928571428573 0.13553537284894845 0.1413839285714286
0 0.8169407265774379 0.20851785714285714 0.11762906309751431 0.05989285714285713
0 0.5691013384321223 0.2661875 0.08848948374760988 0.0770267857142857
0 0.2613097514340344 0.2883125 0.09814531548757167 0.11233928571428575
0 0.46778202676864244 0.30483035714285717 0.03260038240917784 0.026910714285714274
0 0.0575812619502868 0.3382767857142857 0.046319311663479926 0.039044642857142875
0 0.7576768642447419 0.341125 0.10618546845124277 0.09118749999999999
0 0.6230401529636712 0.036580357142857144 0.0892925430210326 0.07315178571428572
0 0.36112810707456977 0.36291071428571425 0.119961759082218 0.12046428571428568
0 0.478565965583174 0.3718303571428571 0.09479923518164433 0.09188392857142855
0 0.5361950286806884 0.03861607142857143 0.041797323135755286 0.048660714285714286
0 0.018795411089866158 0.3875625 0.03567877629063097 0.05191964285714284
0 0.9017495219885278 0.3981071428571428 0.09029636711281075 0.04622321428571427
0 0.00621414913957935 0.421875 0.0124282982791587 0.033035714285714286
0 0.6508986615678777 0.4282232142857143 0.09146271510516259 0.060017857142857164
0 0.7415583173996175 0.04372321428571428 0.1198374760994263 0.08744642857142856
0 0.858451242829828 0.43180357142857145 0.19108030592734215 0.07788392857142859
0 0.22512428298279158 0.44391964285714286 0.1194646271510516 0.09855357142857142
0 0.021367112810707457 0.4622053571428571 0.04273422562141491 0.05119642857142855
0 0.6930975143403442 0.46629464285714284 0.09364244741873809 0.06295535714285713
0 0.3070650095602294 0.4742767857142858 0.04433078393881454 0.03962500000000005
0 0.525 0.5007678571428572 0.03470363288718925 0.024750000000000025
0 0.4320076481835564 0.5048571428571429 0.10874760994263863 0.057928571428571524
0 0.2712810707456979 0.5177410714285714 0.02440726577437856 0.017616071428571446
0 0.9324665391969408 0.5184196428571428 0.0848183556405354 0.04220535714285713
0 0.15547801147227533 0.5199196428571428 0.11020076481835563 0.11126785714285704
0 0.39826959847036325 0.5458124999999999 0.11011472275334604 0.06126785714285705
0 0.7766539196940726 0.55225 0.12310707456978966 0.09557142857142854
0 0.9805353728489484 0.5575089285714285 0.03756214149139576 0.03645535714285708
0 0.0795602294455067 0.5655089285714285 0.07307839388145315 0.03636607142857144
0 0.10755258126195029 0.5989285714285714 0.05832695984703632 0.046080357142857055
0 0.39909177820267683 0.62325 0.05058317399617588 0.034008928571428496
0 0.3220745697896749 0.6235892857142856 0.07245697896749519 0.04540178571428563
0 0.4897418738049713 0.6255446428571428 0.01964627151051621 0.017151785714285748
0 0.7697036328871893 0.6367321428571429 0.07477055449330787 0.06633035714285711
0 0.9726195028680689 0.6414107142857143 0.04657743785850863 0.022116071428571412
0 0.2775621414913958 0.6466875 0.06181644359464624 0.04873214285714279
0 0.28630019120458894 0.06816964285714285 0.0926768642447419 0.10063392857142855
0 0.9760994263862333 0.06830357142857142 0.045889101338432124 0.05089285714285714
0 0.03173996175908222 0.6857857142857143 0.06347992351816444 0.12335714285714293
0 0.4051147227533461 0.6936785714285714 0.022466539196940728 0.021294642857142776
0 0.5925908221797324 0.6977857142857142 0.09913957934990444 0.18308035714285711
0 0.6737093690248567 0.7122678571428571 0.04721797323135765 0.03702678571428574
0 0.948451242829828 0.7223392857142857 0.025009560229445584 0.028616071428571387
0 0.8609082217973232 0.7236250000000001 0.09085086042065008 0.05439285714285721
0 0.19878585086042067 0.7246428571428571 0.022820267686424478 0.015357142857142897
0 0.36740917782026766 0.7257857142857143 0.06369980879541108 0.04086607142857141
0 0.2775621414913958 0.7275357142857143 0.0847609942638623 0.04970535714285721
0 0.44634799235181644 0.73025 0.06668260038240918 0.03193749999999999
0 0.6633269598470364 0.7792053571428572 0.03984703632887195 0.03340178571428579
0 0.9398470363288719 0.7911071428571428 0.03456978967495228 0.019723214285714212
0 0.7702390057361377 0.7921428571428571 0.11601338432122363 0.12535714285714294
0 0.883585086042065 0.8365892857142857 0.0979445506692161 0.05709821428571433
0 0.04488527724665392 0.8605178571428571 0.028575525812619504 0.021035714285714237
0 0.2805640535372849 0.8666428571428572 0.0926768642447419 0.036866071428571394
0 0.3605353728489484 0.8718125 0.019349904397705554 0.015062499999999902
0 0.4049713193116635 0.08808035714285715 0.043202676864244796 0.09580357142857143
0 0.5214435946462714 0.886125 0.039072657743785745 0.027598214285714358
0 0.7963288718929254 0.8875267857142857 0.08595602294455075 0.060767857142857096
0 0.9524282982791588 0.9012321428571427 0.06931166347992351 0.06040178571428569
0 0.919206500956023 0.9369910714285715 0.1615869980879541 0.12530357142857146
0 0.15723709369024857 0.8289464285714285 0.015994263862332714 0.015375000000000024
0 0.1510325047801147 0.7709107142857142 0.013919694072657746 0.013446428571428522
0 0.1595697896749522 0.6875 0.015468451242829834 0.015874999999999976