0 0.28125 0.9082608695652173 0.11029411764705882 0.07739130434782608
0 0.9037990196078431 0.8478260869565217 0.020833333333333332 0.019130434782608695
0 0.7524509803921569 0.8852173913043478 0.16053921568627452 0.08869565217391304
0 0.24080882352941177 0.11521739130434783 0.08823529411764706 0.04608695652173913
0 0.25245098039215685 0.9695652173913043 0.04411764705882353 0.026956521739130435
0 0.7634803921568627 0.931304347826087 0.06740196078431372 0.03739130434782609
0 0.5600490196078431 0.9630434782608696 0.09558823529411764 0.04173913043478261
0 0.59375 0.09217391304347826 0.06740196078431372 0.0408695652173913
0 0.17830882352941177 0.15217391304347827 0.08333333333333333 0.05304347826086957
0 0.07536764705882353 0.17130434782608694 0.15073529411764705 0.11130434782608696
0 0.5802696078431373 0.12478260869565218 0.06985294117647059 0.0391304347826087
0 0.47181372549019607 0.14130434782608695 0.22794117647058823 0.13652173913043478
0 0.6740196078431373 0.13434782608695653 0.12254901960784313 0.0782608695652174
0 0.4430147058823529 0.18565217391304348 0.10784313725490197 0.03391304347826087
0 0.06862745098039216 0.06347826086956522 0.13725490196078433 0.06260869565217392
0 0.6513480392156863 0.19391304347826088 0.13357843137254902 0.07739130434782608
0 0.7530637254901961 0.1956521739130435 0.07598039215686274 0.04695652173913043
0 0.8988970588235294 0.20391304347826086 0.04044117647058824 0.043478260869565216
0 0.19240196078431374 0.2826086956521739 0.0784313725490196 0.050434782608695654
0 0.4362745098039216 0.26 0.08946078431372549 0.06695652173913043
0 0.3014705882352941 0.2843478260869565 0.11397058823529412 0.09217391304347826
0 0.710171568627451 0.2508695652173913 0.10294117647058823 0.059130434782608696
0 0.5122549019607843 0.3160869565217391 0.1642156862745098 0.10260869565217391
0 0.883578431372549 0.2847826086956522 0.07230392156862746 0.06695652173913043
0 0.39828431372549017 0.3652173913043478 0.11151960784313726 0.08869565217391304
0 0.14154411764705882 0.4 0.0821078431372549 0.08347826086956522
0 0.22855392156862744 0.06043478260869565 0.1323529411764706 0.06608695652173913
0 0.9025735294117647 0.3521739130434783 0.07475490196078431 0.07739130434782608
0 0.5631127450980392 0.4 0.12254901960784313 0.10347826086956521
0 0.7959558823529411 0.39304347826086955 0.05392156862745098 0.03391304347826087
0 0.40379901960784315 0.4591304347826087 0.17647058823529413 0.14695652173913043
0 0.049019607843137254 0.49869565217391304 0.09803921568627451 0.09130434782608696
0 0.8872549019607843 0.4152173913043478 0.07230392156862746 0.07391304347826087
0 0.5189950980392157 0.45217391304347826 0.05392156862745098 0.0408695652173913
0 0.6997549019607843 0.45217391304347826 0.18259803921568626 0.12
0 0.8541666666666666 0.43869565217391304 0.015931372549019607 0.019130434782608695
0 0.27328431372549017 0.49782608695652175 0.12622549019607843 0.1
0 0.01715686274509804 0.5260869565217391 0.03431372549019608 0.050434782608695654
0 0.34129901960784315 0.49956521739130433 0.05024509803921569 0.035652173913043476
0 0.5814950980392157 0.4891304347826087 0.09313725490196079 0.07304347826086957
0 0.8333333333333334 0.4891304347826087 0.03553921568627451 0.022608695652173914
0 0.5735294117647058 0.041304347826086954 0.06495098039215687 0.029565217391304348
0 0.4742647058823529 0.05434782608695652 0.04534313725490196 0.03130434782608696
0 0.8817401960784313 0.5217391304347826 0.06372549019607843 0.10173913043478261
0 0.7769607843137255 0.5447826086956522 0.08333333333333333 0.04434782608695652
0 0.4877450980392157 0.5895652173913043 0.07352941176470588 0.057391304347826085
0 0.38112745098039214 0.628695652173913 0.029411764705882353 0.01652173913043478
0 0.13541666666666666 0.6634782608695652 0.08946078431372549 0.0808695652173913
0 0.2181372549019608 0.6556521739130434 0.11642156862745098 0.10347826086956521
0 0.9332107843137255 0.5847826086956521 0.08700980392156862 0.11826086956521739
0 0.5067401960784313 0.6365217391304347 0.14705882352941177 0.09217391304347826
0 0.633578431372549 0.6430434782608696 0.05392156862745098 0.036521739130434785
0 0.3639705882352941 0.6821739130434783 0.0661764705882353 0.04434782608695652
0 0.09252450980392157 0.7121739130434782 0.11887254901960784 0.07217391304347825
0 0.7328431372549019 0.6634782608695652 0.1213235294117647 0.05652173913043478
0 0.4362745098039216 0.7186956521739131 0.07230392156862746 0.050434782608695654
0 0.7824754901960784 0.6852173913043478 0.08088235294117647 0.05391304347826087
0 0.928921568627451 0.6917391304347826 0.09558823529411764 0.10086956521739131
0 0.2818627450980392 0.7604347826086957 0.0392156862745098 0.02782608695652174
0 0.8860294117647058 0.7030434782608695 0.014705882352941176 0.01652173913043478
0 0.6470588235294118 0.7269565217391304 0.08333333333333333 0.051304347826086956
0 0.8486519607843137 0.7165217391304348 0.09191176470588236 0.10173913043478261
0 0.7794117647058824 0.7330434782608696 0.08823529411764706 0.051304347826086956
0 0.24080882352941177 0.7956521739130434 0.07475490196078431 0.05478260869565217
0 0.5134803921568627 0.7839130434782609 0.07720588235294118 0.06
0 0.4540441176470588 0.7908695652173913 0.04779411764705882 0.03130434782608696
0 0.866421568627451 0.7773913043478261 0.09926470588235294 0.0782608695652174
0 0.2861519607843137 0.8417391304347827 0.11397058823529412 0.06347826086956522
0 0.7506127450980392 0.7995652173913044 0.12867647058823528 0.06434782608695652
0 0.49264705882352944 0.8317391304347826 0.09191176470588236 0.05304347826086957
0 0.4105392156862745 0.8434782608695652 0.08946078431372549 0.0391304347826087
0 0.6060049019607843 0.8604347826086957 0.13357843137254902 0.10869565217391304
1 0.028799019607843136 0.34 0.05759803921568627 0.059130434782608696
1 0.12806372549019607 0.39565217391304347 0.25612745098039214 0.2382608695652174
1 0.0974264705882353 0.17478260869565218 0.1948529411764706 0.2539130434782609
0 0.028799019607843136 0.13826086956521738 0.04411764705882353 0.02
0 0.852328431372549 0.27304347826086955 0.05269607843137255 0.04782608695652174
0 0.8848039215686274 0.9082608695652173 0.014705882352941176 0.022608695652173914
1 0.7787990196078431 0.1373913043478261 0.23651960784313725 0.24782608695652175
1 0.9234068627450981 0.34652173913043477 0.13725490196078433 0.2217391304347826