0 0.5390295358649789 0.9574468085106383 0.06434599156118144 0.03280141843971631
0 0.7431434599156118 0.9530141843971631 0.02531645569620253 0.01773049645390071
0 0.2563291139240506 0.9791666666666666 0.046413502109704644 0.041666666666666664
0 0.6677215189873418 0.09086879432624113 0.046413502109704644 0.03634751773049645
0 0.7542194092827004 0.9756205673758865 0.07067510548523206 0.030141843971631204
0 0.865506329113924 0.17331560283687944 0.052742616033755275 0.04875886524822695
0 0.6429324894514767 0.18661347517730498 0.04219409282700422 0.0425531914893617
0 0.13132911392405064 0.27437943262411346 0.0379746835443038 0.0274822695035461
0 0.9704641350210971 0.24113475177304963 0.028481012658227847 0.028368794326241134
0 0.6861814345991561 0.25842198581560283 0.05168776371308017 0.04521276595744681
0 0.8723628691983122 0.25620567375886527 0.06434599156118144 0.04609929078014184
0 0.5675105485232067 0.2708333333333333 0.04219409282700422 0.028368794326241134
0 0.7600210970464135 0.32313829787234044 0.03481012658227848 0.03634751773049645
0 0.6482067510548524 0.3337765957446808 0.12341772151898735 0.1276595744680851
0 0.16350210970464135 0.35904255319148937 0.08122362869198312 0.04521276595744681
0 0.7447257383966245 0.3479609929078014 0.04113924050632911 0.030141843971631204
0 0.8781645569620253 0.35062056737588654 0.14345991561181434 0.1524822695035461
0 0.5068565400843882 0.3727836879432624 0.10654008438818566 0.09308510638297872
0 0.06329113924050633 0.40070921985815605 0.04535864978902954 0.04521276595744681
0 0.20411392405063292 0.4179964539007092 0.049578059071729956 0.028368794326241134
0 0.12552742616033755 0.43882978723404253 0.024261603375527425 0.02127659574468085
0 0.7262658227848101 0.412677304964539 0.0379746835443038 0.04343971631205674
0 0.38343881856540085 0.45390070921985815 0.03375527426160337 0.0274822695035461
0 0.5427215189873418 0.46631205673758863 0.11075949367088607 0.0797872340425532
0 0.334915611814346 0.4769503546099291 0.060126582278481014 0.05230496453900709
0 0.7072784810126582 0.487145390070922 0.027426160337552744 0.0274822695035461
0 0.06434599156118144 0.5203900709219859 0.04746835443037975 0.04521276595744681
0 0.6133966244725738 0.04565602836879433 0.039029535864978905 0.038120567375886524
0 0.8755274261603375 0.49645390070921985 0.049578059071729956 0.044326241134751775
0 0.7747890295358649 0.5177304964539007 0.035864978902953586 0.041666666666666664
0 0.4825949367088608 0.5531914893617021 0.03059071729957806 0.02925531914893617
0 0.08913502109704641 0.5988475177304965 0.043248945147679324 0.038120567375886524
0 0.9161392405063291 0.5669326241134752 0.09282700421940929 0.07092198581560284
0 0.17563291139240506 0.6312056737588653 0.07805907172995781 0.06648936170212766
0 0.5606540084388185 0.6320921985815603 0.04535864978902954 0.031914893617021274
0 0.45938818565400846 0.6502659574468085 0.10970464135021098 0.04609929078014184
0 0.8264767932489452 0.6662234042553191 0.035864978902953586 0.031914893617021274
0 0.5590717299578059 0.6914893617021277 0.05168776371308017 0.034574468085106384
0 0.2800632911392405 0.7096631205673759 0.06329113924050633 0.03102836879432624
0 0.6381856540084389 0.7030141843971631 0.04113924050632911 0.03102836879432624
0 0.23312236286919832 0.7296099290780141 0.03059071729957806 0.02304964539007092
0 0.3217299578059072 0.7433510638297872 0.10443037974683544 0.06560283687943262
0 0.19145569620253164 0.7610815602836879 0.05485232067510549 0.0549645390070922
0 0.8813291139240507 0.7677304964539007 0.03164556962025317 0.022163120567375887
0 0.6550632911392406 0.8036347517730497 0.08333333333333333 0.06826241134751773
0 0.5569620253164557 0.8200354609929078 0.024261603375527425 0.01950354609929078
0 0.49103375527426163 0.8594858156028369 0.05485232067510549 0.025709219858156027
0 0.8507383966244726 0.8488475177304965 0.1540084388185654 0.13297872340425532
0 0.7399789029535865 0.8568262411347518 0.07911392405063292 0.09397163120567376
1 0.28744725738396626 0.7154255319148937 0.33438818565400846 0.2783687943262411
1 0.23734177215189872 0.973404255319149 0.1877637130801688 0.05319148936170213