0 0.3501577287066246 0.9848771266540642 0.0694006309148265 0.030245746691871456
0 0.45347003154574134 0.12287334593572778 0.08832807570977919 0.04253308128544423
0 0.6056782334384858 0.14130434782608695 0.0473186119873817 0.03213610586011342
0 0.6151419558359621 0.24054820415879016 0.04416403785488959 0.02835538752362949
0 0.3020504731861199 0.276937618147448 0.07097791798107256 0.035916824196597356
0 0.08832807570977919 0.29300567107750475 0.06466876971608833 0.03780718336483932
0 0.4471608832807571 0.3166351606805293 0.07413249211356467 0.052930056710775046
0 0.7752365930599369 0.30293005671077505 0.06624605678233439 0.038752362948960305
0 0.18848580441640378 0.359640831758034 0.08675078864353312 0.057655954631379965
0 0.5591482649842271 0.4910207939508507 0.05993690851735016 0.031190926275992438
0 0.06466876971608833 0.5406427221172023 0.08517350157728706 0.043478260869565216
0 0.41324921135646686 0.5642722117202268 0.04889589905362776 0.02551984877126654
0 0.7429022082018928 0.5604914933837429 0.03627760252365931 0.02835538752362949
0 0.04968454258675079 0.6157844990548205 0.056782334384858045 0.02551984877126654
0 0.8706624605678234 0.6077504725897921 0.03785488958990536 0.024574669187145556
0 0.23264984227129337 0.6573724007561437 0.052050473186119876 0.030245746691871456
0 0.11198738170347003 0.7032136105860114 0.06309148264984227 0.036862003780718335
0 0.5701892744479495 0.6729678638941399 0.052050473186119876 0.03497164461247637
0 0.19400630914826497 0.7381852551984878 0.06782334384858044 0.05198487712665406
0 0.8564668769716088 0.6965973534971645 0.0473186119873817 0.022684310018903593
0 0.6041009463722398 0.7367674858223062 0.04416403785488959 0.01984877126654064
0 0.38485804416403785 0.7811909262759924 0.0694006309148265 0.036862003780718335
0 0.15378548895899052 0.8511342155009451 0.025236593059936908 0.01890359168241966
0 0.6214511041009464 0.8199432892249527 0.028391167192429023 0.01606805293005671
0 0.9518927444794952 0.8823251417769377 0.03785488958990536 0.023629489603024575