0 0.6314531548757171 0.9169642857142857 0.03537284894837476 0.033928571428571426
0 0.17495219885277247 0.8553571428571428 0.08986615678776291 0.04642857142857143
0 0.4144359464627151 0.9053571428571429 0.03154875717017208 0.025892857142857145
0 0.12906309751434034 0.8883928571428571 0.02581261950286807 0.02142857142857143
0 0.52868068833652 0.9714285714285714 0.02676864244741874 0.022321428571428572
0 0.7026768642447419 0.9866071428571429 0.07265774378585087 0.026785714285714284
0 0.025334608030592735 0.8995535714285714 0.05066921606118547 0.04732142857142857
0 0.26720841300191206 0.07098214285714285 0.16347992351816443 0.1419642857142857
0 0.7891969407265774 0.16517857142857142 0.12810707456978968 0.10357142857142858
0 0.8790630975143403 0.18214285714285713 0.08030592734225621 0.07410714285714286
0 0.21414913957934992 0.08571428571428572 0.07170172084130019 0.07321428571428572
0 0.09608030592734225 0.12455357142857143 0.030592734225621414 0.03125
0 0.3852772466539197 0.17946428571428572 0.0994263862332696 0.08571428571428572
0 0.9483747609942639 0.2754464285714286 0.10325047801147227 0.15982142857142856
0 0.8618546845124283 0.2584821428571429 0.12619502868068833 0.07678571428571429
0 0.6075525812619503 0.27901785714285715 0.10038240917782026 0.08928571428571429
0 0.2997131931166348 0.25625 0.11567877629063097 0.125
0 0.5009560229445507 0.3026785714285714 0.036328871892925434 0.03125
0 0.09034416826003824 0.2754464285714286 0.052581261950286805 0.045535714285714284
0 0.7810707456978967 0.3808035714285714 0.12045889101338432 0.10535714285714286
0 0.6993307839388145 0.060267857142857144 0.10038240917782026 0.08571428571428572
0 0.38575525812619504 0.34419642857142857 0.13862332695984703 0.13660714285714284
0 0.5004780114722753 0.37008928571428573 0.1089866156787763 0.10446428571428572
0 0.612810707456979 0.049553571428571426 0.0497131931166348 0.054464285714285715
0 0.04349904397705545 0.31875 0.04397705544933078 0.05625
0 0.9139579349904398 0.45803571428571427 0.0965583173996176 0.05892857142857143
0 0.025334608030592735 0.3508928571428571 0.018164435946462717 0.03482142857142857
0 0.6610898661567878 0.4513392857142857 0.10038240917782026 0.07232142857142858
0 0.8150095602294455 0.08482142857142858 0.13288718929254303 0.10357142857142858
0 0.865678776290631 0.48482142857142857 0.20172084130019122 0.10446428571428572
0 0.23804971319311663 0.4044642857142857 0.13479923518164436 0.11517857142857142
0 0.033460803059273424 0.39285714285714285 0.05066921606118547 0.05714285714285714
0 0.6964627151051626 0.49508928571428573 0.10325047801147227 0.07589285714285714
0 0.3135755258126195 0.44642857142857145 0.05066921606118547 0.045535714285714284
0 0.5243785850860421 0.5044642857142857 0.03824091778202677 0.029464285714285714
0 0.4321223709369025 0.49464285714285716 0.11663479923518165 0.07321428571428572
0 0.2710325047801147 0.48392857142857143 0.02676864244741874 0.020535714285714286
0 0.9239961759082218 0.58125 0.09082217973231357 0.054464285714285715
0 0.15630975143403442 0.46919642857142857 0.12715105162523901 0.12589285714285714
0 0.3919694072657744 0.5303571428571429 0.11854684512428298 0.07678571428571429
0 0.76434034416826 0.5919642857142857 0.13766730401529637 0.1125
0 0.9651051625239006 0.6267857142857143 0.043021032504780114 0.04107142857142857
0 0.07361376673040153 0.503125 0.07839388145315487 0.04642857142857143
0 0.09560229445506692 0.5401785714285714 0.06500956022944551 0.054464285714285715
0 0.3795411089866157 0.6071428571428571 0.055449330783938815 0.04107142857142857
0 0.3035372848948375 0.5959821428571429 0.07934990439770555 0.055357142857142855
0 0.46892925430210325 0.6223214285714286 0.02198852772466539 0.019642857142857142
0 0.7433078393881453 0.6745535714285714 0.08508604206500955 0.07678571428571429
0 0.9431166347992351 0.7089285714285715 0.0497131931166348 0.02857142857142857
0 0.255736137667304 0.6125 0.06883365200764818 0.05714285714285714
0 0.36089866156787764 0.049107142857142856 0.10803059273422562 0.09821428571428571
0 0.02390057361376673 0.6147321428571428 0.04780114722753346 0.13125
0 0.3738049713193117 0.6772321428571428 0.02581261950286807 0.024107142857142858
0 0.5583173996175909 0.7089285714285715 0.12906309751434034 0.19553571428571428
0 0.6362332695984704 0.7348214285714286 0.052581261950286805 0.04375
0 0.905831739961759 0.7852678571428572 0.029636711281070746 0.03214285714285714
0 0.8188336520076482 0.7736607142857143 0.09847036328871893 0.06696428571428571
0 0.16491395793499045 0.6776785714285715 0.0248565965583174 0.01875
0 0.3312619502868069 0.7035714285714286 0.06978967495219886 0.05
0 0.24235181644359466 0.6924107142857143 0.09177820267686425 0.06160714285714286
0 0.40822179732313574 0.7196428571428571 0.07074569789674952 0.04107142857142857
0 0.6147227533460803 0.7995535714285714 0.044933078393881457 0.038392857142857145
0 0.885755258126195 0.8517857142857143 0.0372848948374761 0.024107142857142858
0 0.7179732313575525 0.828125 0.13575525812619502 0.14107142857142857
0 0.8226577437858509 0.8883928571428571 0.10611854684512428 0.07053571428571428
0 0.22179732313575526 0.8299107142857143 0.09751434034416825 0.05
0 0.30019120458891013 0.846875 0.02198852772466539 0.017857142857142856
0 0.4751434034416826 0.07946428571428571 0.058317399617590825 0.10089285714285715
0 0.45650095602294455 0.884375 0.043021032504780114 0.033035714285714286
0 0.7275334608030593 0.9258928571428572 0.09464627151051626 0.07232142857142858
0 0.8795411089866156 0.9625 0.07839388145315487 0.06964285714285715
0 0.8408221797323135 0.959375 0.1806883365200765 0.08125
0 0.10659655831739961 0.775 0.018164435946462717 0.017857142857142856
0 0.10994263862332695 0.7165178571428571 0.016252390057361378 0.015178571428571428
0 0.13240917782026768 0.6352678571428572 0.018164435946462717 0.017857142857142856