0 0.56640625 0.9415178571428572 0.06971153846153846 0.09642857142857143
0 0.12770432692307693 0.14508928571428573 0.049879807692307696 0.07053571428571428
0 0.8858173076923077 0.09107142857142857 0.029447115384615384 0.0375
0 0.6805889423076923 0.15178571428571427 0.059495192307692304 0.08392857142857142
0 0.5618990384615384 0.016517857142857143 0.054086538461538464 0.033035714285714286
0 0.36328125 0.20223214285714286 0.10997596153846154 0.12232142857142857
0 0.6292067307692307 0.221875 0.07391826923076923 0.09553571428571428
0 0.9483173076923077 0.21607142857142858 0.06129807692307692 0.07321428571428572
0 0.18719951923076922 0.33705357142857145 0.040865384615384616 0.059821428571428574
0 0.7112379807692307 0.33214285714285713 0.10036057692307693 0.10982142857142857
0 0.012920673076923076 0.4294642857142857 0.025841346153846152 0.09285714285714286
0 0.7025240384615384 0.42410714285714285 0.0703125 0.08125
0 0.1310096153846154 0.48839285714285713 0.040865384615384616 0.059821428571428574
0 0.4011418269230769 0.4772321428571429 0.029447115384615384 0.049107142857142856
0 0.18659855769230768 0.553125 0.07872596153846154 0.10267857142857142
0 0.4411057692307692 0.5379464285714286 0.030048076923076924 0.03660714285714286
0 0.48257211538461536 0.5977678571428572 0.03064903846153846 0.04642857142857143
0 0.7493990384615384 0.053125 0.1310096153846154 0.10625
0 0.9320913461538461 0.028125 0.028245192307692308 0.04017857142857143
0 0.01141826923076923 0.6901785714285714 0.012620192307692308 0.044642857142857144
0 0.5234375 0.6580357142857143 0.029447115384615384 0.033928571428571426
0 0.8933293269230769 0.63125 0.0751201923076923 0.09285714285714286
0 0.36568509615384615 0.08169642857142857 0.034254807692307696 0.04375
0 0.6391225961538461 0.6986607142857143 0.03786057692307692 0.05625
0 0.5264423076923077 0.7620535714285714 0.07932692307692307 0.1125
0 0.2803485576923077 0.7852678571428572 0.04447115384615385 0.06875
0 0.6766826923076923 0.7566964285714286 0.03665865384615385 0.04642857142857143
0 0.7130408653846154 0.8066964285714285 0.039663461538461536 0.044642857142857144
0 0.7496995192307693 0.8642857142857143 0.040865384615384616 0.06428571428571428