0 0.5352941176470588 0.8475 0.13529411764705881 0.09833333333333333
0 0.3044117647058823 0.87625 0.022549019607843137 0.015833333333333335
0 0.13823529411764707 0.9025 0.027450980392156862 0.018333333333333333
0 0.5367647058823529 0.9270833333333334 0.028431372549019607 0.0125
0 0.8313725490196079 0.9283333333333333 0.058823529411764705 0.045
0 0.35343137254901963 0.93375 0.15 0.0875
0 0.6759803921568628 0.13583333333333333 0.08333333333333333 0.051666666666666666
0 0.8975490196078432 0.021666666666666667 0.0696078431372549 0.043333333333333335
0 0.43970588235294117 0.22666666666666666 0.08725490196078431 0.09166666666666666
0 0.26715686274509803 0.25125 0.17745098039215687 0.23583333333333334
0 0.9294117647058824 0.2525 0.1411764705882353 0.17666666666666667
0 0.6833333333333333 0.2704166666666667 0.0803921568627451 0.0475
0 0.5387254901960784 0.27791666666666665 0.10294117647058823 0.07083333333333333
0 0.42598039215686273 0.29791666666666666 0.11470588235294117 0.0825
0 0.5377450980392157 0.38625 0.09509803921568627 0.06916666666666667
0 0.9009803921568628 0.4195833333333333 0.14705882352941177 0.1675
0 0.403921568627451 0.45875 0.08823529411764706 0.0525
0 0.19166666666666668 0.4683333333333333 0.24411764705882352 0.17
0 0.3897058823529412 0.5404166666666667 0.03431372549019608 0.025833333333333333
0 0.7333333333333333 0.5420833333333334 0.16666666666666666 0.11916666666666667
0 0.3558823529411765 0.5479166666666667 0.03333333333333333 0.020833333333333332
0 0.9514705882352941 0.5675 0.09705882352941177 0.09333333333333334
0 0.3524509803921569 0.5783333333333334 0.04411764705882353 0.03333333333333333
0 0.25392156862745097 0.585 0.07647058823529412 0.051666666666666666
0 0.5004901960784314 0.06 0.15196078431372548 0.12
0 0.40980392156862744 0.6404166666666666 0.029411764705882353 0.0225
0 0.3333333333333333 0.6425 0.041176470588235294 0.03166666666666667
0 0.11911764705882352 0.6479166666666667 0.14411764705882352 0.18916666666666668
0 0.30490196078431375 0.6966666666666667 0.12549019607843137 0.06333333333333334
0 0.4573529411764706 0.7104166666666667 0.2088235294117647 0.17583333333333334
0 0.6014705882352941 0.74125 0.03627450980392157 0.0175
0 0.6735294117647059 0.07541666666666667 0.11960784313725491 0.08083333333333333
0 0.6313725490196078 0.7429166666666667 0.045098039215686274 0.025833333333333333
0 0.8700980392156863 0.7733333333333333 0.17745098039215687 0.16
0 0.09509803921568627 0.80125 0.12549019607843137 0.08916666666666667
0 0.36666666666666664 0.805 0.021568627450980392 0.018333333333333333
0 0.3514705882352941 0.81375 0.014705882352941176 0.0125
0 0.9583333333333334 0.235 0.03333333333333333 0.021666666666666667