0 0.5357142857142857 0.009962686567164179 0.034642857142857135 0.019916044776119406
0 0.36448051948051946 0.09375 0.0644588744588744 0.056912313432835815
0 0.9236471861471862 0.9637033582089551 0.02910173160173171 0.02815298507462682
0 0.7486904761904761 0.9694962686567163 0.016861471861471782 0.024804104477612075
0 0.3582792207792208 0.9850932835820896 0.04556277056277059 0.020550373134328545
0 0.2483982683982684 0.11452425373134328 0.037911255411255444 0.04433768656716418
0 0.07762987012987013 0.16124067164179104 0.04053030303030304 0.044505597014925354
0 0.21483766233766233 0.1718283582089552 0.035746753246753214 0.04515858208955221
0 0.6514069264069264 0.1792257462686567 0.08852813852813848 0.07299440298507463
0 0.43344155844155846 0.2107742537313433 0.06168831168831169 0.044692164179104446
0 0.9745670995670995 0.2126865671641791 0.048701298701298704 0.04477611940298507
0 0.19608225108225108 0.22460820895522388 0.03284632034632037 0.03130597014925374
0 0.534491341991342 0.23074626865671644 0.10145021645021646 0.0715671641791045
0 0.11945887445887446 0.2501865671641791 0.1112121212121212 0.22986007462686564
0 0.8647186147186147 0.25331156716417913 0.07574675324675326 0.09244402985074629
0 0.48624458874458876 0.33269589552238804 0.03742424242424247 0.034794776119402945
0 0.6879112554112554 0.34265858208955224 0.022997835497835496 0.017406716417910417
0 0.1906060606060606 0.355009328358209 0.034891774891774904 0.030923507462686545
0 0.7299675324675324 0.38017723880597015 0.061655844155844186 0.05138992537313436
0 0.364512987012987 0.40329291044776117 0.0666883116883117 0.041660447761194
0 0.6896320346320347 0.4134608208955224 0.04376623376623383 0.03400186567164183
0 0.09529220779220779 0.41375 0.04124458874458873 0.0401772388059702
0 0.8823051948051948 0.44882462686567165 0.03734848484848484 0.033852611940298476
0 0.06579004329004329 0.45771455223880597 0.02551948051948052 0.0310914179104478
0 0.9837770562770562 0.4799626865671642 0.030335497835497806 0.025223880597014893
0 0.2523917748917749 0.4876305970149254 0.0350865800865801 0.029356343283582116
0 0.9929653679653679 0.5111940298507462 0.011904761904761904 0.03171641791044776
0 0.007575757575757576 0.5471082089552238 0.015151515151515152 0.043843283582089554
0 0.9136688311688312 0.5565391791044776 0.017813852813852855 0.016054104477611974
0 0.3076515151515151 0.0062220149253731346 0.11097402597402596 0.012434701492537316
0 0.4951082251082251 0.5703638059701492 0.029177489177489215 0.028796641791044676
0 0.2477056277056277 0.5743376865671642 0.06468614718614717 0.04233208955223891
0 0.8802597402597403 0.5956902985074627 0.06138528138528142 0.0663712686567165
0 0.4685714285714285 0.612686567164179 0.021558441558441513 0.0705223880597014
0 0.601969696969697 0.6377985074626866 0.08705627705627711 0.09089552238805976
0 0.7117857142857144 0.6873973880597015 0.044783549783549904 0.035251865671641756
0 0.08327922077922079 0.691865671641791 0.05617965367965368 0.05538246268656706
0 0.5238095238095238 0.7098600746268657 0.08007575757575759 0.06337686567164184
0 0.6707251082251082 0.7268936567164179 0.02976190476190476 0.035867537313432875
0 0.6519047619047619 0.07675373134328359 0.046233766233766266 0.0322481343283582
0 0.410530303030303 0.7899440298507463 0.08296536796536794 0.09667910447761204
0 0.8244047619047619 0.8106343283582089 0.07738095238095238 0.10260261194029852
0 0.7873051948051948 0.08590485074626866 0.05079004329004336 0.1065205223880597
0 0.6227272727272727 0.8628451492537313 0.10043290043290039 0.10254664179104483
0 0.28398268398268395 0.08692164179104478 0.05281385281385279 0.028320895522388072
0 0.5308008658008658 0.8687033582089553 0.07676406926406922 0.08627798507462688
1 0.09845238095238096 0.8426958955223881 0.18050865800865804 0.17200559701492546
1 0.49546536796536794 0.5561473880597015 0.09854978354978361 0.1896361940298507