0 0.27085555555555557 0.09970355731225297 0.08156666666666669 0.11375494071146246
0 0.04387777777777778 0.0308300395256917 0.07001111111111112 0.0616600790513834
0 0.122 0.10371541501976282 0.12866666666666665 0.20292490118577075
0 0.1618 0.8644861660079052 0.08783333333333335 0.24318181818181808
0 0.3451222222222222 0.8555533596837945 0.06786666666666671 0.19150197628458493
0 0.43048888888888887 0.9323122529644269 0.14802222222222225 0.13535573122529646
0 0.5187666666666666 0.5385573122529644 0.30172222222222217 0.8134189723320157
0 0.7162222222222222 0.37424901185770754 0.07065555555555547 0.13318181818181815
0 0.7687999999999999 0.40478260869565214 0.05664444444444446 0.10849802371541498
0 0.8075666666666667 0.9590316205533597 0.15267777777777786 0.08191699604743093
0 0.9694888888888888 0.8169367588932807 0.061022222222222304 0.3056126482213438
0 0.9807 0.07460474308300395 0.03860000000000001 0.0950592885375494