0 0.7477777777777778 0.13636363636363635 0.08666666666666667 0.12648221343873517
0 0.9705555555555555 0.10375494071146245 0.058888888888888886 0.07312252964426877
0 0.8961111111111111 0.16403162055335968 0.13777777777777778 0.22134387351778656
0 0.8183333333333334 0.8942687747035574 0.09888888888888889 0.21146245059288538
0 0.6366666666666667 0.8784584980237155 0.07666666666666666 0.2015810276679842
0 0.5483333333333333 0.9308300395256917 0.15444444444444444 0.1383399209486166
0 0.47944444444444445 0.5355731225296443 0.34 0.857707509881423
0 0.29055555555555557 0.3409090909090909 0.07666666666666666 0.1442687747035573
0 0.23666666666666666 0.36363636363636365 0.06222222222222222 0.116600790513834
0 0.1711111111111111 0.9100790513833992 0.15555555555555556 0.10474308300395258
0 0.02722222222222222 0.7420948616600791 0.05444444444444444 0.3142292490118577
0 0.041666666666666664 0.025691699604743084 0.043333333333333335 0.05138339920948617