0 0.2911111111111111 0.06521739130434782 0.08666666666666667 0.12648221343873517
0 0.14222222222222222 0.07806324110671936 0.13777777777777778 0.15612648221343872
0 0.145 0.8102766798418972 0.09888888888888889 0.2549407114624506
0 0.3283333333333333 0.8300395256916996 0.07666666666666666 0.2015810276679842
0 0.40944444444444444 0.9199604743083004 0.15444444444444444 0.15810276679841898
0 0.5166666666666667 0.541501976284585 0.34 0.857707509881423
0 0.7216666666666667 0.40810276679841895 0.07666666666666666 0.1442687747035573
0 0.7722222222222223 0.44664031620553357 0.06222222222222222 0.116600790513834
0 0.7833333333333333 0.9762845849802372 0.15555555555555556 0.04743083003952569
0 0.9522222222222222 0.8656126482213439 0.07555555555555556 0.26877470355731226
0 0.9888888888888889 0.15118577075098813 0.022222222222222223 0.1007905138339921