0 0.6708333333333333 0.14833333333333334 0.235 0.21333333333333335
0 0.8791666666666667 0.38416666666666666 0.14666666666666667 0.245
0 0.8116666666666666 0.6933333333333334 0.24166666666666667 0.265
0 0.7 0.4375 0.22833333333333333 0.23666666666666666
0 0.4575 0.2783333333333333 0.27166666666666667 0.21666666666666667
0 0.23833333333333334 0.1675 0.31666666666666665 0.18833333333333332
0 0.15666666666666668 0.38916666666666666 0.23833333333333334 0.225
0 0.5 0.51 0.15666666666666668 0.15833333333333333
0 0.5741666666666667 0.7008333333333333 0.185 0.14166666666666666
0 0.51 0.8833333333333333 0.31833333333333336 0.14
0 0.3233333333333333 0.5916666666666667 0.22 0.22
0 0.16666666666666666 0.685 0.18 0.23333333333333334