0 0.265 0.1875 0.24333333333333335 0.22333333333333333
0 0.105 0.4583333333333333 0.15833333333333333 0.25
0 0.23083333333333333 0.7491666666666666 0.25333333333333335 0.275
0 0.2916666666666667 0.4775 0.24 0.24666666666666667
0 0.5 0.27416666666666667 0.28 0.22833333333333333
0 0.6933333333333334 0.12416666666666666 0.3233333333333333 0.20333333333333334
0 0.8158333333333333 0.3258333333333333 0.24833333333333332 0.235
0 0.5025 0.5091666666666667 0.16333333333333333 0.165
0 0.4658333333333333 0.7116666666666667 0.19166666666666668 0.15166666666666667
0 0.5633333333333334 0.8783333333333333 0.3233333333333333 0.155
0 0.6908333333333333 0.5566666666666666 0.22833333333333333 0.23
0 0.8625 0.6183333333333333 0.19 0.24