0 0.3049 0.16101666666666667 0.2214166666666667 0.19795000000000001
0 0.11340000000000001 0.41076666666666667 0.1302833333333333 0.23633333333333334
0 0.20261666666666667 0.7143999999999999 0.22495000000000004 0.24964999999999993
0 0.29588333333333333 0.45185000000000003 0.21396666666666667 0.2222333333333334
0 0.52725 0.2755166666666667 0.25819999999999993 0.19918333333333332
0 0.7378333333333333 0.15015 0.3052999999999999 0.16698333333333332
0 0.8346999999999999 0.3657833333333333 0.2249333333333333 0.20934999999999998
0 0.50105 0.5095500000000001 0.1465500000000001 0.14875
0 0.44043333333333334 0.70585 0.17714999999999997 0.13021666666666665
0 0.5163666666666666 0.8829999999999999 0.3112166666666667 0.11809999999999993
0 0.68295 0.5792666666666667 0.20526666666666663 0.20668333333333333
0 0.8452833333333333 0.6612333333333333 0.16498333333333326 0.22196666666666678