0 0.8578571428571429 0.14788732394366197 0.09214285714285714 0.09624413145539906
0 0.25214285714285717 0.9154929577464789 0.020714285714285713 0.028169014084507043
0 0.9857142857142858 0.22104851330203443 0.02857142857142857 0.041471048513302036
0 0.49142857142857144 0.1607981220657277 0.06428571428571428 0.0782472613458529
0 0.26035714285714284 0.22769953051643194 0.04071428571428572 0.046948356807511735
0 0.8003571428571429 0.36502347417840375 0.035 0.036776212832550864
0 0.7135714285714285 0.34820031298904536 0.02214285714285714 0.03755868544600939
0 0.09 0.2656494522691706 0.047857142857142855 0.04773082942097027
0 0.42714285714285716 0.35524256651017216 0.062142857142857146 0.0782472613458529
0 0.6639285714285714 0.43231611893583727 0.03571428571428571 0.033646322378716745
0 0.5235714285714286 0.4780907668231612 0.03357142857142857 0.03599374021909233
0 0.49714285714285716 0.5696400625978091 0.023571428571428573 0.024256651017214397
0 0.21428571428571427 0.5168231611893583 0.08571428571428572 0.08450704225352113
0 0.5939285714285715 0.6201095461658842 0.055714285714285716 0.04538341158059468
0 0.55 0.6897496087636933 0.04642857142857143 0.050078247261345854
0 0.4057142857142857 0.687793427230047 0.025 0.032081377151799685
0 0.016428571428571428 0.6451486697965572 0.032857142857142856 0.03834115805946792
0 0.3578571428571429 0.7578247261345853 0.030714285714285715 0.03286384976525822