0 0.9700176366843033 0.6444515306122449 0.0582010582010582 0.06313775510204081
0 0.9081746031746031 0.6446173469387755 0.03328042328042319 0.022646683673469455
0 0.14958553791887125 0.6460267857142857 0.03638447971781304 0.016536989795918337
0 0.5044091710758377 0.6482716836734694 0.026446208112874788 0.018475765306122393
0 0.3948941798941799 0.6520344387755102 0.038474426807760136 0.026007653061224472
0 0.3180864197530864 0.6692474489795919 0.04535273368606697 0.02599489795918381
0 0.11507054673721341 0.6814477040816327 0.05024691358024692 0.026154336734694018
0 0.5228395061728395 0.6828571428571428 0.024523809523809476 0.018775510204081667
0 0.8566137566137566 0.689202806122449 0.058906525573192196 0.030197704081632595
0 0.9925044091710759 0.6989795918367347 0.013227513227513227 0.02295918367346939
0 0.746005291005291 0.7298341836734694 0.05109347442680781 0.032378826530612234
0 0.515352733686067 0.7557716836734694 0.03776895943562604 0.03066964285714295
0 0.600652557319224 0.7563966836734693 0.039056437389770694 0.02172193877551017
0 0.6909523809523809 0.7575510204081632 0.02211640211640205 0.013826530612244793
0 0.807962962962963 0.7620599489795918 0.025088183421516794 0.019017857142857246
0 0.39314814814814814 0.7727869897959184 0.042028218694885336 0.02899872448979579
0 0.638342151675485 0.7789413265306123 0.017416225749559082 0.011957908163265306
0 0.45729276895943566 0.7859247448979592 0.018641975308642013 0.014445153061224549
0 0.14867724867724869 0.7932079081632653 0.06279541446208112 0.03411989795918367
0 0.6995767195767196 0.8038392857142858 0.018192239858906622 0.010746173469387697
0 0.8078835978835979 0.8095153061224489 0.01612874779541443 0.011881377551020478
0 0.23194885361552026 0.8093112244897959 0.026507936507936484 0.01403061224489796
0 0.6377072310405644 0.8229081632653061 0.023218694885361487 0.014438775510204
0 0.7546031746031746 0.8319005102040817 0.04888007054673727 0.04262755102040826
0 0.3913492063492064 0.835452806122449 0.04900352733686071 0.030605867346938636
0 0.8685097001763669 0.8396364795918367 0.02450617283950614 0.014725765306122542
0 0.4585537918871252 0.8449808673469388 0.029973544973544982 0.020325255102040748
0 0.5119223985890652 0.8501849489795917 0.04325396825396821 0.029451530612244793
0 0.6963227513227513 0.851014030612245 0.04167548500881833 0.03239158163265304
0 0.15462081128747795 0.8575127551020407 0.07291887125220459 0.047933673469387664
0 0.8107760141093474 0.8587117346938776 0.04835978835978829 0.04140306122448984
0 0.31772486772486774 0.8826849489795918 0.09575837742504412 0.05235969387755096
0 0.14826278659611994 0.9287755102040816 0.10075837742504408 0.04759566326530619
0 0.23116402116402116 0.938061224489796 0.05845679012345678 0.04065688775510204
0 0.04497354497354497 0.10094387755102041 0.0582010582010582 0.032238520408163274
0 0.6387301587301588 0.11552933673469389 0.06757495590828913 0.06651147959183674
0 0.5727513227513228 0.014668367346938776 0.06084656084656084 0.029336734693877552
0 0.8117989417989419 0.15324617346938774 0.04687830687830695 0.03991071428571428
0 0.6455379188712522 0.2397512755102041 0.04064373897707224 0.054751275510204096
0 0.7149735449735449 0.24763392857142857 0.026067019400352685 0.023329081632653088
0 0.7719312169312169 0.26650510204081634 0.03592592592592593 0.025357142857142852
0 0.7727777777777778 0.30892857142857144 0.035855379188712594 0.023475765306122415
0 0.5662962962962963 0.33028061224489796 0.030308641975308546 0.050860969387755105
0 0.7202380952380952 0.33871811224489795 0.04895061728395061 0.033303571428571446
0 0.5188536155202822 0.36386479591836735 0.04651675485008818 0.05936224489795914
0 0.8836860670194003 0.38185586734693877 0.031922398589065294 0.030286989795918373
0 0.4587389770723104 0.4369642857142857 0.05680776014109349 0.04357780612244894
0 0.24944444444444444 0.4418558673469388 0.04209876543209878 0.03677295918367352
0 0.7252380952380952 0.4425063775510204 0.036022927689594274 0.02913903061224493
0 0.7890035273368606 0.45877551020408164 0.04890652557319227 0.028520408163265322
0 0.16035273368606703 0.4640625 0.06143738977072312 0.021237244897959154
0 0.010343915343915345 0.4734375 0.018915343915343913 0.03616071428571432
0 0.8350617283950618 0.4738903061224489 0.054594356261023 0.02941326530612238
0 0.624973544973545 0.47587372448979587 0.06122574955908295 0.05507015306122443
0 0.7311640211640211 0.478890306122449 0.021410934744268053 0.03303571428571426
0 0.46575837742504406 0.4881313775510204 0.028527336860670164 0.03239158163265304
0 0.2476984126984127 0.4993303571428572 0.07211640211640209 0.030542091836734758
0 0.3961728395061728 0.5066964285714286 0.049841269841269825 0.021039540816326537
0 0.7921516754850088 0.5118303571428571 0.025220458553791805 0.016007653061224432
0 0.9111992945326278 0.5125637755102042 0.05343033509700179 0.026403061224489852
0 0.6763932980599647 0.5165433673469388 0.03533509700176361 0.024158163265306194
0 0.514973544973545 0.517079081632653 0.04052028218694889 0.05073979591836731
0 0.8481746031746032 0.5292410714285715 0.019100529100529173 0.016383928571428605
0 0.7307407407407407 0.5352997448979592 0.018809523809523745 0.013201530612244926
0 0.6236243386243386 0.5398469387755103 0.03560846560846571 0.014636479591836764
0 0.9417813051146384 0.544343112244898 0.026428571428571253 0.03767219387755098
0 0.892416225749559 0.5502933673469388 0.026463844797178223 0.015121173469387779
0 0.2373809523809524 0.5519132653061224 0.14494708994708996 0.0655676020408163
0 0.007495590828924162 0.5519770408163265 0.014991181657848324 0.024872448979591837
0 0.5042239858906525 0.560561224489796 0.031375661375661314 0.03055484693877556
0 0.5770987654320987 0.5610905612244897 0.03074955908289232 0.01376275510204077
0 0.39755731922398585 0.5634438775510204 0.14254850088183418 0.040146683673469415
0 0.6963844797178131 0.563718112244898 0.07177248677248686 0.026670918367346898
0 0.7420017636684303 0.578469387755102 0.023694885361551933 0.016639030612244844
0 0.8516313932980599 0.5808545918367347 0.055987654320987665 0.050746173469387715
0 0.46283950617283953 0.5848979591836735 0.033262786596119955 0.037136479591836746
0 0.9805996472663139 0.5876913265306123 0.037037037037037035 0.03635204081632653
0 0.5899823633156966 0.6012244897959184 0.06003527336860664 0.02897959183673473
0 0.7949029982363315 0.6029719387755103 0.025432098765432027 0.01716198979591842
0 0.390326278659612 0.6062627551020409 0.029329805996472655 0.02119897959183674
0 0.6890123456790124 0.6169961734693877 0.08171957671957679 0.06690051020408169
1 0.9233862433862433 0.4885267857142857 0.07646384479717816 0.06537627551020407
1 0.9596031746031747 0.8582589285714286 0.0807936507936507 0.1121619897959183