0 0.14785714285714285 0.1412363067292645 0.09142857142857143 0.09546165884194054
0 0.7410714285714286 0.92018779342723 0.02 0.027386541471048513
0 0.016428571428571428 0.2112676056338028 0.032857142857142856 0.0406885758998435
0 0.5139285714285714 0.16118935837245696 0.06357142857142857 0.07746478873239436
0 0.7439285714285714 0.2323943661971831 0.04 0.046948356807511735
0 0.2017857142857143 0.3591549295774648 0.03428571428571429 0.03599374021909233
0 0.2889285714285714 0.3442879499217527 0.02142857142857143 0.036776212832550864
0 0.9139285714285714 0.2734741784037559 0.047142857142857146 0.046948356807511735
0 0.575 0.3564162754303599 0.06142857142857143 0.07746478873239436
0 0.33714285714285713 0.4291862284820031 0.035 0.03286384976525822
0 0.4767857142857143 0.47769953051643194 0.03357142857142857 0.035211267605633804
0 0.5017857142857143 0.5696400625978091 0.023571428571428573 0.024256651017214397
0 0.7853571428571429 0.5223004694835681 0.085 0.0837245696400626
0 0.4042857142857143 0.6185446009389671 0.055 0.04460093896713615
0 0.4471428571428571 0.6885758998435054 0.045714285714285714 0.04929577464788732
0 0.5910714285714286 0.689358372456964 0.025 0.03129890453834116
0 0.9825 0.6549295774647887 0.035 0.03755868544600939
0 0.6378571428571429 0.7605633802816901 0.03 0.03286384976525822