0 0.3133116883116883 0.032766990291262135 0.06623376623376623 0.04308252427184466
0 0.964935064935065 0.6920509708737864 0.023376623376623377 0.019417475728155338
0 0.052597402597402594 0.5770631067961165 0.044805194805194806 0.05157766990291262
0 0.01038961038961039 0.5770631067961165 0.02077922077922078 0.05218446601941747
0 0.6772727272727272 0.6741504854368932 0.033116883116883114 0.03155339805825243
0 0.8084415584415584 0.7017597087378641 0.05519480519480519 0.058859223300970875
0 0.5902597402597403 0.6893203883495146 0.05064935064935065 0.050970873786407765
1 0.4051948051948052 0.6814320388349514 0.07792207792207792 0.06796116504854369
0 0.007467532467532467 0.6319781553398058 0.014935064935064935 0.02487864077669903
0 0.4564935064935065 0.6935679611650486 0.022727272727272728 0.028519417475728157
0 0.8097402597402598 0.7551577669902912 0.07857142857142857 0.06310679611650485
0 0.30097402597402595 0.7163228155339806 0.02792207792207792 0.026092233009708737
1 0.49967532467532466 0.7597087378640777 0.07467532467532467 0.05218446601941747
0 0.21558441558441557 0.7357402912621359 0.11623376623376623 0.10558252427184465
0 0.04448051948051948 0.7305825242718447 0.03571428571428571 0.04247572815533981
0 0.6405844155844156 0.8176577669902912 0.05974025974025974 0.05218446601941747
0 0.7340909090909091 0.8625606796116505 0.03701298701298701 0.037014563106796114
0 0.006168831168831169 0.779126213592233 0.012337662337662338 0.050970873786407765
1 0.4857142857142857 0.8783373786407767 0.07987012987012987 0.05339805825242718
0 0.8022727272727272 0.9478155339805825 0.047402597402597405 0.041868932038834954
0 0.6951298701298702 0.9608616504854369 0.02857142857142857 0.02912621359223301
0 0.1987012987012987 0.05461165048543689 0.13116883116883116 0.10922330097087378
0 0.08798701298701299 0.07797330097087378 0.06233766233766234 0.040655339805825245
0 0.4048701298701299 0.12317961165048544 0.1025974025974026 0.11529126213592233
0 0.08538961038961039 0.15109223300970873 0.06883116883116883 0.058859223300970875
0 0.5032467532467533 0.2087378640776699 0.05389610389610389 0.038834951456310676
0 0.6100649350649351 0.23513349514563106 0.12857142857142856 0.0983009708737864
0 0.41363636363636364 0.22269417475728157 0.046103896103896105 0.03944174757281554
0 0.8827922077922078 0.3401092233009709 0.04025974025974026 0.032766990291262135
0 0.28733766233766234 0.27305825242718446 0.17662337662337663 0.11407766990291263
0 0.11363636363636363 0.25788834951456313 0.05779220779220779 0.05643203883495146
0 0.775 0.370752427184466 0.032467532467532464 0.02669902912621359
0 0.6902597402597402 0.3607402912621359 0.08116883116883117 0.07888349514563107
0 0.8292207792207792 0.37894417475728154 0.032467532467532464 0.032766990291262135
0 0.400974025974026 0.33677184466019416 0.04350649350649351 0.035800970873786406
0 0.14772727272727273 0.013349514563106795 0.09285714285714286 0.02669902912621359
0 0.18474025974025973 0.32311893203883496 0.06103896103896104 0.038834951456310676
0 0.4792207792207792 0.3780339805825243 0.02987012987012987 0.03033980582524272
0 0.9178571428571428 0.4523665048543689 0.04090909090909091 0.035800970873786406
0 0.7740259740259741 0.4578276699029126 0.03441558441558441 0.02487864077669903
0 0.30746753246753245 0.4071601941747573 0.08636363636363636 0.08191747572815535
0 0.8623376623376623 0.49059466019417475 0.08051948051948052 0.04733009708737864
0 0.3892857142857143 0.4408373786407767 0.023376623376623377 0.02487864077669903
0 0.03149350649350649 0.4032160194174757 0.044805194805194806 0.035800970873786406
0 0.612012987012987 0.4933252427184466 0.03441558441558441 0.044902912621359224
0 0.01103896103896104 0.4274878640776699 0.01038961038961039 0.010922330097087379
0 0.5344155844155845 0.5087985436893204 0.02077922077922078 0.02366504854368932
0 0.6616883116883117 0.5467233009708737 0.03051948051948052 0.02487864077669903
0 0.2961038961038961 0.5066747572815534 0.026623376623376622 0.027912621359223302
0 0.6318181818181818 0.5606796116504854 0.031818181818181815 0.027305825242718445
0 0.05194805194805195 0.4981796116504854 0.07337662337662337 0.05703883495145631
0 0.005194805194805195 0.49180825242718446 0.01038961038961039 0.021237864077669904
0 0.7165584415584415 0.6013349514563107 0.047402597402597405 0.035800970873786406
0 0.8318181818181818 0.6180218446601942 0.05844155844155844 0.04611650485436893
0 0.45 0.5703883495145631 0.025324675324675326 0.02063106796116505
0 0.3451298701298701 0.5579490291262136 0.08766233766233766 0.07281553398058252
1 0.06558441558441558 0.5500606796116505 0.13116883116883116 0.2663834951456311
1 0.24902597402597404 0.0703883495145631 0.38636363636363635 0.1407766990291262