0 0.9797178130511464 0.5892857142857143 0.04056437389770723 0.06887755102040816
0 0.9343033509700176 0.5966198979591837 0.03791887125220458 0.02614795918367347
0 0.18562610229276896 0.6839923469387755 0.03968253968253968 0.02040816326530612
0 0.5365961199294532 0.6460459183673469 0.029982363315696647 0.021045918367346938
0 0.42901234567901236 0.6619897959183674 0.043209876543209874 0.029974489795918366
0 0.35714285714285715 0.6878188775510204 0.05026455026455026 0.030612244897959183
0 0.1591710758377425 0.7228954081632653 0.05555555555555555 0.03125
0 0.5621693121693122 0.6779336734693877 0.02821869488536155 0.021045918367346938
0 0.8932980599647267 0.6466836734693877 0.06437389770723104 0.03635204081632653
0 0.7927689594356261 0.6992984693877551 0.05731922398589065 0.03762755102040816
0 0.5705467372134039 0.7509566326530612 0.04409171075837742 0.03443877551020408
0 0.6547619047619048 0.7417091836734694 0.043209876543209874 0.02614795918367347
0 0.7442680776014109 0.732780612244898 0.024691358024691357 0.01594387755102041
0 0.8606701940035273 0.7238520408163265 0.0291005291005291 0.021683673469387755
0 0.4532627865961199 0.7815688775510204 0.047619047619047616 0.03316326530612245
0 0.6970899470899471 0.7598852040816326 0.019400352733686066 0.01403061224489796
0 0.5198412698412699 0.7873086734693877 0.021164021164021163 0.016581632653061226
0 0.21649029982363316 0.8294005102040817 0.06966490299823633 0.04081632653061224
0 0.7627865961199295 0.7774234693877551 0.020282186948853614 0.012755102040816327
0 0.8712522045855379 0.7707270408163265 0.018518518518518517 0.013392857142857142
0 0.3020282186948854 0.8357780612244898 0.0291005291005291 0.016581632653061226
0 0.7059082892416225 0.8032525510204082 0.026455026455026454 0.016581632653061226
0 0.8231922398589065 0.7991071428571429 0.05731922398589065 0.04783163265306122
0 0.4651675485008818 0.84375 0.054673721340388004 0.03571428571428571
0 0.937389770723104 0.7936862244897959 0.027336860670194002 0.01721938775510204
0 0.5335097001763669 0.845344387755102 0.03439153439153439 0.023596938775510203
0 0.5877425044091711 0.8443877551020408 0.04938271604938271 0.03380102040816327
0 0.7698412698412699 0.8246173469387755 0.048500881834215165 0.036989795918367346
0 0.23633156966490299 0.892219387755102 0.082010582010582 0.05548469387755102
0 0.8844797178130511 0.8191964285714286 0.0564373897707231 0.046556122448979595
0 0.4025573192239859 0.8985969387755102 0.10582010582010581 0.0625
0 0.24514991181657847 0.9633290816326531 0.11022927689594356 0.058673469387755105
0 0.32936507936507936 0.9630102040816326 0.06613756613756613 0.046556122448979595
0 0.5537918871252204 0.10459183673469388 0.08112874779541446 0.07334183673469388
0 0.4669312169312169 0.014987244897959183 0.06613756613756613 0.029974489795918366
0 0.7328042328042328 0.12213010204081633 0.054673721340388004 0.044642857142857144
0 0.5873015873015873 0.2264030612244898 0.05202821869488536 0.058673469387755105
0 0.6578483245149912 0.2264030612244898 0.030864197530864196 0.02614795918367347
0 0.7182539682539683 0.2385204081632653 0.04056437389770723 0.029336734693877552
0 0.7279541446208113 0.28029336734693877 0.04056437389770723 0.0274234693877551
0 0.5286596119929453 0.3249362244897959 0.04056437389770723 0.05357142857142857
0 0.6825396825396826 0.3156887755102041 0.05555555555555555 0.03826530612244898
0 0.48897707231040566 0.3635204081632653 0.059082892416225746 0.06377551020408163
0 0.8536155202821869 0.3399234693877551 0.03791887125220458 0.03380102040816327
0 0.44576719576719576 0.44228316326530615 0.06525573192239859 0.04974489795918367
0 0.23985890652557318 0.47098214285714285 0.04938271604938271 0.04081632653061224
0 0.7098765432098766 0.4177295918367347 0.04144620811287478 0.03316326530612245
0 0.7764550264550265 0.42665816326530615 0.054673721340388004 0.03380102040816327
0 0.15696649029982362 0.5028698979591837 0.06525573192239859 0.02806122448979592
0 0.011904761904761904 0.5290178571428571 0.023809523809523808 0.03762755102040816
0 0.8253968253968254 0.4362244897959184 0.059964726631393295 0.035076530612244895
0 0.6181657848324515 0.46205357142857145 0.07231040564373897 0.061224489795918366
0 0.7235449735449735 0.453125 0.02821869488536155 0.035076530612244895
0 0.4634038800705467 0.4920280612244898 0.03527336860670194 0.035076530612244895
0 0.25044091710758376 0.5277423469387755 0.07760141093474426 0.03826530612244898
0 0.3990299823633157 0.5184948979591837 0.053791887125220456 0.02614795918367347
0 0.791005291005291 0.4786352040816326 0.02821869488536155 0.018494897959183673
0 0.9087301587301587 0.4658801020408163 0.0582010582010582 0.03188775510204082
0 0.677689594356261 0.49649234693877553 0.04056437389770723 0.02806122448979592
0 0.5185185185185185 0.5153061224489796 0.05114638447971781 0.0548469387755102
0 0.8500881834215167 0.48947704081632654 0.02204585537918871 0.018494897959183673
0 0.7354497354497355 0.5086096938775511 0.021164021164021163 0.015306122448979591
0 0.6305114638447972 0.5255102040816326 0.03791887125220458 0.018494897959183673
0 0.9457671957671958 0.49394132653061223 0.03439153439153439 0.04017857142857143
0 0.8985890652557319 0.5054209183673469 0.0291005291005291 0.017857142857142856
0 0.2517636684303351 0.5809948979591837 0.15696649029982362 0.08099489795918367
0 0.024691358024691357 0.6071428571428571 0.020282186948853614 0.02614795918367347
0 0.5171957671957672 0.5593112244897959 0.03791887125220458 0.03380102040816327
0 0.5895061728395061 0.5516581632653061 0.03350970017636684 0.01721938775510204
0 0.4126984126984127 0.5742984693877551 0.14991181657848324 0.05548469387755102
0 0.7076719576719577 0.5408163265306123 0.07671957671957672 0.03443877551020408
0 0.7561728395061729 0.5500637755102041 0.027336860670194002 0.01913265306122449
0 0.8646384479717814 0.5401785714285714 0.06613756613756613 0.056760204081632654
0 0.48148148148148145 0.5880102040816326 0.04056437389770723 0.04017857142857143
0 0.9858906525573192 0.5322066326530612 0.02821869488536155 0.04017857142857143
0 0.6106701940035273 0.5899234693877551 0.06525573192239859 0.03571428571428571
0 0.8134920634920635 0.5682397959183674 0.0291005291005291 0.019770408163265307
0 0.4144620811287478 0.6173469387755102 0.03350970017636684 0.02423469387755102
0 0.7120811287477954 0.5940688775510204 0.09523809523809523 0.07525510204081633
1 0.9157848324514991 0.4406887755102041 0.08994708994708994 0.07334183673469388
1 0.9894179894179894 0.8016581632653061 0.021164021164021163 0.11989795918367346