0 0.3900804289544236 0.7911442006269592 0.06970509383378017 0.07288401253918496
0 0.6373994638069705 0.8311128526645768 0.03418230563002681 0.048589341692789965
0 0.6997319034852547 0.8593260188087775 0.028150134048257374 0.02821316614420063
0 0.5264745308310992 0.9251567398119123 0.028820375335120642 0.029780564263322883
0 0.5750670241286864 0.24568965517241378 0.06702412868632708 0.07915360501567398
0 0.5794235924932976 0.032915360501567396 0.04758713136729222 0.055642633228840124
0 0.24597855227882037 0.2080721003134796 0.029490616621983913 0.0384012539184953
0 0.33646112600536193 0.2413793103448276 0.03753351206434316 0.06974921630094044
0 0.7603887399463807 0.322884012539185 0.054289544235924934 0.050940438871473356
0 0.5090482573726541 0.29858934169278994 0.06568364611260054 0.0877742946708464
0 0.4564343163538874 0.29702194357366773 0.06367292225201072 0.06426332288401254
0 0.9829088471849866 0.3969435736677116 0.03418230563002681 0.0603448275862069
0 0.7885388739946381 0.37343260188087773 0.039544235924932974 0.061128526645768025
0 0.2416219839142091 0.3068181818181818 0.035522788203753354 0.04623824451410658
0 0.7298927613941019 0.3769592476489028 0.04289544235924933 0.06347962382445141
0 0.6900134048257373 0.37460815047021945 0.03820375335120643 0.05172413793103448
0 0.5697050938337802 0.3730407523510972 0.04423592493297587 0.05642633228840126
0 0.8629356568364611 0.42280564263322884 0.030831099195710455 0.03683385579937304
0 0.46179624664879354 0.3667711598746082 0.07104557640750671 0.07366771159874608
0 0.82171581769437 0.4251567398119122 0.04289544235924933 0.045454545454545456
0 0.7560321715817694 0.42829153605015674 0.030831099195710455 0.04310344827586207
0 0.6873324396782842 0.4318181818181818 0.030160857908847184 0.05721003134796238
0 0.9976541554959786 0.47766457680250785 0.004691689008042895 0.028996865203761754
0 0.9772117962466488 0.47648902821316613 0.03284182305630027 0.03918495297805643
0 0.8833780160857909 0.4670846394984326 0.02680965147453083 0.041536050156739814
0 0.32707774798927614 0.4141849529780564 0.03820375335120643 0.04467084639498432
0 0.26843163538873993 0.4067398119122257 0.0388739946380697 0.05329153605015674
0 0.7855227882037533 0.4827586206896552 0.04758713136729222 0.06896551724137931
0 0.9932975871313673 0.5195924764890282 0.013404825737265416 0.02664576802507837
0 0.7235254691689008 0.48863636363636365 0.05361930294906166 0.061128526645768025
0 0.863941018766756 0.5223354231974922 0.03351206434316354 0.04231974921630094
0 0.8314343163538874 0.5199843260188087 0.028820375335120642 0.03683385579937304
0 0.6119302949061662 0.4992163009404389 0.03150134048257373 0.045454545454545456
0 0.4487265415549598 0.48393416927899685 0.05294906166219839 0.050940438871473356
0 0.6859919571045576 0.5501567398119123 0.04758713136729222 0.05956112852664577
0 0.2667560321715818 0.5058777429467085 0.048927613941018765 0.07366771159874608
0 0.8297587131367292 0.658307210031348 0.04155495978552279 0.05956112852664577
0 0.23558981233243967 0.5799373040752351 0.022788203753351208 0.025078369905956112
0 0.5586461126005362 0.6285266457680251 0.07841823056300268 0.06974921630094044
0 0.9574396782841823 0.6892633228840125 0.0596514745308311 0.07836990595611286
0 0.775804289544236 0.674373040752351 0.027479892761394103 0.032915360501567396
0 0.7117962466487936 0.70141065830721 0.028150134048257374 0.041536050156739814
0 0.7942359249329759 0.7135579937304075 0.01943699731903485 0.024294670846394983
0 0.8837131367292225 0.7519592476489029 0.020107238605898123 0.034482758620689655
0 0.7426273458445041 0.7343260188087775 0.039544235924932974 0.050940438871473356
0 0.6380697050938338 0.7210031347962382 0.05093833780160858 0.0713166144200627
0 0.2349195710455764 0.6669278996865203 0.020107238605898123 0.024294670846394983
0 0.7939008042895442 0.7582288401253918 0.029490616621983913 0.04780564263322884
0 0.2620643431635389 0.6822100313479624 0.012064343163538873 0.017241379310344827
0 0.3019436997319035 0.04075235109717868 0.05093833780160858 0.07445141065830721
0 0.6762734584450402 0.7637147335423198 0.023458445040214475 0.024294670846394983
0 0.32339142091152817 0.7159090909090909 0.04289544235924933 0.054075235109717866
0 0.4855898123324397 0.7511755485893417 0.04289544235924933 0.05956112852664577
0 0.7315683646112601 0.7876175548589341 0.05697050938337802 0.07288401253918496
0 0.8344504021447721 0.807601880877743 0.020107238605898123 0.02037617554858934
0 0.22855227882037535 0.18691222570532914 0.007372654155495978 0.008620689655172414
0 0.22855227882037535 0.20023510971786834 0.006702412868632708 0.008620689655172414
0 0.22855227882037535 0.20963949843260188 0.006032171581769437 0.0109717868338558
0 0.23257372654155495 0.2225705329153605 0.006032171581769437 0.013322884012539185
0 0.23458445040214476 0.23550156739811912 0.004691689008042895 0.008620689655172414
0 0.23156836461126004 0.23510971786833856 0.010053619302949061 0.014890282131661442