0 0.1435546875 0.732421875 0.0556640625 0.0921875
0 0.768310546875 0.69140625 0.01513671875 0.02265625
0 0.690673828125 0.72578125 0.01708984375 0.0234375
0 0.92333984375 0.695703125 0.0908203125 0.15078125
0 0.351806640625 0.095703125 0.025390625 0.03671875
0 0.402099609375 0.77890625 0.04833984375 0.0796875
0 0.7275390625 0.0453125 0.03515625 0.04609375
0 0.24169921875 0.8390625 0.05078125 0.07265625
0 0.3310546875 0.92421875 0.05029296875 0.0921875
0 0.625732421875 0.898046875 0.0126953125 0.02265625
0 0.103515625 0.96875 0.095703125 0.0625
0 0.684326171875 0.08125 0.0224609375 0.03046875
0 0.6201171875 0.098828125 0.0634765625 0.08828125
0 0.22314453125 0.16015625 0.0791015625 0.1015625
0 0.3779296875 0.159375 0.0244140625 0.03671875
0 0.423583984375 0.16015625 0.02099609375 0.0328125
0 0.280029296875 0.189453125 0.0224609375 0.03515625
0 0.806396484375 0.132421875 0.06298828125 0.07265625
0 0.704345703125 0.15 0.04052734375 0.065625
0 0.649658203125 0.163671875 0.02197265625 0.03203125
0 0.253173828125 0.224609375 0.025390625 0.040625
0 0.561279296875 0.196484375 0.01318359375 0.03203125
0 0.35791015625 0.225 0.02392578125 0.0375
0 0.373291015625 0.037109375 0.0263671875 0.0453125
0 0.279296875 0.05078125 0.02294921875 0.0453125
0 0.476318359375 0.2546875 0.06689453125 0.11953125
0 0.68994140625 0.228125 0.02783203125 0.034375
0 0.224365234375 0.3015625 0.02490234375 0.03671875
0 0.591552734375 0.255859375 0.02099609375 0.0328125
0 0.798095703125 0.232421875 0.04150390625 0.05625
0 0.8623046875 0.2515625 0.078125 0.09140625
0 0.603759765625 0.299609375 0.0146484375 0.0234375
0 0.366943359375 0.3359375 0.06689453125 0.15078125
0 0.562255859375 0.3296875 0.013671875 0.01796875
0 0.6728515625 0.316015625 0.02099609375 0.03203125
0 0.4140625 0.372265625 0.01904296875 0.02421875
0 0.583984375 0.350390625 0.0048828125 0.01328125
0 0.462890625 0.36796875 0.01171875 0.01875
0 0.9365234375 0.3078125 0.01611328125 0.02109375
0 0.76513671875 0.34609375 0.046875 0.0484375
0 0.15087890625 0.43359375 0.017578125 0.03046875
0 0.390625 0.41015625 0.06884765625 0.153125
0 0.181396484375 0.455078125 0.02734375 0.040625
0 0.439208984375 0.050390625 0.0556640625 0.075
0 0.309326171875 0.4625 0.02001953125 0.04609375
0 0.6396484375 0.429296875 0.07373046875 0.16171875
0 0.835205078125 0.027734375 0.09033203125 0.05546875
0 0.81982421875 0.448828125 0.02978515625 0.04140625
0 0.38037109375 0.516015625 0.01318359375 0.025
0 0.150146484375 0.5671875 0.05126953125 0.07265625
0 0.792724609375 0.476171875 0.02294921875 0.028125
0 0.525146484375 0.047265625 0.00927734375 0.009375
0 0.34326171875 0.54453125 0.0205078125 0.03359375
0 0.2587890625 0.589453125 0.0771484375 0.1390625
0 0.864990234375 0.50546875 0.01416015625 0.025
0 0.49853515625 0.564453125 0.07177734375 0.1203125
0 0.186767578125 0.616015625 0.0615234375 0.090625
0 0.74853515625 0.53828125 0.03369140625 0.05625
0 0.91943359375 0.567578125 0.0439453125 0.0453125
1 0.17724609375 0.40625 0.12109375 0.2390625
1 0.5625 0.52109375 0.0498046875 0.18125
1 0.57861328125 0.5140625 0.0478515625 0.17578125
1 0.64697265625 0.666796875 0.15380859375 0.2078125
0 0.685546875 0.576171875 0.005859375 0.01328125
1 0.633056640625 0.810546875 0.14697265625 0.2609375
1 0.559814453125 0.322265625 0.06640625 0.16875
1 0.58154296875 0.21640625 0.12646484375 0.278125
1 0.26953125 0.06875 0.0517578125 0.0828125