0 0.017981438515081206 0.8109076433121019 0.02842227378190255 0.03105095541401274
0 0.70707656612529 0.7961783439490446 0.016821345707656612 0.021496815286624203
0 0.4222737819025522 0.8053343949044586 0.03074245939675174 0.02786624203821656
0 0.580046403712297 0.8156847133757962 0.04234338747099768 0.059713375796178345
0 0.9895591647331786 0.8089171974522293 0.02088167053364269 0.04617834394904458
0 0.29872389791183296 0.8467356687898089 0.03538283062645012 0.03343949044585987
0 0.05133410672853828 0.8646496815286624 0.021461716937354988 0.027070063694267517
0 0.6696635730858469 0.8519108280254777 0.04408352668213457 0.037420382165605094
0 0.6261600928074246 0.8535031847133758 0.037122969837587005 0.03980891719745223
0 0.11948955916473318 0.8738057324840764 0.023781902552204175 0.04219745222929936
0 0.1902552204176334 0.8869426751592356 0.02320185614849188 0.025477707006369428
0 0.8628190255220418 0.8738057324840764 0.021461716937354988 0.02308917197452229
0 0.33932714617169374 0.9060509554140127 0.021461716937354988 0.03105095541401274
0 0.7903132250580046 0.08479299363057324 0.024361948955916472 0.03503184713375796
0 0.5809164733178654 0.9179936305732485 0.029582366589327145 0.02786624203821656
0 0.4904292343387471 0.9255573248407644 0.023781902552204175 0.03264331210191083
0 0.6194895591647331 0.13694267515923567 0.029582366589327145 0.044585987261146494
0 0.9060324825986079 0.14848726114649682 0.02668213457076566 0.03980891719745223
0 0.777262180974478 0.258359872611465 0.054524361948955914 0.054140127388535034
0 0.4066125290023202 0.31727707006369427 0.03538283062645012 0.03184713375796178
0 0.24187935034802785 0.32245222929936307 0.06960556844547564 0.041401273885350316
0 0.3198955916473318 0.32046178343949044 0.019721577726218097 0.02786624203821656
0 0.09599767981438515 0.3268312101910828 0.09396751740139211 0.06289808917197452
0 0.7038863109048724 0.32046178343949044 0.026102088167053363 0.03343949044585987
0 0.019721577726218097 0.33837579617834396 0.03944315545243619 0.05573248407643312
0 0.8268561484918794 0.32046178343949044 0.02668213457076566 0.03264331210191083
0 0.6183294663573086 0.3252388535031847 0.04814385150812065 0.06528662420382166
0 0.9408352668213457 0.33121019108280253 0.043503480278422275 0.07006369426751592
0 0.16531322505800464 0.37420382165605093 0.031322505800464036 0.04219745222929936
0 0.09164733178654293 0.3809713375796178 0.03306264501160093 0.03901273885350318
0 0.32018561484918795 0.37778662420382164 0.03248259860788863 0.046974522292993634
0 0.7044663573085846 0.37261146496815284 0.03306264501160093 0.04856687898089172
0 0.531322505800464 0.38296178343949044 0.03480278422273782 0.04538216560509554
0 0.6612529002320185 0.38057324840764334 0.02494199535962877 0.03423566878980892
0 0.8654292343387471 0.3765923566878981 0.02320185614849188 0.02945859872611465
0 0.8259860788863109 0.38136942675159236 0.027842227378190254 0.04060509554140127
0 0.2882830626450116 0.43272292993630573 0.03248259860788863 0.044585987261146494
0 0.0020301624129930394 0.4406847133757962 0.004060324825986079 0.02786624203821656
0 0.025522041763341066 0.4410828025477707 0.033642691415313224 0.04219745222929936
0 0.6650232018561485 0.43869426751592355 0.034222737819025524 0.04538216560509554
0 0.9048723897911833 0.43471337579617836 0.03074245939675174 0.04617834394904458
0 0.48520881670533644 0.44705414012738853 0.034222737819025524 0.044585987261146494
0 0.9498259860788864 0.43710191082802546 0.04756380510440835 0.050955414012738856
0 0.7035962877030162 0.4446656050955414 0.04756380510440835 0.06289808917197452
0 0.2827726218097448 0.5035828025477707 0.025522041763341066 0.052547770700636945
0 0.2381090487238979 0.5079617834394905 0.05394431554524362 0.07085987261146497
0 0.910092807424594 0.4924363057324841 0.03306264501160093 0.046974522292993634
0 0.8648491879350348 0.49761146496815284 0.04118329466357309 0.058121019108280256
0 0.43155452436194897 0.509156050955414 0.031902552204176336 0.04936305732484077
0 0.5333526682134571 0.5115445859872612 0.025522041763341066 0.03423566878980892
0 0.4918793503480278 0.5187101910828026 0.03248259860788863 0.046974522292993634
0 0.022331786542923435 0.5517515923566879 0.042923433874709975 0.05015923566878981
0 0.06264501160092807 0.5581210191082803 0.029582366589327145 0.04777070063694268
0 0.7476798143851509 0.6695859872611465 0.049303944315545245 0.04617834394904458
0 0.9013921113689095 0.7173566878980892 0.09164733178654293 0.09952229299363058
0 0.709106728538283 0.7356687898089171 0.016821345707656612 0.019904458598726114
0 0.6676334106728539 0.740047770700637 0.019721577726218097 0.019904458598726114
0 0.012470997679814385 0.7615445859872612 0.015081206496519721 0.01751592356687898
0 0.625 0.7476114649681529 0.017981438515081206 0.027070063694267517
0 0.043213457076566125 0.7647292993630573 0.016241299303944315 0.02388535031847134
0 0.07946635730858469 0.7695063694267515 0.016821345707656612 0.019904458598726114
0 0.1142691415313225 0.7718949044585988 0.01160092807424594 0.01910828025477707
0 0.14617169373549885 0.7742834394904459 0.015661252900232018 0.022292993630573247
0 0.21838747099767983 0.7826433121019108 0.058004640371229696 0.06926751592356688
0 0.33700696055684454 0.7914012738853503 0.030162412993039442 0.02786624203821656
1 0.7993039443155452 0.7173566878980892 0.11020881670533643 0.0875796178343949