0 0.44436997319034854 0.8115203761755486 0.06769436997319035 0.07053291536050156
0 0.693029490616622 0.7903605015673981 0.03284182305630027 0.047021943573667714
0 0.7593833780160858 0.8028996865203761 0.027479892761394103 0.0274294670846395
0 0.6015415549597856 0.9094827586206896 0.028150134048257374 0.02821316614420063
0 0.5281501340482574 0.23315047021943575 0.06501340482573727 0.0768025078369906
0 0.4943029490616622 0.025470219435736678 0.04624664879356569 0.050940438871473356
0 0.19973190348525469 0.2762539184952978 0.028820375335120642 0.03761755485893417
0 0.29423592493297585 0.28683385579937304 0.036193029490616625 0.06896551724137931
0 0.7231903485254692 0.26332288401253917 0.05294906166219839 0.0493730407523511
0 0.47319034852546915 0.30094043887147337 0.06300268096514745 0.08620689655172414
0 0.42124664879356566 0.3123040752351097 0.06233243967828418 0.06191222570532915
0 0.9617962466487936 0.2801724137931034 0.04825737265415549 0.05877742946708464
0 0.7597184986595175 0.30603448275862066 0.03820375335120643 0.0603448275862069
0 0.2131367292225201 0.3738244514106583 0.03485254691689008 0.045454545454545456
0 0.703083109919571 0.32405956112852663 0.04155495978552279 0.06269592476489028
0 0.6635388739946381 0.3311128526645768 0.03686327077747989 0.050940438871473356
0 0.5455764075067024 0.35893416927899685 0.04289544235924933 0.054858934169279
0 0.8414879356568364 0.33620689655172414 0.029490616621983913 0.03605015673981191
0 0.4390080428954424 0.3793103448275862 0.0690348525469169 0.07053291536050156
0 0.8012734584450402 0.3487460815047022 0.04222520107238606 0.0438871473354232
0 0.7376005361930295 0.3675548589341693 0.030160857908847184 0.04231974921630094
0 0.670911528150134 0.3879310344827586 0.028820375335120642 0.05642633228840126
0 0.9865951742627346 0.3565830721003135 0.010723860589812333 0.028996865203761754
0 0.9624664879356568 0.36089341692789967 0.032171581769437 0.0384012539184953
0 0.8693029490616622 0.37460815047021945 0.02613941018766756 0.04075235109717868
0 0.3156836461126005 0.4580721003134796 0.03686327077747989 0.0438871473354232
0 0.2570375335120643 0.4651253918495298 0.03753351206434316 0.05172413793103448
0 0.7761394101876675 0.41379310344827586 0.04624664879356569 0.06739811912225706
0 0.9876005361930295 0.3989028213166144 0.015415549597855228 0.02664576802507837
0 0.7164879356568364 0.43456112852664575 0.05227882037533512 0.05956112852664577
0 0.860254691689008 0.4333855799373041 0.03284182305630027 0.04075235109717868
0 0.8277479892761395 0.43926332288401254 0.028150134048257374 0.03605015673981191
0 0.6092493297587132 0.47217868338557994 0.030831099195710455 0.04467084639498432
0 0.44705093833780163 0.49686520376175547 0.05160857908847185 0.0493730407523511
0 0.6906836461126006 0.5035266457680251 0.04624664879356569 0.05799373040752351
0 0.2727882037533512 0.5623040752351097 0.04691689008042895 0.07288401253918496
0 0.8505361930294906 0.5748432601880877 0.040214477211796246 0.05799373040752351
0 0.25536193029490617 0.6426332288401254 0.022117962466487937 0.024294670846394983
0 0.5800938337801609 0.6112852664576802 0.07707774798927614 0.06661442006269593
0 0.9758713136729222 0.5732758620689655 0.04825737265415549 0.07601880877742946
0 0.8009383378016086 0.603448275862069 0.02680965147453083 0.03134796238244514
0 0.7429624664879356 0.6453761755485894 0.02680965147453083 0.04075235109717868
0 0.8257372654155496 0.6371473354231975 0.01943699731903485 0.023510971786833857
0 0.9199061662198391 0.6532131661442007 0.01943699731903485 0.03369905956112853
0 0.7788203753351206 0.6700626959247649 0.0388739946380697 0.0493730407523511
0 0.6742627345844504 0.682601880877743 0.048927613941018765 0.06974921630094044
0 0.27044235924932974 0.7280564263322884 0.01943699731903485 0.023510971786833857
0 0.8334450402144772 0.6810344827586207 0.028150134048257374 0.047021943573667714
0 0.2999329758713137 0.7358934169278997 0.011394101876675604 0.016457680250783698
0 0.22453083109919572 0.09913793103448276 0.048927613941018765 0.07288401253918496
0 0.7191689008042895 0.7151253918495298 0.022788203753351208 0.023510971786833857
0 0.3656166219839142 0.7539184952978056 0.04155495978552279 0.052507836990595615
0 0.5304959785522788 0.7492163009404389 0.04155495978552279 0.05799373040752351
0 0.7774798927613941 0.7249216300940439 0.054959785522788206 0.0713166144200627
0 0.8817024128686327 0.719435736677116 0.020107238605898123 0.019592476489028215
0 0.1789544235924933 0.2597962382445141 0.007372654155495978 0.008620689655172414
0 0.18096514745308312 0.2727272727272727 0.006702412868632708 0.007836990595611285
0 0.18297587131367293 0.28213166144200624 0.005361930294906166 0.0109717868338558
0 0.18900804289544235 0.29349529780564265 0.005361930294906166 0.013322884012539185
0 0.1933646112600536 0.3056426332288401 0.004691689008042895 0.007836990595611285
0 0.1903485254691689 0.30642633228840127 0.010053619302949061 0.014890282131661442