0 0.7966142857142857 0.08511737089201878 0.08037142857142855 0.08259780907668232
0 0.03486071428571429 0.9076212832550861 0.03686428571428571 0.04059467918622857
0 0.3219107142857143 0.9562480438184664 0.016678571428571445 0.025172143974960932
0 0.9425214285714285 0.13135758998435054 0.04075714285714282 0.03423317683881064
0 0.43777499999999997 0.16762519561815337 0.054121428571428556 0.06920970266040688
0 0.22087142857142855 0.2773278560250391 0.03459999999999996 0.04135367762128327
0 0.7744678571428573 0.30990610328638496 0.03036428571428587 0.03139280125195618
0 0.6862857142857143 0.30993740219092336 0.016857142857142793 0.034585289514867015
0 0.05892857142857143 0.3470500782472613 0.04214285714285714 0.03995305164319245
0 0.4053535714285714 0.3712050078247261 0.05213571428571429 0.06948356807511734
0 0.6507714285714286 0.40203051643192483 0.0315428571428572 0.027848200312988982
0 0.5197178571428571 0.4739671361502348 0.02943571428571431 0.03087636932707358
0 0.5082821428571429 0.5690884194053207 0.02085000000000004 0.02080594679186222
0 0.22128214285714287 0.5709937402190923 0.0754214285714286 0.07156494522691709
0 0.6115964285714286 0.6004733959311424 0.0503357142857143 0.0366275430359937
0 0.579225 0.6772965571205009 0.039878571428571374 0.0431690140845071
0 0.4370071428571428 0.7026917057902973 0.02115714285714278 0.02823161189358367
0 0.043632142857142855 0.7360915492957747 0.03440714285714286 0.03243348982785606
0 0.40108571428571427 0.7810641627543037 0.026457142857142832 0.028482003129890524