0 0.014066125290023202 0.7994585987261147 0.028132250580046404 0.03044585987261147
0 0.7032888631090487 0.8011942675159235 0.016792343387470893 0.021186305732483996
0 0.41834106728538284 0.8034315286624204 0.030411832946635766 0.02724522292993633
0 0.5760266821345708 0.8175079617834394 0.04183874709976791 0.058582802547770645
0 0.9875290023201856 0.8204617834394905 0.023781902552204175 0.04538216560509554
0 0.2942401392111369 0.8419347133757962 0.03511600928074244 0.03260350318471323
0 0.04665893271461717 0.8540127388535033 0.02138631090487239 0.026496815286624363
0 0.6651624129930395 0.8557324840764331 0.04378190255220419 0.03630573248407636
0 0.6215777262180974 0.8562738853503185 0.036653132250580076 0.03898885350318455
0 0.1149245939675174 0.8647372611464967 0.02335846867749419 0.04156847133757965
0 0.1855046403712297 0.8796337579617833 0.022987238979118328 0.02519108280254767
0 0.8579350348027842 0.8823328025477707 0.020974477958236575 0.022627388535031906
0 0.3342749419953596 0.9020382165605095 0.02121809744779578 0.030191082802547828
0 0.7954756380510442 0.0919984076433121 0.02367169373549881 0.034315286624203814
0 0.5755800464037123 0.9196815286624203 0.029350348027842175 0.027261146496815113
0 0.4851508120649652 0.9252707006369427 0.02366589327146169 0.032070063694267674
0 0.6240197215777262 0.13997611464968154 0.028776102088167128 0.044291401273885346
0 0.9103712296983759 0.1581608280254777 0.026078886310904895 0.03924363057324842
0 0.7803828306264502 0.2650955414012739 0.053805104408352795 0.05248407643312099
0 0.4090951276102088 0.31492038216560514 0.035127610208816676 0.03110668789808921
0 0.2440429234338747 0.3162420382165605 0.0692865429234339 0.04012738853503183
0 0.32220417633410675 0.31635350318471334 0.019112529002320213 0.027619426751592308
0 0.09823665893271462 0.31701433121019107 0.0932308584686775 0.06077229299363061
0 0.7060034802784223 0.32548566878980895 0.025696055684454863 0.03313694267515924
0 0.020591647331786544 0.3268312101910828 0.04118329466357309 0.05493630573248408
0 0.8292285382830626 0.32821656050955417 0.026206496519721484 0.03222929936305734
0 0.6204292343387471 0.32822452229299365 0.04711716937354989 0.06409235668789809
0 0.9430278422273781 0.3417834394904458 0.04266821345707653 0.06891719745222925
0 0.1668503480278422 0.36619426751592354 0.030916473317865404 0.04130573248407643
0 0.0933352668213457 0.3710907643312102 0.03238399071925753 0.03836783439490441
0 0.3216415313225058 0.3735589171974522 0.03191415313225057 0.046488853503184706
0 0.7059222737819025 0.37747611464968156 0.032494199535962866 0.047937898089172
0 0.5326798143851509 0.3839092356687898 0.03403712296983762 0.04488057324840765
0 0.6626160092807424 0.3845143312101911 0.02476218097447799 0.033367834394904435
0 0.8669953596287703 0.3854140127388535 0.022853828306264555 0.02879777070063691
0 0.8275754060324826 0.3892515923566879 0.027546403712296857 0.039649681528662384
0 0.28907772621809746 0.42782643312101915 0.03175174013921114 0.04354299363057329
0 0.002534802784222737 0.42929936305732486 0.005063805104408353 0.027388535031847207
0 0.026467517401392113 0.42987261146496814 0.03321345707656613 0.04128184713375789
0 0.6657888631090487 0.4426194267515923 0.033433874709976726 0.044482484076433036
0 0.9055394431554525 0.44453821656050957 0.03033642691415324 0.04511942675159242
0 0.48599187935034804 0.4468949044585987 0.033462877030162444 0.04347929936305724
0 0.9505046403712297 0.44776273885350315 0.04718677494199531 0.04999203821656048
0 0.7042633410672854 0.4496974522292994 0.046583526682134536 0.0618152866242039
0 0.282877030162413 0.49820859872611467 0.025150812064965205 0.052141719745222935
0 0.23814965197215776 0.5015445859872611 0.052871229698375856 0.06996815286624213
0 0.9101276102088167 0.5024601910828026 0.032552204176334046 0.046321656050955465
0 0.864808584686775 0.5062659235668789 0.04052204176334114 0.05710987261146498
0 0.431415313225058 0.507547770700637 0.031049883990719243 0.048535031847133786
0 0.5333294663573086 0.5121496815286624 0.02488979118329471 0.03386146496815284
0 0.4915893271461717 0.5184474522292993 0.03190835266821345 0.0464490445859872
0 0.021809744779582366 0.54046974522293 0.04246519721577726 0.04908439490445867
0 0.06206496519721578 0.5475238853503185 0.029002320185614848 0.04727707006369435
0 0.7454408352668214 0.6754140127388536 0.048886310904872506 0.04508757961783448
0 0.8984280742459397 0.7268630573248408 0.09036542923433873 0.09703821656050964
0 0.7061716937354988 0.7406210191082803 0.016757540603248185 0.019458598726114693
0 0.6645069605568444 0.7438853503184714 0.019263341067285403 0.019617834394904537
0 0.009124129930394432 0.7497133757961784 0.014773781902552203 0.01695063694267513
0 0.621931554524362 0.7505652866242039 0.017645011600928115 0.026608280254777128
0 0.03993039443155453 0.7538455414012739 0.01604988399071926 0.023606687898089243
0 0.07611368909512761 0.7595859872611465 0.016502320185614844 0.019171974522292936
0 0.11074825986078887 0.762547770700637 0.011513921113689108 0.018726114649681515
0 0.14285962877030162 0.7659235668789809 0.015423433874709963 0.022292993630573247
0 0.2146983758700696 0.7760350318471338 0.05700696055684453 0.06799363057324848
0 0.33336426914153133 0.7875398089171974 0.029837587006960587 0.027308917197452192
1 0.7965429234338747 0.724562101910828 0.10918213457076567 0.0846337579617834