0 0.19665605095541402 0.6842629482071713 0.02813163481953291 0.031208499335989376
0 0.5376857749469215 0.6620185922974767 0.022823779193205943 0.017264276228419653
0 0.755307855626327 0.650066401062417 0.03078556263269639 0.03054448871181939
0 0.09262208067940551 0.6958831341301461 0.06369426751592357 0.06308100929614874
0 0.04325902335456475 0.7075033200531209 0.03556263269639066 0.020584329349269587
0 0.1480891719745223 0.7065073041168659 0.01910828025477707 0.017264276228419653
0 0.012473460721868366 0.7161354581673307 0.007961783439490446 0.021912350597609563
0 0.26618895966029726 0.7055112881806109 0.006900212314225053 0.011288180610889775
0 0.41029723991507433 0.6978751660026561 0.01910828025477707 0.021912350597609563
0 0.3585456475583864 0.7048472775564409 0.009023354564755838 0.008632138114209827
0 0.278927813163482 0.7111553784860558 0.01751592356687898 0.016600265604249667
0 0.06077494692144374 0.7254316069057105 0.014331210191082803 0.0099601593625498
0 0.23328025477707007 0.7181274900398407 0.041401273885350316 0.053784860557768925
0 0.31236730360934184 0.7154714475431607 0.027070063694267517 0.0398406374501992
0 0.4620488322717622 0.7091633466135459 0.015392781316348195 0.015272244355909695
0 0.49150743099787686 0.7071713147410359 0.02176220806794055 0.02257636122177955
0 0.416135881104034 0.7224435590969456 0.018046709129511677 0.02257636122177955
0 0.03821656050955414 0.74800796812749 0.03980891719745223 0.037848605577689244
0 0.3861464968152866 0.7254316069057105 0.010084925690021231 0.013944223107569721
0 0.29378980891719747 0.7377158034528553 0.014331210191082803 0.01195219123505976
0 0.5575902335456475 0.7207835325365206 0.04777070063694268 0.04780876494023904
0 0.8532377919320594 0.702191235059761 0.014861995753715499 0.015272244355909695
0 0.10138004246284502 0.752324037184595 0.032908704883227176 0.031208499335989376
0 0.7245222929936306 0.7124833997343958 0.04723991507430998 0.033200531208499334
0 0.6369426751592356 0.7247675962815405 0.01326963906581741 0.010624169986719787
0 0.20727176220806795 0.7566401062416999 0.021231422505307854 0.023240371845949535
0 0.6717091295116773 0.7277556440903055 0.04246284501061571 0.0351925630810093
0 0.17170912951167727 0.7626162018592297 0.011146496815286623 0.010624169986719787
0 0.517515923566879 0.7403718459495352 0.032908704883227176 0.031208499335989376
0 0.4482484076433121 0.7450199203187251 0.012738853503184714 0.01195219123505976
0 0.025743099787685776 0.7739043824701195 0.013800424628450107 0.01195219123505976
0 0.2884819532908705 0.7659362549800797 0.038747346072186835 0.04714475431606906
0 0.17701698513800423 0.7732403718459495 0.00583864118895966 0.008632138114209827
0 0.9941613588110403 0.7221115537848606 0.01167728237791932 0.020584329349269587
0 0.40923566878980894 0.7629482071713147 0.012208067940552018 0.01195219123505976
0 0.1398619957537155 0.7822045152722443 0.018577494692144373 0.017928286852589643
0 0.345276008492569 0.7765604249667994 0.0074309978768577496 0.005312084993359893
0 0.25451167728237795 0.7832005312084993 0.05148619957537155 0.05976095617529881
0 0.09209129511677282 0.7951527224435591 0.012738853503184714 0.012616201859229747
0 0.09288747346072186 0.10458167330677291 0.030254777070063694 0.06839309428950863
0 0.9418789808917197 0.7596281540504648 0.07006369426751592 0.05909694555112882
0 0.8558917197452229 0.7689243027888446 0.016985138004246284 0.015272244355909695
0 0.446656050955414 0.013612217795484728 0.05732484076433121 0.025232403718459494
0 0.3914543524416136 0.8051128818061088 0.01167728237791932 0.011288180610889775
0 0.3466029723991507 0.09329349269588313 0.03078556263269639 0.061752988047808766
0 0.2741507430997877 0.09860557768924302 0.027070063694267517 0.04448871181938911
0 0.3667728237791932 0.0949535192563081 0.010084925690021231 0.0199203187250996
0 0.8649150743099787 0.06839309428950863 0.07006369426751592 0.07768924302788845
0 0.2223991507430998 0.11188579017264276 0.02653927813163482 0.03718459495351926
0 0.9583333333333334 0.06440903054448871 0.050955414012738856 0.0650730411686587
0 0.9562101910828026 0.9286188579017264 0.0875796178343949 0.08831341301460824
0 0.6106687898089171 0.08897742363877822 0.06847133757961783 0.05976095617529881
0 0.14065817409766454 0.03286852589641434 0.024416135881104035 0.021912350597609563
0 0.4317940552016985 0.11885790172642763 0.03768577494692144 0.05644090305444887
0 0.1613588110403397 0.1557104913678619 0.05042462845010616 0.06374501992031872
0 0.34288747346072185 0.0249003984063745 0.05307855626326964 0.03386454183266932
0 0.10562632696390659 0.2108233731739708 0.0737791932059448 0.09694555112881806
0 0.6557855626326964 0.1802788844621514 0.04670912951167728 0.05909694555112882
0 0.5395435244161358 0.1952191235059761 0.09235668789808917 0.1693227091633466
0 0.0368895966029724 0.22875166002656042 0.050955414012738856 0.06042496679946879
0 0.6090764331210191 0.19853917662682602 0.048301486199575375 0.09893758300132802
0 0.8365180467091295 0.18824701195219123 0.027600849256900213 0.04050464807436919
0 0.26565817409766457 0.22709163346613545 0.012208067940552018 0.027888446215139442
0 0.9198513800424628 0.19389110225763612 0.03078556263269639 0.027224435590969456
0 0.009288747346072187 0.25763612217795484 0.018577494692144373 0.033200531208499334
0 0.5037154989384289 0.022908366533864542 0.042993630573248405 0.04249667994687915
0 0.39171974522292996 0.24402390438247012 0.0435244161358811 0.061752988047808766
0 0.8529723991507431 0.21414342629482072 0.036093418259023353 0.039176626826029216
0 0.3200636942675159 0.2559760956175299 0.05626326963906582 0.09760956175298804
0 0.4753184713375796 0.24667994687915007 0.05732484076433121 0.11819389110225764
0 0.7478768577494692 0.24136786188579018 0.09978768577494693 0.17397078353253653
0 0.27043524416135883 0.28054448871181936 0.016454352441613588 0.07569721115537849
0 0.009819532908704883 0.3190571049136786 0.019639065817409766 0.05776892430278884
0 0.8869426751592356 0.26128818061088976 0.03131634819532909 0.03652058432934927
0 0.14278131634819533 0.3137450199203187 0.02388535031847134 0.031208499335989376
0 0.2929936305732484 0.3110889774236388 0.01751592356687898 0.017928286852589643
0 0.24708067940552017 0.3187250996015936 0.015392781316348195 0.025232403718459494
0 0.7338110403397028 0.02357237715803453 0.06740976645435244 0.04714475431606906
0 0.4185244161358811 0.3107569721115538 0.042993630573248405 0.06706507304116865
0 0.28105095541401276 0.3197211155378486 0.004777070063694267 0.017264276228419653
0 0.17330148619957536 0.3386454183266932 0.02813163481953291 0.04316069057104914
0 0.1045647558386412 0.3459495351925631 0.027600849256900213 0.05245683930942895
0 0.27096602972399153 0.34096945551128816 0.012208067940552018 0.03718459495351926
0 0.6462314225053079 0.3237051792828685 0.06475583864118896 0.061752988047808766
0 0.31687898089171973 0.3462815405046481 0.06050955414012739 0.05046480743691899
0 0.5496284501061571 0.34130146082337315 0.06210191082802548 0.09561752988047809
0 0.2757430997876858 0.3662018592297477 0.011146496815286623 0.03187250996015936
0 0.07510615711252654 0.38213811420982735 0.027070063694267517 0.033200531208499334
0 0.8081210191082803 0.3386454183266932 0.0589171974522293 0.0551128818061089
0 0.030520169851380043 0.40073041168658696 0.02813163481953291 0.027888446215139442
0 0.19400212314225054 0.39243027888446214 0.024946921443736732 0.0551128818061089
0 0.8890658174097664 0.35391766268260294 0.03662420382165605 0.027224435590969456
0 0.006369426751592357 0.4146746347941567 0.012738853503184714 0.053784860557768925
0 0.11491507430997877 0.40936254980079684 0.021231422505307854 0.020584329349269587
0 0.17383227176220806 0.41899070385126164 0.01592356687898089 0.019256308100929615
0 0.726380042462845 0.38313413014608233 0.06794055201698514 0.07835325365205843
0 0.3022823779193206 0.4252988047808765 0.01592356687898089 0.019256308100929615
0 0.4591295116772824 0.4169986719787517 0.010084925690021231 0.016600265604249667
0 0.5018577494692145 0.4160026560424967 0.042993630573248405 0.05444887118193891
0 0.4140127388535032 0.4243027888446215 0.036093418259023353 0.04249667994687915
0 0.06687898089171974 0.4531872509960159 0.09341825902335456 0.07901726427622842
0 0.1807324840764331 0.4591633466135458 0.03184713375796178 0.017928286852589643
0 0.2757430997876858 0.45683930942895085 0.006900212314225053 0.025232403718459494
0 0.0074309978768577496 0.49335989375830014 0.014861995753715499 0.05312084993359894
0 0.743895966029724 0.448871181938911 0.03768577494692144 0.034528552456839307
0 0.6653397027600849 0.4681274900398406 0.019639065817409766 0.02390438247011952
0 0.600583864118896 0.4750996015936255 0.09925690021231423 0.099601593625498
0 0.038747346072186835 0.5235723771580345 0.019639065817409766 0.01859229747675963
0 0.403927813163482 0.5056440903054449 0.04723991507430998 0.04648074369189907
0 0.06395966029723991 0.5355245683930943 0.045647558386411886 0.03253652058432935
0 0.20833333333333334 0.5272244355909694 0.01751592356687898 0.01593625498007968
0 0.1409235668789809 0.5325365205843293 0.06050955414012739 0.05112881806108898
0 0.03211252653927813 0.5408366533864541 0.021231422505307854 0.019256308100929615
0 0.7250530785562632 0.502324037184595 0.03662420382165605 0.021912350597609563
0 0.46576433121019106 0.5332005312084993 0.03662420382165605 0.04249667994687915
0 0.32696390658174096 0.5428286852589641 0.012208067940552018 0.0199203187250996
0 0.9742569002123143 0.5086321381142098 0.02653927813163482 0.01859229747675963
0 0.3604033970276008 0.5507968127490039 0.016985138004246284 0.019256308100929615
0 0.40817409766454354 0.548472775564409 0.012738853503184714 0.013280212483399735
0 0.24522292993630573 0.5594289508632138 0.03078556263269639 0.049800796812749
0 0.19532908704883228 0.5654050464807437 0.018046709129511677 0.0199203187250996
0 0.7823779193205945 0.5265604249667994 0.04087048832271762 0.04714475431606906
0 0.13853503184713375 0.5763612217795485 0.03397027600849257 0.031208499335989376
0 0.06024416135881104 0.5820053120849934 0.04670912951167728 0.034528552456839307
0 0.024150743099787687 0.08698539176626827 0.048301486199575375 0.0903054448871182
0 0.7186836518046709 0.550132802124834 0.009554140127388535 0.013944223107569721
0 0.29591295116772826 0.5786852589641435 0.020169851380042462 0.04249667994687915
0 0.2635350318471338 0.5806772908366534 0.03237791932059448 0.06042496679946879
0 0.4432059447983015 0.5743691899070386 0.03078556263269639 0.0451527224435591
0 0.01618895966029724 0.6148738379814077 0.02388535031847134 0.03054448871181939
0 0.8773885350318471 0.5673970783532537 0.028662420382165606 0.021248339973439574
0 0.05918259023354565 0.6238379814077025 0.01326963906581741 0.011288180610889775
0 0.5095541401273885 0.599269588313413 0.0435244161358811 0.06042496679946879
0 0.3893312101910828 0.6125498007968128 0.045647558386411886 0.04847277556440903
0 0.1106687898089172 0.6381142098273572 0.014861995753715499 0.013280212483399735
0 0.30254777070063693 0.6261620185922975 0.03927813163481953 0.014608233731739707
0 0.19506369426751594 0.6351261620185923 0.021231422505307854 0.017264276228419653
0 0.8296178343949044 0.5966135458167331 0.06634819532908705 0.06108897742363878
0 0.13853503184713375 0.6424302788844621 0.028662420382165606 0.02390438247011952
0 0.25902335456475584 0.6364541832669323 0.010615711252653927 0.019256308100929615
0 0.052547770700636945 0.6527224435590969 0.01910828025477707 0.021912350597609563
0 0.10429936305732485 0.6517264276228419 0.01167728237791932 0.015272244355909695
0 0.18710191082802546 0.647078353253652 0.011146496815286623 0.013280212483399735
0 0.9331210191082803 0.601593625498008 0.02653927813163482 0.021912350597609563
0 0.5366242038216561 0.6308100929614874 0.032908704883227176 0.027888446215139442
0 0.25690021231422505 0.6550464807436919 0.0074309978768577496 0.013944223107569721
0 0.595276008492569 0.6371181938911022 0.03662420382165605 0.03851261620185923
0 0.015658174097664544 0.6736387782204515 0.01910828025477707 0.029880478087649404
0 0.3473991507430998 0.6533864541832669 0.055201698513800426 0.04847277556440903
0 0.7022292993630573 0.6328021248339973 0.028662420382165606 0.03187250996015936
0 0.38402335456475584 0.6557104913678619 0.016985138004246284 0.029880478087649404
0 0.48036093418259024 0.6547144754316069 0.03078556263269639 0.025232403718459494
0 0.1464968152866242 0.6816069057104913 0.018046709129511677 0.012616201859229747
1 0.19400212314225054 0.75132802124834 0.058386411889596604 0.061752988047808766
1 0.28529723991507433 0.7274236387782205 0.049893842887473464 0.10690571049136786
1 0.2874203821656051 0.5919654714475432 0.09978768577494693 0.1852589641434263
1 0.3187367303609342 0.5351925630810093 0.06422505307855626 0.07104913678618859
0 0.2768046709129512 0.4452191235059761 0.004777070063694267 0.014608233731739707
0 0.2635350318471338 0.7144754316069057 0.006369426751592357 0.010624169986719787
0 0.27043524416135883 0.7241035856573705 0.005307855626326964 0.0099601593625498
0 0.01592356687898089 0.6404382470119522 0.02176220806794055 0.0099601593625498
0 0.5721868365180467 0.5229083665338645 0.016985138004246284 0.012616201859229747
0 0.5907643312101911 0.5315405046480743 0.014861995753715499 0.010624169986719787
1 0.6096072186836518 0.4807436918990704 0.18205944798301485 0.12284196547144755
1 0.5042462845010616 0.05179282868525897 0.1942675159235669 0.10358565737051793
1 0.32245222929936307 0.2948207171314741 0.12579617834394904 0.3891102257636122