0 0.853759765625 0.742578125 0.056640625 0.09296875
0 0.229736328125 0.683984375 0.015625 0.0234375
0 0.306884765625 0.7203125 0.017578125 0.0234375
0 0.074462890625 0.68359375 0.09228515625 0.153125
0 0.65234375 0.1 0.025390625 0.0375
0 0.594970703125 0.781640625 0.048828125 0.08046875
0 0.27734375 0.0390625 0.03564453125 0.046875
0 0.754638671875 0.84609375 0.05126953125 0.07421875
0 0.664306640625 0.92890625 0.05126953125 0.09296875
0 0.3701171875 0.89453125 0.01318359375 0.02265625
0 0.890625 0.973828125 0.0966796875 0.05234375
0 0.320068359375 0.076171875 0.0224609375 0.03046875
0 0.38427734375 0.095703125 0.06396484375 0.08984375
0 0.780517578125 0.167578125 0.07958984375 0.103125
0 0.625732421875 0.162890625 0.0244140625 0.0375
0 0.580078125 0.1625 0.021484375 0.03359375
0 0.72314453125 0.195703125 0.02294921875 0.03515625
0 0.19775390625 0.123828125 0.0634765625 0.07421875
0 0.299560546875 0.144140625 0.041015625 0.0671875
0 0.35400390625 0.159765625 0.0224609375 0.03203125
0 0.749755859375 0.231640625 0.02587890625 0.04140625
0 0.44189453125 0.194921875 0.013671875 0.03203125
0 0.64501953125 0.22890625 0.02392578125 0.0375
0 0.6318359375 0.040625 0.0263671875 0.04609375
0 0.7255859375 0.05703125 0.0234375 0.04609375
0 0.5263671875 0.25546875 0.06787109375 0.12109375
0 0.31298828125 0.22265625 0.0283203125 0.034375
0 0.777587890625 0.309375 0.02490234375 0.0375
0 0.4111328125 0.253125 0.021484375 0.03359375
0 0.204833984375 0.22421875 0.0419921875 0.05703125
0 0.140380859375 0.24140625 0.0791015625 0.09296875
0 0.3984375 0.296875 0.01513671875 0.02421875
0 0.634765625 0.339453125 0.068359375 0.15234375
0 0.439697265625 0.328125 0.013671875 0.01875
0 0.329345703125 0.3109375 0.021484375 0.0328125
0 0.587158203125 0.375 0.01953125 0.025
0 0.417724609375 0.348046875 0.00537109375 0.01328125
0 0.53857421875 0.369140625 0.01171875 0.01875
0 0.065673828125 0.295703125 0.01611328125 0.02109375
0 0.236572265625 0.338671875 0.04736328125 0.04921875
0 0.849853515625 0.443359375 0.01806640625 0.03046875
0 0.6103515625 0.41328125 0.0703125 0.1546875
0 0.819091796875 0.4640625 0.02783203125 0.04140625
0 0.565673828125 0.05234375 0.056640625 0.0765625
0 0.691162109375 0.467578125 0.0205078125 0.04609375
0 0.361083984375 0.425390625 0.0751953125 0.16328125
0 0.170166015625 0.023828125 0.09130859375 0.04765625
0 0.180908203125 0.440234375 0.0302734375 0.0421875
0 0.61962890625 0.519140625 0.01318359375 0.025
0 0.848876953125 0.5765625 0.0517578125 0.07421875
0 0.20751953125 0.46796875 0.02294921875 0.028125
0 0.479736328125 0.046484375 0.00927734375 0.009375
0 0.65625 0.54921875 0.02099609375 0.034375
0 0.740234375 0.59609375 0.07861328125 0.140625
0 0.135009765625 0.4953125 0.01416015625 0.02578125
0 0.500732421875 0.564453125 0.07275390625 0.121875
0 0.81201171875 0.624609375 0.06201171875 0.0921875
0 0.2509765625 0.53125 0.0341796875 0.05703125
0 0.080078125 0.555859375 0.04443359375 0.046875
1 0.82373046875 0.415234375 0.12353515625 0.2421875
1 0.437255859375 0.519140625 0.0517578125 0.18203125
1 0.421142578125 0.51171875 0.04931640625 0.1765625
1 0.351318359375 0.662890625 0.15576171875 0.21171875
0 0.313720703125 0.570703125 0.00634765625 0.01328125
1 0.363525390625 0.80703125 0.1494140625 0.2640625
1 0.442138671875 0.320703125 0.06787109375 0.1703125
1 0.421630859375 0.2140625 0.12939453125 0.28046875
1 0.735107421875 0.075390625 0.052734375 0.084375