0 0.9953596287703016 0.7281050955414012 0.009280742459396751 0.03423566878980892
0 0.32076566125290024 0.8288216560509554 0.018561484918793503 0.02308917197452229
0 0.6044083526682135 0.7902070063694268 0.03248259860788863 0.03184713375796178
0 0.4486658932714617 0.8268312101910829 0.04582366589327146 0.06449044585987261
0 0.03944315545243619 0.8885350318471338 0.027262180974477957 0.04856687898089172
0 0.730568445475638 0.8105095541401274 0.037122969837587005 0.037420382165605094
0 0.9779582366589327 0.7870222929936306 0.02320185614849188 0.02945859872611465
0 0.36281902552204176 0.8773885350318471 0.04640371229698376 0.04219745222929936
0 0.40632250580046403 0.8718152866242038 0.03944315545243619 0.04378980891719745
0 0.9106728538283063 0.8073248407643312 0.02668213457076566 0.044585987261146494
0 0.8416473317865429 0.8324044585987261 0.02494199535962877 0.028662420382165606
0 0.17314385150812064 0.9315286624203821 0.02262180974477958 0.025477707006369428
0 0.6954756380510441 0.8761942675159236 0.02320185614849188 0.03343949044585987
0 0.1751740139211137 0.13654458598726116 0.026102088167053363 0.037420382165605094
0 0.45678654292343385 0.928343949044586 0.031322505800464036 0.03105095541401274
0 0.5472737819025522 0.92078025477707 0.026102088167053363 0.03503184713375796
0 0.3491879350348028 0.15963375796178345 0.031902552204176336 0.04856687898089172
0 0.0658352668213457 0.21894904458598727 0.029002320185614848 0.042993630573248405
0 0.2033062645011601 0.3065286624203822 0.0574245939675174 0.059713375796178345
0 0.576276102088167 0.30294585987261147 0.037122969837587005 0.035828025477707005
0 0.7404292343387471 0.2806528662420382 0.07192575406032482 0.05015923566878981
0 0.6627030162412993 0.29179936305732485 0.02088167053364269 0.030254777070063694
0 0.8857308584686775 0.2603503184713376 0.09744779582366589 0.07404458598726114
0 0.2819025522041763 0.35589171974522293 0.027842227378190254 0.03662420382165605
0 0.9634570765661253 0.259156050955414 0.04524361948955916 0.06050955414012739
0 0.15951276102088166 0.3765923566878981 0.02842227378190255 0.035828025477707005
0 0.367169373549884 0.3463375796178344 0.05162412993039443 0.07085987261146497
0 0.04727378190255221 0.40605095541401276 0.04756380510440835 0.07484076433121019
0 0.8210556844547564 0.3192675159235669 0.033642691415313224 0.04538216560509554
0 0.8947215777262181 0.31329617834394907 0.03538283062645012 0.042993630573248405
0 0.6676334106728539 0.3487261146496815 0.03538283062645012 0.050955414012738856
0 0.28596287703016243 0.40764331210191085 0.03596287703016241 0.052547770700636945
0 0.45852668213457076 0.3893312101910828 0.037122969837587005 0.04936305732484077
0 0.3294663573085847 0.40843949044585987 0.027262180974477957 0.03662420382165605
0 0.1261600928074246 0.43869426751592355 0.02494199535962877 0.03184713375796178
0 0.16589327146171692 0.43670382165605093 0.030162412993039442 0.042993630573248405
0 0.7041763341067285 0.3980891719745223 0.03480278422273782 0.04777070063694268
0 0.9892691415313225 0.35828025477707004 0.0069605568445475635 0.02786624203821656
0 0.9654872389791184 0.3622611464968153 0.03596287703016241 0.04617834394904458
0 0.3306264501160093 0.46656050955414013 0.03654292343387471 0.04936305732484077
0 0.09251740139211137 0.5031847133757962 0.033642691415313224 0.04936305732484077
0 0.509860788863109 0.4450636942675159 0.03654292343387471 0.04777070063694268
0 0.0478538283062645 0.5127388535031847 0.05046403712296984 0.05652866242038217
0 0.29292343387471 0.47929936305732485 0.05104408352668213 0.06847133757961783
0 0.7157772621809745 0.46695859872611467 0.029002320185614848 0.05573248407643312
0 0.7604408352668214 0.4637738853503185 0.058004640371229696 0.07722929936305732
0 0.09222737819025523 0.5613057324840764 0.03596287703016241 0.050955414012738856
0 0.13776102088167053 0.5585191082802548 0.04466357308584687 0.06289808917197452
0 0.5687354988399071 0.49761146496815284 0.03480278422273782 0.052547770700636945
0 0.4678074245939675 0.51671974522293 0.027262180974477957 0.037420382165605094
0 0.509860788863109 0.5171178343949044 0.03538283062645012 0.050955414012738856
0 0.9776682134570766 0.47173566878980894 0.04466357308584687 0.05493630573248408
0 0.9390951276102089 0.48447452229299365 0.03248259860788863 0.050955414012738856
0 0.2691415313225058 0.7097929936305732 0.052204176334106726 0.0517515923566879
0 0.12093967517401392 0.7826433121019108 0.09744779582366589 0.10907643312101911
0 0.31322505800464034 0.7687101910828026 0.017981438515081206 0.021496815286624203
0 0.35498839907192575 0.7663216560509554 0.02088167053364269 0.022292993630573247
0 0.39791183294663574 0.76671974522293 0.019721577726218097 0.028662420382165606
0 0.9767981438515081 0.6863057324840764 0.017981438515081206 0.025477707006369428
0 0.941415313225058 0.697452229299363 0.017981438515081206 0.021496815286624203
0 0.9071925754060325 0.7054140127388535 0.012761020881670533 0.019904458598726114
0 0.8752900232018561 0.7133757961783439 0.016821345707656612 0.024681528662420384
0 0.804814385150812 0.7336783439490446 0.06206496519721578 0.07563694267515923
0 0.6876450116009281 0.7619426751592356 0.031902552204176336 0.03105095541401274
1 0.22215777262180975 0.7659235668789809 0.1148491879350348 0.09952229299363058