0 0.17250530785562632 0.601261620185923 0.030254777070063694 0.03386454183266932
0 0.5100849256900213 0.6679946879150066 0.02388535031847134 0.020584329349269587
0 0.7247876857749469 0.7131474103585658 0.03237791932059448 0.034528552456839307
0 0.06900212314225053 0.5856573705179283 0.06794055201698514 0.0703851261620186
0 0.01884288747346072 0.5839973439575034 0.03662420382165605 0.025232403718459494
0 0.12128450106157113 0.6105577689243028 0.020169851380042462 0.019256308100929615
0 0.2372611464968153 0.6404382470119522 0.0074309978768577496 0.01195219123505976
0 0.37951167728237795 0.6699867197875166 0.020700636942675158 0.02390438247011952
0 0.32776008492569003 0.6636786188579017 0.009554140127388535 0.0099601593625498
0 0.24867303609341826 0.649070385126162 0.018577494692144373 0.01859229747675963
0 0.032908704883227176 0.6065737051792829 0.014861995753715499 0.01195219123505976
0 0.20276008492569003 0.6440903054448871 0.045647558386411886 0.05843293492695883
0 0.28052016985138006 0.6620185922974767 0.029723991507430998 0.04249667994687915
0 0.4280785562632696 0.6948871181938912 0.016454352441613588 0.017264276228419653
0 0.4570063694267516 0.700531208499336 0.02335456475583864 0.024568393094289508
0 0.38110403397027603 0.6958831341301461 0.019639065817409766 0.024568393094289508
0 0.014065817409766455 0.6221779548472776 0.02813163481953291 0.04249667994687915
0 0.35111464968152867 0.6909030544488712 0.011146496815286623 0.014608233731739707
0 0.2587579617834395 0.6789508632138114 0.014861995753715499 0.013280212483399735
0 0.5196390658174098 0.7310756972111554 0.050955414012738856 0.05312084993359894
0 0.8118365180467091 0.7898406374501992 0.01592356687898089 0.017264276228419653
0 0.06820594479830148 0.6430942895086321 0.03503184713375796 0.0351925630810093
0 0.684447983014862 0.7662682602921647 0.04936305732484077 0.039176626826029216
0 0.5966029723991507 0.7553120849933599 0.013800424628450107 0.01195219123505976
0 0.17091295116772823 0.6749667994687915 0.022823779193205943 0.025232403718459494
0 0.630307855626327 0.7675962815405046 0.044585987261146494 0.0398406374501992
0 0.13535031847133758 0.6716467463479415 0.012208067940552018 0.01195219123505976
0 0.47717622080679406 0.7397078353253652 0.03503184713375796 0.0351925630810093
0 0.40870488322717624 0.7264276228419655 0.013800424628450107 0.013944223107569721
0 0.2489384288747346 0.7048472775564409 0.04246284501061571 0.05179282868525897
0 0.13853503184713375 0.6832669322709163 0.006369426751592357 0.009296148738379814
0 0.9514331210191083 0.8472775564409031 0.02335456475583864 0.023240371845949535
0 0.36756900212314225 0.7337317397078353 0.01326963906581741 0.013944223107569721
0 0.10084925690021232 0.6822709163346613 0.019639065817409766 0.020584329349269587
0 0.3028131634819533 0.7300796812749004 0.0074309978768577496 0.00597609561752988
0 0.21284501061571126 0.7131474103585658 0.05573248407643312 0.06573705179282868
0 0.05201698513800425 0.6826029216467463 0.013800424628450107 0.013944223107569721
0 0.1674628450106157 0.021248339973439574 0.03556263269639066 0.04249667994687915
0 0.8890658174097664 0.8688579017264276 0.0737791932059448 0.06706507304116865
0 0.8036093418259024 0.8555776892430279 0.018046709129511677 0.017264276228419653
0 0.5286624203821656 0.012948207171314742 0.058386411889596604 0.025896414342629483
0 0.34288747346072185 0.7702523240371846 0.012208067940552018 0.012616201859229747
0 0.4174628450106157 0.06241699867197875 0.03556263269639066 0.0650730411686587
0 0.3458067940552017 0.04880478087649402 0.03078556263269639 0.04714475431606906
0 0.43683651804670914 0.06905710491367861 0.01167728237791932 0.021248339973439574
0 0.9286093418259024 0.17297476759628155 0.07537154989384288 0.08565737051792828
0 0.2929936305732484 0.048140770252324036 0.029193205944798302 0.0398406374501992
0 0.6764861995753716 0.12682602921646746 0.07218683651804671 0.06772908366533864
0 0.49654989384288745 0.10922974767596282 0.04193205944798301 0.06042496679946879
0 0.22611464968152867 0.0750332005312085 0.05467091295116773 0.06905710491367861
0 0.4251592356687898 0.0073041168658698535 0.055201698513800426 0.014608233731739707
0 0.1624203821656051 0.1148738379814077 0.08067940552016985 0.1049136786188579
0 0.7054140127388535 0.22775564409030544 0.050955414012738856 0.06440903054448871
0 0.5894373673036093 0.21215139442231076 0.10509554140127389 0.17861885790172644
0 0.09209129511677282 0.11420982735723771 0.055201698513800426 0.06640106241699867
0 0.6568471337579618 0.23339973439575032 0.05573248407643312 0.10358565737051793
0 0.8808386411889597 0.2825365205843294 0.030254777070063694 0.04316069057104914
0 0.3160828025477707 0.17197875166002657 0.014331210191082803 0.029216467463479414
0 0.9615180467091295 0.3097609561752988 0.03237791932059448 0.03054448871181939
0 0.05599787685774947 0.1341301460823373 0.03078556263269639 0.03652058432934927
0 0.5830679405520169 0.03419654714475431 0.04617834394904458 0.04714475431606906
0 0.43657112526539277 0.22144754316069057 0.04777070063694268 0.06640106241699867
0 0.8927813163481954 0.31208499335989376 0.038747346072186835 0.04316069057104914
0 0.3643842887473461 0.21447543160690571 0.06369426751592357 0.10358565737051793
0 0.5180467091295117 0.2456839309428951 0.06581740976645435 0.12350597609561753
0 0.7852972399150743 0.31175298804780877 0.11252653927813164 0.1845949535192563
0 0.31210191082802546 0.22576361221779548 0.022292993630573247 0.07636122177954847
0 0.04617834394904458 0.1942231075697211 0.03397027600849257 0.06042496679946879
0 0.9182590233545648 0.36719787516600266 0.03397027600849257 0.0398406374501992
0 0.18152866242038215 0.2247675962815405 0.02653927813163482 0.03386454183266932
0 0.3288216560509554 0.26128818061088976 0.018577494692144373 0.0199203187250996
0 0.28290870488322717 0.25697211155378485 0.016985138004246284 0.027224435590969456
0 0.8091825902335457 0.08598937583001329 0.07165605095541401 0.07304116865869854
0 0.45169851380042464 0.29382470119521914 0.048301486199575375 0.07171314741035857
0 0.31581740976645434 0.26660026560424965 0.006369426751592357 0.017928286852589643
0 0.20727176220806795 0.25730411686586985 0.03131634819532909 0.045816733067729085
0 0.1388004246284501 0.24634794156706508 0.03131634819532909 0.0551128818061089
0 0.30254777070063693 0.2848605577689243 0.015392781316348195 0.037848605577689244
0 0.6725053078556263 0.3658698539176627 0.06900212314225053 0.06905710491367861
0 0.3463375796178344 0.30212483399734397 0.06422505307855626 0.057104913678618856
0 0.5748407643312102 0.35756972111553786 0.06900212314225053 0.10225763612217796
0 0.3030785562632696 0.3107569721115538 0.013800424628450107 0.033200531208499334
0 0.1040339702760085 0.2742363877822045 0.029193205944798302 0.035856573705179286
0 0.8282908704883227 0.42231075697211157 0.06263269639065817 0.061752988047808766
0 0.05732484076433121 0.28087649402390436 0.029723991507430998 0.031208499335989376
0 0.21841825902335457 0.3154050464807437 0.029193205944798302 0.057104913678618856
0 0.904723991507431 0.4584993359893758 0.03821656050955414 0.03187250996015936
0 0.028927813163481954 0.28751660026560427 0.022292993630573247 0.0551128818061089
0 0.1382696390658174 0.3110889774236388 0.022823779193205943 0.023240371845949535
0 0.19453290870488324 0.33598937583001326 0.01751592356687898 0.021248339973439574
0 0.7407112526539278 0.4445551128818061 0.0732484076433121 0.08565737051792828
0 0.7476114649681529 0.04714475431606906 0.03237791932059448 0.014608233731739707
0 0.3190021231422505 0.3754980079681275 0.01751592356687898 0.021248339973439574
0 0.4739915074309979 0.40803452855245687 0.01167728237791932 0.017928286852589643
0 0.5159235668789809 0.41832669322709165 0.04723991507430998 0.05909694555112882
0 0.4286093418259023 0.4033864541832669 0.03927813163481953 0.04648074369189907
0 0.08412951167728237 0.34163346613545814 0.09872611464968153 0.08964143426294821
0 0.19453290870488324 0.37715803452855245 0.032908704883227176 0.021912350597609563
0 0.28768577494692144 0.399402390438247 0.009023354564755838 0.025896414342629483
0 0.018577494692144373 0.3652058432934927 0.021231422505307854 0.05444887118193891
0 0.7470806794055201 0.5132802124833997 0.03980891719745223 0.039176626826029216
0 0.6669320594479831 0.5116201859229748 0.021231422505307854 0.025896414342629483
0 0.6024416135881104 0.501660026560425 0.10562632696390659 0.11088977423638778
0 0.04485138004246284 0.4030544488711819 0.020700636942675158 0.020584329349269587
0 0.4052547770700637 0.4804116865869854 0.05042462845010616 0.05245683930942895
0 0.06767515923566879 0.4213147410358566 0.04777070063694268 0.037848605577689244
0 0.21019108280254778 0.45086321381142097 0.018577494692144373 0.017928286852589643
0 0.14331210191082802 0.43824701195219123 0.06369426751592357 0.05776892430278884
0 0.03556263269639066 0.41832669322709165 0.022823779193205943 0.021248339973439574
0 0.7197452229299363 0.5607569721115537 0.03768577494692144 0.025896414342629483
0 0.4609872611464968 0.5235723771580345 0.03980891719745223 0.04648074369189907
0 0.3237791932059448 0.49701195219123506 0.013800424628450107 0.021248339973439574
0 0.9625796178343949 0.6318061088977424 0.027600849256900213 0.021912350597609563
0 0.35509554140127386 0.5136122177954847 0.018577494692144373 0.021248339973439574
0 0.4020700636942675 0.5232403718459495 0.013800424628450107 0.015272244355909695
0 0.24097664543524416 0.4916998671978752 0.03397027600849257 0.05312084993359894
0 0.1910828025477707 0.4847277556440903 0.019639065817409766 0.021912350597609563
0 0.7717622080679406 0.599269588313413 0.044585987261146494 0.05179282868525897
0 0.1337579617834395 0.4807436918990704 0.036093418259023353 0.0351925630810093
0 0.05626326963906582 0.46580345285524566 0.04883227176220807 0.04050464807436919
0 0.7056794055201698 0.6059096945551129 0.010615711252653927 0.015272244355909695
0 0.2874203821656051 0.5239043824701195 0.02335456475583864 0.04448871181938911
0 0.25530785562632696 0.5172642762284196 0.03662420382165605 0.06374501992031872
0 0.4320594479830149 0.5581009296148738 0.034501061571125265 0.04847277556440903
0 0.010350318471337579 0.4860557768924303 0.020700636942675158 0.033200531208499334
0 0.8577494692144374 0.6640106241699867 0.030254777070063694 0.024568393094289508
0 0.048301486199575375 0.5066401062416999 0.014331210191082803 0.012616201859229747
0 0.4928343949044586 0.599601593625498 0.04777070063694268 0.0650730411686587
0 0.3728768577494692 0.5813413014608234 0.04883227176220807 0.053784860557768925
0 0.09607218683651805 0.5338645418326693 0.01592356687898089 0.014608233731739707
0 0.285828025477707 0.5720451527224436 0.03980891719745223 0.0199203187250996
0 0.17914012738853502 0.5527888446215139 0.022292993630573247 0.0199203187250996
0 0.8062632696390658 0.6802788844621513 0.07059447983014862 0.06839309428950863
0 0.12261146496815287 0.5451527224435591 0.030254777070063694 0.027224435590969456
0 0.24150743099787686 0.5707171314741036 0.012208067940552018 0.020584329349269587
0 0.0368895966029724 0.5328685258964143 0.020700636942675158 0.02390438247011952
0 0.08784501061571125 0.545484727755644 0.012738853503184714 0.016600265604249667
0 0.1695859872611465 0.5627490039840638 0.012208067940552018 0.014608233731739707
0 0.9068471337579618 0.7121513944223108 0.027600849256900213 0.025232403718459494
0 0.5140658174097664 0.6374501992031872 0.03503184713375796 0.03187250996015936
0 0.23646496815286625 0.5883134130146083 0.008492569002123142 0.014608233731739707
0 0.5705944798301487 0.6586985391766268 0.03927813163481953 0.04249667994687915
0 0.003980891719745223 0.5438247011952191 0.007961783439490446 0.03187250996015936
0 0.32510615711252655 0.6105577689243028 0.058386411889596604 0.05444887118193891
0 0.6756900212314225 0.6822709163346613 0.03078556263269639 0.0351925630810093
0 0.3606687898089172 0.6218459495351926 0.01910828025477707 0.031208499335989376
0 0.4548832271762208 0.6460823373173971 0.032908704883227176 0.029216467463479414
0 0.12393842887473461 0.5859893758300133 0.018577494692144373 0.014608233731739707
1 0.1587048832271762 0.6663346613545816 0.06263269639065817 0.06839309428950863
1 0.2521231422505308 0.6663346613545816 0.05785562632696391 0.11221779548472775
1 0.2768046709129512 0.5345285524568393 0.11411889596602973 0.19588313413014607
1 0.31687898089171973 0.48738379814077026 0.06900212314225053 0.07835325365205843
0 0.2906050955414013 0.3884462151394422 0.00583864118895966 0.014608233731739707
0 0.23301486199575372 0.648406374501992 0.0074309978768577496 0.011288180610889775
0 0.23832271762208068 0.6596945551128818 0.00583864118895966 0.0099601593625498
0 0.007165605095541401 0.5109561752988048 0.014331210191082803 0.012616201859229747
0 0.5668789808917197 0.5411686586985391 0.01751592356687898 0.014608233731739707
0 0.5835987261146497 0.5544488711819389 0.015392781316348195 0.01195219123505976
1 0.6104033970276008 0.5096281540504648 0.18949044585987262 0.14475431606905712
1 0.5796178343949044 0.06308100929614874 0.20063694267515925 0.12616201859229748
1 0.3606687898089172 0.25298804780876494 0.15605095541401273 0.399070385126162