0 0.24559090909090908 0.061559466019417475 0.061318181818181786 0.035740291262135924
0 0.9889610389610389 0.6298543689320388 0.02077922077922078 0.01699029126213592
0 0.06854545454545455 0.634502427184466 0.038383116883116894 0.04692354368932034
0 0.02338961038961039 0.6403337378640777 0.02080519480519481 0.05008495145631066
0 0.7014935064935065 0.649253640776699 0.02895454545454555 0.027882281553397947
0 0.8354220779220779 0.659635922330097 0.04746753246753241 0.05348907766990297
0 0.6176558441558442 0.67561286407767 0.04440259740259747 0.045400485436893304
1 0.43298051948051947 0.6919478155339805 0.06986363636363631 0.059435679611650374
0 0.028603896103896104 0.6950728155339806 0.018246753246753244 0.022433252427184344
0 0.48563636363636364 0.6974696601941748 0.019318181818181818 0.026007281553398136
0 0.8445974025974027 0.7122997572815534 0.0710129870129871 0.054453883495145496
0 0.33512987012987017 0.7402184466019418 0.024798701298701334 0.022906553398058253
1 0.5384675324675324 0.757123786407767 0.06914285714285716 0.04337985436893191
0 0.2535909090909091 0.7702791262135923 0.10329220779220775 0.09274878640776693
0 0.08327922077922079 0.7876456310679611 0.030194805194805194 0.038883495145631025
0 0.686487012987013 0.7963895631067961 0.05349999999999999 0.045455097087378556
0 0.7857987012987013 0.8284405339805825 0.032636363636363776 0.03308859223300983
0 0.03326623376623376 0.8431492718446602 0.04574675324675325 0.04552184466019416
1 0.5422727272727272 0.8763956310679611 0.07414935064935069 0.04405339805825237
0 0.8659025974025975 0.9042415048543689 0.04219480519480521 0.03664441747572808
0 0.7618246753246753 0.9310740291262136 0.024954545454545347 0.025983009708737962
0 0.1356948051948052 0.0981128640776699 0.11813636363636364 0.09549757281553398
0 0.028987012987012988 0.1356128640776699 0.057974025974025976 0.033355582524271864
0 0.3495909090909091 0.139375 0.0874935064935065 0.10520631067961164
0 0.037415584415584416 0.20836771844660193 0.06184415584415584 0.05144417475728154
0 0.45975324675324675 0.21125606796116503 0.04937662337662335 0.03295509708737861
0 0.5695519480519481 0.22331917475728152 0.11701948051948054 0.08376820388349512
0 0.3733506493506494 0.23672936893203883 0.041506493506493554 0.0341383495145631
0 0.8553506493506493 0.2919720873786408 0.03667532467532469 0.028112864077669927
0 0.25545454545454543 0.30280946601941744 0.16415584415584414 0.09348300970873782
0 0.08118181818181817 0.3104004854368932 0.05068181818181817 0.05041262135922332
0 0.7529999999999999 0.3363228155339806 0.029376623376623234 0.023379854368932022
0 0.6676298701298702 0.33735436893203885 0.07162337662337667 0.07033980582524273
0 0.8078636363636363 0.33737864077669905 0.028714285714285585 0.029132281553398053
0 0.377512987012987 0.3511407766990291 0.03943506493506495 0.03116504854368926
0 0.0745064935064935 0.03640776699029126 0.08277272727272728 0.07281553398058252
0 0.16150649350649351 0.3659648058252427 0.05677272727272728 0.031680825242718466
0 0.4610974025974026 0.3818871359223301 0.02608441558441563 0.027117718446601973
0 0.9066818181818181 0.39849514563106797 0.03673376623376634 0.0312075242718447
0 0.7651558441558441 0.4224817961165049 0.03160389610389615 0.02094053398058252
0 0.2953506493506493 0.43301577669902913 0.07640909090909088 0.07288834951456317
0 0.857448051948052 0.4436893203883495 0.07593506493506497 0.03786407766990297
0 0.3815974025974026 0.455879854368932 0.020344155844155797 0.022196601941747527
0 0.021655844155844158 0.4650424757281553 0.04071428571428572 0.03081917475728153
0 0.6098311688311688 0.4788834951456311 0.028753246753246735 0.04149878640776705
0 0.005116883116883116 0.49170509708737864 0.008928571428571428 0.01010315533980588
0 0.5355324675324675 0.504253640776699 0.017818181818181855 0.021856796116504842
0 0.6671298701298702 0.5251638349514564 0.02777272727272726 0.0211953883495146
0 0.2991103896103896 0.5332038834951457 0.02289610389610389 0.025139563106796155
0 0.6396168831168831 0.542991504854369 0.028584415584415573 0.024089805825242745
0 0.056038961038961034 0.5564381067961165 0.06662337662337663 0.04855582524271843
0 0.006493506493506494 0.5567354368932039 0.012987012987012988 0.020024271844660196
0 0.7294415584415583 0.5723422330097088 0.04329870129870119 0.030600728155339846
0 0.846051948051948 0.5738592233009709 0.053142857142857235 0.039708737864077706
0 0.46086363636363636 0.5762924757281553 0.02302597402597405 0.01787014563106799
0 0.35527922077922075 0.5775667475728156 0.07938961038961038 0.06290048543689325
0 0.9908506493506494 0.17705703883495147 0.01829220779220784 0.029981796116504835
1 0.06252597402597403 0.608234223300971 0.12505194805194805 0.2523240291262136
1 0.18345454545454545 0.07753033980582524 0.3669090909090909 0.15505461165048542