0 0.8107218683651806 0.6639973439575033 0.026969214437367276 0.029189907038512642
0 0.4690711252653928 0.6641168658698539 0.02200636942675161 0.016148738379814034
0 0.25140658174097663 0.6665073041168659 0.02935774946921441 0.02889774236387781
0 0.9149256900212315 0.6689641434262948 0.061273885350318504 0.05904382470119527
0 0.9647664543524416 0.6772576361221779 0.034628450106157 0.01852589641434269
0 0.8601698513800424 0.6832934926958831 0.01863588110403404 0.015989375830013232
0 0.9960191082802548 0.6839309428950863 0.006900212314225053 0.021248339973439574
0 0.7420329087048833 0.690066401062417 0.006364118895965914 0.010949535192562936
0 0.5978503184713375 0.6916069057104913 0.018418259023354467 0.02065737051792837
0 0.6497346072186836 0.6953718459495352 0.008598726114649584 0.008273572377158058
0 0.7296974522292994 0.6965006640106242 0.016719745222929936 0.01584329349269597
0 0.9479989384288747 0.6965338645418326 0.013826963906581837 0.009269588313413039
0 0.7755732484076433 0.7003851261620185 0.039469214437367374 0.05149402390438251
0 0.6963853503184714 0.7030345285524568 0.025472399150742984 0.03820053120849947
0 0.5466825902335457 0.7064541832669323 0.014808917197452278 0.014501992031872607
0 0.5172823779193205 0.7063678618857901 0.020764331210191025 0.02096281540504659
0 0.5930626326963906 0.71667994687915 0.017335456475583787 0.021673306772908282
0 0.9715286624203822 0.7174369189907038 0.038593418259023377 0.03514608233731729
0 0.6231740976645435 0.7176892430278884 0.0096125265392782 0.01306772908366523
0 0.7159607218683651 0.7238977423638778 0.013657112526539289 0.010883134130145997
0 0.4517462845010616 0.7243625498007968 0.04574309978768581 0.045013280212483374
0 0.15576433121019106 0.7251261620185923 0.014288747346072165 0.014661354581673258
0 0.9085987261146496 0.7258100929614874 0.03162951167728246 0.02930942895086313
0 0.2846231422505308 0.7270451527224436 0.04589171974522295 0.03045816733067722
0 0.37263269639065816 0.73332005312085 0.012781316348195291 0.00980079681274915
0 0.8030467091295117 0.737277556440903 0.0201114649681528 0.021693227091633516
0 0.33795647558386416 0.7386586985391767 0.04109341825902339 0.03243691899070379
0 0.838832271762208 0.7408100929614875 0.010997876857749363 0.010172642762284306
0 0.4925530785562633 0.7411487383798141 0.03181528662420385 0.02944887118193885
0 0.5619055201698514 0.7414209827357238 0.012346072186836634 0.011387782204515333
0 0.9850212314225053 0.7424302788844621 0.013561571125265489 0.010750332005312122
0 0.722335456475584 0.751593625498008 0.03703290870488322 0.04502656042496676
0 0.8340498938428874 0.7517197875166002 0.005679405520169755 0.008081009296148786
0 0.010615711252653927 0.7546480743691899 0.021231422505307854 0.019256308100929615
0 0.6015233545647558 0.7567131474103584 0.011958598726114756 0.011434262948207038
0 0.8715127388535032 0.7581540504648074 0.017972399150743168 0.016972111553784825
0 0.6659819532908705 0.7660026560424966 0.007128450106157026 0.0047808764940237836
0 0.7570169851380043 0.7667065073041169 0.04906581740976648 0.05666002656042492
0 0.919612526539278 0.7680345285524569 0.012255838641189037 0.011500664010624278
0 0.8901008492569003 0.07839309428950864 0.027553078556263193 0.06647410358565738
0 0.0695859872611465 0.7882204515272244 0.06805201698513799 0.054521912350597695
0 0.15572186836518045 0.791859229747676 0.016321656050955414 0.013997343957503272
0 0.5329087048832272 0.010624169986719787 0.05626326963906582 0.021248339973439574
0 0.6212898089171974 0.7974900398406375 0.011157112526539269 0.010650730411686562
0 0.63630042462845 0.08383798140770253 0.02843418259023363 0.060106241699867204
0 0.708635881104034 0.0845418326693227 0.025546709129511735 0.042921646746347936
0 0.6161995753715499 0.08675298804780877 0.009474522292993582 0.019448871181938915
0 0.11745753715498938 0.09300132802124834 0.06719214437367302 0.07312749003984063
0 0.7610403397027601 0.09416998671978752 0.0252653927813163 0.03561752988047808
0 0.02412951167728238 0.0948472775564409 0.04825902335456476 0.06220451527224436
0 0.0522823779193206 0.9584993359893759 0.1045647558386412 0.08167330677290836
0 0.37223991507431 0.09672642762284196 0.06614118895966024 0.055338645418326685
0 0.8392250530785562 0.010112881806108897 0.023455414012738884 0.020225763612217795
0 0.5522186836518047 0.11476759628154051 0.03544055201698513 0.05422974767596283
0 0.8237898089171974 0.13384462151394422 0.047786624203821765 0.06052456839309427
0 0.6369426751592356 0.015272244355909695 0.05201698513800425 0.03054448871181939
0 0.8817144373673037 0.18555776892430279 0.07022292993630583 0.09223107569721115
0 0.33108811040339703 0.1907768924302789 0.04434713375796176 0.056195219123505974
0 0.44769108280254777 0.19832005312084994 0.0854033970276009 0.16422974767596285
0 0.9511836518046709 0.19869189907038515 0.048858811040339796 0.05741035856573708
0 0.3784076433121019 0.2059760956175299 0.04450636942675154 0.09588313413014607
0 0.15098195329087047 0.2106573705179283 0.025960721868365164 0.038851261620185915
0 0.7226008492569003 0.21211819389110226 0.01101380042462845 0.027158034528552442
0 0.06795647558386413 0.22181938911022578 0.02975053078556264 0.0253054448871182
0 0.9843205944798301 0.22561088977423638 0.027027600849256938 0.03156706507304115
0 0.4762420382165605 0.023764940239043825 0.041656050955414026 0.03956175298804781
0 0.5974203821656051 0.23735059760956176 0.040907643312102 0.059030544488711804
0 0.13559978768577494 0.23761620185922977 0.0344692144373673 0.03698539176626829
0 0.6695541401273886 0.2444754316069057 0.052489384288747276 0.09452191235059762
0 0.5139702760084925 0.24531208499335988 0.05235138004246278 0.11480079681274899
0 0.24175690021231425 0.25808764940239043 0.09285031847133761 0.16822709163346616
0 0.7199787685774948 0.2657901726427623 0.013205944798301544 0.07474767596281537
0 0.9864649681528662 0.2868525896414343 0.027070063694267517 0.055776892430278883
0 0.10352972399150744 0.28681938911022575 0.029777070063694278 0.0344621513944223
0 0.8490180467091295 0.29054448871181937 0.022871549893842966 0.029966799468791498
0 0.6987898089171974 0.2978220451527224 0.016820594479830177 0.016626826029216443
0 0.7449203821656051 0.30238379814077027 0.014262208067940494 0.024422310756972092
0 0.24628450106157113 0.03054448871181939 0.06475583864118896 0.06108897742363878
0 0.5733864118895966 0.305730411686587 0.04061040339702772 0.06430942895086322
0 0.7112208067940552 0.3055710491367862 0.004299363057324792 0.01707171314741038
0 0.8195435244161359 0.3174302788844622 0.02656050955414011 0.04122841965471449
0 0.8885509554140127 0.3202921646746348 0.025509554140127358 0.050942895086321396
0 0.7219426751592357 0.3262749003984064 0.01076433121019119 0.036341301460823386
0 0.3465127388535032 0.33363213811420983 0.0624522292993631 0.057695883134130134
0 0.6764808917197452 0.3346281540504648 0.058906581740976655 0.04642098273572375
0 0.4437738853503185 0.34469455511288183 0.05845541401273879 0.09177954847277559
0 0.7182696390658174 0.3517596281540505 0.009787685774946951 0.03154714475431606
0 0.919384288747346 0.35438911022576364 0.025599787685774957 0.03148738379814078
0 0.18548832271762206 0.35903054448871186 0.05675159235668788 0.0513877822045153
0 0.964708067940552 0.3701925630810093 0.027075371549893958 0.02590969455511287
0 0.8011889596602972 0.37264940239043826 0.02276539278131628 0.05339973439575038
0 0.10538216560509554 0.379734395750332 0.03560509554140127 0.025073041168658692
0 0.9919267515923567 0.3822177954847278 0.015695329087048918 0.05261620185922975
0 0.8808227176220806 0.38427622841965475 0.020674097664543426 0.019548472775564447
0 0.8223354564755838 0.39772908366533866 0.01515923566878978 0.01855909694555116
0 0.269156050955414 0.39820053120849935 0.06485138004246283 0.07395086321381135
0 0.31210191082802546 0.004316069057104913 0.03184713375796178 0.008632138114209827
0 0.6944373673036093 0.41233067729083667 0.015201698513800358 0.018545816733067773
0 0.537208067940552 0.4143492695883134 0.009660297239915098 0.01595617529880476
0 0.4945594479830149 0.41627490039840637 0.04113588110403397 0.05167330677290832
0 0.5825690021231422 0.41862549800796817 0.034559447983014926 0.04043824701195225
0 0.9305997876857749 0.4249800796812749 0.09049893842887473 0.07306772908366531
0 0.8170700636942675 0.4383532536520584 0.031167728237791827 0.016148738379814034
0 0.7221656050955414 0.44206507304116865 0.005902335456475526 0.0249003984063745
0 0.9924734607218684 0.460996015936255 0.014665605095541458 0.05214475431606904
0 0.25437898089171973 0.46494687915006644 0.03635350318471338 0.03214475431606911
0 0.33359341825902333 0.4788579017264276 0.01856687898089173 0.022782204515272207
0 0.3984766454352442 0.4816201859229748 0.09524946921443739 0.09338645418326699
0 0.96171974522293 0.49333997343957503 0.018975583864118895 0.017217795484727797
0 0.5960668789808917 0.4993160690571049 0.04563694267515925 0.04378486055776896
0 0.9368842887473461 0.5068924302788844 0.04467622080679409 0.029727755644090293
0 0.7924309978768578 0.5081009296148739 0.016921443736730418 0.014873837981407763
0 0.8600477707006369 0.5089043824701195 0.058731422505307905 0.04702523240371842
0 0.9689331210191083 0.510199203187251 0.020674097664543426 0.01773572377158037
0 0.27531847133757964 0.5169588313413014 0.035769639065817434 0.01931606905710486
0 0.5356157112526538 0.5308100929614874 0.03513269639065814 0.04037184594953516
0 0.6745169851380042 0.5314475431606905 0.011449044585987347 0.019063745019920343
0 0.026682590233545644 0.5396812749003984 0.02575902335456475 0.01694555112881805
0 0.6414171974522294 0.5416733067729084 0.01638004246284508 0.018280212483399717
0 0.5937367303609341 0.5422310756972112 0.012308917197452258 0.012749003984063775
0 0.7568471337579619 0.5425166002656042 0.028561571125265365 0.047848605577689204
0 0.806995753715499 0.5453054448871182 0.017393842887473452 0.018891102257636152
0 0.2191932059447983 0.5449800796812749 0.03923566878980889 0.044800796812749025
0 0.864108280254777 0.5525498007968127 0.03289278131634809 0.029409030544488686
0 0.9425477707006369 0.5530876494023904 0.045392781316348184 0.03179946879150073
0 0.9673566878980892 0.055776892430278883 0.06422505307855626 0.08632138114209828
0 0.2836995753715499 0.564468791500664 0.009007430997876872 0.01339309428950868
0 0.7070806794055202 0.5653120849933599 0.018195329087048937 0.04164010624169989
0 0.739416135881104 0.5650597609561753 0.029782377919320664 0.058399734395750365
0 0.559723991507431 0.5706905710491368 0.02921443736730359 0.04310756972111559
0 0.9880573248407644 0.5830013280212484 0.022823779193205943 0.029216467463479414
0 0.12601910828025478 0.5920185922974768 0.028046709129511665 0.019355909694555175
0 0.9454405520169852 0.5948406374501992 0.012961783439490485 0.010398406374502046
0 0.49462845010615714 0.5998539176626826 0.041273885350318465 0.057602921646746345
0 0.6153025477707006 0.6050996015936255 0.043768577494692165 0.045531208499335944
0 0.8946815286624203 0.61234395750332 0.014410828025477756 0.01220451527224443
0 0.7025212314225053 0.6130345285524569 0.038800424628450056 0.012250996015936285
0 0.8102335456475585 0.6148871181938911 0.020684713375796072 0.01596945551128815
0 0.17488322717622082 0.61800796812749 0.06419851380042466 0.0567330677290837
0 0.8669851380042464 0.618472775564409 0.02803078556263267 0.02180610889774231
0 0.7464225053078556 0.6203253652058434 0.009830148619957527 0.01887118193891107
0 0.9533545647558386 0.6232470119521912 0.01816878980891721 0.020730411686587003
0 0.9014968152866243 0.6256308100929615 0.011066878980891672 0.014867197875166068
0 0.8184978768577494 0.626547144754316 0.01066878980891715 0.012715803452855307
0 0.07165605095541401 0.6297609561752988 0.025483014861995747 0.020478087649402336
0 0.46877919320594474 0.6331407702523241 0.0320382165605095 0.02590969455511287
0 0.7491454352441614 0.638804780876494 0.0067834394904459664 0.013339973439574979
0 0.41052547770700637 0.6430876494023905 0.03508492569002118 0.036374501992031856
0 0.9909660297239915 0.6418193891102257 0.01803078556263259 0.028658698539176682
0 0.658848195329087 0.643273572377158 0.053359872611465076 0.04484727755644088
0 0.30353503184713376 0.6457569721115538 0.02745222929936307 0.029900398406374484
0 0.6224469214437368 0.6477622841965471 0.015594479830148679 0.028592297476759593
0 0.5262048832271762 0.6531474103585657 0.030111464968152875 0.023432934926958807
0 0.8606475583864119 0.6583665338645418 0.017478768577494606 0.011294820717131468
1 0.8161889596602973 0.7310557768924303 0.056008492569002116 0.05809428950863199
1 0.7239968152866242 0.7129083665338646 0.045562632696390735 0.10434926958831348
1 0.7162579617834395 0.5777755644090306 0.09252653927813172 0.17969455511288188
1 0.6825 0.5232270916334661 0.0612791932059447 0.06727755644090301
0 0.7206794055201698 0.43079681274900394 0.003954352441613492 0.014203187250996082
0 0.745244161358811 0.6987915006640107 0.006162420382165672 0.010205843293492623
0 0.738604033970276 0.7088977423638778 0.004840764331210133 0.009369189907038597
0 0.9893789808917197 0.6085325365205844 0.0212420382165605 0.008532536520584269
0 0.4287420382165605 0.527523240371846 0.016326963906581737 0.011779548472775571
0 0.41066878980891725 0.5373572377158035 0.014607218683651795 0.009349269588313365
1 0.38984076433121023 0.48804116865869857 0.17762208067940546 0.11142098273572375
1 0.4765180467091295 0.04912350597609562 0.1906581740976645 0.09824701195219124
1 0.6686252653927813 0.28334661354581675 0.10973991507430998 0.38262948207171316