0 0.801948051948052 0.08889563106796117 0.06493506493506493 0.0412621359223301
0 0.005194805194805195 0.5810072815533981 0.01038961038961039 0.018810679611650484
0 0.913961038961039 0.6759708737864077 0.04350649350649351 0.05036407766990291
0 0.9584415584415584 0.6859830097087378 0.025974025974025976 0.05157766990291262
0 0.2827922077922078 0.6286407766990292 0.031818181818181815 0.03033980582524272
0 0.1487012987012987 0.6259101941747572 0.053246753246753244 0.05764563106796117
0 0.3633116883116883 0.6632281553398058 0.04935064935064935 0.04975728155339806
1 0.5451298701298701 0.6975121359223301 0.07597402597402597 0.06614077669902912
0 0.9470779220779221 0.7399878640776699 0.02077922077922078 0.024271844660194174
0 0.4922077922077922 0.6978155339805825 0.02207792207792208 0.027912621359223302
0 0.13344155844155844 0.6774878640776699 0.07662337662337662 0.06128640776699029
0 0.637012987012987 0.7551577669902912 0.02727272727272727 0.025485436893203883
1 0.4331168831168831 0.7518203883495146 0.07337662337662337 0.04975728155339806
0 0.714935064935065 0.7927791262135923 0.11298701298701298 0.10254854368932038
0 0.8821428571428571 0.8267597087378641 0.03441558441558441 0.041868932038834954
0 0.2814935064935065 0.7766990291262136 0.05844155844155844 0.05036407766990291
0 0.1788961038961039 0.7988470873786407 0.03636363636363636 0.035800970873786406
0 0.9256493506493506 0.8868325242718447 0.05064935064935065 0.04975728155339806
1 0.4159090909090909 0.8701456310679612 0.07857142857142857 0.050970873786407765
0 0.09090909090909091 0.8662014563106796 0.046103896103896105 0.040655339805825245
0 0.19123376623376623 0.9032160194174758 0.02792207792207792 0.028519417475728157
0 0.9071428571428571 0.13592233009708737 0.1279220779220779 0.10679611650485436
0 0.9889610389610389 0.18325242718446602 0.02207792207792208 0.038834951456310676
0 0.689935064935065 0.15594660194174756 0.0987012987012987 0.11347087378640777
0 0.9792207792207792 0.25485436893203883 0.04155844155844156 0.05703883495145631
0 0.5724025974025974 0.216626213592233 0.052597402597402594 0.03762135922330097
0 0.4616883116883117 0.21814320388349515 0.12597402597402596 0.09466019417475728
0 0.6555194805194805 0.2506067961165049 0.044805194805194806 0.03822815533980582
0 0.1698051948051948 0.25849514563106796 0.03961038961038961 0.03155339805825243
0 0.7652597402597403 0.3276699029126214 0.17402597402597403 0.10922330097087378
0 0.9376623376623376 0.35224514563106796 0.05584415584415584 0.05521844660194175
0 0.26655844155844155 0.3125 0.031818181818181815 0.026092233009708737
0 0.3516233766233766 0.32190533980582525 0.07922077922077922 0.0770631067961165
0 0.21201298701298701 0.308252427184466 0.031818181818181815 0.03155339805825243
0 0.6383116883116883 0.3637742718446602 0.04285714285714286 0.0345873786407767
0 0.964935064935065 0.08040048543689321 0.07012987012987013 0.08070388349514564
0 0.8516233766233766 0.39987864077669905 0.05974025974025974 0.037014563106796114
0 0.551948051948052 0.3862257281553398 0.02922077922077922 0.029733009708737865
0 0.10681818181818181 0.3592233009708738 0.04025974025974026 0.0345873786407767
0 0.24512987012987014 0.39714805825242716 0.033766233766233764 0.02366504854368932
0 0.711038961038961 0.4532766990291262 0.08441558441558442 0.08009708737864078
0 0.15064935064935064 0.40898058252427183 0.07987012987012987 0.044902912621359224
0 0.6227272727272727 0.4675364077669903 0.022727272727272728 0.024271844660194174
0 0.9785714285714285 0.5118325242718447 0.04285714285714286 0.0345873786407767
0 0.3931818181818182 0.4681432038834951 0.033116883116883114 0.04429611650485437
0 0.9931818181818182 0.5400485436893204 0.00974025974025974 0.010922330097087379
0 0.4642857142857143 0.5009101941747572 0.02012987012987013 0.02366504854368932
0 0.33084415584415583 0.5087985436893204 0.02987012987012987 0.02366504854368932
0 0.6961038961038961 0.5527912621359223 0.025324675324675326 0.027305825242718445
0 0.3564935064935065 0.529126213592233 0.03116883116883117 0.02669902912621359
0 0.935064935064935 0.5995145631067961 0.07142857142857142 0.05461165048543689
0 0.9844155844155844 0.6046723300970874 0.014935064935064935 0.021237864077669904
0 0.2636363636363636 0.5494538834951457 0.046753246753246755 0.0345873786407767
0 0.14772727272727273 0.539745145631068 0.05714285714285714 0.044902912621359224
0 0.5305194805194805 0.5797936893203883 0.024675324675324677 0.020024271844660196
0 0.6353896103896104 0.5913228155339806 0.08571428571428572 0.0703883495145631
0 0.048051948051948054 0.13076456310679613 0.02142857142857143 0.03155339805825243
1 0.923051948051948 0.6504854368932039 0.1525974025974026 0.2633495145631068
1 0.8353896103896103 0.11074029126213593 0.32922077922077925 0.18992718446601942