0 0.578793565683646 0.8048275862068965 0.06322386058981229 0.064192789968652
0 0.3292493297587131 0.8089811912225705 0.029812332439678298 0.04428683385579946
0 0.26429624664879353 0.8283385579937305 0.025911528150134026 0.025023510971786705
0 0.4295241286863271 0.9181661442006269 0.02660857908847188 0.02598746081504691
0 0.4521447721179625 0.23692006269592478 0.059778820375335155 0.07102664576802507
0 0.4698391420911528 0.025078369905956112 0.04289544235924933 0.050156739811912224
0 0.7825737265415549 0.24641849529780566 0.02626675603217162 0.03515673981191224
0 0.6891219839142092 0.26655956112852663 0.03106568364611254 0.06604231974921629
0 0.26016756032171584 0.2870062695924765 0.04981903485254694 0.044231974921630134
0 0.5119571045576408 0.2988401253918495 0.05742627345844508 0.08043887147335423
0 0.5643364611260053 0.3048119122257053 0.05803619302949056 0.056340125391849516
0 0.023619302949061664 0.3280015673981191 0.044557640750670244 0.054122257053291496
0 0.2268230563002681 0.3334012539184953 0.03406836461126008 0.05708463949843263
0 0.776514745308311 0.3448824451410658 0.031575067024128774 0.04243730407523509
0 0.2845911528150134 0.34526645768025077 0.037004021447721205 0.058863636363636375
0 0.324544235924933 0.34850313479623823 0.033264075067024126 0.04742163009404388
0 0.44397453083109917 0.3639733542319749 0.03942359249329754 0.05083072100313481
0 0.14775469168900804 0.37170846394984325 0.027419571045576387 0.03337774294670849
0 0.5517292225201073 0.37336990595611286 0.06458445040214471 0.06458463949843257
0 0.1885053619302949 0.37989811912225707 0.03920241286863271 0.04035266457680251
0 0.25343163538874 0.39220219435736675 0.026963806970509395 0.039890282131661424
0 0.32125335120643433 0.40575235109717867 0.024550938337801604 0.05445141065830723
0 0.004470509383378016 0.4065752351097178 0.008934316353887401 0.027891849529780546
0 0.028887399463806973 0.40871473354231974 0.02962466487935657 0.03530564263322881
0 0.12285522788203754 0.4128526645768025 0.023190348525469185 0.038879310344827556
0 0.6805428954423591 0.4393808777429467 0.03400134048257366 0.04021159874608146
0 0.7394973190348525 0.4405407523510972 0.033947721179624725 0.04878526645768025
0 0.21842493297587132 0.44230407523510973 0.041407506702412854 0.06328369905956113
0 0.006702412868632708 0.44905956112852663 0.013404825737265416 0.025078369905956112
0 0.2794369973190349 0.45690438871473354 0.048150134048257395 0.054874608150470204
0 0.1362868632707775 0.4704153605015674 0.029939678284182317 0.03800156739811913
0 0.16900804289544236 0.4727899686520376 0.02569034852546916 0.03336206896551719
0 0.38908847184986595 0.48342476489028213 0.02750670241286861 0.042084639498432636
0 0.5525201072386059 0.49154388714733543 0.048733243967828445 0.044208463949843325
0 0.31016756032171583 0.5231426332288401 0.04259383378016083 0.054122257053291496
0 0.7309383378016086 0.5389263322884013 0.042298927613941106 0.0684482758620689
0 0.1562935656836461 0.6102899686520377 0.036447721179624665 0.054435736677116014
0 0.7542560321715817 0.6170689655172413 0.020576407506702293 0.022531347962382445
0 0.4285656836461126 0.6190830721003135 0.07295576407506696 0.05947492163009412
0 0.026273458445040216 0.6225470219435737 0.05254021447721181 0.07110501567398121
0 0.2080898123324397 0.6337774294670847 0.024758713136729258 0.029302507836990673
0 0.268813672922252 0.669537617554859 0.024229222520107223 0.03812695924764897
0 0.18575737265415548 0.6699999999999999 0.01762734584450399 0.021818181818181754
0 0.09304289544235925 0.6954702194357366 0.01719168900804289 0.032006269592476426
0 0.23479222520107237 0.6978918495297806 0.03527479892761394 0.0462617554858934
0 0.33996648793565687 0.6997100313479624 0.044544235924933 0.06556426332288408
0 0.7457037533512064 0.7036363636363636 0.018210455764075116 0.021692789968652086
0 0.18130026809651476 0.7142789968652037 0.024798927613941018 0.04455329153605009
0 0.7170643431635388 0.7147805642633228 0.010529490616622008 0.01576802507836982
0 0.7445040214477211 0.07255485893416928 0.0439678284182305 0.06831504702194356
0 0.2975871313672922 0.7364890282131661 0.021447721179624665 0.021575235109717848
0 0.6527077747989276 0.739294670846395 0.03831769436997324 0.04912225705329159
0 0.48804289544235924 0.7513009404388714 0.03774798927613937 0.05432601880877738
0 0.24031501340482575 0.7524843260188088 0.05033512064343165 0.06609717868338552
0 0.13593833780160858 0.7574529780564263 0.01853217158176942 0.018048589341692768
0 0.8019235924932976 0.22787617554858933 0.00672252010723874 0.008048589341692775
0 0.8008243967828418 0.24097962382445143 0.006072386058981197 0.0076018808777429826
0 0.7995308310991958 0.25052507836990595 0.0048056300268097 0.010642633228840157
0 0.7944168900804289 0.2625626959247649 0.004671581769436863 0.012923197492163016
0 0.7909182305630027 0.2752899686520376 0.003894101876675567 0.0077821316614419675
0 0.7941554959785524 0.27551724137931033 0.008820375335120546 0.013996865203761767