0 0.023368606701940034 0.6141581632653061 0.04673721340388007 0.0663265306122449
0 0.07583774250440917 0.6183035714285714 0.036155202821869487 0.024872448979591837
0 0.8315696649029982 0.6674107142857143 0.03791887125220458 0.018494897959183673
0 0.47795414462081126 0.6473214285714286 0.02821869488536155 0.019770408163265307
0 0.5864197530864198 0.6581632653061225 0.04144620811287478 0.02806122448979592
0 0.6609347442680776 0.6801658163265306 0.048500881834215165 0.028698979591836735
0 0.8615520282186949 0.7050382653061225 0.05291005291005291 0.029336734693877552
0 0.455026455026455 0.6808035714285714 0.026455026455026454 0.02040816326530612
0 0.12213403880070546 0.6661352040816326 0.06261022927689594 0.03380102040816327
0 0.22707231040564374 0.7133290816326531 0.054673721340388004 0.03571428571428571
0 0.4537037037037037 0.7538265306122449 0.04144620811287478 0.03316326530612245
0 0.36904761904761907 0.7490433673469388 0.04144620811287478 0.02423469387755102
0 0.2786596119929453 0.7445790816326531 0.023809523809523808 0.015306122448979591
0 0.16181657848324515 0.7417091836734694 0.027336860670194002 0.02040816326530612
0 0.5736331569664903 0.7783801020408163 0.04497354497354497 0.03125
0 0.32848324514991184 0.7691326530612245 0.018518518518518517 0.012755102040816327
0 0.5079365079365079 0.7876275510204082 0.020282186948853614 0.015306122448979591
0 0.8148148148148148 0.814094387755102 0.06701940035273368 0.03826530612244898
0 0.26455026455026454 0.7901785714285714 0.019400352733686066 0.01211734693877551
0 0.15608465608465608 0.7889030612244898 0.01763668430335097 0.012755102040816327
0 0.7297178130511464 0.8249362244897959 0.02821869488536155 0.01594387755102041
0 0.32407407407407407 0.8131377551020408 0.024691358024691357 0.01594387755102041
0 0.20634920634920634 0.8147321428571429 0.053791887125220456 0.04528061224489796
0 0.5679012345679012 0.8408801020408163 0.05291005291005291 0.03380102040816327
0 0.09215167548500881 0.8150510204081632 0.026455026455026454 0.01594387755102041
0 0.49955908289241624 0.8463010204081632 0.03262786596119929 0.022321428571428572
0 0.44576719576719576 0.8482142857142857 0.04673721340388007 0.03188775510204082
0 0.2619047619047619 0.8373724489795918 0.04585537918871252 0.035076530612244895
0 0.8011463844797179 0.8778698979591837 0.07848324514991181 0.05229591836734694
0 0.1472663139329806 0.8376913265306123 0.05291005291005291 0.04400510204081633
0 0.6353615520282186 0.8928571428571429 0.10141093474426807 0.05803571428571429
0 0.798941798941799 0.9492984693877551 0.10582010582010581 0.05357142857142857
0 0.7151675485008818 0.9534438775510204 0.06349206349206349 0.04400510204081633
0 0.9850088183421517 0.13073979591836735 0.029982363315696647 0.03571428571428571
0 0.40828924162257496 0.10809948979591837 0.07495590828924162 0.07079081632653061
0 0.48544973544973546 0.01403061224489796 0.06437389770723104 0.02806122448979592
0 0.2310405643738977 0.13488520408163265 0.05114638447971781 0.04272959183673469
0 0.3862433862433862 0.2315051020408163 0.04673721340388007 0.05739795918367347
0 0.31613756613756616 0.2350127551020408 0.0291005291005291 0.024872448979591837
0 0.2570546737213404 0.2503188775510204 0.03880070546737213 0.0274234693877551
0 0.25132275132275134 0.2924107142857143 0.03880070546737213 0.025510204081632654
0 0.45458553791887124 0.3268494897959184 0.036155202821869487 0.05229591836734694
0 0.2998236331569665 0.32557397959183676 0.05291005291005291 0.03635204081632653
0 0.49779541446208114 0.3632015306122449 0.053791887125220456 0.06186224489795918
0 0.1318342151675485 0.3580994897959184 0.03527336860670194 0.03188775510204082
0 0.5485008818342152 0.43973214285714285 0.06172839506172839 0.047193877551020405
0 0.7566137566137566 0.45790816326530615 0.04673721340388007 0.039540816326530615
0 0.2826278659611993 0.42857142857142855 0.03968253968253968 0.03125
0 0.21693121693121692 0.4406887755102041 0.05202821869488536 0.03125
0 0.8425925925925926 0.4856505102040816 0.06349206349206349 0.024872448979591837
0 0.9898589065255732 0.5044642857142857 0.020282186948853614 0.036989795918367346
0 0.1693121693121693 0.4528061224489796 0.0582010582010582 0.032525510204081634
0 0.3783068783068783 0.46811224489795916 0.06790123456790123 0.058673469387755105
0 0.27204585537918874 0.4642857142857143 0.025573192239858905 0.03443877551020408
0 0.5357142857142857 0.49043367346938777 0.03262786596119929 0.03380102040816327
0 0.7513227513227513 0.5153061224489796 0.07583774250440917 0.035076530612244895
0 0.6027336860670194 0.5130739795918368 0.05202821869488536 0.02423469387755102
0 0.20767195767195767 0.49330357142857145 0.027336860670194002 0.01721938775510204
0 0.0890652557319224 0.48660714285714285 0.0564373897707231 0.029974489795918366
0 0.322310405643739 0.5054209183673469 0.03791887125220458 0.02614795918367347
0 0.48324514991181655 0.5159438775510204 0.04673721340388007 0.05293367346938776
0 0.14947089947089948 0.5073341836734694 0.021164021164021163 0.01721938775510204
0 0.26587301587301587 0.5207270408163265 0.020282186948853614 0.01403061224489796
0 0.37213403880070545 0.5318877551020408 0.037037037037037035 0.016581632653061226
0 0.054673721340388004 0.5162627551020408 0.030864197530864196 0.0389030612244898
0 0.10317460317460317 0.5255102040816326 0.02821869488536155 0.016581632653061226
0 0.7552910052910053 0.5682397959183674 0.15255731922398588 0.07461734693877552
0 0.9845679012345679 0.5829081632653061 0.01763668430335097 0.025510204081632654
0 0.48853615520282184 0.5599489795918368 0.03527336860670194 0.032525510204081634
0 0.4157848324514991 0.5561224489795918 0.03262786596119929 0.01594387755102041
0 0.5943562610229277 0.5695153061224489 0.1472663139329806 0.049107142857142856
0 0.2967372134038801 0.5510204081632653 0.07495590828924162 0.03125
0 0.2495590828924162 0.5628188775510204 0.025573192239858905 0.017857142857142856
0 0.13977072310405644 0.5583545918367347 0.06172839506172839 0.054209183673469385
0 0.5268959435626103 0.5870535714285714 0.03791887125220458 0.0389030612244898
0 0.015432098765432098 0.5567602040816326 0.030864197530864196 0.03826530612244898
0 0.39814814814814814 0.5950255102040817 0.06349206349206349 0.032525510204081634
0 0.19400352733686066 0.5838647959183674 0.027336860670194002 0.018494897959183673
0 0.5965608465608465 0.6128826530612245 0.031746031746031744 0.02295918367346939
0 0.2976190476190476 0.6045918367346939 0.0890652557319224 0.07206632653061225
1 0.07980599647266313 0.461734693877551 0.0837742504409171 0.07015306122448979
1 0.02292768959435626 0.8274872448979592 0.04585537918871252 0.11670918367346939