0 0.28515625 0.25146484375 0.052734375 0.05322265625
0 0.4860026041666667 0.271484375 0.022786458333333332 0.03369140625
0 0.6979166666666666 0.290771484375 0.03125 0.02587890625
0 0.8317057291666666 0.296875 0.02734375 0.02587890625
0 0.5546875 0.3427734375 0.059244791666666664 0.125
0 0.8421223958333334 0.35498046875 0.016276041666666668 0.01953125
0 0.9114583333333334 0.358642578125 0.06705729166666667 0.08984375
0 0.3167317708333333 0.02734375 0.048828125 0.0390625
0 0.7220052083333334 0.355712890625 0.059244791666666664 0.07421875
0 0.80859375 0.365478515625 0.048828125 0.0576171875
0 0.2734375 0.357666015625 0.056640625 0.05078125
0 0.24055989583333334 0.031982421875 0.047526041666666664 0.06396484375
0 0.3681640625 0.37890625 0.039713541666666664 0.03369140625
0 0.474609375 0.388916015625 0.01953125 0.01953125
0 0.63671875 0.42626953125 0.041015625 0.0390625
0 0.46875 0.427001953125 0.020833333333333332 0.0244140625
0 0.9508463541666666 0.4482421875 0.021484375 0.03564453125
0 0.3151041666666667 0.42333984375 0.051432291666666664 0.04248046875
0 0.8115234375 0.4462890625 0.046223958333333336 0.056640625
0 0.058919270833333336 0.422607421875 0.08854166666666667 0.119140625
0 0.560546875 0.444091796875 0.042317708333333336 0.0390625
0 0.5686848958333334 0.047607421875 0.014322916666666666 0.03857421875
0 0.6266276041666666 0.46142578125 0.055989583333333336 0.041015625
0 0.5211588541666666 0.046142578125 0.061197916666666664 0.05908203125
0 0.8567708333333334 0.480224609375 0.0390625 0.046875
0 0.716796875 0.487060546875 0.04296875 0.08349609375
0 0.9778645833333334 0.501220703125 0.024088541666666668 0.0361328125
0 0.9117838541666666 0.50341796875 0.04296875 0.10595703125
0 0.4046223958333333 0.04638671875 0.024088541666666668 0.04052734375
0 0.9505208333333334 0.537841796875 0.010416666666666666 0.01416015625
0 0.19368489583333334 0.03955078125 0.054036458333333336 0.0458984375
0 0.8636067708333334 0.537841796875 0.036458333333333336 0.037109375
0 0.3909505208333333 0.542236328125 0.059244791666666664 0.06298828125
0 0.2913411458333333 0.539306640625 0.038411458333333336 0.0263671875
0 0.4957682291666667 0.55322265625 0.08138020833333333 0.107421875
0 0.8411458333333334 0.592529296875 0.03515625 0.10205078125
0 0.041341145833333336 0.56494140625 0.08268229166666667 0.126953125
0 0.2926432291666667 0.583251953125 0.060546875 0.05810546875
0 0.9775390625 0.63330078125 0.018229166666666668 0.0205078125
0 0.6178385416666666 0.64013671875 0.014973958333333334 0.02099609375
0 0.78125 0.65576171875 0.054036458333333336 0.03662109375
0 0.9762369791666666 0.6806640625 0.02734375 0.07080078125
0 0.8141276041666666 0.69970703125 0.036458333333333336 0.0537109375
0 0.6520182291666666 0.705078125 0.046223958333333336 0.0546875
0 0.6975911458333334 0.741943359375 0.044921875 0.04248046875
0 0.970703125 0.759033203125 0.026041666666666668 0.0458984375
0 0.7565104166666666 0.775146484375 0.025390625 0.021484375
0 0.7027994791666666 0.78125 0.029296875 0.0380859375
0 0.4612630208333333 0.8095703125 0.03125 0.02978515625
0 0.19921875 0.88720703125 0.059244791666666664 0.0625
0 0.30078125 0.9140625 0.07161458333333333 0.07958984375
0 0.6311848958333334 0.097412109375 0.029296875 0.0302734375
0 0.7037760416666666 0.113037109375 0.038411458333333336 0.05126953125
0 0.24576822916666666 0.126220703125 0.076171875 0.07763671875
0 0.4635416666666667 0.14306640625 0.07747395833333333 0.07177734375
0 0.681640625 0.159423828125 0.029947916666666668 0.0302734375
0 0.5638020833333334 0.1572265625 0.038411458333333336 0.03564453125
0 0.13313802083333334 0.143798828125 0.06510416666666667 0.0517578125
0 0.8352864583333334 0.2001953125 0.020833333333333332 0.0234375
0 0.2392578125 0.1806640625 0.07682291666666667 0.05322265625
0 0.6487630208333334 0.2080078125 0.080078125 0.07421875
0 0.7744140625 0.219970703125 0.0703125 0.06640625
0 0.5537109375 0.225830078125 0.041666666666666664 0.03271484375
0 0.8333333333333334 0.24658203125 0.026041666666666668 0.02685546875
0 0.7259114583333334 0.244384765625 0.030598958333333332 0.0263671875
0 0.4189453125 0.232177734375 0.041015625 0.029296875
0 0.8984375 0.256591796875 0.06640625 0.087890625
1 0.08138020833333333 0.755859375 0.16276041666666666 0.22265625
1 0.380859375 0.732421875 0.08854166666666667 0.17236328125
1 0.4873046875 0.745849609375 0.15559895833333334 0.36865234375
1 0.6774088541666666 0.573974609375 0.21028645833333334 0.123046875
1 0.2724609375 0.51904296875 0.21940104166666666 0.091796875
1 0.17252604166666666 0.155517578125 0.2630208333333333 0.31103515625
0 0.021484375 0.32373046875 0.020833333333333332 0.0244140625
1 0.4895833333333333 0.07421875 0.17317708333333334 0.1484375
1 0.9537760416666666 0.35888671875 0.08138020833333333 0.15625
1 0.88671875 0.593505859375 0.06770833333333333 0.0263671875
0 0.912109375 0.593505859375 0.007161458333333333 0.00439453125
1 0.8671875 0.68603515625 0.08333333333333333 0.04541015625
1 0.8258463541666666 0.7822265625 0.07356770833333333 0.06640625
0 0.7298177083333334 0.440673828125 0.006510416666666667 0.00830078125
0 0.7399088541666666 0.489990234375 0.005208333333333333 0.005859375
0 0.7897135416666666 0.513427734375 0.012369791666666666 0.01611328125
1 0.775390625 0.49560546875 0.07682291666666667 0.06298828125
1 0.744140625 0.477783203125 0.055989583333333336 0.0966796875
0 0.6630859375 0.285400390625 0.01171875 0.01953125
0 0.6705729166666666 0.27978515625 0.01171875 0.01953125