0 0.1611328125 0.2958984375 0.052083333333333336 0.03662109375
0 0.3209635416666667 0.288330078125 0.055989583333333336 0.0439453125
0 0.4166666666666667 0.296630859375 0.09375 0.08251953125
0 0.6494140625 0.301513671875 0.06966145833333333 0.04345703125
0 0.22819010416666666 0.337890625 0.08463541666666667 0.0654296875
0 0.06673177083333333 0.35009765625 0.050130208333333336 0.04052734375
0 0.8037109375 0.3125 0.03515625 0.021484375
0 0.005208333333333333 0.396240234375 0.010416666666666666 0.02978515625
0 0.6669921875 0.373291015625 0.13932291666666666 0.13037109375
0 0.8916015625 0.361572265625 0.07682291666666667 0.06298828125
0 0.4791666666666667 0.39501953125 0.045572916666666664 0.037109375
0 0.09016927083333333 0.430908203125 0.0625 0.03515625
0 0.16764322916666666 0.44091796875 0.06380208333333333 0.0400390625
0 0.7431640625 0.404541015625 0.03125 0.02197265625
0 0.23177083333333334 0.48779296875 0.041015625 0.02734375
0 0.4104817708333333 0.4765625 0.11458333333333333 0.07080078125
0 0.2916666666666667 0.059814453125 0.095703125 0.060546875
0 0.3024088541666667 0.498291015625 0.036458333333333336 0.03125
0 0.8629557291666666 0.484130859375 0.09895833333333333 0.0615234375
0 0.3317057291666667 0.526123046875 0.026041666666666668 0.01220703125
0 0.7682291666666666 0.51318359375 0.034505208333333336 0.02197265625
0 0.6324869791666666 0.548583984375 0.15299479166666666 0.12451171875
0 0.7194010416666666 0.5498046875 0.033203125 0.01904296875
0 0.0791015625 0.59619140625 0.14973958333333334 0.11474609375
0 0.3850911458333333 0.57861328125 0.024088541666666668 0.017578125
0 0.7965494791666666 0.555908203125 0.055338541666666664 0.03271484375
0 0.2864583333333333 0.592041015625 0.12369791666666667 0.09033203125
0 0.5211588541666666 0.57958984375 0.051432291666666664 0.0478515625
0 0.21712239583333334 0.630859375 0.03125 0.021484375
0 0.4508463541666667 0.621337890625 0.018880208333333332 0.01025390625
0 0.8216145833333334 0.60791015625 0.031901041666666664 0.0185546875
0 0.3626302083333333 0.637939453125 0.06380208333333333 0.0419921875
0 0.5787760416666666 0.641845703125 0.05859375 0.033203125
0 0.2884114583333333 0.675537109375 0.041015625 0.0283203125
0 0.4593098958333333 0.66552734375 0.018880208333333332 0.01318359375
0 0.232421875 0.68310546875 0.060546875 0.04541015625
0 0.6373697916666666 0.65771484375 0.07096354166666667 0.0439453125
0 0.8079427083333334 0.66943359375 0.07356770833333333 0.05712890625
0 0.4742838541666667 0.7041015625 0.01953125 0.01318359375
0 0.7291666666666666 0.68994140625 0.029296875 0.01806640625
0 0.78125 0.060791015625 0.22265625 0.12158203125
0 0.6722005208333334 0.708740234375 0.028645833333333332 0.01806640625
0 0.21126302083333334 0.746337890625 0.045572916666666664 0.02783203125
0 0.6236979166666666 0.72607421875 0.11328125 0.06640625
0 0.8766276041666666 0.713623046875 0.029296875 0.017578125
0 0.1650390625 0.77734375 0.025390625 0.0185546875
0 0.9606119791666666 0.72412109375 0.07877604166666667 0.0771484375
0 0.2819010416666667 0.780517578125 0.0546875 0.02978515625
0 0.7526041666666666 0.75 0.033203125 0.0185546875
0 0.810546875 0.752685546875 0.018880208333333332 0.01123046875
0 0.568359375 0.80029296875 0.025390625 0.01806640625
0 0.7705078125 0.78662109375 0.08723958333333333 0.0556640625
0 0.9166666666666666 0.782470703125 0.07421875 0.048828125
0 0.4371744791666667 0.8193359375 0.048828125 0.04345703125
0 0.1240234375 0.105224609375 0.16471354166666666 0.119140625
0 0.18001302083333334 0.844970703125 0.018229166666666668 0.013671875
0 0.8802083333333334 0.85107421875 0.028645833333333332 0.025390625
0 0.5481770833333334 0.879638671875 0.041015625 0.02685546875
0 0.2880859375 0.903076171875 0.040364583333333336 0.0341796875
0 0.5087890625 0.92236328125 0.048177083333333336 0.0419921875
0 0.2509765625 0.96923828125 0.039713541666666664 0.02734375
0 0.6220703125 0.096435546875 0.06380208333333333 0.04150390625
0 0.031901041666666664 0.1650390625 0.06380208333333333 0.04296875
0 0.21354166666666666 0.160888671875 0.12760416666666666 0.08740234375
0 0.8512369791666666 0.13134765625 0.1015625 0.08056640625
0 0.6809895833333334 0.1630859375 0.10481770833333333 0.06005859375
0 0.9309895833333334 0.156494140625 0.0703125 0.08154296875
0 0.08561197916666667 0.226318359375 0.052083333333333336 0.0322265625
0 0.4664713541666667 0.2060546875 0.11197916666666667 0.11669921875
0 0.016276041666666668 0.238525390625 0.032552083333333336 0.04541015625
0 0.5777994791666666 0.202392578125 0.064453125 0.04150390625
0 0.8385416666666666 0.219970703125 0.037760416666666664 0.0283203125
1 0.9775390625 0.501953125 0.044921875 0.1630859375
0 0.3798828125 0.820556640625 0.032552083333333336 0.02685546875
0 0.07747395833333333 0.742919921875 0.026041666666666668 0.01318359375
0 0.0869140625 0.6943359375 0.024739583333333332 0.01318359375
0 0.047200520833333336 0.764404296875 0.043619791666666664 0.06201171875
0 0.060221354166666664 0.8876953125 0.037760416666666664 0.0380859375
1 0.3115234375 0.896728515625 0.138671875 0.09375
0 0.3440755208333333 0.669921875 0.016927083333333332 0.01171875
0 0.15559895833333334 0.566162109375 0.017578125 0.00927734375
0 0.2532552083333333 0.52001953125 0.020833333333333332 0.013671875
0 0.7666015625 0.656982421875 0.016927083333333332 0.0126953125
1 0.2548828125 0.49951171875 0.24153645833333334 0.0908203125