0 0.3682592592592593 0.522859375 0.04022222222222227 0.029057291666666707
0 0.18484259259259259 0.5242552083333334 0.040064814814814796 0.02038541666666672
0 0.5593703703703704 0.52540625 0.028000000000000008 0.024765625000000034
0 0.004351851851851852 0.526671875 0.008703703703703705 0.020010416666666704
0 0.713 0.5533541666666667 0.038962962962962894 0.033796874999999935
0 0.13150925925925927 0.553796875 0.050064814814814805 0.028427083333333294
0 0.8212962962962963 0.5565208333333334 0.06666666666666667 0.041161458333333435
0 0.2684259259259259 0.5770416666666667 0.029453703703703652 0.020750000000000077
0 0.007407407407407408 0.5796875 0.014814814814814815 0.017708333333333333
0 0.6623703703703704 0.581375 0.041407407407407434 0.02212500000000001
0 0.3635740740740741 0.5815416666666666 0.029000000000000047 0.022458333333333278
0 0.45723148148148146 0.5817552083333334 0.04594444444444445 0.022890624999999904
0 0.17002777777777778 0.06004166666666667 0.03450925925925924 0.021119791666666672
0 0.5050092592592592 0.6104427083333334 0.04150925925925919 0.02296874999999995
0 0.6081851851851852 0.6111197916666666 0.02748148148148154 0.017031249999999904
0 0.2651851851851852 0.6360625 0.03963888888888884 0.01588020833333322
0 0.08076851851851852 0.635765625 0.05042592592592594 0.021531250000000075
0 0.025898148148148146 0.660640625 0.04437962962962964 0.025453124999999945
0 0.12 0.662625 0.02148148148148147 0.014833333333333342
0 0.5080092592592592 0.6723750000000001 0.06416666666666662 0.03225520833333325
0 0.9235648148148149 0.6737395833333333 0.0323148148148149 0.02039583333333326
0 0.35821296296296296 0.6956822916666667 0.036787037037037056 0.027828124999999915
0 0.45243518518518516 0.6963489583333333 0.04375925925925925 0.021864583333333344
0 0.7622314814814816 0.7034010416666666 0.050379629629629705 0.01825520833333343
0 0.8739537037037037 0.7059635416666666 0.03308333333333335 0.02130208333333338
0 0.022407407407407404 0.7162604166666667 0.0429537037037037 0.027312500000000028
0 0.4034907407407407 0.7247395833333333 0.04031481481481478 0.0234375
0 0.15980555555555556 0.7491458333333333 0.036287037037037034 0.02016145833333335
0 0.8749814814814815 0.7695572916666666 0.035148148148148185 0.02557291666666662
0 0.012074074074074074 0.7748489583333333 0.020435185185185185 0.018447916666666706
0 0.19987962962962963 0.7803958333333333 0.038648148148148154 0.020166666666666562
0 0.2968796296296296 0.781671875 0.021527777777777778 0.0175052083333334
0 0.3953148148148148 0.7840572916666667 0.04063888888888888 0.024369791666666647
0 0.49978703703703703 0.7904270833333332 0.056990740740740696 0.02564583333333322
0 0.6094074074074074 0.7915989583333333 0.03919444444444438 0.01756770833333334
0 0.05558333333333333 0.8076510416666667 0.03152777777777778 0.020510416666666722
0 0.3489722222222222 0.8176614583333334 0.05350925925925923 0.02699479166666663
0 0.5559074074074074 0.8186302083333333 0.04884259259259259 0.025802083333333316
0 0.7641111111111111 0.8254583333333334 0.03191666666666669 0.01758854166666666
0 0.19803703703703704 0.8371614583333333 0.05162037037037037 0.020156249999999907
0 0.29746296296296293 0.8457083333333333 0.05419444444444442 0.019536458333333447
0 0.010037037037037037 0.085140625 0.020064814814814817 0.019234375000000005
0 0.7135833333333333 0.8613802083333333 0.06050925925925917 0.02692187500000003
0 0.9361111111111111 0.86484375 0.1259259259259259 0.04010416666666667
0 0.43597222222222226 0.097453125 0.07015740740740739 0.03394270833333334
0 0.32966666666666666 0.09876041666666667 0.035250000000000045 0.020437500000000004
0 0.38312037037037033 0.011421875 0.07364814814814812 0.02284375
0 0.47954629629629625 0.13761458333333335 0.033175925925925914 0.01585416666666668
0 0.6750740740740742 0.13893229166666668 0.0668148148148149 0.025776041666666673
0 0.014898148148148148 0.14581249999999998 0.029796296296296296 0.03329166666666666
0 0.21957407407407406 0.15471875 0.056879629629629606 0.040651041666666644
0 0.4310185185185185 0.164984375 0.026851851851851852 0.02372395833333331
0 0.017333333333333333 0.016765625 0.034666666666666665 0.03040625
0 0.8134259259259259 0.175125 0.041675925925925915 0.020041666666666676
0 0.06335185185185185 0.18324479166666666 0.04264814814814815 0.02321354166666669
0 0.2235648148148148 0.21747916666666667 0.034166666666666644 0.018296874999999997
0 0.33116666666666666 0.221203125 0.06311111111111108 0.03390104166666668
0 0.6201203703703704 0.22828645833333333 0.038388888888888924 0.020114583333333335
0 0.7149537037037037 0.22891666666666666 0.03916666666666663 0.01825520833333331
0 0.5010185185185185 0.023557291666666664 0.03350925925925931 0.020026041666666668
0 0.06545370370370371 0.24280208333333334 0.03645370370370371 0.01789583333333334
0 0.2745462962962963 0.25072916666666667 0.038277777777777806 0.02094791666666668
0 0.12250925925925926 0.2745677083333333 0.037611111111111116 0.017885416666666654
0 0.8152685185185186 0.27896875 0.04163888888888891 0.017312500000000005
0 0.329 0.28028125 0.043194444444444424 0.02202604166666665
0 0.4228148148148148 0.2805104166666667 0.06599999999999998 0.024562500000000043
0 0.6182592592592593 0.28475 0.04392592592592598 0.02158333333333336
0 0.2799351851851852 0.31041145833333333 0.03209259259259256 0.016656250000000008
0 0.8141666666666666 0.3328697916666667 0.03944444444444436 0.01782291666666668
0 0.5155092592592593 0.33276041666666667 0.04398148148148148 0.02698437499999997
0 0.02121296296296296 0.33316666666666667 0.03500925925925926 0.021546874999999945
0 0.6140092592592593 0.3364010416666667 0.035416666666666666 0.020723958333333313
0 0.3304537037037037 0.3379479166666667 0.05350925925925923 0.023807291666666685
0 0.18272222222222223 0.36133333333333334 0.06174074074074075 0.01954166666666666
0 0.46994444444444444 0.364421875 0.05285185185185189 0.029885416666666723
0 0.27930555555555553 0.3659947916666667 0.034537037037037 0.01636458333333337
0 0.9218981481481481 0.3848489583333333 0.0382407407407407 0.019703124999999964
0 0.713787037037037 0.38667708333333334 0.034990740740740704 0.02127083333333329
0 0.027990740740740743 0.38809375 0.03376851851851852 0.019942708333333316
0 0.9678240740740741 0.41321875 0.04861111111111111 0.023312499999999996
0 0.18403703703703703 0.4150729166666667 0.0588148148148148 0.02702083333333339
0 0.4673333333333334 0.415625 0.04022222222222227 0.02083854166666666
0 0.6638240740740741 0.4170208333333333 0.07765740740740752 0.026749999999999947
0 0.5612777777777778 0.41689062499999996 0.050342592592592494 0.030661458333333277
0 0.515537037037037 0.4410989583333333 0.04959259259259254 0.028036458333333295
0 0.8123611111111111 0.44221354166666665 0.04324074074074078 0.028182291666666616
0 0.42083333333333334 0.4450677083333333 0.03982407407407407 0.016177083333333304
0 0.23376851851851851 0.4454166666666667 0.045305555555555564 0.024166666666666715
0 0.37494444444444447 0.46790625 0.06100925925925925 0.032687499999999994
0 0.7656944444444445 0.4696666666666667 0.04063888888888898 0.015380208333333319
0 0.08499999999999999 0.472171875 0.042212962962962966 0.023510416666666718
0 0.2779074074074074 0.47279166666666667 0.05211111111111109 0.03099999999999999
0 0.9307314814814815 0.4921875 0.11702777777777776 0.04583854166666666
0 0.6064166666666666 0.496640625 0.057277777777777684 0.03182291666666662
0 0.7104074074074074 0.49745833333333334 0.046740740740740756 0.021994791666666676
0 0.511888888888889 0.49809375 0.023768518518518585 0.021187500000000033
0 0.03198148148148148 0.49797395833333336 0.060259259259259255 0.019906250000000014
0 0.41614814814814816 0.498875 0.045250000000000005 0.019619791666666705