0 0.02175925925925926 0.5708333333333333 0.027777777777777776 0.025520833333333333
0 0.10648148148148148 0.57421875 0.02962962962962963 0.016666666666666666
0 0.2773148148148148 0.575 0.062037037037037036 0.03229166666666667
0 0.42407407407407405 0.6122395833333333 0.04814814814814815 0.027604166666666666
0 0.1300925925925926 0.6299479166666667 0.030555555555555555 0.013020833333333334
0 0.14675925925925926 0.07369791666666667 0.08425925925925926 0.03958333333333333
0 0.9055555555555556 0.68046875 0.10092592592592593 0.05364583333333333
0 0.6203703703703703 0.06848958333333334 0.11296296296296296 0.06510416666666667
0 0.5023148148148148 0.7755208333333333 0.075 0.03697916666666667
0 0.4976851851851852 0.0875 0.1037037037037037 0.06197916666666667
0 0.8689814814814815 0.08880208333333334 0.07222222222222222 0.0375
0 0.049074074074074076 0.11796875 0.09814814814814815 0.06197916666666667
0 0.7782407407407408 0.1375 0.07314814814814814 0.0375
0 0.08935185185185185 0.16536458333333334 0.05555555555555555 0.0390625
0 0.8972222222222223 0.1625 0.04814814814814815 0.0328125
0 0.21435185185185185 0.190625 0.019444444444444445 0.017708333333333333
0 0.6907407407407408 0.19375 0.03518518518518519 0.019270833333333334
0 0.6074074074074074 0.21380208333333334 0.09074074074074075 0.0515625
0 0.9449074074074074 0.20390625 0.03425925925925926 0.021354166666666667
0 0.8087962962962963 0.21484375 0.07407407407407407 0.03697916666666667
0 0.29212962962962963 0.029166666666666667 0.10462962962962963 0.050520833333333334
0 0.4625 0.2625 0.09074074074074075 0.05260416666666667
0 0.8800925925925925 0.022135416666666668 0.1527777777777778 0.044270833333333336
0 0.15324074074074073 0.30546875 0.040740740740740744 0.028645833333333332
0 0.5305555555555556 0.3109375 0.024074074074074074 0.016666666666666666
0 0.8412037037037037 0.3151041666666667 0.0787037037037037 0.0828125
0 0.711574074074074 0.02578125 0.09444444444444444 0.028645833333333332
0 0.16620370370370371 0.33828125 0.026851851851851852 0.021354166666666667
0 0.075 0.3419270833333333 0.04259259259259259 0.019791666666666666
0 0.4217592592592593 0.35 0.08981481481481482 0.0546875
0 0.7324074074074074 0.34765625 0.044444444444444446 0.021875
0 0.12083333333333333 0.37109375 0.02962962962962963 0.016666666666666666
0 0.925 0.38125 0.04537037037037037 0.022916666666666665
0 0.03287037037037037 0.41171875 0.049074074074074076 0.025520833333333333
0 0.6513888888888889 0.40338541666666666 0.12407407407407407 0.0484375
0 0.6847222222222222 0.44869791666666664 0.04259259259259259 0.03229166666666667
0 0.4222222222222222 0.49947916666666664 0.08888888888888889 0.058333333333333334
0 0.37222222222222223 0.5190104166666667 0.1037037037037037 0.06354166666666666
1 0.21342592592592594 0.7046875 0.1574074074074074 0.08385416666666666
1 0.09583333333333334 0.6044270833333333 0.18425925925925926 0.1296875
1 0.1300925925925926 0.35 0.2601851851851852 0.3770833333333333
1 0.3972222222222222 0.17630208333333333 0.20092592592592592 0.078125
1 0.5013888888888889 0.3229166666666667 0.17314814814814813 0.1125
1 0.6157407407407407 0.45208333333333334 0.1824074074074074 0.08541666666666667
1 0.3837962962962963 0.509375 0.30277777777777776 0.19010416666666666