0 0.12467447916666667 0.21240234375 0.064453125 0.04736328125
0 0.5732421875 0.27734375 0.050130208333333336 0.03271484375
0 0.7340494791666666 0.30078125 0.020833333333333332 0.02001953125
0 0.0712890625 0.23095703125 0.032552083333333336 0.03955078125
0 0.7766927083333334 0.306884765625 0.044921875 0.033203125
0 0.7236328125 0.30615234375 0.016276041666666668 0.021484375
0 0.23209635416666666 0.008056640625 0.044921875 0.01611328125
0 0.9658203125 0.359130859375 0.068359375 0.07177734375
0 0.13020833333333334 0.277099609375 0.07421875 0.068359375
0 0.3828125 0.315185546875 0.047526041666666664 0.03271484375
0 0.8180338541666666 0.367431640625 0.09049479166666667 0.076171875
0 0.4736328125 0.33544921875 0.03515625 0.029296875
0 0.15266927083333334 0.31201171875 0.07877604166666667 0.06298828125
0 0.040364583333333336 0.31103515625 0.026692708333333332 0.04150390625
0 0.5764973958333334 0.38720703125 0.080078125 0.11328125
0 0.2197265625 0.35693359375 0.055989583333333336 0.03662109375
0 0.9723307291666666 0.45263671875 0.055338541666666664 0.0751953125
0 0.83984375 0.454833984375 0.012369791666666666 0.01025390625
0 0.6848958333333334 0.450439453125 0.061197916666666664 0.04541015625
0 0.4583333333333333 0.4384765625 0.025390625 0.01904296875
0 0.3186848958333333 0.44287109375 0.048177083333333336 0.03271484375
0 0.58984375 0.477294921875 0.052734375 0.0419921875
0 0.2060546875 0.4375 0.059895833333333336 0.0390625
0 0.8470052083333334 0.507568359375 0.010416666666666666 0.00830078125
0 0.8170572916666666 0.5068359375 0.059244791666666664 0.09130859375
0 0.6744791666666666 0.49072265625 0.06640625 0.044921875
0 0.4537760416666667 0.472412109375 0.030598958333333332 0.0244140625
0 0.9495442708333334 0.529541015625 0.024739583333333332 0.0205078125
0 0.2542317708333333 0.4853515625 0.049479166666666664 0.0341796875
0 0.021484375 0.499267578125 0.04296875 0.06396484375
0 0.4925130208333333 0.58251953125 0.11328125 0.099609375
0 0.3489583333333333 0.57568359375 0.07291666666666667 0.06298828125
0 0.20930989583333334 0.577392578125 0.03125 0.0185546875
0 0.23209635416666666 0.61083984375 0.06705729166666667 0.05419921875
0 0.011067708333333334 0.58935546875 0.022135416666666668 0.056640625
0 0.9371744791666666 0.693115234375 0.06770833333333333 0.04296875
0 0.6829427083333334 0.670654296875 0.025390625 0.021484375
0 0.5559895833333334 0.7060546875 0.012369791666666666 0.01611328125
0 0.7366536458333334 0.738525390625 0.07747395833333333 0.06103515625
0 0.8212890625 0.784912109375 0.07877604166666667 0.0546875
0 0.92578125 0.831298828125 0.037109375 0.02734375
0 0.8333333333333334 0.8291015625 0.052734375 0.04443359375
0 0.4466145833333333 0.8173828125 0.026692708333333332 0.02587890625
0 0.1279296875 0.83984375 0.061848958333333336 0.048828125
0 0.24283854166666666 0.880126953125 0.07747395833333333 0.060546875
0 0.2197265625 0.061767578125 0.024739583333333332 0.01953125
0 0.4521484375 0.092529296875 0.048828125 0.02783203125
0 0.7737630208333334 0.13037109375 0.0625 0.046875
0 0.5514322916666666 0.113525390625 0.052083333333333336 0.06201171875
0 0.99609375 0.170166015625 0.0078125 0.02587890625
0 0.6686197916666666 0.140625 0.035807291666666664 0.02734375
0 0.26171875 0.112548828125 0.045572916666666664 0.03125
0 0.4729817708333333 0.138671875 0.05859375 0.05078125
0 0.7444661458333334 0.18115234375 0.040364583333333336 0.02587890625
0 0.9020182291666666 0.20654296875 0.1171875 0.0888671875
0 0.9944661458333334 0.2197265625 0.011067708333333334 0.029296875
0 0.357421875 0.16943359375 0.035807291666666664 0.03759765625
0 0.24869791666666666 0.18212890625 0.045572916666666664 0.02880859375
0 0.5755208333333334 0.216552734375 0.047526041666666664 0.033203125
0 0.8193359375 0.251220703125 0.040364583333333336 0.02783203125
0 0.6930338541666666 0.23876953125 0.09700520833333333 0.07763671875
0 0.9938151041666666 0.2763671875 0.012369791666666666 0.029296875
0 0.435546875 0.22998046875 0.09049479166666667 0.06103515625
1 0.13802083333333334 0.25634765625 0.2532552083333333 0.35546875
0 0.5244140625 0.124755859375 0.02734375 0.03466796875
1 0.4680989583333333 0.115478515625 0.23502604166666666 0.193359375
1 0.9267578125 0.516357421875 0.146484375 0.07275390625
1 0.8717447916666666 0.495361328125 0.11393229166666667 0.1015625
1 0.7721354166666666 0.605224609375 0.3352864583333333 0.12939453125
1 0.4908854166666667 0.751953125 0.21028645833333334 0.35546875
1 0.337890625 0.736328125 0.12174479166666667 0.15283203125
1 0.21354166666666666 0.5654296875 0.2421875 0.07763671875
1 0.0380859375 0.7333984375 0.076171875 0.1552734375