0 0.2623697916666667 0.245849609375 0.018880208333333332 0.015625
0 0.91015625 0.2548828125 0.044921875 0.02783203125
0 0.3912760416666667 0.251953125 0.032552083333333336 0.0302734375
0 0.5966796875 0.257080078125 0.021484375 0.01708984375
0 0.16829427083333334 0.2548828125 0.034505208333333336 0.0185546875
0 0.7652994791666666 0.265625 0.033854166666666664 0.02099609375
0 0.9651692708333334 0.271240234375 0.035807291666666664 0.02099609375
0 0.2887369791666667 0.264892578125 0.016927083333333332 0.015625
0 0.4772135416666667 0.269287109375 0.022786458333333332 0.01611328125
0 0.6295572916666666 0.280029296875 0.0234375 0.01611328125
0 0.7998046875 0.2861328125 0.036458333333333336 0.021484375
0 0.10514322916666667 0.284423828125 0.022135416666666668 0.017578125
0 0.7340494791666666 0.296875 0.030598958333333332 0.03173828125
0 0.6350911458333334 0.004638671875 0.022786458333333332 0.00634765625
0 0.3997395833333333 0.299560546875 0.01953125 0.01708984375
0 0.7119140625 0.033447265625 0.03515625 0.02197265625
0 0.91015625 0.3115234375 0.029296875 0.02392578125
0 0.3424479166666667 0.306884765625 0.032552083333333336 0.029296875
0 0.4833984375 0.315673828125 0.017578125 0.01513671875
0 0.2041015625 0.31884765625 0.018880208333333332 0.01513671875
0 0.15657552083333334 0.321533203125 0.022135416666666668 0.01513671875
0 0.3776041666666667 0.326904296875 0.01953125 0.0146484375
0 0.568359375 0.333984375 0.037109375 0.02880859375
0 0.80859375 0.33837890625 0.044270833333333336 0.03271484375
0 0.4580078125 0.34375 0.018229166666666668 0.01220703125
0 0.9619140625 0.350830078125 0.036458333333333336 0.0234375
0 0.3538411458333333 0.349609375 0.020833333333333332 0.0166015625
0 0.3079427083333333 0.35302734375 0.037760416666666664 0.0205078125
0 0.845703125 0.3662109375 0.046875 0.02392578125
0 0.20703125 0.359375 0.025390625 0.01708984375
0 0.9098307291666666 0.37060546875 0.04296875 0.02783203125
0 0.099609375 0.36083984375 0.021484375 0.01220703125
0 0.3805338541666667 0.37060546875 0.01953125 0.015625
0 0.6956380208333334 0.376953125 0.030598958333333332 0.02392578125
0 0.6383463541666666 0.378173828125 0.026041666666666668 0.015625
0 0.5696614583333334 0.38232421875 0.0390625 0.02734375
0 0.5188802083333334 0.385009765625 0.020833333333333332 0.01416015625
0 0.7379557291666666 0.398193359375 0.044270833333333336 0.03271484375
0 0.3603515625 0.39501953125 0.01953125 0.015625
0 0.2626953125 0.394775390625 0.024088541666666668 0.01904296875
0 0.2041015625 0.39794921875 0.020182291666666668 0.017578125
0 0.09537760416666667 0.4013671875 0.022135416666666668 0.0126953125
0 0.4381510416666667 0.410888671875 0.033854166666666664 0.0205078125
0 0.8450520833333334 0.4169921875 0.020833333333333332 0.01318359375
0 0.3893229166666667 0.41552734375 0.018229166666666668 0.01123046875
0 0.2890625 0.417724609375 0.033854166666666664 0.02294921875
0 0.9638671875 0.428955078125 0.0546875 0.03564453125
0 0.5751953125 0.4287109375 0.040364583333333336 0.02587890625
0 0.5224609375 0.431396484375 0.016927083333333332 0.0107421875
0 0.8834635416666666 0.442138671875 0.046223958333333336 0.02734375
0 0.8098958333333334 0.445068359375 0.032552083333333336 0.02099609375
0 0.14713541666666666 0.439697265625 0.020833333333333332 0.015625
0 0.6744791666666666 0.449462890625 0.041666666666666664 0.01953125
0 0.037109375 0.442138671875 0.021484375 0.01318359375
0 0.4436848958333333 0.453369140625 0.029947916666666668 0.0234375
0 0.2861328125 0.456787109375 0.02734375 0.0185546875
0 0.23209635416666666 0.45751953125 0.03125 0.0263671875
0 0.1728515625 0.46044921875 0.044270833333333336 0.02734375
0 0.7740885416666666 0.470947265625 0.021484375 0.01611328125
0 0.01171875 0.46240234375 0.022135416666666668 0.0185546875
0 0.708984375 0.473876953125 0.022786458333333332 0.01416015625
0 0.5859375 0.474365234375 0.029947916666666668 0.01904296875
0 0.6451822916666666 0.47607421875 0.036458333333333336 0.0185546875
0 0.4186197916666667 0.47802734375 0.030598958333333332 0.0185546875
0 0.2548828125 0.478759765625 0.032552083333333336 0.025390625
0 0.3108723958333333 0.47998046875 0.024739583333333332 0.01416015625
0 0.09147135416666667 0.482421875 0.026041666666666668 0.01953125
0 0.8844401041666666 0.494873046875 0.02734375 0.0166015625
0 0.5013020833333334 0.498046875 0.018229166666666668 0.01416015625
0 0.3365885416666667 0.496337890625 0.034505208333333336 0.0234375
0 0.962890625 0.504638671875 0.029296875 0.015625
0 0.3971354166666667 0.49951171875 0.029947916666666668 0.0244140625
0 0.11328125 0.502685546875 0.020833333333333332 0.013671875
0 0.6468098958333334 0.5185546875 0.024088541666666668 0.017578125
0 0.5315755208333334 0.51953125 0.036458333333333336 0.017578125
0 0.30859375 0.521484375 0.024739583333333332 0.01513671875
0 0.9075520833333334 0.5302734375 0.029947916666666668 0.01953125
0 0.25390625 0.521728515625 0.021484375 0.0185546875
0 0.19791666666666666 0.521484375 0.031901041666666664 0.02587890625
0 0.028971354166666668 0.51953125 0.057942708333333336 0.0390625
0 0.14192708333333334 0.523193359375 0.027994791666666668 0.015625
0 0.9625651041666666 0.540283203125 0.027994791666666668 0.01318359375
0 0.6839192708333334 0.54248046875 0.026041666666666668 0.01416015625
0 0.7451171875 0.543212890625 0.022135416666666668 0.017578125
0 0.4501953125 0.540283203125 0.016276041666666668 0.013671875
0 0.5628255208333334 0.542236328125 0.031901041666666664 0.025390625
0 0.3369140625 0.540771484375 0.028645833333333332 0.02392578125
0 0.22493489583333334 0.543701171875 0.020182291666666668 0.02099609375
0 0.7815755208333334 0.567626953125 0.03125 0.015625
0 0.4814453125 0.563720703125 0.032552083333333336 0.02490234375
0 0.13704427083333334 0.564208984375 0.022786458333333332 0.02490234375
0 0.07975260416666667 0.56787109375 0.03515625 0.03271484375
0 0.3951822916666667 0.5830078125 0.024739583333333332 0.01806640625
0 0.56640625 0.5859375 0.026041666666666668 0.01708984375
0 0.28125 0.5859375 0.026692708333333332 0.01806640625
0 0.337890625 0.586669921875 0.020182291666666668 0.01513671875
0 0.8870442708333334 0.594482421875 0.03125 0.021484375
0 0.16341145833333334 0.587890625 0.024088541666666668 0.01953125
0 0.6569010416666666 0.609375 0.024739583333333332 0.01220703125
0 0.2513020833333333 0.609130859375 0.027994791666666668 0.02001953125
0 0.19270833333333334 0.609375 0.015625 0.0146484375
0 0.6292317708333334 0.631103515625 0.020833333333333332 0.01416015625
0 0.3922526041666667 0.62841796875 0.026692708333333332 0.01513671875
0 0.5068359375 0.63037109375 0.033203125 0.021484375
0 0.9013671875 0.068603515625 0.053385416666666664 0.03662109375
0 0.8229166666666666 0.641357421875 0.045572916666666664 0.01953125
0 0.890625 0.643310546875 0.02734375 0.0126953125
0 0.4794921875 0.651123046875 0.01171875 0.0107421875
0 0.5413411458333334 0.65185546875 0.035807291666666664 0.0234375
0 0.8580729166666666 0.663330078125 0.031901041666666664 0.0166015625
0 0.017903645833333332 0.65234375 0.01953125 0.01708984375
0 0.24446614583333334 0.65625 0.037109375 0.02392578125
0 0.4495442708333333 0.067138671875 0.038411458333333336 0.03173828125
0 0.9632161458333334 0.681396484375 0.028645833333333332 0.017578125
0 0.6956380208333334 0.677978515625 0.020833333333333332 0.01123046875
0 0.2750651041666667 0.67626953125 0.025390625 0.01953125
0 0.3323567708333333 0.677001953125 0.024088541666666668 0.02490234375
0 0.7542317708333334 0.071044921875 0.034505208333333336 0.02294921875
0 0.8245442708333334 0.68603515625 0.024088541666666668 0.01708984375
0 0.10384114583333333 0.677490234375 0.030598958333333332 0.01611328125
0 0.042643229166666664 0.6767578125 0.024739583333333332 0.017578125
0 0.6559244791666666 0.0703125 0.029947916666666668 0.01904296875
0 0.5390625 0.69775390625 0.025390625 0.02294921875
0 0.6009114583333334 0.69970703125 0.022135416666666668 0.015625
0 0.302734375 0.6982421875 0.024739583333333332 0.01806640625
0 0.6953125 0.724365234375 0.014973958333333334 0.01171875
0 0.44921875 0.722412109375 0.021484375 0.017578125
0 0.0390625 0.722412109375 0.021484375 0.01953125
0 0.54296875 0.7470703125 0.020833333333333332 0.015625
0 0.7923177083333334 0.75048828125 0.015625 0.0107421875
0 0.361328125 0.745361328125 0.016927083333333332 0.01513671875
0 0.302734375 0.7451171875 0.024088541666666668 0.02099609375
0 0.4192708333333333 0.7470703125 0.026041666666666668 0.017578125
0 0.18033854166666666 0.746337890625 0.024088541666666668 0.01611328125
0 0.2421875 0.7470703125 0.038411458333333336 0.0224609375
0 0.7620442708333334 0.7734375 0.025390625 0.0146484375
0 0.6350911458333334 0.772216796875 0.016927083333333332 0.01318359375
0 0.5133463541666666 0.771728515625 0.022786458333333332 0.013671875
0 0.20670572916666666 0.76806640625 0.029947916666666668 0.02099609375
0 0.3294270833333333 0.771728515625 0.034505208333333336 0.0244140625
0 0.09212239583333333 0.76953125 0.017578125 0.01806640625
0 0.896484375 0.784423828125 0.016276041666666668 0.0107421875
0 0.4182942708333333 0.7939453125 0.032552083333333336 0.0185546875
0 0.017252604166666668 0.79150390625 0.034505208333333336 0.0283203125
0 0.3597005208333333 0.796630859375 0.033854166666666664 0.017578125
0 0.11946614583333333 0.794921875 0.036458333333333336 0.02099609375
0 0.9674479166666666 0.111083984375 0.027994791666666668 0.02001953125
0 0.8665364583333334 0.110107421875 0.047526041666666664 0.0361328125
0 0.3717447916666667 0.107177734375 0.018229166666666668 0.0205078125
0 0.7203776041666666 0.12939453125 0.043619791666666664 0.0322265625
0 0.4889322916666667 0.136962890625 0.033203125 0.02783203125
0 0.2972005208333333 0.142822265625 0.037760416666666664 0.03466796875
0 0.24153645833333334 0.16259765625 0.016276041666666668 0.013671875
0 0.6223958333333334 0.16796875 0.04296875 0.03173828125
0 0.7991536458333334 0.17529296875 0.033854166666666664 0.02294921875
0 0.4098307291666667 0.176513671875 0.018880208333333332 0.01708984375
0 0.5576171875 0.181884765625 0.024739583333333332 0.02001953125
0 0.498046875 0.18994140625 0.0234375 0.0146484375
0 0.9095052083333334 0.1962890625 0.052083333333333336 0.04345703125
0 0.8404947916666666 0.2001953125 0.026041666666666668 0.01806640625
0 0.7613932291666666 0.20751953125 0.037760416666666664 0.0322265625
0 0.33203125 0.212646484375 0.021484375 0.01513671875
0 0.2799479166666667 0.216796875 0.03515625 0.02685546875
0 0.5621744791666666 0.234130859375 0.025390625 0.017578125
0 0.5035807291666666 0.23828125 0.029947916666666668 0.029296875
0 0.654296875 0.24365234375 0.048828125 0.03662109375
0 0.8723958333333334 0.029296875 0.027994791666666668 0.02001953125