0 0.2737630208333333 0.3017578125 0.08203125 0.046875
0 0.5309244791666666 0.30859375 0.17708333333333334 0.1259765625
0 0.9521484375 0.304931640625 0.08203125 0.11328125
0 0.8642578125 0.334228515625 0.11393229166666667 0.13134765625
0 0.025716145833333332 0.37353515625 0.051432291666666664 0.0712890625
0 0.09505208333333333 0.518310546875 0.048177083333333336 0.0380859375
0 0.4632161458333333 0.5087890625 0.061197916666666664 0.05126953125
0 0.5501302083333334 0.569091796875 0.080078125 0.05517578125
0 0.9169921875 0.560302734375 0.052083333333333336 0.03466796875
0 0.3902994791666667 0.71630859375 0.12434895833333333 0.087890625
0 0.5673828125 0.774658203125 0.09505208333333333 0.04443359375
0 0.8362630208333334 0.827880859375 0.09114583333333333 0.056640625
0 0.2962239583333333 0.851806640625 0.09830729166666667 0.06201171875
0 0.9596354166666666 0.885009765625 0.08072916666666667 0.06005859375
0 0.7486979166666666 0.88525390625 0.119140625 0.083984375
0 0.486328125 0.90625 0.040364583333333336 0.03173828125
0 0.4254557291666667 0.911376953125 0.042317708333333336 0.0244140625
0 0.123046875 0.925048828125 0.044270833333333336 0.0263671875
0 0.8134765625 0.20947265625 0.15625 0.08642578125
0 0.3551432291666667 0.230712890625 0.12109375 0.0751953125
0 0.17220052083333334 0.232421875 0.087890625 0.0537109375
0 0.07942708333333333 0.23681640625 0.15885416666666666 0.146484375
1 0.8385416666666666 0.257080078125 0.3170572916666667 0.37744140625
0 0.9397786458333334 0.20703125 0.02734375 0.03271484375
0 0.958984375 0.2138671875 0.018880208333333332 0.02880859375