0 0.6832682291666666 0.268310546875 0.060546875 0.03955078125
0 0.3658854166666667 0.26708984375 0.060546875 0.03955078125
0 0.796875 0.2978515625 0.04296875 0.03466796875
0 0.13248697916666666 0.26220703125 0.022786458333333332 0.02685546875
0 0.2779947916666667 0.285888671875 0.072265625 0.05615234375
0 0.03125 0.272705078125 0.015625 0.03564453125
0 0.873046875 0.35595703125 0.0390625 0.033203125
0 0.9931640625 0.364013671875 0.013671875 0.01611328125
0 0.9934895833333334 0.37548828125 0.013020833333333334 0.08203125
0 0.9557291666666666 0.3798828125 0.048177083333333336 0.07666015625
0 0.44140625 0.36328125 0.05078125 0.03466796875
0 0.14615885416666666 0.344482421875 0.19856770833333334 0.11376953125
0 0.5426432291666666 0.370849609375 0.13932291666666666 0.12548828125
0 0.023763020833333332 0.34619140625 0.018880208333333332 0.03271484375
0 0.8544921875 0.43017578125 0.028645833333333332 0.017578125
0 0.4635416666666667 0.040283203125 0.09375 0.08056640625
0 0.421875 0.4404296875 0.07421875 0.03564453125
0 0.7649739583333334 0.475830078125 0.07291666666666667 0.0458984375
0 0.6923828125 0.475830078125 0.037760416666666664 0.01904296875
0 0.23111979166666666 0.446533203125 0.020833333333333332 0.01513671875
0 0.875 0.490234375 0.07877604166666667 0.05322265625
0 0.25 0.45947265625 0.026041666666666668 0.0224609375
0 0.5999348958333334 0.493896484375 0.021484375 0.01318359375
0 0.33203125 0.482177734375 0.1015625 0.08642578125
0 0.255859375 0.504150390625 0.048177083333333336 0.02783203125
0 0.5065104166666666 0.5224609375 0.07421875 0.03125
0 0.5833333333333334 0.531494140625 0.021484375 0.01318359375
0 0.8798828125 0.553955078125 0.038411458333333336 0.02783203125
0 0.16373697916666666 0.50830078125 0.029296875 0.017578125
0 0.9329427083333334 0.559326171875 0.05078125 0.05322265625
0 0.7486979166666666 0.552978515625 0.0546875 0.056640625
0 0.6510416666666666 0.566650390625 0.07682291666666667 0.083984375
0 0.490234375 0.590087890625 0.052734375 0.03857421875
0 0.818359375 0.627685546875 0.034505208333333336 0.02197265625
0 0.609375 0.619873046875 0.020833333333333332 0.01806640625
0 0.3909505208333333 0.611572265625 0.0703125 0.04345703125
0 0.1943359375 0.603515625 0.048828125 0.02099609375
0 0.7607421875 0.65576171875 0.055338541666666664 0.03369140625
0 0.8909505208333334 0.671142578125 0.054036458333333336 0.052734375
0 0.4287109375 0.645751953125 0.055338541666666664 0.0322265625
0 0.2763671875 0.64013671875 0.12955729166666666 0.1083984375
0 0.6611328125 0.671875 0.033854166666666664 0.02587890625
0 0.7096354166666666 0.679443359375 0.038411458333333336 0.025390625
0 0.8385416666666666 0.697265625 0.06640625 0.05419921875
0 0.3642578125 0.67236328125 0.10611979166666667 0.0927734375
0 0.5172526041666666 0.6943359375 0.080078125 0.04150390625
0 0.26171875 0.698486328125 0.10481770833333333 0.060546875
0 0.216796875 0.053466796875 0.09635416666666667 0.07568359375
0 0.662109375 0.756103515625 0.024739583333333332 0.015625
0 0.7607421875 0.78125 0.053385416666666664 0.04150390625
0 0.4300130208333333 0.763427734375 0.08072916666666667 0.05029296875
0 0.5325520833333334 0.780517578125 0.027994791666666668 0.017578125
0 0.5758463541666666 0.784423828125 0.0234375 0.01708984375
0 0.3557942708333333 0.7734375 0.027994791666666668 0.0244140625
0 0.6009114583333334 0.818359375 0.19661458333333334 0.11962890625
0 0.4469401041666667 0.821533203125 0.07486979166666667 0.04833984375
0 0.7327473958333334 0.85693359375 0.053385416666666664 0.04833984375
0 0.6774088541666666 0.861083984375 0.053385416666666664 0.03173828125
0 0.6803385416666666 0.1015625 0.057291666666666664 0.041015625
0 0.6145833333333334 0.928955078125 0.059244791666666664 0.03955078125
0 0.8365885416666666 0.11865234375 0.024088541666666668 0.02197265625
0 0.2701822916666667 0.11279296875 0.072265625 0.04150390625
0 0.8870442708333334 0.1611328125 0.026692708333333332 0.01806640625
0 0.9619140625 0.17578125 0.076171875 0.1796875
0 0.10221354166666667 0.1220703125 0.046875 0.03564453125
0 0.5006510416666666 0.164306640625 0.21484375 0.140625
0 0.7242838541666666 0.186279296875 0.059244791666666664 0.04052734375
0 0.20442708333333334 0.17138671875 0.07161458333333333 0.041015625
0 0.9069010416666666 0.223388671875 0.08072916666666667 0.05859375
0 0.059895833333333336 0.198974609375 0.049479166666666664 0.0419921875
0 0.3450520833333333 0.23291015625 0.07356770833333333 0.0458984375
0 0.81640625 0.791748046875 0.010416666666666666 0.005859375
0 0.8450520833333334 0.7509765625 0.01171875 0.01708984375
0 0.8470052083333334 0.757080078125 0.011067708333333334 0.01171875
0 0.869140625 0.759033203125 0.026692708333333332 0.0322265625
0 0.8792317708333334 0.76708984375 0.0078125 0.0107421875
0 0.87890625 0.7744140625 0.013671875 0.0234375
0 0.869140625 0.786865234375 0.0078125 0.01025390625
0 0.8453776041666666 0.789306640625 0.041015625 0.04833984375
0 0.8444010416666666 0.813232421875 0.022135416666666668 0.02294921875
0 0.8271484375 0.831787109375 0.020182291666666668 0.02392578125
0 0.8102213541666666 0.854248046875 0.027994791666666668 0.03271484375
0 0.7962239583333334 0.885986328125 0.020833333333333332 0.01904296875
0 0.8343098958333334 0.871337890625 0.0078125 0.0078125
0 0.8089192708333334 0.893310546875 0.0625 0.080078125
0 0.8346354166666666 0.840576171875 0.018880208333333332 0.0185546875
0 0.896484375 0.73046875 0.038411458333333336 0.046875
0 0.9182942708333334 0.701416015625 0.018880208333333332 0.01123046875
0 0.9410807291666666 0.664306640625 0.014322916666666666 0.025390625
0 0.923828125 0.63623046875 0.041015625 0.041015625
0 0.9632161458333334 0.4833984375 0.014973958333333334 0.01611328125
0 0.9830729166666666 0.48583984375 0.033854166666666664 0.07421875
0 0.9739583333333334 0.494384765625 0.024739583333333332 0.03369140625
0 0.9856770833333334 0.4990234375 0.013020833333333334 0.01220703125
0 0.9694010416666666 0.525390625 0.012369791666666666 0.01904296875
0 0.9671223958333334 0.541015625 0.008463541666666666 0.01416015625
0 0.9752604166666666 0.514892578125 0.0078125 0.0087890625
0 0.9404296875 0.584228515625 0.07877604166666667 0.11279296875
0 0.9560546875 0.60791015625 0.008463541666666666 0.005859375
0 0.9498697916666666 0.61669921875 0.01171875 0.01220703125
0 0.990234375 0.4423828125 0.015625 0.0146484375
0 0.998046875 0.32421875 0.00390625 0.0205078125
0 0.9983723958333334 0.306396484375 0.0032552083333333335 0.01513671875
0 0.7447916666666666 0.445068359375 0.020833333333333332 0.0126953125
0 0.7467447916666666 0.452392578125 0.020182291666666668 0.01025390625
1 0.8053385416666666 0.38720703125 0.3118489583333333 0.2802734375
1 0.9443359375 0.663818359375 0.022786458333333332 0.04248046875
1 0.9098307291666666 0.67333984375 0.055989583333333336 0.07275390625
1 0.9524739583333334 0.609619140625 0.015625 0.01611328125
1 0.841796875 0.836669921875 0.025390625 0.04248046875
1 0.3782552083333333 0.65771484375 0.21744791666666666 0.1865234375
1 0.2952473958333333 0.474853515625 0.2610677083333333 0.201171875
0 0.0361328125 0.436279296875 0.021484375 0.013671875
0 0.0302734375 0.5087890625 0.046223958333333336 0.0302734375
0 0.010091145833333334 0.532958984375 0.020182291666666668 0.03173828125
0 0.05859375 0.568603515625 0.032552083333333336 0.01513671875
0 0.076171875 0.5859375 0.031901041666666664 0.01513671875
0 0.15950520833333334 0.605224609375 0.11328125 0.06884765625
0 0.13118489583333334 0.636474609375 0.026041666666666668 0.0166015625
0 0.06477864583333333 0.634765625 0.018229166666666668 0.03564453125
0 0.15364583333333334 0.68505859375 0.033854166666666664 0.01806640625
0 0.14029947916666666 0.692626953125 0.030598958333333332 0.0205078125
0 0.21419270833333334 0.704833984375 0.047526041666666664 0.03076171875
0 0.17578125 0.719482421875 0.01171875 0.0078125
0 0.2802734375 0.743408203125 0.022786458333333332 0.0185546875
0 0.2721354166666667 0.756591796875 0.024088541666666668 0.01708984375
0 0.2776692708333333 0.802978515625 0.037760416666666664 0.02392578125
0 0.3404947916666667 0.837158203125 0.03515625 0.025390625
0 0.3297526041666667 0.884765625 0.02734375 0.03173828125
1 0.08333333333333333 0.636962890625 0.033203125 0.0478515625
1 0.0625 0.531982421875 0.125 0.17724609375
1 0.2620442708333333 0.104248046875 0.205078125 0.20849609375
0 0.16764322916666666 0.134521484375 0.025390625 0.0771484375