0 0.015722222222222224 0.5565729166666666 0.02588888888888889 0.024598958333333344
0 0.10017592592592592 0.5626458333333333 0.028129629629629626 0.015916666666666638
0 0.27051851851851855 0.5684375 0.059546296296296354 0.030625000000000093
0 0.4138055555555556 0.609921875 0.04612962962962967 0.026088541666666742
0 0.11849074074074074 0.618984375 0.02956481481481482 0.011932291666666591
0 0.18677777777777776 0.06388541666666667 0.08097222222222221 0.037140625000000003
0 0.8882129629629629 0.6920416666666667 0.09679629629629627 0.05075520833333324
0 0.6602685185185185 0.072609375 0.10756481481481488 0.06188020833333333
0 0.4768611111111111 0.7753229166666666 0.07224074074074073 0.03501562500000001
0 0.5361111111111111 0.08803645833333333 0.09814814814814815 0.05940625
0 0.9067314814814814 0.10017708333333333 0.06901851851851848 0.035770833333333335
0 0.08062962962962963 0.10502083333333333 0.10199074074074074 0.05900520833333333
0 0.811787037037037 0.1463125 0.0698703703703704 0.03533333333333335
0 0.12125925925925926 0.15381770833333333 0.05177777777777779 0.03784374999999998
0 0.9280277777777778 0.17471354166666667 0.044935185185185265 0.03171874999999999
0 0.24336111111111108 0.18252604166666667 0.0182037037037037 0.017140624999999982
0 0.7187962962962963 0.19967708333333334 0.03389814814814805 0.01810416666666666
0 0.6340277777777777 0.21728125 0.08658333333333333 0.04914583333333334
0 0.9718518518518517 0.21744791666666666 0.03258333333333338 0.02031770833333333
0 0.8347222222222223 0.22428645833333333 0.0712962962962963 0.03503124999999999
0 0.3361388888888889 0.023781249999999997 0.10006481481481476 0.04755729166666667
0 0.48467592592592595 0.2615989583333333 0.08601851851851855 0.05028645833333331
0 0.925 0.027083333333333334 0.14814814814814814 0.05416666666666667
0 0.17166666666666666 0.2955625 0.037768518518518535 0.027583333333333352
0 0.54825 0.31209375 0.02242592592592595 0.015854166666666693
0 0.8580740740740741 0.32533854166666665 0.07170370370370376 0.08088541666666664
0 0.7552129629629629 0.03271875 0.09189814814814815 0.02584895833333334
0 0.18174074074074073 0.3286145833333334 0.024601851851851847 0.02077083333333339
0 0.09009259259259259 0.3297083333333333 0.04129629629629629 0.018796874999999956
0 0.43601851851851847 0.34793229166666667 0.08500925925925922 0.052114583333333304
0 0.7462685185185185 0.35468229166666665 0.04252777777777784 0.020817708333333348
0 0.13339814814814815 0.360046875 0.027907407407407395 0.015927083333333297
0 0.9355370370370372 0.3940416666666666 0.043287037037037145 0.021416666666666608
0 0.04175 0.39813541666666663 0.04645370370370371 0.02440104166666662
0 0.6600555555555556 0.40790104166666663 0.12011111111111114 0.04496874999999996
0 0.6892777777777778 0.45416666666666666 0.03966666666666659 0.031255208333333326
0 0.4225462962962963 0.497125 0.08398148148148152 0.05570833333333335
0 0.37060185185185185 0.5153020833333334 0.09860185185185186 0.06080729166666673
1 0.19496296296296298 0.6958749999999999 0.15008333333333337 0.07931770833333332
1 0.08650925925925927 0.5924322916666667 0.17300925925925928 0.1245833333333333
1 0.12953703703703703 0.3388385416666667 0.25525925925925924 0.3703125
1 0.4273703703703704 0.17373958333333334 0.1940092592592593 0.07258854166666667
1 0.5179444444444444 0.32326041666666666 0.16288888888888892 0.10802083333333339
1 0.6199722222222223 0.4555208333333333 0.17472222222222225 0.08032812500000001
1 0.383 0.5059427083333333 0.28640740740740733 0.18212500000000004