0 0.7395833333333334 0.310791015625 0.08528645833333333 0.0498046875
0 0.482421875 0.3076171875 0.18489583333333334 0.13232421875
0 0.062174479166666664 0.287353515625 0.08919270833333333 0.11572265625
0 0.14778645833333334 0.320068359375 0.12239583333333333 0.134765625
0 0.9772135416666666 0.392578125 0.045572916666666664 0.0732421875
0 0.9029947916666666 0.5341796875 0.050130208333333336 0.0400390625
0 0.5361328125 0.51025390625 0.064453125 0.05322265625
0 0.4449869791666667 0.56689453125 0.08333333333333333 0.05810546875
0 0.0791015625 0.5439453125 0.0546875 0.03662109375
0 0.5944010416666666 0.720458984375 0.12955729166666666 0.09228515625
0 0.4134114583333333 0.771728515625 0.09765625 0.0478515625
0 0.14127604166666666 0.814208984375 0.09440104166666667 0.0595703125
0 0.6790364583333334 0.859375 0.10221354166666667 0.0654296875
0 0.027994791666666668 0.865966796875 0.055989583333333336 0.06396484375
0 0.22493489583333334 0.875 0.12434895833333333 0.08837890625
0 0.4853515625 0.90625 0.042317708333333336 0.033203125
0 0.5458984375 0.913818359375 0.043619791666666664 0.02587890625
0 0.8466796875 0.939453125 0.045572916666666664 0.0283203125
0 0.20735677083333334 0.197509765625 0.16145833333333334 0.09228515625
0 0.6634114583333334 0.23681640625 0.12565104166666666 0.07958984375
0 0.8460286458333334 0.245849609375 0.09114583333333333 0.056640625
0 0.9270833333333334 0.25439453125 0.14583333333333334 0.15234375
1 0.17903645833333334 0.244140625 0.341796875 0.3876953125
0 0.08138020833333333 0.190185546875 0.029947916666666668 0.03369140625
0 0.0615234375 0.1962890625 0.020833333333333332 0.029296875