0 0.4674479166666667 0.25732421875 0.033854166666666664 0.02734375
0 0.058268229166666664 0.22265625 0.012369791666666666 0.01220703125
0 0.986328125 0.35400390625 0.020833333333333332 0.03759765625
0 0.650390625 0.315673828125 0.056640625 0.0498046875
0 0.2718098958333333 0.276123046875 0.06380208333333333 0.0419921875
0 0.2731119791666667 0.2763671875 0.06575520833333333 0.04443359375
0 0.8587239583333334 0.361572265625 0.05859375 0.0380859375
0 0.7740885416666666 0.3544921875 0.10416666666666667 0.06591796875
0 0.4026692708333333 0.330810546875 0.03125 0.021484375
0 0.7532552083333334 0.059326171875 0.13541666666666666 0.08349609375
0 0.053385416666666664 0.3076171875 0.04296875 0.03662109375
0 0.9615885416666666 0.427734375 0.020182291666666668 0.01708984375
0 0.2584635416666667 0.3486328125 0.150390625 0.12158203125
0 0.8382161458333334 0.424072265625 0.050130208333333336 0.0361328125
0 0.6608072916666666 0.410400390625 0.068359375 0.0498046875
0 0.4576822916666667 0.400146484375 0.057291666666666664 0.048828125
0 0.3154296875 0.39990234375 0.035807291666666664 0.02294921875
0 0.8844401041666666 0.474365234375 0.059244791666666664 0.04296875
0 0.9677734375 0.487060546875 0.064453125 0.06982421875
0 0.7740885416666666 0.481689453125 0.07161458333333333 0.04736328125
0 0.8899739583333334 0.522705078125 0.07552083333333333 0.0576171875
0 0.390625 0.50341796875 0.08984375 0.05322265625
0 0.8326822916666666 0.556884765625 0.033203125 0.02001953125
0 0.5751953125 0.5302734375 0.09505208333333333 0.0693359375
0 0.6708984375 0.549560546875 0.028645833333333332 0.0283203125
0 0.3001302083333333 0.50732421875 0.033203125 0.01806640625
0 0.1484375 0.5107421875 0.17513020833333334 0.1279296875
0 0.23958333333333334 0.53076171875 0.030598958333333332 0.0185546875
0 0.9537760416666666 0.61767578125 0.0625 0.0478515625
0 0.018880208333333332 0.512451171875 0.037760416666666664 0.04443359375
0 0.546875 0.5751953125 0.022135416666666668 0.0185546875
0 0.6178385416666666 0.587646484375 0.06640625 0.03662109375
0 0.3095703125 0.552490234375 0.046875 0.03076171875
0 0.5270182291666666 0.618408203125 0.036458333333333336 0.02734375
0 0.6005859375 0.631591796875 0.053385416666666664 0.03759765625
0 0.6852213541666666 0.64404296875 0.029947916666666668 0.02099609375
0 0.7890625 0.656982421875 0.07096354166666667 0.04345703125
0 0.3108723958333333 0.60595703125 0.02734375 0.01513671875
0 0.0546875 0.592041015625 0.060546875 0.0361328125
0 0.1083984375 0.619140625 0.07356770833333333 0.04248046875
0 0.5338541666666666 0.676025390625 0.031901041666666664 0.02587890625
0 0.2630208333333333 0.658203125 0.07552083333333333 0.0546875
0 0.9150390625 0.74169921875 0.08919270833333333 0.09130859375
0 0.1884765625 0.667236328125 0.024739583333333332 0.01513671875
0 0.6552734375 0.72900390625 0.041015625 0.0234375
0 0.7727864583333334 0.7529296875 0.07161458333333333 0.0537109375
0 0.1220703125 0.676513671875 0.026041666666666668 0.01904296875
0 0.4869791666666667 0.726318359375 0.09700520833333333 0.06591796875
0 0.3154296875 0.70947265625 0.024088541666666668 0.01318359375
0 0.059244791666666664 0.686279296875 0.11848958333333333 0.07177734375
0 0.3974609375 0.73291015625 0.09049479166666667 0.06689453125
0 0.6243489583333334 0.7783203125 0.08138020833333333 0.04248046875
0 0.18326822916666666 0.726806640625 0.026692708333333332 0.015625
0 0.23990885416666666 0.736572265625 0.016927083333333332 0.00927734375
0 0.8805338541666666 0.83984375 0.028645833333333332 0.0185546875
0 0.5452473958333334 0.800048828125 0.041015625 0.0302734375
0 0.3255208333333333 0.77685546875 0.0625 0.04833984375
0 0.18684895833333334 0.764892578125 0.08658854166666667 0.0546875
0 0.6702473958333334 0.839599609375 0.041015625 0.0205078125
0 0.2639973958333333 0.8369140625 0.025390625 0.02099609375
0 0.6018880208333334 0.90673828125 0.11263020833333333 0.0595703125
0 0.3287760416666667 0.068359375 0.061197916666666664 0.037109375
0 0.9371744791666666 0.14111328125 0.12109375 0.08837890625
0 0.4772135416666667 0.0869140625 0.205078125 0.13232421875
0 0.8177083333333334 0.191162109375 0.046223958333333336 0.0341796875
0 0.1220703125 0.113525390625 0.11263020833333333 0.11865234375
0 0.3544921875 0.153076171875 0.09765625 0.04638671875
0 0.5068359375 0.183349609375 0.087890625 0.0751953125
0 0.23795572916666666 0.154541015625 0.06705729166666667 0.04296875
0 0.8134765625 0.2421875 0.032552083333333336 0.0302734375
0 0.9059244791666666 0.260986328125 0.06575520833333333 0.0419921875
0 0.5852864583333334 0.230224609375 0.11263020833333333 0.08349609375
0 0.7141927083333334 0.263427734375 0.10677083333333333 0.0830078125
1 0.5699869791666666 0.54931640625 0.24609375 0.1669921875
1 0.9527994791666666 0.352783203125 0.09440104166666667 0.07470703125
1 0.9215494791666666 0.489990234375 0.15690104166666666 0.15380859375
0 0.6451822916666666 0.808349609375 0.041666666666666664 0.03662109375
1 0.9140625 0.740478515625 0.10807291666666667 0.13720703125