0 0.011111111111111112 0.51328125 0.022222222222222223 0.0265625
0 0.0875 0.5265625 0.032407407407407406 0.018229166666666668
0 0.25416666666666665 0.5473958333333333 0.06759259259259259 0.035416666666666666
0 0.38425925925925924 0.6010416666666667 0.05277777777777778 0.0296875
0 0.09027777777777778 0.5838541666666667 0.032407407407407406 0.014583333333333334
0 0.31203703703703706 0.041666666666666664 0.09074074074074075 0.04375
0 0.8300925925925926 0.7239583333333334 0.10925925925925926 0.058854166666666666
0 0.7773148148148148 0.09192708333333334 0.12314814814814815 0.07083333333333333
0 0.40046296296296297 0.7697916666666667 0.08148148148148149 0.04114583333333333
0 0.6504629629629629 0.09635416666666667 0.11388888888888889 0.0671875
0 0.987037037037037 0.14088541666666668 0.025925925925925925 0.04114583333333333
0 0.19583333333333333 0.07291666666666667 0.1175925925925926 0.0671875
0 0.9064814814814814 0.178125 0.0787037037037037 0.04114583333333333
0 0.2222222222222222 0.12473958333333333 0.062037037037037036 0.0421875
0 0.9935185185185185 0.21614583333333334 0.012962962962962963 0.035416666666666666
0 0.3347222222222222 0.16380208333333332 0.023148148148148147 0.01875
0 0.799537037037037 0.22265625 0.03888888888888889 0.020833333333333332
0 0.7111111111111111 0.23255208333333333 0.09907407407407408 0.05625
0 0.9074074074074074 0.25703125 0.08055555555555556 0.040625
0 0.4699074074074074 0.021354166666666667 0.11203703703703703 0.042708333333333334
0 0.5513888888888889 0.26328125 0.09907407407407408 0.057291666666666664
0 0.2324074074074074 0.26927083333333335 0.04537037037037037 0.030729166666666665
0 0.6 0.31875 0.026851851851851852 0.017708333333333333
0 0.9023148148148148 0.35911458333333335 0.09351851851851851 0.08645833333333333
0 0.8819444444444444 0.0609375 0.09814814814814815 0.033854166666666664
0 0.23333333333333334 0.3026041666666667 0.02962962962962963 0.022916666666666665
0 0.1425925925925926 0.29583333333333334 0.046296296296296294 0.022395833333333334
0 0.4791666666666667 0.34427083333333336 0.09814814814814815 0.058854166666666666
0 0.7837962962962963 0.378125 0.04814814814814815 0.024479166666666666
0 0.17685185185185184 0.3294270833333333 0.032407407407407406 0.018229166666666668
0 0.9597222222222223 0.43359375 0.049074074074074076 0.025
0 0.07592592592592592 0.35911458333333335 0.05277777777777778 0.028125
0 0.6837962962962963 0.4231770833333333 0.13148148148148148 0.05520833333333333
0 0.6995370370370371 0.4713541666666667 0.04814814814814815 0.034375
0 0.42407407407407405 0.4903645833333333 0.09814814814814815 0.0625
0 0.3680555555555556 0.5036458333333333 0.11388888888888889 0.06875
1 0.14444444444444443 0.6666666666666666 0.17037037037037037 0.09166666666666666
1 0.08425925925925926 0.5549479166666667 0.1685185185185185 0.13802083333333334
1 0.1787037037037037 0.30833333333333335 0.35555555555555557 0.3880208333333333
1 0.5189814814814815 0.17135416666666667 0.21203703703703702 0.08854166666666667
1 0.5666666666666667 0.32708333333333334 0.19074074074074074 0.12083333333333333
1 0.6310185185185185 0.4666666666666667 0.19537037037037036 0.09479166666666666
1 0.38287037037037036 0.49557291666666664 0.3333333333333333 0.20520833333333333