0 0.2451171875 0.354736328125 0.08919270833333333 0.05126953125
0 0.5289713541666666 0.322509765625 0.08463541666666667 0.0517578125
0 0.6376953125 0.3095703125 0.061197916666666664 0.0400390625
0 0.7054036458333334 0.302001953125 0.12369791666666667 0.09619140625
0 0.11653645833333333 0.37548828125 0.06705729166666667 0.046875
0 0.5885416666666666 0.35986328125 0.056640625 0.033203125
0 0.4342447916666667 0.3828125 0.1171875 0.08203125
0 0.0576171875 0.430908203125 0.10872395833333333 0.1279296875
0 0.1630859375 0.421875 0.08658854166666667 0.0556640625
0 0.7724609375 0.378662109375 0.08854166666666667 0.06103515625
0 0.7330729166666666 0.476806640625 0.033854166666666664 0.02734375
0 0.50390625 0.50341796875 0.041666666666666664 0.0341796875
0 0.07486979166666667 0.562255859375 0.050130208333333336 0.0478515625
0 0.2314453125 0.573974609375 0.03515625 0.02490234375
0 0.4602864583333333 0.546142578125 0.055338541666666664 0.0400390625
0 0.583984375 0.62548828125 0.0859375 0.06591796875
0 0.06673177083333333 0.7265625 0.039713541666666664 0.02978515625
0 0.482421875 0.678955078125 0.064453125 0.03564453125
0 0.1611328125 0.75341796875 0.035807291666666664 0.02294921875
0 0.3229166666666667 0.738037109375 0.06510416666666667 0.04296875
0 0.662109375 0.7021484375 0.06575520833333333 0.04296875
0 0.8961588541666666 0.681396484375 0.03125 0.0224609375
0 0.3860677083333333 0.7626953125 0.08138020833333333 0.05712890625
0 0.23502604166666666 0.78369140625 0.08919270833333333 0.04638671875
0 0.13541666666666666 0.79638671875 0.02734375 0.0185546875
0 0.591796875 0.7509765625 0.024739583333333332 0.01513671875
0 0.7848307291666666 0.734130859375 0.030598958333333332 0.0185546875
0 0.552734375 0.75537109375 0.026041666666666668 0.021484375
0 0.16731770833333334 0.370361328125 0.014973958333333334 0.017578125
0 0.17610677083333334 0.364501953125 0.020182291666666668 0.0224609375
0 0.23600260416666666 0.429931640625 0.06705729166666667 0.0732421875
1 0.21354166666666666 0.3798828125 0.2805989583333333 0.259765625