0 0.744140625 0.344970703125 0.08658854166666667 0.048828125
0 0.4586588541666667 0.323974609375 0.08268229166666667 0.04931640625
0 0.3492838541666667 0.315185546875 0.059244791666666664 0.0380859375
0 0.2809244791666667 0.310302734375 0.11848958333333333 0.09228515625
0 0.8743489583333334 0.360595703125 0.064453125 0.044921875
0 0.4020182291666667 0.363525390625 0.0546875 0.03125
0 0.5572916666666666 0.38037109375 0.11263020833333333 0.07861328125
0 0.9368489583333334 0.41357421875 0.10091145833333333 0.12548828125
0 0.8310546875 0.40869140625 0.08333333333333333 0.05322265625
0 0.2197265625 0.389404296875 0.0859375 0.05810546875
0 0.265625 0.48583984375 0.032552083333333336 0.0263671875
0 0.49609375 0.503662109375 0.039713541666666664 0.03271484375
0 0.9290364583333334 0.545654296875 0.047526041666666664 0.04638671875
0 0.7734375 0.563232421875 0.033854166666666664 0.02392578125
0 0.54296875 0.544677734375 0.053385416666666664 0.0380859375
0 0.4251302083333333 0.628662109375 0.08268229166666667 0.06298828125
0 0.9485677083333334 0.709228515625 0.037760416666666664 0.0283203125
0 0.5299479166666666 0.67822265625 0.06315104166666667 0.033203125
0 0.8557942708333334 0.73974609375 0.034505208333333336 0.02197265625
0 0.693359375 0.730712890625 0.0625 0.041015625
0 0.3522135416666667 0.708251953125 0.06315104166666667 0.041015625
0 0.11686197916666667 0.696533203125 0.029947916666666668 0.021484375
0 0.6321614583333334 0.7578125 0.07877604166666667 0.0546875
0 0.7845052083333334 0.772705078125 0.08723958333333333 0.04345703125
0 0.884765625 0.78173828125 0.026041666666666668 0.01806640625
0 0.42578125 0.75439453125 0.024088541666666668 0.01416015625
0 0.23209635416666666 0.744873046875 0.029947916666666668 0.017578125
0 0.4651692708333333 0.757080078125 0.024739583333333332 0.0205078125
0 0.8229166666666666 0.357666015625 0.013671875 0.017578125
0 0.8141276041666666 0.35205078125 0.018880208333333332 0.02197265625
0 0.7587890625 0.419677734375 0.0625 0.07177734375
1 0.7776692708333334 0.36865234375 0.265625 0.25244140625