0 0.5995370370370371 0.5244791666666667 0.03981481481481482 0.041666666666666664
0 0.3541666666666667 0.53671875 0.08425925925925926 0.035416666666666666
0 0.6717592592592593 0.5427083333333333 0.037037037037037035 0.015104166666666667
0 0.3435185185185185 0.054427083333333334 0.06574074074074074 0.0515625
0 0.21851851851851853 0.5661458333333333 0.05462962962962963 0.021354166666666667
0 0.47962962962962963 0.5953125 0.06111111111111111 0.034895833333333334
0 0.07083333333333333 0.5916666666666667 0.05092592592592592 0.05364583333333333
0 0.5833333333333334 0.6205729166666667 0.037037037037037035 0.0171875
0 0.7513888888888889 0.6260416666666667 0.12129629629629629 0.078125
0 0.4444444444444444 0.6546875 0.03888888888888889 0.020833333333333332
0 0.5773148148148148 0.06666666666666667 0.07407407407407407 0.0375
0 0.5370370370370371 0.6768229166666667 0.03981481481481482 0.018229166666666668
0 0.22314814814814815 0.6822916666666666 0.15092592592592594 0.07552083333333333
0 0.3990740740740741 0.71171875 0.037037037037037035 0.0203125
0 0.06388888888888888 0.740625 0.03425925925925926 0.0234375
0 0.4287037037037037 0.75078125 0.03796296296296296 0.019270833333333334
0 0.9689814814814814 0.775 0.046296296296296294 0.0265625
0 0.31574074074074077 0.7833333333333333 0.14444444444444443 0.10052083333333334
0 0.21944444444444444 0.80546875 0.03518518518518519 0.01875
0 0.08842592592592592 0.8096354166666667 0.028703703703703703 0.019270833333333334
0 0.9574074074074074 0.8520833333333333 0.06574074074074074 0.05520833333333333
0 0.8115740740740741 0.08723958333333333 0.04351851851851852 0.025
0 0.3421296296296296 0.86953125 0.03981481481481482 0.022395833333333334
0 0.4791666666666667 0.08880208333333334 0.05740740740740741 0.030729166666666665
0 0.9958333333333333 0.09583333333333334 0.008333333333333333 0.017708333333333333
0 0.5851851851851851 0.15859375 0.0962962962962963 0.084375
0 0.4203703703703704 0.15755208333333334 0.03518518518518519 0.019270833333333334
0 0.9495370370370371 0.18072916666666666 0.062037037037037036 0.029166666666666667
0 0.48935185185185187 0.17552083333333332 0.07777777777777778 0.03958333333333333
0 0.37824074074074077 0.015885416666666666 0.04259259259259259 0.018229166666666668
0 0.1337962962962963 0.18515625 0.2537037037037037 0.19479166666666667
0 0.7212962962962963 0.19869791666666667 0.032407407407407406 0.01875
0 0.5958333333333333 0.24869791666666666 0.049074074074074076 0.021354166666666667
0 0.42916666666666664 0.25078125 0.08148148148148149 0.058854166666666666
0 0.8023148148148148 0.278125 0.049074074074074076 0.040625
0 0.5648148148148148 0.28489583333333335 0.04722222222222222 0.023958333333333335
0 0.9893518518518518 0.28854166666666664 0.021296296296296296 0.027083333333333334
0 0.30277777777777776 0.30859375 0.032407407407407406 0.016666666666666666
0 0.10694444444444444 0.33958333333333335 0.09444444444444444 0.06458333333333334
0 0.9851851851851852 0.3815104166666667 0.02962962962962963 0.016145833333333335
0 0.5712962962962963 0.3776041666666667 0.05 0.026041666666666668
0 0.8518518518518519 0.38307291666666665 0.053703703703703705 0.03229166666666667
0 0.47685185185185186 0.39791666666666664 0.08796296296296297 0.059375
0 0.2375 0.41458333333333336 0.09259259259259259 0.027083333333333334
0 0.287962962962963 0.4244791666666667 0.0787037037037037 0.046875
0 0.37083333333333335 0.43984375 0.05 0.022395833333333334
0 0.6736111111111112 0.44817708333333334 0.08055555555555556 0.04739583333333333
0 0.9666666666666667 0.48125 0.06666666666666667 0.029166666666666667
0 0.4976851851851852 0.5041666666666667 0.05555555555555555 0.022916666666666665
0 0.08703703703703704 0.5020833333333333 0.11481481481481481 0.08333333333333333
0 0.8462962962962963 0.43307291666666664 0.020370370370370372 0.024479166666666666
1 0.7486111111111111 0.3372395833333333 0.2833333333333333 0.3572916666666667