0 0.3271484375 0.233642578125 0.060546875 0.05712890625
0 0.5231119791666666 0.27197265625 0.027994791666666668 0.03515625
0 0.73046875 0.310302734375 0.034505208333333336 0.0283203125
0 0.8623046875 0.328857421875 0.030598958333333332 0.02783203125
0 0.5797526041666666 0.348876953125 0.07877604166666667 0.1279296875
0 0.8629557291666666 0.387451171875 0.018880208333333332 0.0205078125
0 0.9313151041666666 0.3974609375 0.08072916666666667 0.09423828125
0 0.3948567708333333 0.017578125 0.054036458333333336 0.03515625
0 0.7438151041666666 0.376953125 0.06966145833333333 0.078125
0 0.828125 0.394775390625 0.057291666666666664 0.06103515625
0 0.2981770833333333 0.337890625 0.06380208333333333 0.05517578125
0 0.3196614583333333 0.0224609375 0.05859375 0.044921875
0 0.3889973958333333 0.367919921875 0.044921875 0.03662109375
0 0.4928385416666667 0.387451171875 0.022135416666666668 0.02099609375
0 0.6477864583333334 0.439208984375 0.046223958333333336 0.0419921875
0 0.4807942708333333 0.424560546875 0.024739583333333332 0.025390625
0 0.9557291666666666 0.489990234375 0.026692708333333332 0.037109375
0 0.3287760416666667 0.406982421875 0.057291666666666664 0.04638671875
0 0.8180338541666666 0.47509765625 0.0546875 0.06005859375
0 0.07486979166666667 0.3828125 0.10611979166666667 0.125
0 0.5693359375 0.4501953125 0.047526041666666664 0.0419921875
0 0.6419270833333334 0.05712890625 0.020182291666666668 0.0390625
0 0.6318359375 0.473388671875 0.061848958333333336 0.04541015625
0 0.5947265625 0.051513671875 0.06966145833333333 0.06396484375
0 0.8570963541666666 0.512939453125 0.045572916666666664 0.04931640625
0 0.7171223958333334 0.5068359375 0.055338541666666664 0.08544921875
0 0.9739583333333334 0.544921875 0.029296875 0.03759765625
0 0.908203125 0.541015625 0.059244791666666664 0.107421875
0 0.4788411458333333 0.041015625 0.030598958333333332 0.04150390625
0 0.9410807291666666 0.57861328125 0.013020833333333334 0.0146484375
0 0.2708333333333333 0.02001953125 0.059895833333333336 0.0400390625
0 0.8548177083333334 0.57080078125 0.041666666666666664 0.03955078125
0 0.384765625 0.531982421875 0.068359375 0.0673828125
0 0.2864583333333333 0.519775390625 0.041666666666666664 0.029296875
0 0.4869791666666667 0.55224609375 0.09700520833333333 0.11279296875
0 0.8235677083333334 0.623046875 0.05078125 0.10302734375
0 0.042317708333333336 0.52197265625 0.08463541666666667 0.1328125
0 0.2805989583333333 0.563720703125 0.06901041666666667 0.0625
0 0.9524739583333334 0.67578125 0.021484375 0.02197265625
0 0.5944010416666666 0.64990234375 0.018229166666666668 0.02197265625
0 0.75390625 0.680419921875 0.05859375 0.041015625
0 0.943359375 0.72265625 0.038411458333333336 0.07177734375
0 0.779296875 0.726806640625 0.044270833333333336 0.05615234375
0 0.6175130208333334 0.71728515625 0.054036458333333336 0.05810546875
0 0.6569010416666666 0.75830078125 0.051432291666666664 0.0458984375
0 0.9251302083333334 0.80029296875 0.032552083333333336 0.04736328125
0 0.7099609375 0.79638671875 0.028645833333333332 0.0234375
0 0.6555989583333334 0.797607421875 0.03515625 0.0400390625
0 0.4114583333333333 0.8037109375 0.035807291666666664 0.0322265625
0 0.13834635416666666 0.856689453125 0.068359375 0.06689453125
0 0.23502604166666666 0.892822265625 0.08333333333333333 0.08447265625
0 0.6956380208333334 0.1123046875 0.033854166666666664 0.0322265625
0 0.7649739583333334 0.134521484375 0.046223958333333336 0.0537109375
0 0.3082682291666667 0.105712890625 0.08723958333333333 0.08349609375
0 0.5218098958333334 0.142333984375 0.087890625 0.0771484375
0 0.7356770833333334 0.1787109375 0.034505208333333336 0.03271484375
0 0.6188151041666666 0.165771484375 0.04296875 0.0380859375
0 0.19368489583333334 0.113037109375 0.072265625 0.056640625
0 0.8815104166666666 0.233154296875 0.024739583333333332 0.02490234375
0 0.2932942708333333 0.1591796875 0.083984375 0.05908203125
0 0.6953125 0.223876953125 0.09114583333333333 0.080078125
0 0.8180338541666666 0.2470703125 0.07942708333333333 0.07177734375
0 0.5979817708333334 0.23291015625 0.046223958333333336 0.0361328125
0 0.8720703125 0.279052734375 0.029947916666666668 0.02880859375
0 0.765625 0.266845703125 0.033854166666666664 0.02880859375
0 0.4632161458333333 0.226806640625 0.044921875 0.03271484375
0 0.9348958333333334 0.294677734375 0.07942708333333333 0.091796875
1 0.0703125 0.714599609375 0.140625 0.23486328125
1 0.34375 0.7197265625 0.11458333333333333 0.1767578125
1 0.4475911458333333 0.742919921875 0.212890625 0.37548828125
1 0.6640625 0.589599609375 0.22591145833333334 0.1396484375
1 0.2711588541666667 0.498046875 0.23046875 0.1103515625
1 0.232421875 0.146484375 0.3111979166666667 0.29296875
0 0.0537109375 0.28125 0.024088541666666668 0.02587890625
1 0.5589192708333334 0.07861328125 0.19466145833333334 0.1572265625
1 0.9602864583333334 0.401123046875 0.07942708333333333 0.16064453125
1 0.8684895833333334 0.628173828125 0.07096354166666667 0.0322265625
0 0.8938802083333334 0.63037109375 0.0078125 0.0048828125
1 0.833984375 0.71826171875 0.08919270833333333 0.05224609375
1 0.7776692708333334 0.809814453125 0.08268229166666667 0.07177734375
0 0.7376302083333334 0.4619140625 0.0078125 0.0087890625
0 0.7399088541666666 0.511962890625 0.005859375 0.00634765625
0 0.7854817708333334 0.539794921875 0.014322916666666666 0.0166015625
1 0.7740885416666666 0.52099609375 0.0859375 0.06884765625
1 0.7457682291666666 0.500244140625 0.07096354166666667 0.099609375
0 0.6966145833333334 0.302001953125 0.014973958333333334 0.02001953125
0 0.705078125 0.297119140625 0.014973958333333334 0.02001953125