0 0.6226851851851852 0.5354166666666667 0.04814814814814815 0.03229166666666667
0 0.8027777777777778 0.5546875 0.04537037037037037 0.023958333333333335
0 0.4337962962962963 0.5192708333333333 0.03518518518518519 0.027083333333333334
0 0.9800925925925926 0.5747395833333333 0.014814814814814815 0.0203125
0 0.27361111111111114 0.5317708333333333 0.049074074074074076 0.03697916666666667
0 0.8462962962962963 0.5890625 0.058333333333333334 0.0328125
0 0.16620370370370371 0.52421875 0.0787037037037037 0.046875
0 0.7041666666666667 0.5984375 0.03518518518518519 0.0234375
0 0.9606481481481481 0.6265625 0.020370370370370372 0.01875
0 0.3148148148148148 0.5643229166666667 0.04722222222222222 0.026041666666666668
0 0.6092592592592593 0.59375 0.03518518518518519 0.025
0 0.5166666666666667 0.5846354166666666 0.05185185185185185 0.027083333333333334
0 0.9606481481481481 0.09895833333333333 0.040740740740740744 0.023958333333333335
0 0.46111111111111114 0.6083333333333333 0.04814814814814815 0.0265625
0 0.3592592592592593 0.5989583333333334 0.032407407407407406 0.019270833333333334
0 0.6893518518518519 0.65703125 0.04351851851851852 0.019270833333333334
0 0.8708333333333333 0.6747395833333333 0.05648148148148148 0.026041666666666668
0 0.9171296296296296 0.7044270833333334 0.05185185185185185 0.029166666666666667
0 0.8240740740740741 0.6973958333333333 0.025925925925925925 0.016666666666666666
0 0.4388888888888889 0.6690104166666667 0.07314814814814814 0.03802083333333333
0 0.029166666666666667 0.6296875 0.03796296296296296 0.0234375
0 0.5791666666666667 0.7065104166666667 0.044444444444444446 0.03125
0 0.4861111111111111 0.6979166666666666 0.05 0.026041666666666668
0 0.17916666666666667 0.6747395833333333 0.05555555555555555 0.022916666666666665
0 0.06805555555555555 0.66640625 0.03888888888888889 0.023958333333333335
0 0.9037037037037037 0.7596354166666667 0.05092592592592592 0.03125
0 0.5254629629629629 0.7307291666666667 0.04722222222222222 0.027083333333333334
0 0.7583333333333333 0.7786458333333334 0.041666666666666664 0.0234375
0 0.047685185185185185 0.72890625 0.04259259259259259 0.028645833333333332
0 0.8958333333333334 0.8182291666666667 0.025925925925925925 0.0203125
0 0.7087962962962963 0.80546875 0.044444444444444446 0.0234375
0 0.6129629629629629 0.7971354166666667 0.026851851851851852 0.019270833333333334
0 0.5152777777777777 0.78984375 0.04722222222222222 0.028125
0 0.41064814814814815 0.7859375 0.06388888888888888 0.030729166666666665
0 0.3023148148148148 0.7765625 0.044444444444444446 0.021354166666666667
0 0.8425925925925926 0.8463541666666666 0.037037037037037035 0.0234375
0 0.5504629629629629 0.8276041666666667 0.06111111111111111 0.03177083333333333
0 0.34675925925925927 0.8083333333333333 0.05648148148148148 0.030208333333333334
0 0.13935185185185187 0.7947916666666667 0.037037037037037035 0.0203125
0 0.6935185185185185 0.8614583333333333 0.05740740740740741 0.025
0 0.5925925925925926 0.86015625 0.05925925925925926 0.024479166666666666
0 0.17824074074074073 0.83515625 0.06759259259259259 0.03229166666666667
0 0.6875 0.10989583333333333 0.07962962962962963 0.04010416666666667
0 0.7916666666666666 0.12161458333333333 0.040740740740740744 0.0234375
0 0.7657407407407407 0.030208333333333334 0.07962962962962963 0.0296875
0 0.6319444444444444 0.14505208333333333 0.03796296296296296 0.01875
0 0.4388888888888889 0.12734375 0.07407407407407407 0.03177083333333333
0 0.8828703703703704 0.18723958333333332 0.06851851851851852 0.04583333333333333
0 0.6712962962962963 0.17682291666666666 0.03333333333333333 0.026041666666666668
0 0.2916666666666667 0.14947916666666666 0.04722222222222222 0.023958333333333335
0 0.8592592592592593 0.24869791666666666 0.03888888888888889 0.021354166666666667
0 0.7523148148148148 0.24192708333333332 0.07222222222222222 0.03958333333333333
0 0.46574074074074073 0.22057291666666667 0.044444444444444446 0.0234375
0 0.37222222222222223 0.21197916666666666 0.044444444444444446 0.021875
0 0.6462962962962963 0.030729166666666665 0.03888888888888889 0.022916666666666665
0 0.9930555555555556 0.28880208333333335 0.013888888888888888 0.021354166666666667
0 0.799074074074074 0.2765625 0.044444444444444446 0.024479166666666666
0 0.9412037037037037 0.31484375 0.04259259259259259 0.021354166666666667
0 0.25787037037037036 0.2515625 0.046296296296296294 0.021354166666666667
0 0.7361111111111112 0.30026041666666664 0.049074074074074076 0.026041666666666668
0 0.6439814814814815 0.29140625 0.07222222222222222 0.030729166666666665
0 0.45 0.2765625 0.05 0.025520833333333333
0 0.7754629629629629 0.33489583333333334 0.037037037037037035 0.019791666666666666
0 0.24212962962962964 0.3046875 0.044444444444444446 0.021354166666666667
0 0.5365740740740741 0.3338541666666667 0.05185185185185185 0.030729166666666665
0 0.43842592592592594 0.32786458333333335 0.041666666666666664 0.023958333333333335
0 0.7171296296296297 0.35703125 0.06018518518518518 0.028645833333333332
0 0.8550925925925926 0.39453125 0.06666666666666667 0.025520833333333333
0 0.5712962962962963 0.36953125 0.06111111111111111 0.034375
0 0.7587962962962963 0.38958333333333334 0.03888888888888889 0.019270833333333334
0 0.11990740740740741 0.3453125 0.04351851851851852 0.022916666666666665
0 0.324537037037037 0.36744791666666665 0.040740740740740744 0.024479166666666666
0 0.9898148148148148 0.4359375 0.020370370370370372 0.022916666666666665
0 0.06620370370370371 0.36875 0.05462962962962963 0.027604166666666666
0 0.8375 0.4471354166666667 0.06666666666666667 0.03229166666666667
0 0.5583333333333333 0.4200520833333333 0.046296296296296294 0.024479166666666666
0 0.36435185185185187 0.40234375 0.08518518518518518 0.033854166666666664
0 0.4652777777777778 0.4122395833333333 0.05925925925925926 0.034895833333333334
0 0.5027777777777778 0.44036458333333334 0.05740740740740741 0.03229166666666667
0 0.2101851851851852 0.4125 0.05092592592592592 0.03177083333333333
0 0.5949074074074074 0.45364583333333336 0.044444444444444446 0.019791666666666666
0 0.7791666666666667 0.47213541666666664 0.05185185185185185 0.028125
0 0.6328703703703704 0.48072916666666665 0.07037037037037037 0.03802083333333333
0 0.24768518518518517 0.44427083333333334 0.044444444444444446 0.019270833333333334
0 0.9171296296296296 0.5130208333333334 0.049074074074074076 0.027083333333333334
0 0.7273148148148149 0.4947916666666667 0.06111111111111111 0.035416666666666666
0 0.07824074074074074 0.45026041666666666 0.12962962962962962 0.05677083333333333
0 0.3962962962962963 0.4861979166666667 0.06666666666666667 0.03697916666666667
0 0.2935185185185185 0.47682291666666665 0.05277777777777778 0.026041666666666668
0 0.4888888888888889 0.496875 0.02962962962962963 0.0234375
0 0.961574074074074 0.54375 0.06574074074074074 0.025520833333333333
0 0.5828703703703704 0.50703125 0.05092592592592592 0.023958333333333335