0 0.6181640625 0.24169921875 0.01953125 0.01513671875
0 0.783203125 0.248779296875 0.020182291666666668 0.0146484375
0 0.5651041666666666 0.2607421875 0.048828125 0.03662109375
0 0.6953125 0.2568359375 0.044921875 0.02978515625
0 0.4716796875 0.30126953125 0.048828125 0.0380859375
0 0.17708333333333334 0.048095703125 0.06315104166666667 0.03125
0 0.931640625 0.287353515625 0.10546875 0.087890625
0 0.8304036458333334 0.307373046875 0.09440104166666667 0.04296875
0 0.8987630208333334 0.01123046875 0.02734375 0.017578125
0 0.5159505208333334 0.343505859375 0.012369791666666666 0.01171875
0 0.7197265625 0.343505859375 0.044921875 0.06298828125
0 0.21809895833333334 0.373779296875 0.024088541666666668 0.01611328125
0 0.2779947916666667 0.37109375 0.013671875 0.015625
0 0.06803385416666667 0.388427734375 0.08528645833333333 0.109375
0 0.84765625 0.3564453125 0.08463541666666667 0.06640625
0 0.4462890625 0.37744140625 0.054036458333333336 0.046875
0 0.6484375 0.375732421875 0.020833333333333332 0.0146484375
0 0.7763671875 0.40380859375 0.024088541666666668 0.0146484375
0 0.1943359375 0.435791015625 0.03125 0.0166015625
0 0.5983072916666666 0.421875 0.07682291666666667 0.0390625
0 0.9436848958333334 0.4296875 0.017578125 0.0146484375
0 0.8548177083333334 0.435791015625 0.09244791666666667 0.08837890625
0 0.12630208333333334 0.494140625 0.027994791666666668 0.01513671875
0 0.0244140625 0.515625 0.048828125 0.03515625
0 0.447265625 0.508544921875 0.052083333333333336 0.0458984375
0 0.4212239583333333 0.524658203125 0.059895833333333336 0.0478515625
0 0.837890625 0.5263671875 0.02734375 0.025390625
0 0.9586588541666666 0.52099609375 0.054036458333333336 0.0439453125
0 0.023111979166666668 0.078125 0.046223958333333336 0.05859375
0 0.18717447916666666 0.5751953125 0.018880208333333332 0.01806640625
0 0.24283854166666666 0.5771484375 0.018880208333333332 0.0107421875
0 0.3551432291666667 0.57568359375 0.040364583333333336 0.0263671875
0 0.07682291666666667 0.5947265625 0.13932291666666666 0.0712890625
0 0.2958984375 0.066162109375 0.048177083333333336 0.02490234375
0 0.4547526041666667 0.608154296875 0.024088541666666668 0.0205078125
0 0.2604166666666667 0.625244140625 0.017578125 0.0107421875
0 0.7731119791666666 0.664306640625 0.057942708333333336 0.03515625
0 0.8785807291666666 0.0537109375 0.027994791666666668 0.0224609375
0 0.5084635416666666 0.752197265625 0.04296875 0.025390625
0 0.11458333333333333 0.775634765625 0.024739583333333332 0.01904296875
0 0.7470703125 0.062744140625 0.134765625 0.0947265625
0 0.357421875 0.098876953125 0.061197916666666664 0.0478515625
0 0.10286458333333333 0.118896484375 0.054036458333333336 0.0341796875
0 0.6263020833333334 0.096435546875 0.054036458333333336 0.01806640625
0 0.2630208333333333 0.143310546875 0.048828125 0.025390625
0 0.5699869791666666 0.136962890625 0.06966145833333333 0.0517578125
0 0.4908854166666667 0.15087890625 0.057291666666666664 0.04736328125
0 0.7314453125 0.148681640625 0.04296875 0.0283203125
0 0.19596354166666666 0.1796875 0.0625 0.04541015625
0 0.9339192708333334 0.162109375 0.078125 0.0771484375
0 0.4306640625 0.021484375 0.119140625 0.04296875
0 0.6751302083333334 0.193603515625 0.04296875 0.0283203125
0 0.228515625 0.220458984375 0.031901041666666664 0.03173828125
0 0.020182291666666668 0.24755859375 0.022786458333333332 0.01611328125
0 0.7522786458333334 0.210693359375 0.027994791666666668 0.02587890625
0 0.3076171875 0.241455078125 0.01171875 0.01171875
0 0.12630208333333334 0.265625 0.07747395833333333 0.046875
0 0.619140625 0.46337890625 0.018880208333333332 0.02294921875
0 0.6018880208333334 0.44580078125 0.016276041666666668 0.0068359375
0 0.2509765625 0.39892578125 0.016276041666666668 0.01416015625
0 0.2718098958333333 0.341064453125 0.016927083333333332 0.021484375
1 0.3160807291666667 0.690673828125 0.10611979166666667 0.07470703125
1 0.21549479166666666 0.6044921875 0.16666666666666666 0.11962890625
1 0.4231770833333333 0.514404296875 0.19921875 0.1591796875
1 0.5764973958333334 0.466552734375 0.12369791666666667 0.07568359375
1 0.24609375 0.382080078125 0.19986979166666666 0.33203125
1 0.017903645833333332 0.36962890625 0.035807291666666664 0.1064453125
1 0.427734375 0.228759765625 0.12955729166666666 0.06689453125
1 0.4983723958333333 0.355712890625 0.11653645833333333 0.09765625