0 0.4228515625 0.26318359375 0.029947916666666668 0.02490234375
0 0.011067708333333334 0.271484375 0.010416666666666666 0.01123046875
0 0.9544270833333334 0.3046875 0.014322916666666666 0.03662109375
0 0.6145833333333334 0.3017578125 0.049479166666666664 0.04541015625
0 0.232421875 0.30224609375 0.057942708333333336 0.03662109375
0 0.23372395833333334 0.30224609375 0.059244791666666664 0.0390625
0 0.8297526041666666 0.32568359375 0.053385416666666664 0.03271484375
0 0.744140625 0.327392578125 0.09505208333333333 0.056640625
0 0.3720703125 0.342529296875 0.028645833333333332 0.01904296875
0 0.6689453125 0.037353515625 0.12369791666666667 0.0712890625
0 0.022135416666666668 0.35595703125 0.037109375 0.033203125
0 0.9436848958333334 0.38037109375 0.017578125 0.01513671875
0 0.23274739583333334 0.37548828125 0.13216145833333334 0.109375
0 0.8209635416666666 0.389404296875 0.044921875 0.03173828125
0 0.642578125 0.39453125 0.061197916666666664 0.04443359375
0 0.4397786458333333 0.405517578125 0.050130208333333336 0.0439453125
0 0.9541015625 0.044189453125 0.091796875 0.07861328125
0 0.298828125 0.420166015625 0.032552083333333336 0.02001953125
0 0.8759765625 0.4345703125 0.052734375 0.03759765625
0 0.9671223958333334 0.437744140625 0.06575520833333333 0.06396484375
0 0.7679036458333334 0.453125 0.064453125 0.04150390625
0 0.8902994791666666 0.481689453125 0.06705729166666667 0.05126953125
0 0.3922526041666667 0.5146484375 0.08268229166666667 0.04541015625
0 0.8401692708333334 0.521484375 0.030598958333333332 0.01708984375
0 0.580078125 0.52197265625 0.08463541666666667 0.06103515625
0 0.6783854166666666 0.53125 0.024088541666666668 0.0263671875
0 0.3033854166666667 0.528076171875 0.03125 0.01513671875
0 0.15364583333333334 0.547119140625 0.15625 0.11328125
0 0.248046875 0.557861328125 0.028645833333333332 0.01611328125
0 0.9710286458333334 0.569091796875 0.055338541666666664 0.04248046875
0 0.0205078125 0.562744140625 0.041015625 0.04052734375
0 0.5602213541666666 0.569580078125 0.01953125 0.01708984375
0 0.6331380208333334 0.574462890625 0.061848958333333336 0.03076171875
0 0.3212890625 0.57177734375 0.042317708333333336 0.02685546875
0 0.548828125 0.614501953125 0.032552083333333336 0.0244140625
0 0.6240234375 0.619873046875 0.047526041666666664 0.033203125
0 0.7099609375 0.623291015625 0.02734375 0.0185546875
0 0.8154296875 0.625244140625 0.064453125 0.03759765625
0 0.3323567708333333 0.624755859375 0.025390625 0.0126953125
0 0.076171875 0.637451171875 0.055989583333333336 0.0302734375
0 0.13411458333333334 0.65869140625 0.06770833333333333 0.0361328125
0 0.56640625 0.6708984375 0.027994791666666668 0.0234375
0 0.2945963541666667 0.681396484375 0.06770833333333333 0.04833984375
0 0.9557291666666666 0.696044921875 0.07421875 0.0849609375
0 0.22265625 0.697998046875 0.022135416666666668 0.01318359375
0 0.6962890625 0.710693359375 0.037760416666666664 0.02001953125
0 0.8170572916666666 0.721923828125 0.06380208333333333 0.0478515625
0 0.15852864583333334 0.71435546875 0.0234375 0.01708984375
0 0.529296875 0.7255859375 0.08723958333333333 0.0576171875
0 0.3561197916666667 0.7265625 0.022135416666666668 0.01123046875
0 0.09798177083333333 0.730712890625 0.109375 0.0615234375
0 0.4417317708333333 0.741455078125 0.08072916666666667 0.05908203125
0 0.6748046875 0.7626953125 0.07552083333333333 0.03515625
0 0.22819010416666666 0.7578125 0.024088541666666668 0.013671875
0 0.2861328125 0.761474609375 0.015625 0.00732421875
0 0.9397786458333334 0.796875 0.026041666666666668 0.01611328125
0 0.6005859375 0.79248046875 0.036458333333333336 0.02685546875
0 0.3785807291666667 0.79248046875 0.055338541666666664 0.04296875
0 0.2392578125 0.794921875 0.07942708333333333 0.046875
0 0.020833333333333332 0.80517578125 0.025390625 0.01416015625
0 0.7314453125 0.818603515625 0.0390625 0.0166015625
0 0.3287760416666667 0.858154296875 0.022135416666666668 0.01904296875
0 0.6764322916666666 0.89208984375 0.10546875 0.04931640625
0 0.2503255208333333 0.09033203125 0.055989583333333336 0.03125
0 0.8662109375 0.098876953125 0.10807291666666667 0.078125
0 0.4007161458333333 0.09326171875 0.18619791666666666 0.11474609375
0 0.9778645833333334 0.120361328125 0.044270833333333336 0.03759765625
0 0.7571614583333334 0.1611328125 0.041015625 0.0302734375
0 0.054036458333333336 0.15673828125 0.09375 0.1103515625
0 0.2913411458333333 0.171630859375 0.091796875 0.037109375
0 0.4479166666666667 0.185791015625 0.076171875 0.068359375
0 0.17643229166666666 0.18505859375 0.060546875 0.03759765625
0 0.7626953125 0.2119140625 0.027994791666666668 0.02783203125
0 0.857421875 0.220947265625 0.059895833333333336 0.03662109375
0 0.5345052083333334 0.22412109375 0.10091145833333333 0.07421875
0 0.66796875 0.243408203125 0.09440104166666667 0.07421875
1 0.5784505208333334 0.54150390625 0.22200520833333334 0.14599609375
1 0.923828125 0.306884765625 0.08854166666666667 0.06640625
1 0.9244791666666666 0.44482421875 0.15104166666666666 0.1396484375
1 0.9905598958333334 0.23095703125 0.018880208333333332 0.0380859375
0 0.7008463541666666 0.790283203125 0.035807291666666664 0.033203125
1 0.9544270833333334 0.69482421875 0.08528645833333333 0.13037109375