0 0.3997407407407408 0.5233854166666666 0.03837962962962967 0.041203124999999945
0 0.6447314814814814 0.5380729166666666 0.08348148148148156 0.034364583333333344
0 0.32708333333333334 0.54103125 0.03667592592592594 0.014937499999999914
0 0.6701296296296296 0.056130208333333334 0.06433333333333335 0.050796875
0 0.7795555555555556 0.5688333333333334 0.05356481481481473 0.021005208333333296
0 0.5172314814814815 0.5955625 0.060398148148148166 0.034177083333333275
0 0.9264629629629629 0.595859375 0.049212962962962944 0.053411458333333425
0 0.4131388888888889 0.619796875 0.03615740740740737 0.016786458333333344
0 0.2448888888888889 0.6236770833333334 0.11920370370370371 0.07686979166666674
0 0.5506296296296296 0.6551770833333334 0.03787037037037046 0.02063541666666661
0 0.43600925925925926 0.06603645833333334 0.07302777777777779 0.03658333333333332
0 0.4573333333333334 0.6764583333333333 0.03936111111111115 0.017848958333333324
0 0.7710277777777778 0.685078125 0.1486296296296296 0.07431249999999992
0 0.5944166666666667 0.7126510416666666 0.036370370370370345 0.02008854166666675
0 0.9286851851851852 0.7449322916666666 0.03328703703703708 0.023192708333333437
0 0.5633425925925926 0.751515625 0.03780555555555549 0.018661458333333294
0 0.022685185185185187 0.7703125 0.04537037037037037 0.026041666666666668
0 0.6755833333333333 0.7850416666666666 0.141074074074074 0.09924999999999998
0 0.7711018518518519 0.8080520833333333 0.03480555555555548 0.01819270833333325
0 0.9019722222222222 0.8135520833333333 0.02801851851851851 0.018765625000000105
0 0.0317962962962963 0.8476458333333333 0.0635925925925926 0.05466666666666668
0 0.2011111111111111 0.08416666666666667 0.04296296296296294 0.024473958333333337
0 0.646537037037037 0.8709583333333334 0.039379629629629605 0.02213020833333322
0 0.5336666666666667 0.08906770833333333 0.056638888888888954 0.030218749999999992
0 0.010185185185185186 0.09114583333333333 0.020370370370370372 0.017708333333333333
0 0.4255277777777778 0.157921875 0.09365740740740738 0.08355729166666666
0 0.59025 0.15832812500000001 0.034194444444444506 0.018734375000000015
0 0.060537037037037035 0.176265625 0.061407407407407404 0.028317708333333337
0 0.5207870370370371 0.17565104166666667 0.0767500000000001 0.03880729166666666
0 0.6366111111111111 0.017125 0.041749999999999926 0.017578125
0 0.8758611111111111 0.1888177083333333 0.2479629629629629 0.1921510416666667
0 0.2879907407407407 0.196640625 0.03153703703703699 0.018276041666666683
0 0.4120925925925926 0.247890625 0.048259259259259266 0.020781249999999987
0 0.5786851851851852 0.25141145833333334 0.07958333333333338 0.05803124999999998
0 0.20450925925925925 0.2752708333333333 0.0481203703703704 0.04013020833333331
0 0.4417962962962963 0.28427604166666665 0.04656481481481478 0.02376041666666661
0 0.013425925925925926 0.2838541666666667 0.026851851851851852 0.027083333333333334
0 0.7030277777777778 0.31057291666666664 0.03166666666666671 0.016239583333333366
0 0.8978611111111111 0.3435625 0.09258333333333334 0.06378645833333335
0 0.016564814814814817 0.3766666666666667 0.033129629629629634 0.01604687499999997
0 0.4327222222222222 0.37692708333333336 0.04878703703703698 0.025729166666666713
0 0.15185185185185185 0.37957291666666665 0.05247222222222224 0.03193229166666664
0 0.526324074074074 0.39807812499999995 0.0859814814814814 0.05866145833333339
0 0.7652685185185185 0.41727604166666665 0.09213888888888888 0.025973958333333276
0 0.7143055555555556 0.42669270833333334 0.07687037037037035 0.04608854166666667
0 0.6312037037037037 0.44121354166666665 0.04944444444444453 0.022005208333333335
0 0.32825 0.446359375 0.07873148148148146 0.04688541666666666
0 0.03353703703703704 0.47680208333333335 0.06707407407407408 0.028692708333333292
0 0.5022407407407407 0.5041041666666667 0.055101851851851846 0.02255208333333331
0 0.91275 0.5060260416666666 0.11190740740740741 0.08217708333333332
0 0.1558425925925926 0.42959375000000005 0.020009259259259272 0.024249999999999973
1 0.25625925925925924 0.33481770833333335 0.27248148148148144 0.3544427083333333