0 0.6365740740740741 0.5096354166666667 0.04814814814814815 0.03229166666666667
0 0.8180555555555555 0.49322916666666666 0.04537037037037037 0.023958333333333335
0 0.449537037037037 0.5307291666666667 0.03518518518518519 0.027083333333333334
0 0.9944444444444445 0.4778645833333333 0.011111111111111112 0.0203125
0 0.30648148148148147 0.5734375 0.049074074074074076 0.03697916666666667
0 0.8796296296296297 0.5169270833333334 0.058333333333333334 0.0328125
0 0.20092592592592592 0.5869791666666667 0.0787037037037037 0.046875
0 0.7518518518518519 0.553125 0.03518518518518519 0.0234375
0 0.36527777777777776 0.59609375 0.04722222222222222 0.026041666666666668
0 0.6597222222222222 0.5669270833333333 0.03518518518518519 0.025
0 0.5671296296296297 0.5763020833333333 0.05185185185185185 0.027083333333333334
0 0.6893518518518519 0.034375 0.040740740740740744 0.023958333333333335
0 0.5291666666666667 0.609375 0.04814814814814815 0.0265625
0 0.42777777777777776 0.6200520833333333 0.032407407407407406 0.019270833333333334
0 0.7731481481481481 0.6109375 0.04351851851851852 0.019270833333333334
0 0.9546296296296296 0.5927083333333333 0.05648148148148148 0.026041666666666668
0 0.924537037037037 0.6229166666666667 0.025925925925925925 0.016666666666666666
0 0.5453703703703704 0.6705729166666666 0.07314814814814814 0.03802083333333333
0 0.13657407407407407 0.7125 0.03796296296296296 0.0234375
0 0.7 0.67890625 0.044444444444444446 0.03125
0 0.6074074074074074 0.6888020833333334 0.05 0.026041666666666668
0 0.30462962962962964 0.7260416666666667 0.05555555555555555 0.022916666666666665
0 0.19537037037037036 0.7393229166666667 0.03888888888888889 0.023958333333333335
0 0.6643518518518519 0.7119791666666667 0.04722222222222222 0.027083333333333334
0 0.9120370370370371 0.7122395833333334 0.041666666666666664 0.0234375
0 0.21388888888888888 0.8020833333333334 0.04259259259259259 0.028645833333333332
0 0.8819444444444444 0.746875 0.044444444444444446 0.0234375
0 0.7870370370370371 0.7575520833333333 0.026851851851851852 0.019270833333333334
0 0.6907407407407408 0.76953125 0.04722222222222222 0.028125
0 0.5898148148148148 0.7859375 0.06388888888888888 0.030729166666666665
0 0.4824074074074074 0.7979166666666667 0.044444444444444446 0.021354166666666667
0 0.7467592592592592 0.7981770833333334 0.06111111111111111 0.03177083333333333
0 0.5435185185185185 0.8192708333333333 0.05648148148148148 0.030208333333333334
0 0.3402777777777778 0.8463541666666666 0.037037037037037035 0.0203125
0 0.9013888888888889 0.8026041666666667 0.05740740740740741 0.025
0 0.8060185185185185 0.8205729166666667 0.05925925925925926 0.024479166666666666
0 0.8546296296296296 0.04348958333333333 0.025925925925925925 0.020833333333333332
0 0.4013888888888889 0.8768229166666667 0.06759259259259259 0.03229166666666667
0 0.18333333333333332 0.9018229166666667 0.1361111111111111 0.0515625
0 0.4388888888888889 0.09739583333333333 0.07962962962962963 0.04010416666666667
0 0.5439814814814815 0.08828125 0.040740740740740744 0.0234375
0 0.4638888888888889 0.011197916666666667 0.07962962962962963 0.022395833333333334
0 0.4083333333333333 0.14114583333333333 0.03796296296296296 0.01875
0 0.2162037037037037 0.16145833333333334 0.07407407407407407 0.03177083333333333
0 0.8685185185185185 0.10390625 0.03981481481481482 0.0359375
0 0.6694444444444444 0.13255208333333332 0.06851851851851852 0.04583333333333333
0 0.46435185185185185 0.16328125 0.03333333333333333 0.026041666666666668
0 0.0912037037037037 0.21067708333333332 0.04722222222222222 0.023958333333333335
0 0.8324074074074074 0.1453125 0.049074074074074076 0.027083333333333334
0 0.6851851851851852 0.19479166666666667 0.03888888888888889 0.021354166666666667
0 0.5800925925925926 0.20885416666666667 0.07222222222222222 0.03958333333333333
0 0.29768518518518516 0.24427083333333333 0.044444444444444446 0.0234375
0 0.20462962962962963 0.25390625 0.044444444444444446 0.021875
0 0.35185185185185186 0.030989583333333334 0.03888888888888889 0.022916666666666665
0 0.8486111111111111 0.20416666666666666 0.041666666666666664 0.021354166666666667
0 0.6449074074074074 0.23255208333333333 0.044444444444444446 0.024479166666666666
0 0.8023148148148148 0.24114583333333334 0.04259259259259259 0.021354166666666667
0 0.12129629629629629 0.31302083333333336 0.046296296296296294 0.021354166666666667
0 0.600462962962963 0.2669270833333333 0.049074074074074076 0.026041666666666668
0 0.5083333333333333 0.27630208333333334 0.07222222222222222 0.030729166666666665
0 0.31712962962962965 0.2994791666666667 0.05 0.025520833333333333
0 0.6583333333333333 0.2916666666666667 0.037037037037037035 0.019791666666666666
0 0.1388888888888889 0.36614583333333334 0.044444444444444446 0.021354166666666667
0 0.43287037037037035 0.33671875 0.05185185185185185 0.030729166666666665
0 0.9199074074074074 0.2890625 0.040740740740740744 0.024479166666666666
0 0.337037037037037 0.35 0.041666666666666664 0.023958333333333335
0 0.6171296296296296 0.32395833333333335 0.06018518518518518 0.028645833333333332
0 0.7694444444444445 0.33255208333333336 0.06666666666666667 0.025520833333333333
0 0.487962962962963 0.36354166666666665 0.06111111111111111 0.034375
0 0.6759259259259259 0.3463541666666667 0.03888888888888889 0.019270833333333334
0 0.049074074074074076 0.4278645833333333 0.04351851851851852 0.022916666666666665
0 0.25462962962962965 0.409375 0.040740740740740744 0.024479166666666666
0 0.9300925925925926 0.34375 0.03981481481481482 0.022916666666666665
0 0.01990740740740741 0.46015625 0.03981481481481482 0.027604166666666666
0 0.7847222222222222 0.3854166666666667 0.06666666666666667 0.03229166666666667
0 0.5060185185185185 0.41380208333333335 0.046296296296296294 0.024479166666666666
0 0.31296296296296294 0.434375 0.08518518518518518 0.033854166666666664
0 0.41388888888888886 0.42421875 0.05925925925925926 0.034895833333333334
0 0.4666666666666667 0.4434895833333333 0.05740740740740741 0.03229166666666667
0 0.17453703703703705 0.47369791666666666 0.05092592592592592 0.03177083333333333
0 0.5611111111111111 0.43828125 0.044444444444444446 0.019791666666666666
0 0.7453703703703703 0.4203125 0.05185185185185185 0.028125
0 0.6134259259259259 0.45625 0.07037037037037037 0.03802083333333333
0 0.22916666666666666 0.49609375 0.044444444444444446 0.019270833333333334
0 0.9 0.43203125 0.049074074074074076 0.027083333333333334
0 0.7101851851851851 0.4515625 0.06111111111111111 0.035416666666666666
0 0.07361111111111111 0.534375 0.12962962962962962 0.05677083333333333
0 0.3939814814814815 0.50703125 0.06666666666666667 0.03697916666666667
0 0.29212962962962963 0.51796875 0.05277777777777778 0.026041666666666668
0 0.4875 0.49921875 0.02962962962962963 0.0234375
0 0.9601851851851851 0.45234375 0.06574074074074074 0.025520833333333333
0 0.5824074074074074 0.490625 0.05092592592592592 0.023958333333333335