0 0.08658854166666667 0.243408203125 0.059244791666666664 0.04345703125
0 0.5419921875 0.27294921875 0.046875 0.029296875
0 0.7047526041666666 0.283447265625 0.018229166666666668 0.01904296875
0 0.0361328125 0.26611328125 0.027994791666666668 0.03759765625
0 0.7483723958333334 0.2861328125 0.041015625 0.0302734375
0 0.6953125 0.28955078125 0.013020833333333334 0.02099609375
0 0.16341145833333334 0.020263671875 0.040364583333333336 0.03662109375
0 0.9557291666666666 0.322265625 0.083984375 0.06591796875
0 0.10123697916666667 0.307373046875 0.06575520833333333 0.06396484375
0 0.3577473958333333 0.3251953125 0.044270833333333336 0.029296875
0 0.7978515625 0.34326171875 0.08203125 0.07080078125
0 0.4508463541666667 0.33837890625 0.031901041666666664 0.02734375
0 0.12825520833333334 0.34033203125 0.07161458333333333 0.05810546875
0 0.0166015625 0.34814453125 0.021484375 0.04052734375
0 0.5602213541666666 0.3818359375 0.06575520833333333 0.109375
0 0.20149739583333334 0.3798828125 0.052083333333333336 0.033203125
0 0.9700520833333334 0.414794921875 0.059895833333333336 0.07080078125
0 0.8317057291666666 0.428466796875 0.01171875 0.009765625
0 0.6767578125 0.436279296875 0.055989583333333336 0.04150390625
0 0.4498697916666667 0.44189453125 0.022786458333333332 0.017578125
0 0.3118489583333333 0.45751953125 0.044921875 0.029296875
0 0.5859375 0.470458984375 0.048177083333333336 0.03857421875
0 0.19889322916666666 0.4609375 0.055338541666666664 0.03515625
0 0.8460286458333334 0.480224609375 0.009765625 0.00732421875
0 0.8160807291666666 0.48193359375 0.047526041666666664 0.08837890625
0 0.6725260416666666 0.47705078125 0.061848958333333336 0.04052734375
0 0.4501953125 0.476318359375 0.027994791666666668 0.0224609375
0 0.951171875 0.494140625 0.022135416666666668 0.01904296875
0 0.2535807291666667 0.5048828125 0.045572916666666664 0.03076171875
0 0.020833333333333332 0.537353515625 0.041666666666666664 0.06103515625
0 0.50390625 0.582763671875 0.1015625 0.0927734375
0 0.3603515625 0.587158203125 0.06575520833333333 0.05859375
0 0.2216796875 0.599609375 0.029296875 0.0166015625
0 0.2490234375 0.631103515625 0.060546875 0.0498046875
0 0.016927083333333332 0.628173828125 0.033854166666666664 0.05419921875
0 0.9615885416666666 0.65771484375 0.06315104166666667 0.03857421875
0 0.7057291666666666 0.6552734375 0.022786458333333332 0.02001953125
0 0.5843098958333334 0.70068359375 0.010416666666666666 0.015625
0 0.7685546875 0.718505859375 0.0703125 0.056640625
0 0.859375 0.758056640625 0.072265625 0.0498046875
0 0.9697265625 0.796142578125 0.034505208333333336 0.02490234375
0 0.8776041666666666 0.801025390625 0.047526041666666664 0.041015625
0 0.4908854166666667 0.81982421875 0.024088541666666668 0.0244140625
0 0.17740885416666666 0.8671875 0.055989583333333336 0.044921875
0 0.2972005208333333 0.898193359375 0.07096354166666667 0.0556640625
0 0.16048177083333334 0.086181640625 0.022135416666666668 0.01806640625
0 0.3955078125 0.0986328125 0.046223958333333336 0.0244140625
0 0.720703125 0.111083984375 0.057291666666666664 0.04296875
0 0.4973958333333333 0.111572265625 0.044270833333333336 0.05908203125
0 0.9593098958333334 0.13232421875 0.028645833333333332 0.02392578125
0 0.6175130208333334 0.12939453125 0.033203125 0.025390625
0 0.208984375 0.13330078125 0.042317708333333336 0.0283203125
0 0.4228515625 0.142822265625 0.052734375 0.04736328125
0 0.6985677083333334 0.16357421875 0.037760416666666664 0.0234375
0 0.8590494791666666 0.1767578125 0.107421875 0.0810546875
0 0.9680989583333334 0.181396484375 0.0390625 0.0263671875
0 0.3121744791666667 0.182373046875 0.03125 0.03564453125
0 0.20572916666666666 0.20361328125 0.04296875 0.02587890625
0 0.5354817708333334 0.212158203125 0.043619791666666664 0.0302734375
0 0.7828776041666666 0.2275390625 0.037760416666666664 0.025390625
0 0.6555989583333334 0.22509765625 0.08854166666666667 0.0712890625
0 0.9752604166666666 0.23779296875 0.039713541666666664 0.0263671875
0 0.3981119791666667 0.236328125 0.083984375 0.05517578125
1 0.10611979166666667 0.285888671875 0.20768229166666666 0.34375
0 0.4720052083333333 0.125 0.022786458333333332 0.033203125
1 0.4147135416666667 0.1201171875 0.212890625 0.17919921875
1 0.9283854166666666 0.48291015625 0.14322916666666666 0.0625
1 0.869140625 0.466064453125 0.10221354166666667 0.0947265625
1 0.7854817708333334 0.583251953125 0.3248697916666667 0.10498046875
1 0.5260416666666666 0.751220703125 0.16341145833333334 0.3466796875
1 0.3717447916666667 0.747802734375 0.10221354166666667 0.146484375
1 0.22428385416666666 0.587646484375 0.23697916666666666 0.0595703125
1 0.05078125 0.770751953125 0.1015625 0.14794921875