0 0.20703125 0.28076171875 0.021484375 0.017578125
0 0.8470052083333334 0.205078125 0.049479166666666664 0.0322265625
0 0.3352864583333333 0.269775390625 0.037760416666666664 0.033203125
0 0.5390625 0.248291015625 0.024088541666666668 0.01904296875
0 0.11686197916666667 0.3017578125 0.037109375 0.02197265625
0 0.70703125 0.234619140625 0.037109375 0.02392578125
0 0.9049479166666666 0.214111328125 0.0390625 0.0244140625
0 0.2373046875 0.2958984375 0.01953125 0.017578125
0 0.4241536458333333 0.275634765625 0.025390625 0.01806640625
0 0.5764973958333334 0.266357421875 0.026041666666666668 0.01806640625
0 0.7457682291666666 0.250244140625 0.039713541666666664 0.02490234375
0 0.061197916666666664 0.339111328125 0.024739583333333332 0.01953125
0 0.6832682291666666 0.26953125 0.035807291666666664 0.0341796875
0 0.3548177083333333 0.3154296875 0.022135416666666668 0.0185546875
0 0.6009114583333334 0.012939453125 0.038411458333333336 0.025390625
0 0.8600260416666666 0.260986328125 0.033203125 0.0263671875
0 0.3001302083333333 0.33056640625 0.037760416666666664 0.0322265625
0 0.4410807291666667 0.320556640625 0.020182291666666668 0.01708984375
0 0.16666666666666666 0.360107421875 0.021484375 0.01708984375
0 0.12044270833333333 0.369140625 0.024088541666666668 0.01708984375
0 0.3395182291666667 0.345458984375 0.021484375 0.01611328125
0 0.5289713541666666 0.327392578125 0.041666666666666664 0.0322265625
0 0.7662760416666666 0.30078125 0.049479166666666664 0.037109375
0 0.4225260416666667 0.3515625 0.020833333333333332 0.01416015625
0 0.9202473958333334 0.29296875 0.040364583333333336 0.02685546875
0 0.3212890625 0.370849609375 0.0234375 0.01806640625
0 0.2770182291666667 0.380126953125 0.041015625 0.02392578125
0 0.8095703125 0.3232421875 0.05078125 0.02880859375
0 0.17903645833333334 0.399658203125 0.027994791666666668 0.01953125
0 0.8736979166666666 0.319091796875 0.047526041666666664 0.03173828125
0 0.07356770833333333 0.415283203125 0.0234375 0.01416015625
0 0.3525390625 0.387939453125 0.021484375 0.01708984375
0 0.6640625 0.353515625 0.034505208333333336 0.02685546875
0 0.6080729166666666 0.362060546875 0.027994791666666668 0.01806640625
0 0.5413411458333334 0.375 0.043619791666666664 0.03125
0 0.4921875 0.38427734375 0.0234375 0.01611328125
0 0.7109375 0.36865234375 0.049479166666666664 0.037109375
0 0.3382161458333333 0.414794921875 0.021484375 0.01708984375
0 0.2421875 0.42724609375 0.02734375 0.02099609375
0 0.18489583333333334 0.43798828125 0.022786458333333332 0.01904296875
0 0.07877604166666667 0.45556640625 0.024088541666666668 0.0146484375
0 0.4186197916666667 0.420166015625 0.037109375 0.0234375
0 0.8206380208333334 0.37353515625 0.0234375 0.01513671875
0 0.3714192708333333 0.43115234375 0.020182291666666668 0.01318359375
0 0.2731119791666667 0.4462890625 0.037760416666666664 0.02587890625
0 0.9404296875 0.36962890625 0.060546875 0.041015625
0 0.5576171875 0.419921875 0.044270833333333336 0.02978515625
0 0.5061848958333334 0.429443359375 0.018880208333333332 0.0126953125
0 0.8642578125 0.39306640625 0.05078125 0.03173828125
0 0.7923177083333334 0.405517578125 0.035807291666666664 0.02392578125
0 0.138671875 0.486572265625 0.022786458333333332 0.01708984375
0 0.66015625 0.427490234375 0.044270833333333336 0.0234375
0 0.030598958333333332 0.50341796875 0.024088541666666668 0.01513671875
0 0.4339192708333333 0.46142578125 0.033854166666666664 0.02587890625
0 0.279296875 0.485107421875 0.029947916666666668 0.02099609375
0 0.22623697916666666 0.492919921875 0.035807291666666664 0.029296875
0 0.16861979166666666 0.503662109375 0.048828125 0.03173828125
0 0.7633463541666666 0.435546875 0.024088541666666668 0.01806640625
0 0.011393229166666666 0.5263671875 0.022786458333333332 0.0205078125
0 0.6998697916666666 0.447021484375 0.025390625 0.01611328125
0 0.5787760416666666 0.46337890625 0.032552083333333336 0.02197265625
0 0.6373697916666666 0.45751953125 0.0390625 0.02197265625
0 0.4147135416666667 0.48876953125 0.033203125 0.021484375
0 0.25390625 0.510986328125 0.036458333333333336 0.0283203125
0 0.3092447916666667 0.5048828125 0.02734375 0.0166015625
0 0.09375 0.535888671875 0.029296875 0.02197265625
0 0.8772786458333334 0.44482421875 0.029947916666666668 0.01904296875
0 0.5009765625 0.497802734375 0.020182291666666668 0.01611328125
0 0.3382161458333333 0.517822265625 0.038411458333333336 0.02685546875
0 0.95703125 0.4443359375 0.03125 0.0185546875
0 0.3987630208333333 0.512939453125 0.033854166666666664 0.02685546875
0 0.11979166666666667 0.552978515625 0.0234375 0.015625
0 0.6487630208333334 0.4990234375 0.026692708333333332 0.01953125
0 0.5354817708333334 0.51513671875 0.0390625 0.02099609375
0 0.3167317708333333 0.5458984375 0.026692708333333332 0.01708984375
0 0.9085286458333334 0.476806640625 0.033203125 0.0224609375
0 0.2626953125 0.553466796875 0.024088541666666668 0.0205078125
0 0.20768229166666666 0.560546875 0.036458333333333336 0.02880859375
0 0.040364583333333336 0.580810546875 0.06575520833333333 0.04443359375
0 0.15266927083333334 0.5693359375 0.029947916666666668 0.01806640625
0 0.96484375 0.4794921875 0.030598958333333332 0.015625
0 0.6910807291666666 0.517822265625 0.028645833333333332 0.0166015625
0 0.7513020833333334 0.5107421875 0.024739583333333332 0.01953125
0 0.4602864583333333 0.546142578125 0.018880208333333332 0.015625
0 0.5716145833333334 0.533447265625 0.035807291666666664 0.0283203125
0 0.3489583333333333 0.5615234375 0.032552083333333336 0.0263671875
0 0.2392578125 0.578857421875 0.0234375 0.0224609375
0 0.79296875 0.530029296875 0.033203125 0.0185546875
0 0.4967447916666667 0.565185546875 0.036458333333333336 0.02783203125
0 0.15755208333333334 0.6103515625 0.026692708333333332 0.02685546875
0 0.10188802083333333 0.621337890625 0.041015625 0.03564453125
0 0.416015625 0.595458984375 0.02734375 0.02001953125
0 0.5852864583333334 0.575927734375 0.028645833333333332 0.01953125
0 0.3043619791666667 0.61328125 0.029296875 0.0205078125
0 0.3603515625 0.6064453125 0.022135416666666668 0.0166015625
0 0.9033203125 0.54248046875 0.034505208333333336 0.0244140625
0 0.18880208333333334 0.63037109375 0.02734375 0.021484375
0 0.6800130208333334 0.58740234375 0.026692708333333332 0.0146484375
0 0.2802734375 0.639892578125 0.03125 0.0224609375
0 0.22265625 0.647705078125 0.017578125 0.01611328125
0 0.6575520833333334 0.6123046875 0.0234375 0.01611328125
0 0.4235026041666667 0.640625 0.028645833333333332 0.017578125
0 0.5367838541666666 0.627685546875 0.036458333333333336 0.0244140625
0 0.7952473958333334 0.02294921875 0.059895833333333336 0.0419921875
0 0.8509114583333334 0.59716796875 0.048177083333333336 0.02392578125
0 0.91796875 0.59033203125 0.029296875 0.01513671875
0 0.5149739583333334 0.651611328125 0.013671875 0.01220703125
0 0.5758463541666666 0.644287109375 0.039713541666666664 0.02685546875
0 0.890625 0.6142578125 0.034505208333333336 0.01953125
0 0.060546875 0.712890625 0.022135416666666668 0.0185546875
0 0.2845052083333333 0.687255859375 0.041015625 0.02734375
0 0.3499348958333333 0.080322265625 0.043619791666666664 0.03515625
0 0.9912109375 0.618408203125 0.017578125 0.02001953125
0 0.7340494791666666 0.649658203125 0.022786458333333332 0.01318359375
0 0.3193359375 0.702880859375 0.028645833333333332 0.021484375
0 0.3759765625 0.696044921875 0.027994791666666668 0.02685546875
0 0.6510416666666666 0.04443359375 0.038411458333333336 0.0263671875
0 0.8626302083333334 0.640869140625 0.026692708333333332 0.01904296875
0 0.15104166666666666 0.726318359375 0.032552083333333336 0.01904296875
0 0.09049479166666667 0.733642578125 0.02734375 0.01953125
0 0.5540364583333334 0.056640625 0.032552083333333336 0.02197265625
0 0.5843098958333334 0.689697265625 0.029296875 0.02490234375
0 0.6455078125 0.683349609375 0.024088541666666668 0.017578125
0 0.3515625 0.720703125 0.02734375 0.02001953125
0 0.744140625 0.6953125 0.016927083333333332 0.01318359375
0 0.5016276041666666 0.725830078125 0.024088541666666668 0.01953125
0 0.09765625 0.779052734375 0.024739583333333332 0.021484375
0 0.599609375 0.73779296875 0.022786458333333332 0.01708984375
0 0.8460286458333334 0.70849609375 0.017578125 0.01220703125
0 0.4202473958333333 0.759521484375 0.01953125 0.01708984375
0 0.3626302083333333 0.766845703125 0.02734375 0.02294921875
0 0.4778645833333333 0.753662109375 0.028645833333333332 0.02001953125
0 0.2421875 0.7841796875 0.026692708333333332 0.01806640625
0 0.3033854166666667 0.77685546875 0.041666666666666664 0.0263671875
0 0.8212890625 0.735107421875 0.02734375 0.01708984375
0 0.6959635416666666 0.75048828125 0.01953125 0.01513671875
0 0.5758463541666666 0.765869140625 0.025390625 0.015625
0 0.2731119791666667 0.80224609375 0.033203125 0.02392578125
0 0.3951822916666667 0.789794921875 0.038411458333333336 0.02783203125
0 0.16048177083333334 0.818603515625 0.020182291666666668 0.02001953125
0 0.9563802083333334 0.728515625 0.018229166666666668 0.0126953125
0 0.4876302083333333 0.800048828125 0.03515625 0.021484375
0 0.0888671875 0.850341796875 0.046223958333333336 0.0322265625
0 0.4303385416666667 0.810302734375 0.036458333333333336 0.02099609375
0 0.193359375 0.83984375 0.039713541666666664 0.0244140625
0 0.8704427083333334 0.05615234375 0.03125 0.0224609375
0 0.7708333333333334 0.068359375 0.054036458333333336 0.04052734375
0 0.2828776041666667 0.1298828125 0.021484375 0.0224609375
0 0.6311848958333334 0.106201171875 0.048828125 0.03662109375
0 0.4049479166666667 0.14404296875 0.037760416666666664 0.03076171875
0 0.2177734375 0.174560546875 0.043619791666666664 0.0380859375
0 0.16731770833333334 0.201416015625 0.018880208333333332 0.015625
0 0.5436197916666666 0.1572265625 0.048177083333333336 0.03564453125
0 0.7194010416666666 0.14111328125 0.037760416666666664 0.02587890625
0 0.3362630208333333 0.193115234375 0.021484375 0.01904296875
0 0.4830729166666667 0.17919921875 0.027994791666666668 0.02197265625
0 0.4264322916666667 0.19482421875 0.025390625 0.0166015625
0 0.8330078125 0.1474609375 0.059244791666666664 0.04833984375
0 0.765625 0.160400390625 0.028645833333333332 0.0205078125
0 0.6897786458333334 0.177978515625 0.04296875 0.03564453125
0 0.2682291666666667 0.23876953125 0.0234375 0.01708984375
0 0.2177734375 0.249755859375 0.039713541666666664 0.0302734375
0 0.4996744791666667 0.230224609375 0.027994791666666668 0.02001953125
0 0.4427083333333333 0.24169921875 0.03515625 0.03173828125
0 0.5927734375 0.2275390625 0.055338541666666664 0.04150390625