0 0.2080078125 0.258544921875 0.051432291666666664 0.0361328125
0 0.3675130208333333 0.269775390625 0.055338541666666664 0.04296875
0 0.4602864583333333 0.289306640625 0.09244791666666667 0.08154296875
0 0.6888020833333334 0.321533203125 0.068359375 0.04296875
0 0.2652994791666667 0.30810546875 0.08333333333333333 0.064453125
0 0.103515625 0.301025390625 0.049479166666666664 0.0400390625
0 0.8388671875 0.350341796875 0.03515625 0.02099609375
0 0.025716145833333332 0.338623046875 0.024739583333333332 0.029296875
0 0.69140625 0.39453125 0.13671875 0.12890625
0 0.9156901041666666 0.4091796875 0.07552083333333333 0.06201171875
0 0.5013020833333334 0.393798828125 0.044921875 0.03662109375
0 0.109375 0.383544921875 0.061848958333333336 0.0341796875
0 0.18391927083333334 0.402587890625 0.06315104166666667 0.0390625
0 0.7600911458333334 0.434326171875 0.03125 0.021484375
0 0.23763020833333334 0.456298828125 0.040364583333333336 0.02685546875
0 0.4163411458333333 0.46630859375 0.11328125 0.0693359375
0 0.3860677083333333 0.040771484375 0.09440104166666667 0.05908203125
0 0.3053385416666667 0.47509765625 0.035807291666666664 0.03076171875
0 0.8616536458333334 0.52685546875 0.09830729166666667 0.060546875
0 0.3284505208333333 0.506103515625 0.025390625 0.01220703125
0 0.7620442708333334 0.544677734375 0.034505208333333336 0.021484375
0 0.6207682291666666 0.5634765625 0.150390625 0.12255859375
0 0.7063802083333334 0.574951171875 0.032552083333333336 0.0185546875
0 0.06901041666666667 0.545654296875 0.13802083333333334 0.11279296875
0 0.3701171875 0.564208984375 0.0234375 0.01708984375
0 0.78125 0.590087890625 0.0546875 0.03173828125
0 0.2698567708333333 0.565673828125 0.12174479166666667 0.0888671875
0 0.5042317708333334 0.5810546875 0.050130208333333336 0.04736328125
0 0.193359375 0.595947265625 0.03125 0.02099609375
0 0.4261067708333333 0.614013671875 0.018229166666666668 0.01025390625
0 0.7952473958333334 0.644287109375 0.03125 0.01806640625
0 0.3352864583333333 0.6201171875 0.06315104166666667 0.041015625
0 0.5481770833333334 0.6494140625 0.057942708333333336 0.03271484375
0 0.2545572916666667 0.648681640625 0.041015625 0.02783203125
0 0.4251302083333333 0.65869140625 0.018880208333333332 0.01318359375
0 0.19759114583333334 0.649658203125 0.059895833333333336 0.044921875
0 0.6028645833333334 0.671875 0.06966145833333333 0.04296875
0 0.7688802083333334 0.70361328125 0.072265625 0.05615234375
0 0.4319661458333333 0.698486328125 0.01953125 0.01318359375
0 0.6868489583333334 0.71435546875 0.028645833333333332 0.017578125
0 0.8717447916666666 0.08935546875 0.22005208333333334 0.13916015625
0 0.6263020833333334 0.726318359375 0.027994791666666668 0.01806640625
0 0.16341145833333334 0.70947265625 0.044921875 0.02685546875
0 0.5751953125 0.73779296875 0.11197916666666667 0.06494140625
0 0.8274739583333334 0.755126953125 0.028645833333333332 0.01708984375
0 0.111328125 0.734619140625 0.024739583333333332 0.01806640625
0 0.923828125 0.77734375 0.10872395833333333 0.076171875
0 0.22591145833333334 0.75146484375 0.0546875 0.02880859375
0 0.697265625 0.776611328125 0.032552083333333336 0.01806640625
0 0.75390625 0.785888671875 0.018229166666666668 0.01123046875
0 0.5048828125 0.8046875 0.024739583333333332 0.017578125
0 0.7076822916666666 0.81494140625 0.0859375 0.05419921875
0 0.8525390625 0.827880859375 0.07291666666666667 0.0478515625
0 0.3714192708333333 0.80810546875 0.048177083333333336 0.04296875
0 0.2109375 0.06591796875 0.162109375 0.1171875
0 0.11197916666666667 0.80322265625 0.018229166666666668 0.013671875
0 0.8020833333333334 0.891357421875 0.027994791666666668 0.025390625
0 0.4684244791666667 0.880615234375 0.040364583333333336 0.0263671875
0 0.20670572916666666 0.873291015625 0.039713541666666664 0.03369140625
0 0.4205729166666667 0.918212890625 0.046875 0.041015625
0 0.15592447916666666 0.934326171875 0.0390625 0.02685546875
0 0.7047526041666666 0.11572265625 0.06315104166666667 0.04052734375
0 0.1064453125 0.1142578125 0.064453125 0.0419921875
0 0.2877604166666667 0.131591796875 0.12565104166666666 0.0859375
0 0.9235026041666666 0.17724609375 0.099609375 0.07958984375
0 0.7490234375 0.1884765625 0.103515625 0.05859375
0 0.9814453125 0.211181640625 0.037109375 0.08056640625
0 0.14811197916666666 0.180908203125 0.051432291666666664 0.03173828125
0 0.5279947916666666 0.205810546875 0.109375 0.11572265625
0 0.062174479166666664 0.183349609375 0.061848958333333336 0.044921875
0 0.638671875 0.215087890625 0.06380208333333333 0.04052734375
0 0.8929036458333334 0.26318359375 0.037760416666666664 0.02783203125
1 0.9752604166666666 0.558837890625 0.049479166666666664 0.16259765625
0 0.314453125 0.802490234375 0.031901041666666664 0.0263671875
0 0.031901041666666664 0.6904296875 0.026041666666666668 0.01318359375
0 0.051432291666666664 0.643310546875 0.024739583333333332 0.0126953125
0 0.009114583333333334 0.707763671875 0.018229166666666668 0.06201171875
1 0.23111979166666666 0.86962890625 0.13736979166666666 0.091796875
0 0.310546875 0.649658203125 0.016276041666666668 0.01171875
0 0.14583333333333334 0.52490234375 0.017578125 0.00927734375
0 0.2522786458333333 0.490966796875 0.020833333333333332 0.01318359375
0 0.029296875 0.265380859375 0.01953125 0.029296875
1 0.05078125 0.103515625 0.033854166666666664 0.0458984375
0 0.73046875 0.686279296875 0.016927083333333332 0.0126953125
1 0.2581380208333333 0.470703125 0.240234375 0.087890625