0 0.6474609375 0.2470703125 0.024088541666666668 0.0205078125
0 0.11490885416666667 0.2841796875 0.041666666666666664 0.0302734375
0 0.240234375 0.283935546875 0.13802083333333334 0.08984375
0 0.4547526041666667 0.279296875 0.0703125 0.044921875
0 0.861328125 0.26123046875 0.026692708333333332 0.01611328125
0 0.7425130208333334 0.306640625 0.0546875 0.02978515625
0 0.5009765625 0.32177734375 0.020182291666666668 0.02001953125
0 0.5530598958333334 0.319091796875 0.038411458333333336 0.0263671875
0 0.6656901041666666 0.324462890625 0.048828125 0.03369140625
0 0.3017578125 0.354736328125 0.026692708333333332 0.0166015625
0 0.4208984375 0.351806640625 0.05859375 0.0517578125
0 0.12825520833333334 0.3701171875 0.041666666666666664 0.0263671875
0 0.9811197916666666 0.325439453125 0.014322916666666666 0.07470703125
0 0.6829427083333334 0.369873046875 0.0234375 0.0166015625
0 0.8802083333333334 0.369384765625 0.029947916666666668 0.01904296875
0 0.3248697916666667 0.399169921875 0.03125 0.0224609375
0 0.7998046875 0.382568359375 0.057291666666666664 0.033203125
0 0.7076822916666666 0.3955078125 0.024088541666666668 0.01806640625
0 0.5384114583333334 0.409423828125 0.04296875 0.0244140625
0 0.4768880208333333 0.4140625 0.056640625 0.033203125
0 0.6217447916666666 0.426025390625 0.047526041666666664 0.0390625
0 0.2718098958333333 0.44580078125 0.018880208333333332 0.00927734375
0 0.8919270833333334 0.419677734375 0.03515625 0.03173828125
0 0.234375 0.457275390625 0.024739583333333332 0.01904296875
0 0.2783203125 0.460693359375 0.044921875 0.03564453125
0 0.21028645833333334 0.06005859375 0.055989583333333336 0.037109375
0 0.865234375 0.447509765625 0.041666666666666664 0.025390625
0 0.7779947916666666 0.45751953125 0.053385416666666664 0.0361328125
0 0.3658854166666667 0.483154296875 0.055338541666666664 0.03369140625
0 0.22037760416666666 0.51025390625 0.039713541666666664 0.0234375
0 0.06412760416666667 0.5302734375 0.046223958333333336 0.10302734375
0 0.3118489583333333 0.526123046875 0.025390625 0.02978515625
0 0.9729817708333334 0.490966796875 0.054036458333333336 0.05029296875
0 0.2861328125 0.52978515625 0.014322916666666666 0.0126953125
0 0.6604817708333334 0.51220703125 0.0234375 0.01220703125
0 0.7067057291666666 0.51953125 0.034505208333333336 0.02783203125
0 0.50390625 0.53515625 0.026041666666666668 0.01708984375
0 0.6774088541666666 0.5263671875 0.020833333333333332 0.0166015625
0 0.6389973958333334 0.529296875 0.014973958333333334 0.01416015625
0 0.8785807291666666 0.529541015625 0.06510416666666667 0.03759765625
0 0.4261067708333333 0.569091796875 0.056640625 0.03564453125
0 0.08626302083333333 0.5927734375 0.022786458333333332 0.01513671875
0 0.2060546875 0.58740234375 0.030598958333333332 0.0185546875
0 0.9417317708333334 0.5673828125 0.046875 0.02734375
0 0.810546875 0.57568359375 0.044921875 0.0322265625
0 0.552734375 0.056640625 0.07486979166666667 0.0498046875
0 0.5380859375 0.601806640625 0.03125 0.0341796875
0 0.998046875 0.58447265625 0.00390625 0.017578125
0 0.7190755208333334 0.051025390625 0.04296875 0.0234375
0 0.3844401041666667 0.640625 0.054036458333333336 0.0380859375
0 0.4114583333333333 0.067138671875 0.10546875 0.08203125
0 0.9479166666666666 0.613037109375 0.0390625 0.01904296875
0 0.15657552083333334 0.659912109375 0.115234375 0.0537109375
0 0.7682291666666666 0.63330078125 0.029296875 0.01611328125
0 0.22265625 0.662353515625 0.14583333333333334 0.0771484375
0 0.2978515625 0.074462890625 0.044921875 0.02734375
0 0.52734375 0.66162109375 0.054036458333333336 0.03564453125
0 0.3522135416666667 0.679931640625 0.031901041666666664 0.01806640625
0 0.6920572916666666 0.66259765625 0.076171875 0.04931640625
0 0.061197916666666664 0.70654296875 0.030598958333333332 0.0205078125
0 0.3160807291666667 0.697021484375 0.029296875 0.01611328125
0 0.46875 0.689697265625 0.033203125 0.02197265625
0 0.6110026041666666 0.6826171875 0.04296875 0.0224609375
0 0.2965494791666667 0.732421875 0.09114583333333333 0.05517578125
0 0.6331380208333334 0.73095703125 0.059895833333333336 0.03076171875
0 0.9801432291666666 0.72998046875 0.039713541666666664 0.025390625
0 0.5657552083333334 0.75 0.033203125 0.0185546875
0 0.7708333333333334 0.758544921875 0.13802083333333334 0.08642578125
0 0.927734375 0.761474609375 0.046875 0.02587890625
0 0.13053385416666666 0.80859375 0.212890625 0.18017578125
0 0.2666015625 0.819091796875 0.042317708333333336 0.02685546875
0 0.3697916666666667 0.819580078125 0.045572916666666664 0.02587890625
0 0.4225260416666667 0.8232421875 0.020182291666666668 0.0234375
0 0.98828125 0.794677734375 0.0234375 0.01611328125
0 0.5045572916666666 0.848876953125 0.057291666666666664 0.04931640625
0 0.9407552083333334 0.837158203125 0.10611979166666667 0.064453125
0 0.12076822916666667 0.105712890625 0.03125 0.02001953125
0 0.24381510416666666 0.894775390625 0.042317708333333336 0.0234375
0 0.853515625 0.07080078125 0.03125 0.02685546875
0 0.5364583333333334 0.92041015625 0.041666666666666664 0.01953125
0 0.7802734375 0.0771484375 0.029296875 0.015625
0 0.3297526041666667 0.947998046875 0.033203125 0.0341796875
0 0.240234375 0.98291015625 0.044270833333333336 0.0341796875
0 0.6647135416666666 0.090576171875 0.08333333333333333 0.09228515625
0 0.23795572916666666 0.126953125 0.041666666666666664 0.03125
0 0.7252604166666666 0.10888671875 0.052083333333333336 0.0458984375
0 0.09375 0.166015625 0.036458333333333336 0.02734375
0 0.3704427083333333 0.15283203125 0.046223958333333336 0.0283203125
0 0.8723958333333334 0.134033203125 0.052083333333333336 0.03271484375
0 0.5026041666666666 0.158203125 0.020833333333333332 0.0166015625
0 0.2639973958333333 0.178955078125 0.0234375 0.02099609375
0 0.5830078125 0.170654296875 0.06315104166666667 0.02685546875
0 0.45703125 0.20556640625 0.057291666666666664 0.03857421875
0 0.19303385416666666 0.222900390625 0.07877604166666667 0.13525390625
0 0.9674479166666666 0.185791015625 0.011067708333333334 0.02880859375
0 0.5520833333333334 0.21044921875 0.037109375 0.0224609375
0 0.3629557291666667 0.240966796875 0.03125 0.02099609375
0 0.7216796875 0.23095703125 0.0546875 0.03466796875
1 0.2613932291666667 0.454345703125 0.12044270833333333 0.0859375
1 0.2887369791666667 0.523193359375 0.09895833333333333 0.064453125
1 0.38671875 0.8251953125 0.11848958333333333 0.08544921875
1 0.07779947916666667 0.98046875 0.07096354166666667 0.0390625
0 0.8199869791666666 0.704345703125 0.012369791666666666 0.009765625
0 0.859375 0.660400390625 0.083984375 0.0947265625
0 0.8587239583333334 0.716064453125 0.0859375 0.08056640625
0 0.5690104166666666 0.57470703125 0.014973958333333334 0.0078125
1 0.5768229166666666 0.603759765625 0.12630208333333334 0.0810546875
1 0.6735026041666666 0.528076171875 0.130859375 0.0830078125
1 0.7425130208333334 0.09765625 0.18619791666666666 0.17529296875