0 0.3968098958333333 0.241943359375 0.06380208333333333 0.04248046875
0 0.7054036458333334 0.298583984375 0.06380208333333333 0.04248046875
0 0.27734375 0.25 0.045572916666666664 0.03662109375
0 0.93359375 0.3359375 0.024739583333333332 0.02783203125
0 0.7845052083333334 0.33251953125 0.076171875 0.0595703125
0 0.1845703125 0.29248046875 0.041666666666666664 0.03466796875
0 0.06477864583333333 0.27880859375 0.014973958333333334 0.0166015625
0 0.051106770833333336 0.2880859375 0.041015625 0.08251953125
0 0.09635416666666667 0.30078125 0.0546875 0.078125
0 0.6009114583333334 0.3779296875 0.053385416666666664 0.037109375
0 0.8932291666666666 0.413330078125 0.20638020833333334 0.12255859375
0 0.5003255208333334 0.366943359375 0.14908854166666666 0.130859375
0 0.17838541666666666 0.367919921875 0.029947916666666668 0.01904296875
0 0.6839192708333334 0.06005859375 0.10026041666666667 0.0859375
0 0.5950520833333334 0.456298828125 0.07682291666666667 0.0390625
0 0.2506510416666667 0.428466796875 0.076171875 0.048828125
0 0.3212890625 0.441650390625 0.0390625 0.0205078125
0 0.7779947916666666 0.4970703125 0.022135416666666668 0.015625
0 0.13932291666666666 0.422607421875 0.08268229166666667 0.056640625
0 0.755859375 0.506103515625 0.02734375 0.0234375
0 0.4049479166666667 0.475830078125 0.022135416666666668 0.01416015625
0 0.6686197916666666 0.51318359375 0.10807291666666667 0.09033203125
0 0.7356770833333334 0.54833984375 0.050130208333333336 0.02978515625
0 0.486328125 0.520751953125 0.076171875 0.03515625
0 0.4091796875 0.515380859375 0.022135416666666668 0.01416015625
0 0.11393229166666667 0.4833984375 0.040364583333333336 0.029296875
0 0.8235677083333334 0.569091796875 0.029947916666666668 0.0185546875
0 0.060872395833333336 0.47900390625 0.0546875 0.05517578125
0 0.24153645833333334 0.50634765625 0.059244791666666664 0.05859375
0 0.33203125 0.537353515625 0.08333333333333333 0.0869140625
0 0.48046875 0.589111328125 0.055338541666666664 0.041015625
0 0.14973958333333334 0.566162109375 0.036458333333333336 0.0234375
0 0.3551432291666667 0.596435546875 0.022135416666666668 0.01904296875
0 0.5699869791666666 0.6279296875 0.07291666666666667 0.046875
0 0.7630208333333334 0.65576171875 0.050130208333333336 0.0234375
0 0.19661458333333334 0.603759765625 0.057942708333333336 0.0361328125
0 0.0654296875 0.59521484375 0.057942708333333336 0.0546875
0 0.5221354166666666 0.654296875 0.057291666666666664 0.03466796875
0 0.6715494791666666 0.676513671875 0.13802083333333334 0.11376953125
0 0.2884114583333333 0.637451171875 0.035807291666666664 0.02734375
0 0.23860677083333334 0.635986328125 0.040364583333333336 0.02685546875
0 0.10807291666666667 0.6298828125 0.0703125 0.056640625
0 0.576171875 0.69189453125 0.11328125 0.09716796875
0 0.4205729166666667 0.685302734375 0.08268229166666667 0.044921875
0 0.6669921875 0.73583984375 0.10872395833333333 0.06494140625
0 0.9189453125 0.1181640625 0.10221354166666667 0.080078125
0 0.259765625 0.71923828125 0.026041666666666668 0.0166015625
0 0.15625 0.7255859375 0.055989583333333336 0.0439453125
0 0.4827473958333333 0.768310546875 0.083984375 0.0537109375
0 0.3779296875 0.766357421875 0.029296875 0.01904296875
0 0.3346354166666667 0.76220703125 0.024739583333333332 0.01806640625
0 0.5517578125 0.79150390625 0.029947916666666668 0.02587890625
0 0.2994791666666667 0.79052734375 0.205078125 0.12841796875
0 0.4479166666666667 0.821533203125 0.07877604166666667 0.0517578125
0 0.15885416666666666 0.803955078125 0.057291666666666664 0.05029296875
0 0.21126302083333334 0.818115234375 0.055338541666666664 0.0341796875
0 0.4534505208333333 0.08056640625 0.060546875 0.04345703125
0 0.2503255208333333 0.8955078125 0.0625 0.0419921875
0 0.2962239583333333 0.06884765625 0.025390625 0.02294921875
0 0.8479817708333334 0.166015625 0.07552083333333333 0.04443359375
0 0.23372395833333334 0.10107421875 0.027994791666666668 0.01953125
0 0.13216145833333334 0.097412109375 0.140625 0.18359375
0 0.9915364583333334 0.205322265625 0.016927083333333332 0.03759765625
0 0.6077473958333334 0.174072265625 0.224609375 0.14990234375
0 0.3837890625 0.155029296875 0.0625 0.04296875
0 0.8929036458333334 0.234619140625 0.07421875 0.0439453125
0 0.19466145833333334 0.15771484375 0.08528645833333333 0.06201171875
0 0.7366536458333334 0.26904296875 0.07682291666666667 0.04931640625
0 0.09895833333333333 0.725830078125 0.011067708333333334 0.00634765625
0 0.083984375 0.680908203125 0.013020833333333334 0.017578125
0 0.08040364583333333 0.6865234375 0.01171875 0.01220703125
0 0.058268229166666664 0.684326171875 0.029296875 0.033203125
0 0.0458984375 0.690185546875 0.008463541666666666 0.0107421875
0 0.043619791666666664 0.697509765625 0.015625 0.02392578125
0 0.049153645833333336 0.71142578125 0.008463541666666666 0.01025390625
0 0.07161458333333333 0.718017578125 0.044921875 0.0498046875
0 0.06477864583333333 0.741455078125 0.024088541666666668 0.02392578125
0 0.07552083333333333 0.762451171875 0.022135416666666668 0.02490234375
0 0.08463541666666667 0.787353515625 0.03125 0.03369140625
0 0.08821614583333333 0.82080078125 0.022135416666666668 0.02001953125
0 0.0556640625 0.7998046875 0.008463541666666666 0.00830078125
0 0.0732421875 0.825439453125 0.06966145833333333 0.08203125
0 0.0654296875 0.769775390625 0.020182291666666668 0.01953125
0 0.040690104166666664 0.651611328125 0.042317708333333336 0.04833984375
0 0.029296875 0.61962890625 0.01953125 0.01220703125
0 0.019205729166666668 0.579345703125 0.016927083333333332 0.02587890625
0 0.044596354166666664 0.55517578125 0.044270833333333336 0.04248046875
0 0.0556640625 0.399658203125 0.016276041666666668 0.0166015625
0 0.033203125 0.39794921875 0.046223958333333336 0.0751953125
0 0.0419921875 0.408447265625 0.02734375 0.0341796875
0 0.028971354166666668 0.410888671875 0.014322916666666666 0.01318359375
0 0.0361328125 0.439453125 0.014322916666666666 0.01953125
0 0.033528645833333336 0.455078125 0.009765625 0.01416015625
0 0.033854166666666664 0.42822265625 0.009114583333333334 0.00927734375
0 0.045572916666666664 0.501953125 0.08854166666666667 0.115234375
0 0.022786458333333332 0.52197265625 0.009114583333333334 0.00634765625
0 0.026041666666666668 0.53173828125 0.013020833333333334 0.0126953125
0 0.042643229166666664 0.355224609375 0.016927083333333332 0.01513671875
0 0.06998697916666667 0.23828125 0.01171875 0.0205078125
0 0.0771484375 0.221435546875 0.008463541666666666 0.01513671875
0 0.08984375 0.169921875 0.015625 0.02197265625
0 0.2799479166666667 0.402099609375 0.021484375 0.01318359375
0 0.2760416666666667 0.4091796875 0.020833333333333332 0.0107421875
1 0.240234375 0.335205078125 0.333984375 0.29248046875
1 0.015950520833333332 0.578369140625 0.026692708333333332 0.04296875
1 0.046549479166666664 0.593994140625 0.061848958333333336 0.07470703125
1 0.025716145833333332 0.524169921875 0.016927083333333332 0.0166015625
1 0.059895833333333336 0.7646484375 0.029296875 0.04345703125
1 0.5670572916666666 0.675048828125 0.23177083333333334 0.1953125
1 0.70703125 0.5126953125 0.2760416666666667 0.2119140625
0 0.970703125 0.522216796875 0.022786458333333332 0.0146484375
0 0.9527994791666666 0.59375 0.048177083333333336 0.0322265625
0 0.9680989583333334 0.621826171875 0.029947916666666668 0.03271484375
0 0.9059244791666666 0.646728515625 0.033854166666666664 0.0166015625
0 0.8834635416666666 0.66015625 0.033203125 0.0166015625
0 0.7962239583333334 0.663818359375 0.11848958333333333 0.07373046875
0 0.8138020833333334 0.699462890625 0.026692708333333332 0.017578125
0 0.87890625 0.709716796875 0.021484375 0.0361328125
0 0.7763671875 0.742431640625 0.03515625 0.01953125
0 0.7867838541666666 0.752197265625 0.031901041666666664 0.021484375
0 0.7112630208333334 0.75048828125 0.049479166666666664 0.03271484375
0 0.7438151041666666 0.771728515625 0.012369791666666666 0.00830078125
0 0.634765625 0.776123046875 0.024088541666666668 0.01953125
0 0.6383463541666666 0.790283203125 0.025390625 0.01806640625
0 0.6178385416666666 0.83447265625 0.0390625 0.025390625
0 0.5462239583333334 0.85595703125 0.037109375 0.02685546875
0 0.541015625 0.904296875 0.029947916666666668 0.03271484375
1 0.8600260416666666 0.70849609375 0.037109375 0.04931640625
1 0.9212239583333334 0.61181640625 0.15494791666666666 0.18212890625
1 0.8606770833333334 0.15234375 0.22265625 0.23046875
0 0.9404296875 0.205810546875 0.032552083333333336 0.0771484375