0 0.1590125 0.03495782567947516 0.09186249999999997 0.06850984067478913
0 0.25748750000000004 0.024208059981255855 0.09067500000000002 0.04841611996251171
0 0.1306125 0.1575257731958763 0.0630875 0.03897844423617617
0 0.0184625 0.24177132146204314 0.035149999999999994 0.06581068416119965
0 0.155975 0.21933458294283037 0.06530000000000001 0.03491096532333646
0 0.2334125 0.17783505154639176 0.05517499999999998 0.04503280224929711
0 0.34299999999999997 0.1674133083411434 0.08805000000000003 0.07274601686972822
0 0.526425 0.09024367385192128 0.09825000000000003 0.05808809746954076
0 0.4736 0.19377694470477974 0.06356250000000002 0.050965323336457355
0 0.647275 0.1211527647610122 0.07025000000000006 0.04008434864104967
0 0.8330375 0.05581068416119962 0.07183750000000004 0.04311152764761012
0 0.74095 0.13076850984067478 0.07039999999999992 0.05799437675726335
0 0.5757875 0.21708528584817244 0.09493750000000006 0.060346766635426416
0 0.663775 0.2214901593252109 0.07152500000000003 0.04592314901593255
0 0.0236875 0.3503373945641987 0.03585 0.03615745079662609
0 0.0751625 0.4101968134957826 0.06249999999999999 0.03614807872539836
0 0.043949999999999996 0.47328022492970945 0.07370000000000002 0.03128397375820061
0 0.1014875 0.5547891283973758 0.042387499999999995 0.018697282099343997
0 0.0451875 0.6096157450796627 0.033612500000000003 0.021921274601687066
0 0.0238375 0.6758856607310215 0.0388 0.016101218369259665
0 0.077875 0.6415276476101218 0.03419999999999999 0.021227741330834198
0 0.1090625 0.6692127460168696 0.04690000000000001 0.02404873477038433
0 0.1366125 0.6277507029053421 0.0319125 0.015623242736644867
0 0.19165 0.6245735707591378 0.028425000000000013 0.01858481724461099
0 0.24087499999999998 0.652174320524836 0.02396250000000002 0.015904404873477065
0 0.1671125 0.7505623242736645 0.03789999999999999 0.021790065604498594
0 0.20052499999999998 0.7868791002811621 0.040862499999999996 0.025904404873477133
0 0.0605125 0.8703748828491097 0.04649999999999999 0.02593252108716033
0 0.2631125 0.7301593252108717 0.04626249999999999 0.02753514526710413
0 0.29862500000000003 0.7675257731958763 0.03478749999999998 0.02577319587628866
0 0.37335 0.6876194939081538 0.020999999999999942 0.016288659793814535
0 0.45011249999999997 0.713552014995314 0.027262499999999933 0.01826616682286786
0 0.3421 0.5690159325210872 0.07027500000000003 0.05512652296157445
0 0.38402500000000006 0.5981349578256795 0.030799999999999984 0.020328022492971
0 0.3032875 0.5318650421743205 0.03435000000000002 0.02340206185567013
0 0.258825 0.5052858481724462 0.056312500000000015 0.039428303655107716
0 0.34223750000000003 0.5011433926897845 0.040387500000000076 0.03711340206185559
0 0.1655875 0.4706560449859419 0.06678750000000001 0.03734770384254923
0 0.33575000000000005 0.4221274601686973 0.03716250000000002 0.018781630740393594
0 0.3258875 0.43703842549203376 0.04051249999999996 0.014676663542642894
0 0.43665 0.4553889409559512 0.055324999999999985 0.02676663542642919
0 0.448975 0.3508997188378632 0.05423749999999998 0.03996251171508902
0 0.4160125 0.31452671040299907 0.03178749999999994 0.03173383317713216
0 0.24609999999999999 0.3498594189315839 0.11513750000000002 0.060487347703842516
0 0.53205 0.29663542642924084 0.03407499999999999 0.023223992502342992
0 0.54815 0.2900187441424555 0.034862499999999984 0.024611059044048728
0 0.5902000000000001 0.4217150890346767 0.04748750000000001 0.04057169634489219
0 0.741625 0.4182099343955014 0.05401250000000005 0.041537019681349624
0 0.7419 0.3432333645735708 0.06254999999999995 0.05854732895970012
0 0.8442375 0.33485473289597 0.04721249999999998 0.057094657919400146
0 0.84675 0.2501405810684161 0.05666249999999991 0.05462043111527645
0 0.8410375000000001 0.5079381443298969 0.05501249999999999 0.02676663542642919
0 0.6585 0.5701405810684161 0.04746250000000003 0.030103092783505054
0 0.52905 0.6182942830365511 0.02987499999999997 0.027966260543580056
0 0.5929875 0.6956607310215558 0.028225000000000052 0.024386129334582927
0 0.7456 0.8163542642924085 0.039787499999999906 0.02365510777881913
0 0.8403 0.8458388003748828 0.025137499999999875 0.026082474226804056
0 0.7442 0.7360449859418932 0.03344999999999999 0.02667291471415186
0 0.7444375 0.6611902530459232 0.04544999999999987 0.023964386129334523
0 0.8439875000000001 0.6794283036551079 0.05026250000000004 0.02386129334582946