0 0.26 0.019681349578256794 0.105 0.03936269915651359
0 0.36 0.01499531396438613 0.1 0.02999062792877226
0 0.206875 0.11855670103092783 0.07 0.04592314901593252
0 0.078125 0.18837863167760074 0.04875 0.06935332708528585
0 0.21875 0.18228678537956888 0.07125 0.04217432052483599
0 0.30375 0.15042174320524837 0.06375 0.05060918462980318
0 0.414375 0.15323336457357076 0.1025 0.08247422680412371
0 0.611875 0.09840674789128398 0.10875 0.06935332708528585
0 0.538125 0.1944704779756326 0.07375 0.05810684161199625
0 0.724375 0.1429240862230553 0.0775 0.04779756326148079
0 0.921875 0.10028116213683223 0.08 0.05060918462980318
0 0.815 0.1635426429240862 0.08125 0.06560449859418932
0 0.63375 0.2296157450796626 0.10625 0.07029053420805999
0 0.72 0.24414245548266167 0.08 0.053420805998125584
0 0.060625 0.29615745079662603 0.0425 0.04029990627928772
0 0.099375 0.3612933458294283 0.06875 0.04311152764761012
0 0.055 0.42033739456419866 0.07875 0.03936269915651359
0 0.095 0.5074976569821931 0.04625 0.023430178069353328
0 0.028125 0.5548266166822868 0.0375 0.02530459231490159
0 0.006875 0.6176194939081537 0.01375 0.020618556701030927
0 0.05375 0.5904404873477038 0.03875 0.02530459231490159
0 0.07875 0.6213683223992502 0.05125 0.029053420805998126
0 0.114375 0.5834114339268979 0.035 0.01874414245548266
0 0.169375 0.5866916588566073 0.0325 0.02155576382380506
0 0.2125 0.619962511715089 0.0275 0.01874414245548266
0 0.11875 0.7085285848172446 0.0425 0.026241799437675725
0 0.144375 0.7483598875351453 0.04625 0.02999062792877226
0 0.006875 0.8139643861293346 0.01375 0.030927835051546393
0 0.218125 0.6996251171508904 0.05125 0.03280224929709466
0 0.245 0.7403936269915652 0.04 0.02999062792877226
0 0.335625 0.6705716963448922 0.02375 0.01874414245548266
0 0.40625 0.7052483598875351 0.03125 0.02155576382380506
0 0.329375 0.549671977507029 0.08125 0.06279287722586692
0 0.365 0.5834114339268979 0.035 0.023430178069353328
0 0.29875 0.5084348641049672 0.03875 0.02717900656044986
0 0.260625 0.47703842549203374 0.06375 0.04592314901593252
0 0.34375 0.48266166822867856 0.0475 0.041237113402061855
0 0.175625 0.43158388003748827 0.07375 0.04498594189315839
0 0.35375 0.40393626991565135 0.04 0.022492970946579195
0 0.34125 0.4175257731958763 0.0425 0.019681349578256794
0 0.446875 0.4484536082474227 0.06 0.03280224929709466
0 0.480625 0.3467666354264292 0.0625 0.04592314901593252
0 0.455625 0.3069353327085286 0.0375 0.03467666354264293
0 0.280625 0.3219306466729147 0.12625 0.07310215557638237
0 0.574375 0.302717900656045 0.03875 0.02717900656044986
0 0.59125 0.2980318650421743 0.04 0.028116213683223992
0 0.605625 0.43345829428303656 0.055 0.04592314901593252
0 0.755625 0.4475164011246485 0.0625 0.04779756326148079
0 0.771875 0.373477038425492 0.07375 0.06560449859418932
0 0.874375 0.37722586691658855 0.05875 0.061855670103092786
0 0.894375 0.29381443298969073 0.0675 0.06091846298031865
0 0.835 0.5477975632614808 0.06 0.03280224929709466
0 0.641875 0.5880974695407685 0.05375 0.03561387066541706
0 0.50375 0.6204311152764761 0.035 0.030927835051546393
0 0.55125 0.704311152764761 0.0325 0.02717900656044986
0 0.676875 0.8411433926897844 0.04375 0.028116213683223992
0 0.76375 0.8814432989690721 0.03 0.029053420805998126
0 0.691875 0.7619493908153702 0.03875 0.02999062792877226
0 0.7075 0.6879100281162137 0.05 0.029053420805998126
0 0.8025 0.7174320524835989 0.055 0.029053420805998126