0 0.148125 0.03936269915651359 0.09375 0.06935332708528585
0 0.24625 0.027647610121836926 0.09125 0.04967197750702906
0 0.1225 0.1626054358013121 0.06375 0.03936269915651359
0 0.015 0.2478912839737582 0.03 0.06654170571696345
0 0.149375 0.22399250234301782 0.06625 0.03561387066541706
0 0.22625 0.18134957825679476 0.05625 0.04592314901593252
0 0.335 0.1696344892221181 0.09 0.07403936269915651
0 0.516875 0.08997188378631678 0.1 0.059044048734770385
0 0.46625 0.19400187441424555 0.065 0.05154639175257732
0 0.638125 0.11949390815370196 0.07125 0.041237113402061855
0 0.8225 0.05154639175257732 0.0725 0.044048734770384255
0 0.7325 0.1274601686972821 0.07125 0.059044048734770385
0 0.569375 0.21602624179943766 0.09625 0.061855670103092786
0 0.6575 0.21930646672914714 0.0725 0.046860356138706656
0 0.02 0.35660731021555764 0.03625 0.03655107778819119
0 0.073125 0.415651358950328 0.06375 0.03655107778819119
0 0.043125 0.4793814432989691 0.075 0.031865042174320526
0 0.103125 0.5599812558575445 0.0425 0.019681349578256794
0 0.0475 0.6157450796626054 0.03375 0.022492970946579195
0 0.028125 0.6822867853795689 0.03875 0.016869728209934397
0 0.08125 0.6471415182755389 0.035 0.02155576382380506
0 0.113125 0.6743205248359887 0.0475 0.02436738519212746
0 0.139375 0.6326148078725399 0.0325 0.015932521087160263
0 0.194375 0.6283973758200563 0.02875 0.01874414245548266
0 0.244375 0.6555763823805061 0.02375 0.015932521087160263
0 0.173125 0.7549203373945642 0.03875 0.022492970946579195
0 0.2075 0.7905342080599812 0.04125 0.026241799437675725
0 0.069375 0.8762886597938144 0.0475 0.026241799437675725
0 0.26875 0.7333645735707591 0.0475 0.028116213683223992
0 0.305 0.7699156513589503 0.035 0.026241799437675725
0 0.3775 0.6893158388003748 0.02125 0.016869728209934397
0 0.455 0.7141518275538894 0.0275 0.01874414245548266
0 0.34375 0.5712277413308341 0.07125 0.056232427366447985
0 0.38625 0.5998125585754451 0.03125 0.020618556701030927
0 0.30375 0.5342080599812559 0.035 0.023430178069353328
0 0.25875 0.5084348641049672 0.0575 0.04029990627928772
0 0.3425 0.5032802249297095 0.04125 0.03748828491096532
0 0.165 0.4751640112464855 0.0675 0.038425492033739454
0 0.33375 0.4240862230552952 0.0375 0.019681349578256794
0 0.324375 0.4395501405810684 0.04125 0.01499531396438613
0 0.435625 0.4564198687910028 0.05625 0.02717900656044986
0 0.445625 0.3514526710402999 0.055 0.04029990627928772
0 0.411875 0.3158388003748828 0.0325 0.031865042174320526
0 0.2425 0.35332708528584816 0.11625 0.061855670103092786
0 0.5275 0.29615745079662603 0.035 0.023430178069353328
0 0.543125 0.28959700093720714 0.035 0.02530459231490159
0 0.588125 0.42033739456419866 0.04875 0.041237113402061855
0 0.739375 0.41518275538894095 0.055 0.04217432052483599
0 0.738125 0.3402061855670103 0.06375 0.059044048734770385
0 0.840625 0.3303655107778819 0.04875 0.05810684161199625
0 0.840625 0.24554826616682288 0.0575 0.05529522024367385
0 0.84125 0.5032802249297095 0.05625 0.02717900656044986
0 0.66 0.5679475164011246 0.04875 0.030927835051546393
0 0.531875 0.6180880974695407 0.03 0.028116213683223992
0 0.5975 0.6944704779756327 0.02875 0.02436738519212746
0 0.753125 0.8130271790065604 0.04 0.02436738519212746
0 0.848125 0.8411433926897844 0.02625 0.026241799437675725
0 0.749375 0.7328959700093721 0.03375 0.02717900656044986
0 0.748125 0.6579194001874414 0.04625 0.02436738519212746
0 0.848125 0.6747891283973758 0.05125 0.02436738519212746