0 0.65919921875 0.06462664714494876 0.04206054687499994 0.05560761346998534
0 0.519755859375 0.09882869692532943 0.027568359375000018 0.03999999999999999
0 0.43943359375 0.10815519765739386 0.018837890624999964 0.0402489019033675
0 0.4303515625 0.2275402635431918 0.015292968749999969 0.028477306002928242
0 0.4398046875 0.21298682284040996 0.011416015625000053 0.02303074670571013
0 0.44814453125 0.19467057101024893 0.020488281250000018 0.04070278184480236
0 0.482041015625 0.16086383601756954 0.024023437500000022 0.041420204978038055
0 0.501875 0.13218155197657394 0.016357421875 0.03399707174231332
0 0.576572265625 0.13932650073206443 0.03488281250000003 0.06841874084919472
0 0.52537109375 0.19850658857979503 0.05225585937499999 0.08430453879941432
0 0.48591796875 0.24134699853587116 0.015400390624999982 0.03158125915080526
0 0.505634765625 0.21985358711566616 0.012197265625000009 0.030629575402635455
0 0.471865234375 0.2518155197657394 0.012431640625000018 0.030614934114202085
0 0.45884765625 0.2632796486090776 0.012109374999999978 0.023777452415812604
0 0.46634765625 0.32503660322108346 0.013652343750000018 0.025519765739385077
0 0.4929296875 0.3094436310395315 0.011914062500000044 0.01973645680819915
0 0.4789453125 0.31819912152269403 0.011406249999999951 0.02322108345534409
0 0.52775390625 0.2839238653001464 0.024306640625000098 0.037013177159590085
0 0.5530078125 0.2722547584187408 0.023398437500000036 0.05133235724743778
0 0.574580078125 0.253601756954612 0.02505859375000008 0.0517130307467057
0 0.60333984375 0.22625183016105418 0.020644531250000098 0.03379209370424595
0 0.64380859375 0.20563689604685212 0.03497070312499995 0.06525622254758418
0 0.6883984375 0.1684919472913616 0.03183593749999991 0.05142020497803805
0 0.791533203125 0.1031918008784773 0.04180664062499995 0.05572474377745242
0 0.772626953125 0.24604685212298685 0.05014648437499991 0.058506588579794995
0 0.713896484375 0.27494875549048314 0.03610351562500003 0.03745241581259148
0 0.66806640625 0.2947584187408492 0.02622070312499991 0.03590043923865297
0 0.634345703125 0.31120058565153735 0.03240234375000006 0.07228404099560762
0 0.59794921875 0.32086383601756957 0.023896484375000027 0.03994143484626651
0 0.695166015625 0.374099560761347 0.03134765624999991 0.048301610541727685
0 0.742822265625 0.3628111273792094 0.041953125000000036 0.03625183016105416
0 0.7975390625 0.35551976573938504 0.04504882812500011 0.06547584187408496
0 0.623046875 0.39291361639824307 0.03084960937499992 0.06666178623718884
0 0.591923828125 0.40231332357247435 0.01709960937499999 0.03554904831625179
0 0.56607421875 0.39736456808199117 0.019726562500000044 0.03090775988286971
0 0.569033203125 0.33951683748169836 0.02271484374999999 0.03695461200585653
0 0.52728515625 0.3459590043923865 0.025117187500000027 0.034948755490483166
0 0.54296875 0.34710102489019035 0.022011718749999964 0.03286969253294288
0 0.49713867187499994 0.3643777452415813 0.01681640624999997 0.0314787701317716
0 0.4823046875 0.36799414348462667 0.015185546874999956 0.02206442166910687
0 0.49798828125 0.4115519765739385 0.01618164062500005 0.019853587115666097
0 0.527236328125 0.40616398243045393 0.016250000000000098 0.025710102489018952
0 0.531953125 0.4567642752562226 0.015761718750000098 0.021800878477305982
0 0.56833984375 0.45932650073206444 0.01783203124999999 0.027818448023426062
0 0.588271484375 0.4572474377745242 0.016806640625000036 0.025402635431918043
0 0.643134765625 0.45405563689604683 0.017265625000000062 0.026896046852122994
0 0.676494140625 0.4533089311859444 0.02206054687499992 0.036808199121522674
0 0.53216796875 0.49522693997071743 0.014423828124999982 0.0426793557833089
0 0.5652734375 0.5056808199121523 0.01636718749999999 0.02591508052708645
0 0.54896484375 0.5406442166910688 0.012978515624999964 0.025768667642752596
0 0.56708984375 0.5453879941434846 0.012998046874999947 0.015095168374816904
0 0.609501953125 0.5161932650073207 0.02304687499999991 0.021537335285505176
0 0.582685546875 0.5468667642752562 0.017314453125000018 0.021551976573938546
0 0.55126953125 0.5707906295754027 0.012314453124999902 0.021244509516837467
0 0.579443359375 0.5844363103953149 0.014912109374999982 0.02051244509516836
0 0.56466796875 0.6085651537335285 0.014580078125000062 0.021464128843338166
0 0.5967578125 0.6226500732064422 0.009814453124999956 0.015446559297218089
0 0.602451171875 0.5546120058565154 0.019462890625000062 0.023045387994143497
0 0.63560546875 0.5159590043923865 0.019746093750000027 0.027203513909224073
0 0.626455078125 0.5623279648609077 0.017783203125000036 0.021815519765739352
0 0.66734375 0.5218594436310395 0.023623046875000053 0.029370424597364487
0 0.65169921875 0.5686676427525622 0.024462890624999956 0.025754026354319226
0 0.69853515625 0.5255783308931187 0.02524414062499991 0.03592972181551971
0 0.718544921875 0.4534992679355783 0.03720703124999991 0.05117130307467064
0 0.772802734375 0.4586822840409956 0.03997070312500006 0.062415812591508045
0 0.85427734375 0.5397510980966325 0.04226562499999997 0.058140556368960525
0 0.812373046875 0.6143338213762811 0.03323242187499997 0.029487554904831605
0 0.76642578125 0.6016691068814055 0.0359960937499999 0.03483162518301605
0 0.72427734375 0.5824011713030747 0.023554687499999893 0.032196193265007333
0 0.6890234375 0.5835724743777452 0.02840820312499992 0.032781844802342586
0 0.619677734375 0.6030746705710102 0.02000976562500001 0.023616398243045383
0 0.646572265625 0.6110395314787701 0.015380859375 0.01762811127379204
0 0.673056640625 0.6206588579795023 0.018105468749999964 0.021112737920936982
0 0.705107421875 0.6337774524158126 0.015605468750000018 0.0228257686676428
0 0.742451171875 0.649926793557833 0.026015625000000098 0.03146412884333823
0 0.782333984375 0.6599707174231332 0.049121093749999956 0.04191800878477305
0 0.836162109375 0.6867935578330893 0.03231445312499992 0.028989751098096567
0 0.892685546875 0.7038067349926793 0.0577246093749999 0.0472620790629575
0 0.81138671875 0.7301756954612006 0.06223632812500002 0.07285505124450958
0 0.861552734375 0.748506588579795 0.031689453125000044 0.025417276720351326
0 0.7803515625 0.755710102489019 0.029365234374999938 0.029311859443631013
0 0.7960546875 0.8036603221083455 0.027480468750000098 0.038491947291361586
0 0.742529296875 0.805900439238653 0.018574218749999982 0.025446559297218316
0 0.778349609375 0.8304685212298683 0.02653320312500007 0.02551976573938516
0 0.7587109375 0.8469546120058565 0.015898437499999973 0.018213762811127458
0 0.86099609375 0.888931185944363 0.0323339843749999 0.032972181551976544
0 0.893369140625 0.8706002928257687 0.03513671875000002 0.03833089311859453
0 0.914267578125 0.9257247437774524 0.02375976562499993 0.0294582723279647
0 0.953154296875 0.9042606149341142 0.04312500000000008 0.04784773060029292
0 0.96880859375 0.9647584187408491 0.03528320312500011 0.04007320644216675
0 0.742451171875 0.7354758418740849 0.017265625000000062 0.01950219619326508
0 0.758017578125 0.696090775988287 0.03554687500000009 0.03970717423133236
0 0.72380859375 0.6869106881405564 0.015605468750000018 0.01960468521229866
0 0.661123046875 0.6592679355783309 0.018183593749999893 0.021259150805270837
0 0.691591796875 0.6709663250366031 0.02187500000000009 0.027115666178623692
0 0.67974609375 0.6999560761346998 0.016865234374999982 0.0194143484626647
0 0.67060546875 0.7255490483162519 0.009697265625000062 0.017159590043923905
0 0.66177734375 0.7470424597364569 0.01774414062500007 0.026866764275256173
0 0.6222265625 0.722181551976574 0.011669921875000044 0.02093704245973639
0 0.62646484375 0.6998243045387994 0.01781250000000001 0.026149341142020516
0 0.633603515625 0.6735285505124451 0.013398437500000027 0.017364568081991234
0 0.655556640625 0.6865007320644216 0.013476562499999956 0.017891654465593012
0 0.639072265625 0.6435139092240116 0.009736328125000027 0.015124450951683808
0 0.59498046875 0.652489019033675 0.014433593749999973 0.019092240117130253
0 0.61810546875 0.6308491947291361 0.027392578124999956 0.04060029282576869