0 0.693359375 0.09663250366032211 0.0458984375 0.0629575402635432
0 0.55224609375 0.1054172767203514 0.0302734375 0.04538799414348463
0 0.4716796875 0.10029282576866765 0.021484375 0.043923865300146414
0 0.453125 0.21669106881405564 0.017578125 0.03074670571010249
0 0.46337890625 0.2042459736456808 0.013671875 0.024890190336749635
0 0.47314453125 0.18740849194729137 0.0234375 0.043923865300146414
0 0.509765625 0.1603221083455344 0.02734375 0.04538799414348463
0 0.53173828125 0.13543191800878476 0.0185546875 0.036603221083455345
0 0.60546875 0.15592972181551976 0.0400390625 0.0746705710102489
0 0.5498046875 0.20571010248901903 0.05859375 0.09370424597364568
0 0.5068359375 0.24084919472913616 0.017578125 0.03367496339677892
0 0.5283203125 0.2232796486090776 0.0146484375 0.032210834553440704
0 0.4921875 0.24816983894582723 0.0146484375 0.032210834553440704
0 0.478515625 0.25768667642752563 0.013671875 0.02635431918008785
0 0.48095703125 0.31991215226939973 0.015625 0.027818448023426062
0 0.50830078125 0.3096632503660322 0.013671875 0.021961932650073207
0 0.49365234375 0.31551976573938506 0.013671875 0.024890190336749635
0 0.544921875 0.29062957540263545 0.02734375 0.040995607613469986
0 0.5712890625 0.28330893118594436 0.02734375 0.055636896046852125
0 0.59423828125 0.26939970717423134 0.029296875 0.055636896046852125
0 0.625 0.24743777452415813 0.0234375 0.036603221083455345
0 0.66650390625 0.2342606149341142 0.0400390625 0.07174231332357248
0 0.7138671875 0.20571010248901903 0.0361328125 0.05710102489019034
0 0.82177734375 0.1595900439238653 0.0458984375 0.0629575402635432
0 0.791015625 0.2979502196193265 0.0546875 0.06734992679355783
0 0.73046875 0.31551976573938506 0.0390625 0.043923865300146414
0 0.68359375 0.32723279648609077 0.029296875 0.040995607613469986
0 0.64892578125 0.3374816983894583 0.0380859375 0.07759882869692533
0 0.61181640625 0.3404099560761347 0.02734375 0.043923865300146414
0 0.7041015625 0.410688140556369 0.03515625 0.05417276720351391
0 0.751953125 0.4084919472913616 0.044921875 0.043923865300146414
0 0.80712890625 0.410688140556369 0.0498046875 0.07320644216691069
0 0.630859375 0.41654465592972184 0.0361328125 0.07174231332357248
0 0.59912109375 0.41947291361639827 0.01953125 0.03806734992679356
0 0.57373046875 0.40995607613469986 0.0224609375 0.03367496339677892
0 0.58154296875 0.3535871156661786 0.025390625 0.040995607613469986
0 0.53955078125 0.35212298682284043 0.02734375 0.03953147877013177
0 0.55517578125 0.3557833089311859 0.0244140625 0.036603221083455345
0 0.50830078125 0.3645680819912152 0.01953125 0.03367496339677892
0 0.4931640625 0.36603221083455345 0.0166015625 0.024890190336749635
0 0.50537109375 0.41215226939970717 0.017578125 0.021961932650073207
0 0.53466796875 0.41215226939970717 0.0185546875 0.027818448023426062
0 0.53515625 0.46266471449487556 0.017578125 0.024890190336749635
0 0.5712890625 0.47218155197657397 0.01953125 0.03074670571010249
0 0.59130859375 0.47364568081991215 0.0185546875 0.027818448023426062
0 0.64599609375 0.4802342606149341 0.01953125 0.029282576866764276
0 0.67919921875 0.486090775988287 0.0244140625 0.040995607613469986
0 0.5322265625 0.5014641288433382 0.017578125 0.04538799414348463
0 0.564453125 0.5175695461200586 0.0185546875 0.029282576866764276
0 0.54541015625 0.5490483162518301 0.0146484375 0.027818448023426062
0 0.56298828125 0.5571010248901903 0.013671875 0.017569546120058566
0 0.607421875 0.5358711566617862 0.0244140625 0.024890190336749635
0 0.578125 0.5614934114202049 0.0185546875 0.024890190336749635
0 0.544921875 0.5797950219619327 0.013671875 0.02342606149341142
0 0.57177734375 0.5980966325036603 0.0166015625 0.02342606149341142
0 0.55517578125 0.6193265007320644 0.0166015625 0.02342606149341142
0 0.5859375 0.6390922401171303 0.0107421875 0.017569546120058566
0 0.59716796875 0.5732064421669106 0.021484375 0.02635431918008785
0 0.63330078125 0.5402635431918009 0.021484375 0.03074670571010249
0 0.62060546875 0.5849194729136163 0.01953125 0.024890190336749635
0 0.66455078125 0.5519765739385066 0.025390625 0.03367496339677892
0 0.64501953125 0.595900439238653 0.0263671875 0.03074670571010249
0 0.69482421875 0.5614934114202049 0.0283203125 0.040995607613469986
0 0.720703125 0.493411420204978 0.041015625 0.05710102489019034
0 0.77392578125 0.5087847730600292 0.044921875 0.06881405563689605
0 0.8486328125 0.6039531478770132 0.046875 0.06588579795021962
0 0.80078125 0.6705710102489019 0.03515625 0.03513909224011713
0 0.75634765625 0.6493411420204978 0.0380859375 0.040995607613469986
0 0.7158203125 0.62298682284041 0.0263671875 0.036603221083455345
0 0.6806640625 0.6171303074670571 0.03125 0.03806734992679356
0 0.6103515625 0.6244509516837482 0.021484375 0.027818448023426062
0 0.63623046875 0.636896046852123 0.0166015625 0.020497803806734993
0 0.662109375 0.6515373352855052 0.01953125 0.024890190336749635
0 0.69287109375 0.6705710102489019 0.017578125 0.024890190336749635
0 0.728515625 0.6932650073206442 0.0283203125 0.036603221083455345
0 0.76708984375 0.7101024890190337 0.0517578125 0.05124450951683748
0 0.818359375 0.746705710102489 0.0341796875 0.03513909224011713
0 0.873046875 0.773792093704246 0.0615234375 0.05710102489019034
0 0.79052734375 0.7855051244509517 0.0673828125 0.08345534407027819
0 0.8388671875 0.8125915080527086 0.033203125 0.03074670571010249
0 0.75732421875 0.8052708638360175 0.03125 0.03513909224011713
0 0.76904296875 0.8557833089311859 0.0302734375 0.043923865300146414
0 0.7158203125 0.8477306002928258 0.0205078125 0.029282576866764276
0 0.74951171875 0.8792093704245973 0.0283203125 0.03074670571010249
0 0.728515625 0.8916544655929722 0.017578125 0.020497803806734993
0 0.82666015625 0.9516837481698389 0.03515625 0.03806734992679356
0 0.8603515625 0.9399707174231332 0.0380859375 0.043923865300146414
0 0.87646484375 0.9904831625183016 0.0263671875 0.01903367496339678
0 0.9169921875 0.9780380673499268 0.046875 0.043923865300146414
0 0.7216796875 0.7781844802342606 0.0185546875 0.021961932650073207
0 0.740234375 0.7415812591508053 0.0380859375 0.04538799414348463
0 0.70703125 0.726207906295754 0.0166015625 0.021961932650073207
0 0.64697265625 0.6874084919472914 0.01953125 0.024890190336749635
0 0.67626953125 0.7049780380673499 0.0234375 0.03074670571010249
0 0.662109375 0.7313323572474377 0.0185546875 0.021961932650073207
0 0.65087890625 0.7547584187408491 0.0107421875 0.01903367496339678
0 0.640625 0.7745241581259151 0.01953125 0.029282576866764276
0 0.60302734375 0.7430453879941434 0.013671875 0.02342606149341142
0 0.609375 0.7210834553440703 0.01953125 0.029282576866764276
0 0.61865234375 0.6969253294289898 0.0146484375 0.01903367496339678
0 0.63916015625 0.7137628111273792 0.0146484375 0.020497803806734993
0 0.62646484375 0.6676427525622255 0.0107421875 0.016105417276720352
0 0.58203125 0.6683748169838946 0.015625 0.021961932650073207
0 0.6064453125 0.6515373352855052 0.0302734375 0.04538799414348463